cell,mobility,dtg
1610,2.56,201301200000
1846,0.59,201301200000
1851,0.69,201301200000
1853,2.53,201301200000
1856,2.07,201301200000
1857,2.91,201301200000
2103,0.84,201301200000
2105,1.07,201301200000
2106,1.2,201301200000
2107,2.63,201301200000
2114,2.08,201301200000
2342,1.45,201301200000
2347,0.79,201301200000
2351,1.67,201301200000
2354,0.67,201301200000
2357,2.09,201301200000
2372,2.71,201301200000
2374,0.83,201301200000
2591,1.32,201301200000
2595,0.84,201301200000
2605,2.17,201301200000
2611,2.3,201301200000
2615,1.22,201301200000
2620,2.85,201301200000
2627,2.78,201301200000
2839,1.63,201301200000
2847,1.87,201301200000
3086,0.61,201301200000
3094,2.81,201301200000
3100,1.94,201301200000
3124,2.85,201301200000
3128,0.77,201301200000
3334,1.56,201301200000
3337,2.44,201301200000
3375,1.87,201301200000
3614,1.04,201301200000
3619,1.04,201301200000
3632,0.9,201301200000
3635,1.98,201301200000
3830,1.11,201301200000
3831,2.94,201301200000
3833,2.88,201301200000
3837,2.99,201301200000
3845,1.68,201301200000
3856,2.52,201301200000
3860,2.33,201301200000
3865,2.83,201301200000
4078,2.83,201301200000
4081,3.0,201301200000
4137,1.68,201301200000
4141,2.92,201301200000
4142,1.79,201301200000
4328,0.58,201301200000
4329,1.4,201301200000
4341,2.34,201301200000
4345,1.76,201301200000
4348,1.1,201301200000
4354,1.44,201301200000
4372,1.5,201301200000
4577,2.51,201301200000
4578,0.73,201301200000
4580,1.58,201301200000
4582,1.32,201301200000
4605,0.61,201301200000
4608,0.74,201301200000
4631,1.33,201301200000
4636,2.53,201301200000
4637,1.79,201301200000
4829,2.14,201301200000
4830,1.13,201301200000
4831,2.94,201301200000
4834,1.72,201301200000
4837,0.51,201301200000
4852,1.68,201301200000
4863,1.17,201301200000
4868,2.32,201301200000
4890,2.87,201301200000
4891,2.42,201301200000
5078,2.52,201301200000
5081,2.88,201301200000
5084,2.13,201301200000
5127,1.07,201301200000
5153,2.55,201301200000
5327,1.43,201301200000
5329,1.48,201301200000
5333,1.2,201301200000
5334,1.74,201301200000
5339,1.11,201301200000
5369,0.97,201301200000
5402,0.98,201301200000
5410,1.88,201301200000
5577,2.39,201301200000
5581,1.91,201301200000
5592,2.76,201301200000
5612,0.56,201301200000
5623,1.17,201301200000
5876,0.91,201301200000
5893,2.92,201301200000
5898,2.52,201301200000
6078,1.35,201301200000
6118,2.33,201301200000
6136,2.2,201301200000
6158,2.87,201301200000
6159,0.96,201301200000
6333,2.34,201301200000
6353,0.77,201301200000
6365,2.58,201301200000
6366,0.86,201301200000
6414,1.46,201301200000
6588,2.5,201301200000
6609,1.82,201301200000
6635,0.96,201301200000
6668,0.8,201301200000
6841,0.83,201301200000
6849,1.97,201301200000
6896,0.95,201301200000
6924,0.93,201301200000
6928,0.83,201301200000
6935,1.31,201301200000
6939,1.73,201301200000
7077,0.9,201301200000
7078,2.37,201301200000
7085,2.68,201301200000
7088,2.03,201301200000
7113,0.78,201301200000
7114,2.6,201301200000
7129,2.54,201301200000
7133,2.37,201301200000
7165,1.28,201301200000
7192,1.77,201301200000
7354,0.9,201301200000
7375,1.76,201301200000
7379,1.82,201301200000
7401,1.9,201301200000
7410,1.28,201301200000
7436,2.36,201301200000
7584,2.71,201301200000
7646,2.74,201301200000
7849,0.85,201301200000
7871,1.61,201301200000
7927,1.15,201301200000
7948,2.44,201301200000
8080,2.97,201301200000
8170,2.37,201301200000
8182,1.56,201301200000
8195,1.91,201301200000
8342,2.27,201301200000
8582,2.12,201301200000
8602,1.24,201301200000
8609,2.97,201301200000
8638,1.81,201301200000
8656,2.54,201301200000
8830,2.45,201301200000
8839,1.58,201301200000
8876,0.55,201301200000
8897,2.89,201301200000
8912,0.71,201301200000
8918,1.66,201301200000
8929,2.54,201301200000
8940,0.58,201301200000
8954,2.92,201301200000
9140,0.99,201301200000
9333,0.92,201301200000
9468,1.4,201301200000
9473,1.15,201301200000
9589,2.6,201301200000
9601,1.36,201301200000
9607,2.3,201301200000
9658,1.48,201301200000
9724,1.11,201301200000
9833,2.06,201301200000
10084,2.07,201301200000
10089,1.14,201301200000
10096,2.25,201301200000
10144,2.43,201301200000
10170,2.09,201301200000
10181,2.59,201301200000
10189,1.38,201301200000
10201,2.56,201301200000
10334,0.83,201301200000
10335,2.25,201301200000
10383,0.56,201301200000
10414,1.84,201301200000
10444,2.85,201301200000
10458,2.86,201301200000
10477,1.94,201301200000
10586,2.38,201301200000
10601,2.1,201301200000
10609,1.14,201301200000
10616,2.84,201301200000
10633,1.9,201301200000
10655,1.59,201301200000
10665,1.01,201301200000
10681,1.49,201301200000
10717,1.0,201301200000
10835,1.26,201301200000
10837,1.26,201301200000
10847,1.94,201301200000
10903,1.65,201301200000
10911,2.54,201301200000
10918,2.42,201301200000
10973,2.58,201301200000
11087,1.17,201301200000
11092,1.9,201301200000
11128,1.13,201301200000
11222,2.47,201301200000
11223,1.19,201301200000
11225,2.47,201301200000
11238,1.06,201301200000
11361,1.4,201301200000
11393,2.82,201301200000
11424,2.51,201301200000
11601,1.77,201301200000
11682,2.84,201301200000
11704,1.66,201301200000
11858,1.33,201301200000
11884,1.66,201301200000
11901,2.36,201301200000
11946,2.03,201301200000
11960,2.1,201301200000
11972,2.83,201301200000
12089,2.88,201301200000
12090,2.28,201301200000
12096,2.52,201301200000
12120,1.2,201301200000
12157,1.55,201301200000
12230,2.21,201301200000
12383,2.65,201301200000
12431,0.53,201301200000
12601,1.79,201301200000
12625,2.63,201301200000
12632,1.91,201301200000
12842,1.92,201301200000
12875,1.18,201301200000
12901,1.97,201301200000
12913,1.14,201301200000
12933,0.55,201301200000
12934,1.78,201301200000
12985,2.74,201301200000
13099,1.63,201301200000
13114,1.69,201301200000
13150,1.9,201301200000
13175,2.31,201301200000
13183,1.38,201301200000
13222,2.76,201301200000
13358,1.28,201301200000
13444,0.53,201301200000
13455,2.54,201301200000
13456,1.85,201301200000
13670,1.84,201301200000
13694,1.02,201301200000
13845,0.99,201301200000
13849,0.88,201301200000
14011,2.98,201301200000
14095,1.52,201301200000
14133,1.77,201301200000
14161,1.66,201301200000
14167,2.34,201301200000
14184,2.33,201301200000
14241,2.98,201301200000
14255,2.3,201301200000
14349,0.73,201301200000
14350,2.32,201301200000
14375,2.9,201301200000
14452,2.32,201301200000
14475,1.56,201301200000
14620,2.14,201301200000
14673,2.97,201301200000
14745,2.19,201301200000
14859,2.61,201301200000
14936,2.04,201301200000
14995,0.83,201301200000
15097,2.8,201301200000
15098,1.45,201301200000
15246,2.25,201301200000
15349,2.14,201301200000
15440,0.59,201301200000
15600,0.87,201301200000
15656,1.8,201301200000
15672,1.53,201301200000
15699,2.2,201301200000
15714,1.78,201301200000
15725,2.92,201301200000
15744,2.97,201301200000
15849,2.71,201301200000
15850,0.74,201301200000
15851,2.34,201301200000
15853,0.82,201301200000
15871,1.23,201301200000
16100,2.28,201301200000
16105,2.19,201301200000
16114,2.16,201301200000
16171,2.64,201301200000
16184,0.7,201301200000
16400,2.55,201301200000
16414,0.82,201301200000
16601,1.82,201301200000
16604,0.98,201301200000
16625,1.09,201301200000
16670,0.6,201301200000
16853,1.15,201301200000
16868,2.96,201301200000
16932,0.94,201301200000
17232,2.71,201301200000
17355,1.99,201301200000
17358,1.58,201301200000
17367,1.81,201301200000
17635,1.21,201301200000
17673,1.69,201301200000
17681,1.58,201301200000
17884,0.65,201301200000
17984,0.61,201301200000
18108,2.42,201301200000
18115,1.89,201301200000
18118,1.74,201301200000
18123,1.35,201301200000
18139,2.61,201301200000
18154,2.04,201301200000
18160,2.8,201301200000
18177,1.23,201301200000
18185,1.78,201301200000
18383,2.21,201301200000
18404,0.92,201301200000
18427,2.08,201301200000
18466,1.41,201301200000
18616,2.57,201301200000
18629,0.96,201301200000
18861,1.45,201301200000
18866,2.53,201301200000
18925,2.58,201301200000
19110,2.18,201301200000
19112,1.34,201301200000
19114,1.93,201301200000
19122,1.84,201301200000
19360,0.91,201301200000
19443,2.37,201301200000
19481,1.24,201301200000
19611,0.83,201301200000
19612,2.41,201301200000
19618,1.45,201301200000
19633,2.95,201301200000
19678,0.51,201301200000
19878,1.29,201301200000
19913,2.45,201301200000
20113,1.08,201301200000
20114,1.16,201301200000
20116,0.52,201301200000
20170,1.64,201301200000
20363,1.76,201301200000
20387,2.75,201301200000
20396,1.42,201301200000
20436,1.33,201301200000
20616,0.72,201301200000
20621,1.62,201301200000
20628,2.66,201301200000
20651,0.5,201301200000
20671,0.81,201301200000
20682,1.0,201301200000
20864,2.63,201301200000
20882,1.97,201301200000
20931,1.24,201301200000
20995,2.32,201301200000
21115,2.78,201301200000
21118,1.96,201301200000
21201,1.1,201301200000
21373,2.52,201301200000
21377,1.28,201301200000
21392,1.49,201301200000
21407,1.77,201301200000
21428,0.86,201301200000
21448,0.94,201301200000
21617,2.79,201301200000
21619,1.63,201301200000
21639,0.93,201301200000
21658,0.77,201301200000
21663,2.65,201301200000
21701,0.53,201301200000
21721,1.73,201301200000
21868,2.77,201301200000
21871,1.48,201301200000
21999,1.69,201301200000
22126,1.13,201301200000
22133,2.09,201301200000
22174,2.08,201301200000
22176,1.65,201301200000
22205,2.18,201301200000
22368,2.36,201301200000
22395,1.59,201301200000
22419,1.35,201301200000
22420,1.88,201301200000
22421,2.92,201301200000
22422,1.43,201301200000
22619,0.86,201301200000
22630,1.31,201301200000
22634,0.62,201301200000
22671,0.92,201301200000
22673,0.59,201301200000
22700,0.78,201301200000
22751,2.73,201301200000
22768,1.92,201301200000
22869,1.63,201301200000
22877,1.27,201301200000
22928,0.78,201301200000
22940,1.53,201301200000
22955,0.65,201301200000
22963,2.47,201301200000
22966,2.06,201301200000
23120,0.6,201301200000
23124,2.17,201301200000
23125,1.68,201301200000
23131,2.82,201301200000
23138,1.85,201301200000
23169,0.53,201301200000
23194,2.41,201301200000
23216,2.76,201301200000
23370,1.56,201301200000
23371,1.44,201301200000
23379,2.72,201301200000
23386,2.5,201301200000
23388,2.57,201301200000
23427,2.12,201301200000
23621,0.83,201301200000
23627,2.39,201301200000
23635,0.61,201301200000
23641,1.2,201301200000
23662,2.07,201301200000
23669,2.03,201301200000
23690,0.99,201301200000
23744,2.19,201301200000
23750,2.54,201301200000
23872,2.84,201301200000
23873,2.26,201301200000
23875,1.94,201301200000
23881,2.07,201301200000
23894,1.01,201301200000
23896,2.76,201301200000
23907,1.5,201301200000
23925,2.75,201301200000
23973,2.6,201301200000
24005,1.13,201301200000
24009,2.13,201301200000
24032,2.79,201301200000
24122,2.3,201301200000
24123,2.41,201301200000
24149,2.27,201301200000
24247,0.71,201301200000
24251,2.76,201301200000
24265,2.91,201301200000
24266,0.55,201301200000
24373,1.23,201301200000
24374,1.87,201301200000
24380,1.23,201301200000
24381,1.95,201301200000
24383,0.8,201301200000
24387,2.13,201301200000
24402,2.38,201301200000
24405,1.9,201301200000
24423,1.76,201301200000
24623,1.39,201301200000
24626,2.5,201301200000
24643,1.74,201301200000
24732,0.5,201301200000
24734,2.62,201301200000
24739,2.93,201301200000
24774,1.81,201301200000
24775,0.57,201301200000
24781,1.43,201301200000
24837,2.81,201301200000
24874,0.81,201301200000
24877,2.39,201301200000
24879,1.57,201301200000
24880,0.79,201301200000
24895,1.7,201301200000
24920,2.55,201301200000
24990,2.18,201301200000
24991,1.15,201301200000
24993,0.73,201301200000
25124,1.81,201301200000
25125,2.29,201301200000
25126,1.48,201301200000
25129,1.07,201301200000
25130,2.89,201301200000
25132,1.11,201301200000
25136,1.35,201301200000
25138,1.24,201301200000
25141,2.44,201301200000
25179,0.57,201301200000
25187,0.98,201301200000
25375,1.35,201301200000
25376,2.3,201301200000
25377,2.96,201301200000
25379,1.61,201301200000
25385,2.46,201301200000
25395,1.27,201301200000
25400,0.76,201301200000
25405,2.54,201301200000
25412,1.56,201301200000
25427,0.57,201301200000
25626,2.44,201301200000
25627,2.47,201301200000
25628,0.61,201301200000
25629,2.02,201301200000
25632,1.75,201301200000
25633,1.99,201301200000
25642,0.86,201301200000
25715,2.55,201301200000
25747,1.55,201301200000
25763,1.27,201301200000
25876,0.54,201301200000
25877,0.6,201301200000
25878,0.65,201301200000
25881,1.81,201301200000
25882,2.99,201301200000
25886,0.91,201301200000
25888,2.74,201301200000
25926,2.0,201301200000
25997,0.82,201301200000
26005,2.56,201301200000
26035,1.78,201301200000
26127,1.59,201301200000
26129,1.63,201301200000
26130,1.11,201301200000
26133,0.66,201301200000
26135,0.94,201301200000
26136,1.09,201301200000
26138,0.79,201301200000
26139,1.54,201301200000
26141,1.66,201301200000
26148,2.63,201301200000
26168,2.54,201301200000
26378,2.08,201301200000
26379,1.06,201301200000
26380,2.57,201301200000
26381,1.83,201301200000
26382,2.17,201301200000
26383,1.86,201301200000
26385,1.88,201301200000
26386,1.14,201301200000
26387,1.67,201301200000
26389,1.76,201301200000
26391,0.64,201301200000
26392,1.24,201301200000
26393,2.2,201301200000
26396,1.24,201301200000
26403,2.77,201301200000
26408,2.42,201301200000
26427,2.76,201301200000
26450,1.68,201301200000
26492,2.8,201301200000
26546,2.23,201301200000
26563,1.18,201301200000
26564,1.94,201301200000
26628,0.7,201301200000
26629,1.75,201301200000
26630,1.51,201301200000
26631,2.76,201301200000
26633,0.77,201301200000
26634,2.3,201301200000
26656,1.19,201301200000
26674,2.41,201301200000
26708,2.57,201301200000
26752,2.34,201301200000
26754,1.11,201301200000
26755,2.44,201301200000
26782,0.71,201301200000
26846,0.52,201301200000
26879,0.88,201301200000
26880,0.57,201301200000
26881,0.64,201301200000
26882,1.88,201301200000
26883,1.04,201301200000
26884,0.8,201301200000
26885,1.96,201301200000
26886,2.85,201301200000
26887,0.57,201301200000
26889,2.04,201301200000
26890,1.67,201301200000
26891,1.26,201301200000
26892,0.59,201301200000
26893,1.15,201301200000
26894,2.44,201301200000
26895,1.93,201301200000
26897,1.6,201301200000
26905,1.39,201301200000
26938,2.3,201301200000
26964,0.55,201301200000
27006,1.99,201301200000
27042,1.25,201301200000
27098,0.88,201301200000
27130,1.35,201301200000
27131,2.49,201301200000
27132,1.34,201301200000
27133,0.92,201301200000
27134,2.85,201301200000
27135,2.35,201301200000
27136,2.23,201301200000
27137,0.77,201301200000
27138,2.74,201301200000
27142,0.59,201301200000
27143,0.65,201301200000
27145,2.79,201301200000
27148,1.55,201301200000
27149,2.09,201301200000
27152,1.86,201301200000
27155,1.92,201301200000
27175,2.14,201301200000
27209,2.23,201301200000
27247,2.36,201301200000
27381,0.82,201301200000
27382,0.72,201301200000
27383,0.63,201301200000
27384,2.54,201301200000
27386,1.08,201301200000
27387,0.81,201301200000
27388,0.72,201301200000
27389,1.03,201301200000
27390,2.26,201301200000
27392,1.05,201301200000
27395,0.57,201301200000
27404,2.07,201301200000
27415,2.79,201301200000
27427,0.82,201301200000
27489,2.87,201301200000
27494,0.53,201301200000
27498,1.95,201301200000
27518,1.67,201301200000
27632,0.54,201301200000
27633,0.76,201301200000
27634,2.22,201301200000
27635,2.14,201301200000
27636,2.3,201301200000
27637,1.48,201301200000
27638,2.32,201301200000
27639,0.83,201301200000
27640,1.03,201301200000
27642,1.32,201301200000
27643,0.64,201301200000
27645,2.81,201301200000
27646,0.72,201301200000
27647,0.75,201301200000
27649,1.37,201301200000
27654,2.33,201301200000
27763,1.68,201301200000
27764,1.11,201301200000
27796,0.67,201301200000
27797,2.88,201301200000
27883,1.78,201301200000
27884,2.41,201301200000
27885,2.51,201301200000
27886,2.22,201301200000
27887,2.65,201301200000
27888,2.4,201301200000
27889,1.7,201301200000
27890,2.89,201301200000
27891,0.96,201301200000
27892,2.93,201301200000
27894,1.68,201301200000
27895,1.32,201301200000
27897,2.23,201301200000
27902,1.28,201301200000
27908,1.11,201301200000
27911,1.44,201301200000
27930,1.19,201301200000
27971,2.85,201301200000
28004,2.48,201301200000
28015,2.75,201301200000
28049,1.59,201301200000
28102,1.69,201301200000
28134,1.16,201301200000
28135,2.76,201301200000
28136,1.02,201301200000
28137,1.28,201301200000
28138,1.61,201301200000
28139,1.52,201301200000
28140,1.59,201301200000
28142,2.37,201301200000
28143,1.72,201301200000
28144,1.66,201301200000
28146,0.92,201301200000
28154,1.29,201301200000
28156,0.62,201301200000
28216,2.85,201301200000
28239,1.9,201301200000
28384,1.2,201301200000
28385,2.87,201301200000
28386,1.08,201301200000
28387,0.85,201301200000
28388,2.52,201301200000
28389,2.82,201301200000
28390,1.79,201301200000
28391,2.86,201301200000
28392,2.21,201301200000
28393,1.33,201301200000
28394,1.81,201301200000
28396,1.39,201301200000
28397,1.18,201301200000
28400,1.91,201301200000
28401,0.82,201301200000
28405,1.83,201301200000
28427,2.14,201301200000
28467,1.04,201301200000
28496,2.16,201301200000
28497,0.88,201301200000
28519,1.28,201301200000
28535,2.76,201301200000
28539,0.53,201301200000
28545,2.56,201301200000
28557,1.02,201301200000
28635,2.66,201301200000
28636,2.52,201301200000
28637,2.27,201301200000
28638,0.82,201301200000
28639,0.94,201301200000
28640,2.9,201301200000
28641,2.77,201301200000
28642,2.04,201301200000
28643,0.71,201301200000
28644,0.84,201301200000
28645,2.35,201301200000
28646,1.25,201301200000
28649,1.26,201301200000
28658,2.63,201301200000
28667,2.46,201301200000
28675,0.81,201301200000
28751,1.56,201301200000
28753,2.71,201301200000
28754,1.92,201301200000
28788,1.02,201301200000
28812,1.58,201301200000
28823,1.28,201301200000
28886,2.2,201301200000
28887,1.68,201301200000
28888,1.93,201301200000
28889,1.22,201301200000
28890,1.51,201301200000
28891,2.18,201301200000
28892,0.92,201301200000
28893,1.32,201301200000
28894,0.74,201301200000
28895,1.9,201301200000
28896,0.55,201301200000
28897,1.6,201301200000
28899,2.47,201301200000
28900,1.69,201301200000
28901,2.92,201301200000
28902,1.53,201301200000
28905,1.29,201301200000
28912,1.86,201301200000
28960,2.95,201301200000
28969,1.5,201301200000
29004,1.41,201301200000
29012,2.53,201301200000
29026,1.74,201301200000
29068,0.59,201301200000
29076,0.86,201301200000
29088,1.54,201301200000
29094,1.65,201301200000
29136,1.77,201301200000
29137,2.82,201301200000
29138,1.4,201301200000
29139,1.62,201301200000
29140,1.67,201301200000
29141,1.63,201301200000
29142,1.9,201301200000
29143,0.88,201301200000
29144,2.42,201301200000
29146,0.97,201301200000
29147,1.06,201301200000
29148,1.04,201301200000
29149,0.76,201301200000
29151,0.99,201301200000
29158,0.81,201301200000
29165,2.98,201301200000
29171,1.45,201301200000
29190,1.41,201301200000
29247,2.28,201301200000
29387,2.91,201301200000
29388,0.83,201301200000
29389,1.63,201301200000
29390,1.09,201301200000
29391,1.61,201301200000
29392,1.99,201301200000
29393,2.62,201301200000
29394,2.99,201301200000
29395,1.57,201301200000
29396,1.11,201301200000
29397,2.57,201301200000
29398,2.13,201301200000
29399,1.39,201301200000
29401,1.66,201301200000
29402,2.91,201301200000
29403,1.18,201301200000
29405,0.8,201301200000
29409,1.6,201301200000
29425,0.79,201301200000
29429,1.49,201301200000
29495,2.64,201301200000
29498,0.87,201301200000
29533,2.73,201301200000
29556,2.16,201301200000
29638,0.69,201301200000
29639,1.22,201301200000
29640,1.71,201301200000
29641,1.26,201301200000
29642,1.17,201301200000
29643,0.79,201301200000
29644,2.33,201301200000
29645,2.96,201301200000
29648,0.77,201301200000
29649,1.76,201301200000
29650,1.01,201301200000
29654,2.8,201301200000
29663,0.64,201301200000
29670,2.28,201301200000
29710,0.89,201301200000
29730,2.73,201301200000
29733,2.13,201301200000
29736,1.46,201301200000
29766,2.7,201301200000
29891,2.24,201301200000
29892,1.09,201301200000
29893,1.71,201301200000
29894,1.23,201301200000
29895,0.77,201301200000
29896,1.27,201301200000
29897,1.39,201301200000
29898,2.18,201301200000
29900,0.67,201301200000
29903,2.34,201301200000
29906,1.25,201301200000
29909,1.73,201301200000
29912,0.87,201301200000
29917,1.47,201301200000
29925,0.67,201301200000
29966,2.73,201301200000
30021,2.51,201301200000
30026,2.3,201301200000
30036,2.81,201301200000
30142,2.94,201301200000
30143,1.82,201301200000
30144,1.25,201301200000
30145,1.19,201301200000
30146,2.42,201301200000
30147,1.88,201301200000
30148,1.61,201301200000
30152,0.73,201301200000
30154,2.65,201301200000
30157,1.06,201301200000
30158,2.74,201301200000
30181,1.84,201301200000
30242,1.26,201301200000
30243,2.51,201301200000
30244,0.87,201301200000
30261,1.46,201301200000
30300,0.83,201301200000
30322,1.97,201301200000
30393,2.59,201301200000
30394,1.31,201301200000
30395,1.32,201301200000
30396,0.92,201301200000
30397,1.03,201301200000
30398,1.82,201301200000
30400,2.7,201301200000
30401,1.19,201301200000
30403,0.72,201301200000
30407,1.28,201301200000
30410,2.02,201301200000
30420,1.08,201301200000
30430,0.8,201301200000
30434,1.1,201301200000
30439,1.34,201301200000
30481,1.58,201301200000
30489,1.08,201301200000
30494,1.25,201301200000
30495,1.08,201301200000
30496,2.2,201301200000
30645,2.3,201301200000
30646,1.6,201301200000
30647,0.92,201301200000
30648,2.13,201301200000
30649,0.72,201301200000
30650,0.93,201301200000
30651,1.46,201301200000
30652,0.59,201301200000
30653,2.85,201301200000
30654,2.73,201301200000
30661,1.56,201301200000
30664,2.49,201301200000
30666,2.18,201301200000
30669,0.94,201301200000
30673,2.93,201301200000
30683,1.75,201301200000
30745,1.38,201301200000
30750,0.68,201301200000
30777,2.71,201301200000
30780,0.98,201301200000
30812,1.95,201301200000
30897,2.9,201301200000
30898,0.99,201301200000
30899,2.14,201301200000
30900,1.43,201301200000
30901,1.97,201301200000
30902,0.81,201301200000
30903,1.0,201301200000
30904,1.21,201301200000
30908,1.04,201301200000
30909,0.6,201301200000
30912,2.46,201301200000
30913,2.55,201301200000
30928,2.18,201301200000
30953,0.71,201301200000
30979,2.57,201301200000
30994,2.02,201301200000
30995,2.06,201301200000
31027,1.71,201301200000
31028,1.1,201301200000
31029,0.93,201301200000
31082,2.17,201301200000
31148,2.24,201301200000
31149,2.86,201301200000
31150,1.17,201301200000
31151,0.57,201301200000
31152,0.74,201301200000
31156,3.0,201301200000
31157,0.72,201301200000
31161,1.4,201301200000
31166,2.73,201301200000
31172,1.43,201301200000
31274,1.37,201301200000
31281,2.5,201301200000
31369,1.97,201301200000
31398,2.87,201301200000
31401,1.51,201301200000
31407,2.31,201301200000
31408,1.81,201301200000
31409,2.52,201301200000
31410,1.4,201301200000
31413,1.0,201301200000
31419,2.01,201301200000
31427,1.99,201301200000
31457,2.87,201301200000
31466,2.73,201301200000
31651,0.92,201301200000
31652,2.77,201301200000
31656,1.81,201301200000
31660,0.93,201301200000
31663,2.4,201301200000
31666,1.93,201301200000
31675,0.76,201301200000
31738,2.56,201301200000
31754,1.41,201301200000
31782,1.12,201301200000
31903,2.96,201301200000
31904,2.71,201301200000
31905,1.98,201301200000
31906,2.3,201301200000
31908,1.57,201301200000
31912,2.97,201301200000
31921,1.76,201301200000
31928,0.54,201301200000
31949,1.49,201301200000
32028,2.65,201301200000
32032,1.76,201301200000
32045,1.98,201301200000
32150,2.31,201301200000
32155,1.87,201301200000
32157,0.93,201301200000
32161,2.52,201301200000
32162,0.62,201301200000
32167,1.05,201301200000
32169,2.7,201301200000
32175,2.55,201301200000
32182,1.91,201301200000
32185,2.91,201301200000
32195,2.25,201301200000
32235,2.53,201301200000
32404,1.02,201301200000
32405,2.11,201301200000
32410,2.43,201301200000
32411,2.9,201301200000
32415,0.75,201301200000
32449,0.58,201301200000
32490,2.51,201301200000
32558,1.79,201301200000
32622,0.95,201301200000
32656,2.87,201301200000
32658,1.36,201301200000
32660,2.21,201301200000
32662,2.16,201301200000
32668,1.71,201301200000
32682,1.48,201301200000
32697,2.36,201301200000
32712,1.93,201301200000
32729,2.22,201301200000
32739,2.45,201301200000
32742,2.85,201301200000
32744,2.51,201301200000
32802,2.03,201301200000
32834,2.43,201301200000
32905,0.97,201301200000
32907,1.52,201301200000
32912,2.02,201301200000
32916,0.76,201301200000
32922,2.6,201301200000
32924,0.73,201301200000
32926,1.86,201301200000
32929,2.28,201301200000
32977,2.93,201301200000
32978,2.65,201301200000
33154,0.53,201301200000
33158,1.27,201301200000
33160,2.37,201301200000
33165,2.65,201301200000
33170,1.86,201301200000
33186,1.26,201301200000
33286,1.21,201301200000
33405,2.03,201301200000
33409,1.39,201301200000
33412,2.57,201301200000
33418,2.49,201301200000
33420,2.28,201301200000
33424,0.83,201301200000
33435,1.77,201301200000
33442,0.99,201301200000
33519,1.88,201301200000
33594,1.64,201301200000
33656,1.62,201301200000
33659,1.04,201301200000
33662,1.81,201301200000
33664,1.7,201301200000
33666,1.17,201301200000
33669,0.6,201301200000
33673,1.25,201301200000
33675,0.87,201301200000
33694,2.22,201301200000
33724,0.52,201301200000
33742,0.56,201301200000
33812,1.05,201301200000
33909,0.55,201301200000
33911,1.18,201301200000
33912,2.09,201301200000
33913,2.19,201301200000
33922,1.43,201301200000
33923,2.2,201301200000
33924,0.62,201301200000
33931,1.95,201301200000
33935,2.46,201301200000
33986,2.7,201301200000
34013,1.17,201301200000
34160,2.55,201301200000
34161,2.53,201301200000
34162,1.31,201301200000
34163,2.45,201301200000
34167,0.91,201301200000
34190,0.96,201301200000
34211,2.26,201301200000
34303,1.57,201301200000
34380,2.92,201301200000
34407,2.69,201301200000
34413,0.86,201301200000
34423,1.27,201301200000
34424,0.65,201301200000
34427,0.58,201301200000
34430,2.45,201301200000
34437,1.4,201301200000
34440,2.13,201301200000
34486,2.37,201301200000
34495,1.1,201301200000
34510,2.8,201301200000
34520,1.38,201301200000
34528,1.96,201301200000
34563,2.17,201301200000
34662,2.92,201301200000
34667,0.89,201301200000
34668,0.94,201301200000
34670,1.59,201301200000
34672,0.59,201301200000
34673,2.1,201301200000
34676,1.47,201301200000
34679,1.09,201301200000
34682,1.76,201301200000
34695,2.03,201301200000
34710,2.79,201301200000
34714,1.21,201301200000
34720,2.39,201301200000
34882,1.45,201301200000
34913,1.33,201301200000
34914,2.48,201301200000
34915,1.18,201301200000
34924,2.74,201301200000
34925,2.48,201301200000
34934,1.65,201301200000
34939,0.6,201301200000
34959,1.49,201301200000
34990,1.05,201301200000
35102,2.04,201301200000
35164,1.48,201301200000
35166,2.52,201301200000
35173,0.52,201301200000
35178,0.62,201301200000
35183,2.06,201301200000
35185,1.84,201301200000
35187,1.95,201301200000
35193,2.22,201301200000
35203,0.62,201301200000
35218,2.8,201301200000
35237,1.53,201301200000
35244,0.57,201301200000
35249,2.67,201301200000
35295,2.88,201301200000
35368,0.96,201301200000
35410,2.46,201301200000
35414,1.9,201301200000
35415,1.26,201301200000
35417,0.76,201301200000
35421,2.96,201301200000
35440,1.79,201301200000
35455,0.78,201301200000
35492,1.56,201301200000
35515,1.86,201301200000
35665,1.71,201301200000
35675,1.51,201301200000
35683,0.85,201301200000
35686,1.31,201301200000
35700,0.67,201301200000
35745,1.84,201301200000
35755,1.87,201301200000
35769,2.79,201301200000
35916,0.73,201301200000
35917,0.92,201301200000
35918,1.08,201301200000
35919,1.84,201301200000
35921,1.78,201301200000
35929,2.56,201301200000
35931,2.68,201301200000
35941,0.81,201301200000
35944,2.94,201301200000
35971,0.95,201301200000
35981,2.16,201301200000
35992,2.87,201301200000
35994,1.09,201301200000
36067,1.25,201301200000
36162,2.61,201301200000
36167,0.9,201301200000
36169,2.89,201301200000
36170,0.7,201301200000
36173,1.58,201301200000
36176,1.98,201301200000
36177,0.7,201301200000
36205,2.08,201301200000
36237,1.38,201301200000
36245,0.93,201301200000
36246,1.24,201301200000
36293,1.93,201301200000
36311,1.43,201301200000
36417,2.67,201301200000
36420,1.14,201301200000
36421,2.21,201301200000
36441,2.32,201301200000
36448,1.97,201301200000
36494,2.53,201301200000
36498,2.46,201301200000
36502,2.5,201301200000
36510,1.43,201301200000
36513,0.83,201301200000
36519,2.87,201301200000
36524,2.45,201301200000
36576,0.54,201301200000
36668,1.67,201301200000
36673,0.97,201301200000
36675,2.96,201301200000
36677,0.72,201301200000
36679,1.9,201301200000
36682,2.54,201301200000
36688,1.74,201301200000
36690,1.07,201301200000
36711,2.92,201301200000
36717,2.04,201301200000
36758,2.77,201301200000
36889,2.23,201301200000
36915,2.66,201301200000
36918,2.89,201301200000
36933,0.54,201301200000
36934,2.6,201301200000
36953,0.51,201301200000
36959,0.79,201301200000
36996,1.72,201301200000
36999,2.07,201301200000
37001,1.48,201301200000
37167,2.78,201301200000
37168,1.98,201301200000
37169,0.85,201301200000
37172,1.35,201301200000
37176,1.94,201301200000
37178,2.93,201301200000
37179,2.19,201301200000
37182,1.33,201301200000
37192,2.57,201301200000
37200,1.56,201301200000
37206,2.17,201301200000
37232,1.39,201301200000
37239,2.67,201301200000
37270,1.12,201301200000
37298,1.38,201301200000
37304,1.11,201301200000
37419,2.68,201301200000
37421,1.69,201301200000
37423,2.02,201301200000
37425,1.06,201301200000
37446,1.2,201301200000
37454,1.09,201301200000
37477,2.02,201301200000
37487,2.25,201301200000
37501,1.31,201301200000
37503,2.44,201301200000
37513,2.19,201301200000
37523,2.68,201301200000
37562,2.85,201301200000
37609,2.88,201301200000
37642,0.64,201301200000
37643,2.02,201301200000
37670,2.22,201301200000
37671,1.37,201301200000
37672,1.35,201301200000
37676,1.77,201301200000
37688,0.98,201301200000
37689,2.77,201301200000
37690,0.94,201301200000
37695,1.43,201301200000
37701,1.14,201301200000
37710,0.81,201301200000
37711,1.73,201301200000
37754,2.06,201301200000
37874,1.1,201301200000
37891,0.75,201301200000
37893,1.16,201301200000
37894,1.13,201301200000
37926,2.34,201301200000
37928,1.26,201301200000
37929,1.33,201301200000
37932,1.15,201301200000
37936,2.65,201301200000
37943,1.2,201301200000
37952,2.04,201301200000
37962,1.23,201301200000
37968,1.43,201301200000
38003,1.37,201301200000
38060,1.37,201301200000
38145,1.04,201301200000
38172,2.58,201301200000
38173,0.66,201301200000
38178,2.08,201301200000
38200,0.75,201301200000
38204,2.44,201301200000
38209,1.06,201301200000
38215,0.9,201301200000
38220,1.04,201301200000
38225,2.85,201301200000
38228,2.62,201301200000
38230,0.75,201301200000
38243,0.79,201301200000
38247,0.84,201301200000
38255,2.36,201301200000
38263,1.67,201301200000
38268,1.38,201301200000
38272,2.92,201301200000
38367,1.04,201301200000
38381,1.64,201301200000
38423,1.66,201301200000
38425,0.72,201301200000
38426,1.46,201301200000
38431,2.73,201301200000
38440,2.83,201301200000
38479,2.02,201301200000
38481,1.57,201301200000
38483,1.34,201301200000
38488,0.66,201301200000
38490,2.93,201301200000
38498,1.25,201301200000
38499,1.95,201301200000
38500,1.91,201301200000
38505,1.1,201301200000
38506,1.36,201301200000
38508,2.6,201301200000
38517,2.08,201301200000
38534,2.05,201301200000
38648,0.68,201301200000
38674,2.7,201301200000
38676,1.37,201301200000
38679,0.93,201301200000
38684,1.45,201301200000
38693,1.66,201301200000
38697,2.53,201301200000
38716,2.97,201301200000
38722,2.27,201301200000
38736,1.46,201301200000
38738,0.88,201301200000
38752,2.5,201301200000
38753,2.92,201301200000
38758,2.69,201301200000
38760,2.12,201301200000
38761,1.2,201301200000
38762,2.21,201301200000
38766,1.39,201301200000
38769,2.31,201301200000
38778,0.55,201301200000
38812,2.91,201301200000
38939,2.17,201301200000
38953,1.76,201301200000
38958,2.44,201301200000
38967,2.94,201301200000
39006,1.35,201301200000
39008,2.97,201301200000
39010,0.92,201301200000
39011,2.52,201301200000
39017,2.67,201301200000
39113,2.88,201301200000
39148,1.74,201301200000
39149,1.11,201301200000
39176,2.16,201301200000
39178,1.5,201301200000
39191,2.57,201301200000
39201,2.75,201301200000
39230,1.14,201301200000
39236,2.15,201301200000
39246,2.64,201301200000
39252,2.49,201301200000
39255,2.03,201301200000
39260,1.14,201301200000
39262,1.28,201301200000
39263,1.97,201301200000
39268,1.05,201301200000
39269,0.77,201301200000
39271,0.8,201301200000
39274,1.51,201301200000
39275,1.0,201301200000
39375,2.81,201301200000
39391,2.22,201301200000
39427,2.98,201301200000
39428,0.9,201301200000
39430,1.88,201301200000
39433,2.72,201301200000
39446,0.94,201301200000
39457,2.41,201301200000
39514,0.74,201301200000
39515,2.87,201301200000
39516,2.46,201301200000
39517,0.63,201301200000
39535,2.09,201301200000
39554,2.05,201301200000
39559,1.03,201301200000
39631,1.59,201301200000
39632,2.64,201301200000
39633,2.9,201301200000
39652,2.38,201301200000
39683,2.02,201301200000
39687,0.7,201301200000
39706,1.23,201301200000
39710,2.6,201301200000
39722,1.16,201301200000
39731,2.79,201301200000
39750,2.08,201301200000
39755,0.87,201301200000
39759,1.42,201301200000
39762,1.27,201301200000
39764,1.44,201301200000
39765,0.88,201301200000
39766,1.16,201301200000
39767,0.53,201301200000
39769,2.67,201301200000
39772,1.96,201301200000
39776,0.89,201301200000
39777,0.59,201301200000
39790,1.53,201301200000
39791,2.2,201301200000
39796,1.47,201301200000
39832,1.69,201301200000
39883,0.81,201301200000
39930,2.31,201301200000
39932,2.93,201301200000
39941,1.24,201301200000
39948,1.24,201301200000
39969,1.16,201301200000
40018,1.19,201301200000
40031,1.94,201301200000
40133,1.76,201301200000
40180,2.99,201301200000
40188,1.69,201301200000
40196,0.52,201301200000
40242,0.96,201301200000
40246,2.43,201301200000
40259,2.1,201301200000
40264,0.91,201301200000
40267,1.79,201301200000
40268,1.51,201301200000
40270,2.82,201301200000
40276,1.92,201301200000
40286,1.78,201301200000
40295,1.99,201301200000
40431,1.98,201301200000
40432,0.97,201301200000
40442,2.56,201301200000
40447,1.16,201301200000
40448,0.59,201301200000
40451,0.82,201301200000
40457,2.65,201301200000
40500,2.38,201301200000
40512,2.08,201301200000
40518,2.24,201301200000
40519,1.11,201301200000
40522,2.75,201301200000
40524,1.95,201301200000
40525,0.79,201301200000
40532,1.58,201301200000
40560,0.78,201301200000
40566,2.0,201301200000
40633,2.14,201301200000
40687,1.82,201301200000
40713,1.59,201301200000
40719,1.24,201301200000
40732,1.4,201301200000
40733,1.37,201301200000
40766,2.32,201301200000
40810,2.66,201301200000
40894,2.02,201301200000
40933,1.28,201301200000
40936,2.48,201301200000
40939,1.37,201301200000
40954,2.96,201301200000
40982,2.84,201301200000
41021,1.96,201301200000
41024,1.93,201301200000
41061,2.42,201301200000
41145,0.65,201301200000
41157,0.79,201301200000
41183,2.34,201301200000
41200,0.54,201301200000
41262,2.23,201301200000
41265,2.65,201301200000
41270,2.81,201301200000
41277,2.69,201301200000
41318,0.78,201301200000
41401,1.25,201301200000
41407,0.77,201301200000
41437,0.78,201301200000
41459,0.73,201301200000
41465,2.3,201301200000
41469,2.08,201301200000
41508,2.94,201301200000
41520,1.0,201301200000
41522,1.68,201301200000
41526,0.68,201301200000
41532,1.15,201301200000
41558,1.32,201301200000
41635,2.4,201301200000
41653,1.15,201301200000
41658,0.92,201301200000
41692,2.67,201301200000
41696,0.89,201301200000
41764,1.24,201301200000
41772,2.75,201301200000
41893,0.61,201301200000
41904,2.15,201301200000
41905,2.18,201301200000
41936,2.75,201301200000
41941,1.35,201301200000
41958,1.58,201301200000
41990,2.67,201301200000
42023,0.57,201301200000
42026,2.44,201301200000
42029,0.72,201301200000
42074,2.42,201301200000
42085,2.8,201301200000
42095,0.65,201301200000
42147,1.08,201301200000
42160,2.69,201301200000
42200,1.46,201301200000
42213,1.37,201301200000
42267,1.78,201301200000
42271,2.61,201301200000
42274,0.55,201301200000
42283,2.21,201301200000
42291,0.95,201301200000
42342,1.42,201301200000
42411,1.53,201301200000
42438,2.91,201301200000
42454,1.09,201301200000
42471,0.53,201301200000
42478,1.13,201301200000
42487,1.17,201301200000
42503,0.67,201301200000
42514,2.71,201301200000
42521,2.8,201301200000
42533,2.77,201301200000
42644,1.21,201301200000
42661,2.53,201301200000
42695,2.18,201301200000
42744,2.45,201301200000
42750,1.42,201301200000
42846,1.14,201301200000
42905,1.12,201301200000
42912,1.24,201301200000
42939,2.62,201301200000
42940,1.28,201301200000
42944,1.06,201301200000
42949,2.79,201301200000
43011,2.97,201301200000
43021,0.67,201301200000
43030,0.98,201301200000
43151,2.0,201301200000
43160,2.51,201301200000
43162,2.49,201301200000
43213,2.05,201301200000
43220,0.62,201301200000
43261,1.12,201301200000
43412,1.8,201301200000
43413,2.85,201301200000
43440,2.5,201301200000
43443,2.28,201301200000
43449,2.18,201301200000
43483,1.51,201301200000
43484,1.64,201301200000
43494,2.53,201301200000
43518,0.81,201301200000
43523,2.37,201301200000
43526,2.22,201301200000
43530,0.8,201301200000
43571,1.02,201301200000
43642,1.81,201301200000
43662,1.45,201301200000
43738,2.49,201301200000
43760,0.84,201301200000
43779,0.76,201301200000
43914,2.2,201301200000
43957,1.36,201301200000
43980,2.27,201301200000
43984,2.78,201301200000
43992,2.25,201301200000
43995,2.23,201301200000
44002,0.65,201301200000
44039,0.7,201301200000
44194,2.91,201301200000
44197,1.5,201301200000
44204,1.16,201301200000
44215,1.06,201301200000
44226,2.3,201301200000
44247,1.38,201301200000
44255,2.59,201301200000
44282,2.25,201301200000
44284,2.63,201301200000
44356,2.64,201301200000
44470,0.74,201301200000
44486,2.48,201301200000
44503,2.44,201301200000
44504,1.9,201301200000
44510,1.87,201301200000
44517,1.4,201301200000
44534,1.57,201301200000
44578,2.26,201301200000
44666,1.23,201301200000
44694,0.58,201301200000
44697,1.38,201301200000
44716,2.11,201301200000
44724,2.15,201301200000
44743,1.17,201301200000
44755,1.69,201301200000
44756,1.94,201301200000
44757,2.12,201301200000
44758,1.55,201301200000
44786,2.11,201301200000
44787,1.89,201301200000
44911,1.11,201301200000
44963,2.2,201301200000
45005,1.26,201301200000
45006,2.09,201301200000
45007,1.98,201301200000
45008,2.27,201301200000
45039,1.68,201301200000
45114,0.94,201301200000
45168,0.97,201301200000
45200,1.04,201301200000
45203,1.61,201301200000
45208,1.49,201301200000
45237,2.25,201301200000
45254,1.52,201301200000
45256,1.37,201301200000
45258,2.86,201301200000
45261,1.45,201301200000
45265,1.56,201301200000
45266,1.76,201301200000
45401,0.97,201301200000
45479,1.06,201301200000
45502,0.76,201301200000
45507,2.37,201301200000
45509,2.04,201301200000
45526,0.67,201301200000
45538,0.97,201301200000
45582,2.47,201301200000
45661,1.13,201301200000
45701,2.98,201301200000
45703,0.66,201301200000
45716,1.13,201301200000
45720,0.67,201301200000
45725,0.99,201301200000
45735,2.51,201301200000
45747,0.75,201301200000
45766,1.11,201301200000
45793,1.0,201301200000
45795,1.56,201301200000
45919,0.73,201301200000
45948,0.7,201301200000
46008,1.5,201301200000
46036,2.01,201301200000
46041,0.96,201301200000
46052,2.19,201301200000
46074,2.45,201301200000
46145,2.13,201301200000
46202,2.76,201301200000
46209,0.94,201301200000
46242,1.71,201301200000
46265,0.74,201301200000
46372,2.93,201301200000
46384,2.11,201301200000
46455,2.83,201301200000
46508,2.76,201301200000
46523,2.85,201301200000
46538,1.59,201301200000
46565,1.23,201301200000
46574,1.08,201301200000
46626,2.97,201301200000
46700,1.97,201301200000
46738,1.9,201301200000
46770,1.41,201301200000
46778,1.73,201301200000
46787,0.53,201301200000
46803,1.19,201301200000
46954,1.85,201301200000
46964,1.22,201301200000
46972,1.94,201301200000
46976,0.96,201301200000
46981,2.19,201301200000
47011,2.59,201301200000
47015,2.45,201301200000
47047,1.3,201301200000
47253,0.69,201301200000
47288,1.9,201301200000
47295,2.98,201301200000
47342,0.61,201301200000
47454,0.8,201301200000
47535,0.62,201301200000
47543,1.47,201301200000
47705,1.08,201301200000
47709,1.6,201301200000
47711,1.85,201301200000
47758,2.54,201301200000
47806,1.9,201301200000
47889,0.53,201301200000
47926,1.21,201301200000
47968,1.29,201301200000
47972,1.57,201301200000
47977,2.97,201301200000
47982,1.29,201301200000
48032,2.47,201301200000
48209,1.75,201301200000
48239,0.91,201301200000
48244,2.33,201301200000
48278,0.74,201301200000
48420,2.21,201301200000
48427,1.04,201301200000
48499,0.74,201301200000
48503,2.14,201301200000
48552,1.83,201301200000
48584,0.67,201301200000
48713,1.83,201301200000
48759,1.88,201301200000
48848,0.61,201301200000
48898,1.74,201301200000
49017,2.69,201301200000
49049,0.62,201301200000
49229,1.86,201301200000
49241,1.87,201301200000
49472,2.65,201301200000
49483,1.85,201301200000
49542,1.9,201301200000
49555,1.07,201301200000
49679,1.35,201301200000
49750,2.81,201301200000
49760,1.69,201301200000
49777,0.56,201301200000
49968,1.91,201301200000
50053,2.3,201301200000
50103,2.08,201301200000
50180,1.57,201301200000
50285,1.1,201301200000
50430,2.15,201301200000
50470,0.79,201301200000
50494,1.48,201301200000
50511,1.58,201301200000
50549,2.71,201301200000
50680,1.24,201301200000
50682,0.57,201301200000
50731,1.87,201301200000
50812,0.65,201301200000
50872,0.65,201301200000
51029,1.91,201301200000
51046,0.85,201301200000
51053,1.32,201301200000
51056,1.73,201301200000
51162,1.11,201301200000
51177,2.41,201301200000
51182,1.32,201301200000
51228,0.7,201301200000
51258,2.52,201301200000
51430,1.12,201301200000
51431,1.3,201301200000
51432,2.31,201301200000
51520,2.19,201301200000
51681,1.76,201301200000
51682,0.56,201301200000
51725,1.55,201301200000
51790,1.95,201301200000
51832,2.22,201301200000
51857,1.87,201301200000
51931,1.1,201301200000
51932,2.77,201301200000
51986,2.64,201301200000
52003,0.93,201301200000
52182,2.54,201301200000
52244,0.97,201301200000
52259,1.68,201301200000
52280,2.82,201301200000
52319,2.52,201301200000
52473,1.53,201301200000
52518,1.49,201301200000
52631,1.53,201301200000
52679,2.91,201301200000
52729,1.88,201301200000
52811,1.58,201301200000
52983,1.36,201301200000
52988,2.52,201301200000
52993,0.83,201301200000
53000,2.19,201301200000
53016,0.74,201301200000
53027,1.59,201301200000
53072,2.77,201301200000
53090,2.95,201301200000
53177,2.81,201301200000
53178,1.86,201301200000
53381,1.84,201301200000
53427,1.46,201301200000
53429,2.5,201301200000
53761,1.72,201301200000
53774,2.83,201301200000
53797,1.0,201301200000
53810,2.04,201301200000
53822,2.07,201301200000
53864,2.22,201301200000
53927,0.71,201301200000
54038,2.98,201301200000
54071,1.7,201301200000
54234,2.63,201301200000
54281,2.71,201301200000
54284,2.44,201301200000
54327,0.74,201301200000
54334,2.62,201301200000
54349,2.03,201301200000
54427,1.16,201301200000
54503,2.99,201301200000
54510,2.09,201301200000
54520,1.6,201301200000
54550,0.94,201301200000
54578,1.57,201301200000
54678,1.26,201301200000
54828,2.3,201301200000
54983,1.86,201301200000
54996,2.25,201301200000
55070,2.09,201301200000
55329,1.07,201301200000
55331,2.48,201301200000
55535,2.8,201301200000
55633,1.04,201301200000
55680,2.21,201301200000
55761,0.93,201301200000
55831,2.3,201301200000
55832,1.63,201301200000
55838,2.82,201301200000
55845,2.22,201301200000
56106,1.93,201301200000
56493,2.52,201301200000
56571,1.11,201301200000
56586,0.97,201301200000
56587,1.86,201301200000
56591,1.42,201301200000
56738,1.7,201301200000
56835,2.36,201301200000
56882,1.27,201301200000
56887,2.46,201301200000
56888,2.81,201301200000
56933,1.94,201301200000
56934,1.38,201301200000
57042,2.89,201301200000
57062,2.2,201301200000
57189,2.24,201301200000
57261,0.73,201301200000
57329,2.14,201301200000
57342,1.59,201301200000
57376,1.08,201301200000
57378,2.08,201301200000
57380,1.61,201301200000
57397,2.45,201301200000
57440,1.27,201301200000
57495,2.94,201301200000
57523,1.02,201301200000
57555,2.34,201301200000
57597,1.82,201301200000
57613,0.58,201301200000
57615,1.89,201301200000
57628,2.3,201301200000
57631,2.08,201301200000
57823,2.6,201301200000
57837,2.07,201301200000
57851,0.61,201301200000
57852,0.74,201301200000
57906,0.84,201301200000
58179,2.58,201301200000
58251,1.88,201301200000
58421,2.75,201301200000
58511,1.89,201301200000
58632,1.18,201301200000
58744,1.76,201301200000
58802,0.5,201301200000
58814,2.11,201301200000
58879,0.72,201301200000
58892,1.48,201301200000
59010,0.81,201301200000
59043,2.69,201301200000
59104,1.31,201301200000
59125,0.54,201301200000
59134,2.17,201301200000
59285,0.75,201301200000
59329,1.53,201301200000
59555,1.3,201301200000
59635,2.89,201301200000
59745,1.91,201301200000
59927,2.3,201301200000
59941,1.84,201301200000
60008,2.17,201301200000
60011,2.18,201301200000
60114,1.7,201301200000
60141,2.94,201301200000
60147,2.67,201301200000
60331,0.83,201301200000
60344,1.63,201301200000
60350,2.32,201301200000
60578,0.63,201301200000
60593,1.41,201301200000
60613,0.8,201301200000
60630,2.03,201301200000
60635,1.51,201301200000
60649,2.25,201301200000
60750,2.3,201301200000
60774,2.7,201301200000
60819,1.23,201301200000
60880,1.77,201301200000
60888,2.48,201301200000
61062,0.71,201301200000
61110,2.35,201301200000
61263,0.65,201301200000
61343,2.83,201301200000
61591,0.97,201301200000
61597,2.81,201301200000
61654,0.91,201301200000
61818,2.68,201301200000
62077,2.05,201301200000
62104,1.98,201301200000
62135,1.56,201301200000
62140,1.05,201301200000
62252,1.77,201301200000
62558,1.02,201301200000
62589,1.74,201301200000
62757,1.66,201301200000
62772,2.96,201301200000
62850,2.65,201301200000
62926,1.1,201301200000
62948,2.47,201301200000
63044,2.83,201301200000
63153,2.86,201301200000
63383,0.9,201301200000
63397,2.44,201301200000
63398,0.57,201301200000
63407,1.02,201301200000
63574,1.93,201301200000
63586,2.43,201301200000
63816,2.57,201301200000
64102,2.08,201301200000
64150,1.62,201301200000
64200,1.24,201301200000
64515,2.88,201301200000
64529,1.47,201301200000
64573,0.53,201301200000
64581,0.64,201301200000
64815,2.06,201301200000
64915,2.45,201301200000
65059,1.62,201301200000
65144,2.88,201301200000
65320,1.22,201301200000
65375,1.72,201301200000
65454,1.93,201301200000
65528,2.89,201301200000
65607,2.29,201301200000
65774,0.84,201301200000
65838,2.16,201301200000
66068,2.94,201301200000
66084,1.7,201301200000
66151,2.55,201301200000
66353,0.62,201301200000
66538,1.04,201301200000
66575,0.57,201301200000
66637,1.75,201301200000
66827,2.95,201301200000
66870,1.76,201301200000
67110,1.3,201301200000
67207,2.53,201301200000
67335,1.43,201301200000
67385,0.82,201301200000
67599,2.91,201301200000
67601,2.21,201301200000
67602,0.98,201301200000
67698,2.85,201301200000
67824,1.0,201301200000
67842,2.44,201301200000
67854,2.53,201301200000
67855,0.61,201301200000
67918,1.21,201301200000
68103,1.95,201301200000
68104,2.81,201301200000
68110,2.32,201301200000
68111,2.89,201301200000
68349,2.85,201301200000
68354,2.0,201301200000
68356,2.31,201301200000
68454,2.52,201301200000
68455,2.1,201301200000
68587,2.55,201301200000
68857,2.67,201301200000
68858,2.25,201301200000
68897,1.77,201301200000
68924,0.75,201301200000
68930,2.76,201301200000
69106,1.96,201301200000
69190,1.95,201301200000
69206,1.82,201301200000
69359,0.64,201301200000
69371,2.19,201301200000
69455,2.82,201301200000
69582,1.44,201301200000
69613,1.89,201301200000
69676,1.56,201301200000
70115,2.44,201301200000
70132,1.37,201301200000
70181,2.37,201301200000
70342,2.33,201301200000
70352,0.85,201301200000
70360,2.72,201301200000
70374,2.11,201301200000
70440,1.96,201301200000
70462,1.9,201301200000
70619,0.87,201301200000
70659,0.86,201301200000
70715,2.39,201301200000
70903,0.5,201301200000
70934,1.82,201301200000
70961,2.7,201301200000
71122,0.91,201301200000
71187,2.88,201301200000
71399,0.5,201301200000
71601,1.08,201301200000
71629,2.86,201301200000
71888,1.09,201301200000
71961,2.05,201301200000
71964,1.69,201301200000
72201,1.74,201301200000
72218,1.22,201301200000
72345,0.8,201301200000
72367,1.66,201301200000
72407,2.23,201301200000
72416,0.62,201301200000
72706,2.14,201301200000
72894,2.58,201301200000
73104,1.93,201301200000
73135,2.34,201301200000
73211,2.76,201301200000
73223,0.8,201301200000
73451,1.89,201301200000
73460,2.13,201301200000
73461,0.68,201301200000
73557,0.72,201301200000
73669,1.45,201301200000
74158,0.56,201301200000
74216,2.06,201301200000
74388,2.45,201301200000
74396,2.07,201301200000
74466,1.48,201301200000
74467,0.67,201301200000
74638,0.85,201301200000
74677,1.18,201301200000
74678,2.31,201301200000
74711,2.84,201301200000
74721,0.98,201301200000
74962,0.56,201301200000
74968,2.74,201301200000
74973,1.13,201301200000
75224,1.97,201301200000
75329,1.15,201301200000
75386,1.55,201301200000
75424,2.46,201301200000
75436,0.84,201301200000
75475,2.02,201301200000
75619,2.25,201301200000
75721,1.72,201301200000
75722,2.99,201301200000
75724,1.29,201301200000
75725,0.84,201301200000
75726,2.97,201301200000
75727,0.63,201301200000
75974,1.35,201301200000
75975,2.73,201301200000
76133,1.09,201301200000
76227,2.92,201301200000
76393,2.44,201301200000
76473,2.9,201301200000
76477,2.27,201301200000
76654,1.83,201301200000
76728,1.59,201301200000
76959,2.44,201301200000
77169,2.75,201301200000
77230,2.42,201301200000
77381,2.31,201301200000
77458,1.35,201301200000
77641,2.58,201301200000
77942,1.48,201301200000
77981,2.1,201301200000
78205,1.94,201301200000
78418,2.82,201301200000
78654,2.05,201301200000
78733,2.4,201301200000
78881,2.22,201301200000
78896,1.41,201301200000
78909,0.8,201301200000
78983,1.76,201301200000
79234,2.56,201301200000
79379,2.7,201301200000
79394,2.8,201301200000
79484,2.29,201301200000
79712,1.99,201301200000
79911,1.66,201301200000
79915,2.43,201301200000
80160,1.68,201301200000
80161,1.58,201301200000
80193,2.33,201301200000
80352,0.58,201301200000
80397,1.22,201301200000
80406,0.63,201301200000
80411,2.68,201301200000
80412,0.72,201301200000
80413,1.86,201301200000
80420,2.45,201301200000
80485,1.02,201301200000
80635,2.24,201301200000
80659,2.3,201301200000
80663,2.51,201301200000
80664,2.36,201301200000
80703,2.25,201301200000
80877,1.89,201301200000
80916,0.81,201301200000
81163,1.71,201301200000
81164,2.68,201301200000
81354,0.76,201301200000
81363,2.98,201301200000
81390,2.23,201301200000
81625,2.69,201301200000
81651,1.07,201301200000
81899,1.08,201301200000
82135,0.68,201301200000
82168,0.67,201301200000
82169,2.76,201301200000
82237,1.32,201301200000
82613,0.63,201301200000
82622,1.48,201301200000
82664,2.17,201301200000
82892,1.74,201301200000
82951,2.98,201301200000
83410,2.11,201301200000
83489,1.14,201301200000
83735,2.1,201301200000
83865,1.88,201301200000
84123,1.84,201301200000
84179,0.99,201301200000
84207,2.1,201301200000
84212,0.89,201301200000
84221,1.53,201301200000
84366,2.22,201301200000
84689,2.82,201301200000
84712,2.74,201301200000
84902,0.9,201301200000
85474,2.71,201301200000
85487,1.21,201301200000
85620,2.9,201301200000
85705,0.53,201301200000
85715,2.16,201301200000
85738,2.62,201301200000
86440,2.28,201301200000
86622,1.83,201301200000
86623,1.87,201301200000
86672,1.86,201301200000
86873,2.96,201301200000
86895,1.97,201301200000
87121,2.18,201301200000
87227,0.7,201301200000
87460,2.56,201301200000
87690,1.45,201301200000
87873,1.12,201301200000
88242,2.71,201301200000
88463,0.78,201301200000
89120,0.98,201301200000
89152,2.23,201301200000
89175,1.71,201301200000
89198,0.85,201301200000
89615,2.99,201301200000
89625,0.6,201301200000
90116,0.92,201301200000
90183,2.78,201301200000
90497,0.97,201301200000
90699,0.78,201301200000
90719,2.6,201301200000
91200,2.19,201301200000
91432,0.64,201301200000
91434,1.01,201301200000
91684,1.77,201301200000
91713,1.91,201301200000
91744,1.26,201301200000
92233,1.07,201301200000
93205,2.42,201301200000
93244,1.06,201301200000
93252,2.02,201301200000
93463,1.51,201301200000
93675,1.59,201301200000
93944,2.82,201301200000
94431,0.51,201301200000
94710,1.58,201301200000
94755,1.61,201301200000
94997,1.34,201301200000
95000,1.13,201301200000
95707,0.66,201301200000
95949,0.57,201301200000
95998,2.39,201301200000
96188,2.73,201301200000
96225,2.86,201301200000
96249,0.68,201301200000
96468,2.33,201301200000
96486,1.81,201301200000
96718,0.85,201301200000
96972,2.15,201301200000
96995,1.56,201301200000
97251,2.45,201301200000
97440,1.39,201301200000
97471,1.54,201301200000
97969,2.86,201301200000
97990,2.13,201301200000
98224,2.5,201301200000
98229,2.2,201301200000
98450,2.8,201301200000
98475,1.69,201301200000
98739,2.33,201301200000
99256,2.33,201301200000
99468,0.87,201301200000
99730,1.78,201301200000
101215,2.15,201301200000
101911,1.79,201301200000
101912,1.07,201301200000
101989,1.96,201301200000
102999,1.41,201301200000
103242,1.77,201301200000
103431,2.32,201301200000
104177,2.56,201301200000
104221,2.28,201301200000
104239,1.65,201301200000
104701,2.14,201301200000
104984,1.43,201301200000
105196,1.97,201301200000
105219,2.39,201301200000
105460,2.93,201301200000
105461,2.87,201301200000
105481,1.57,201301200000
105489,2.98,201301200000
105709,2.36,201301200000
105710,1.57,201301200000
105711,0.92,201301200000
105712,2.51,201301200000
105713,2.15,201301200000
105715,1.36,201301200000
105726,1.84,201301200000
105727,2.69,201301200000
105736,0.85,201301200000
105960,2.48,201301200000
105961,2.47,201301200000
105962,2.72,201301200000
105963,1.24,201301200000
105964,2.37,201301200000
105975,2.94,201301200000
106195,0.91,201301200000
106213,2.23,201301200000
106214,0.92,201301200000
106215,2.82,201301200000
106221,0.92,201301200000
106231,2.97,201301200000
106232,2.45,201301200000
106234,2.58,201301200000
106235,2.6,201301200000
106237,0.81,201301200000
106446,0.81,201301200000
106447,1.37,201301200000
106462,1.2,201301200000
106463,2.93,201301200000
106465,2.65,201301200000
106466,2.87,201301200000
106467,1.64,201301200000
106480,2.66,201301200000
106712,1.97,201301200000
106717,2.46,201301200000
106718,0.58,201301200000
106741,2.5,201301200000
106958,1.68,201301200000
106964,1.2,201301200000
106965,1.09,201301200000
106966,2.68,201301200000
106967,0.51,201301200000
106971,2.73,201301200000
106983,0.55,201301200000
106997,0.58,201301200000
107200,0.81,201301200000
107212,1.69,201301200000
107219,0.74,201301200000
107240,2.6,201301200000
107460,2.04,201301200000
107465,2.39,201301200000
107466,1.87,201301200000
107468,1.66,201301200000
107491,0.56,201301200000
107711,0.63,201301200000
107725,2.71,201301200000
107726,2.1,201301200000
107954,1.03,201301200000
107966,2.57,201301200000
107971,0.98,201301200000
107979,2.8,201301200000
107993,2.03,201301200000
108205,0.79,201301200000
108211,2.63,201301200000
108214,2.39,201301200000
108215,0.98,201301200000
108217,2.52,201301200000
108219,1.81,201301200000
108220,2.36,201301200000
108222,0.69,201301200000
108225,2.64,201301200000
108230,1.28,201301200000
108454,2.51,201301200000
108463,1.81,201301200000
108499,0.76,201301200000
108717,1.73,201301200000
108722,1.16,201301200000
108724,2.87,201301200000
108733,2.6,201301200000
108968,1.82,201301200000
108975,2.02,201301200000
108984,1.51,201301200000
108985,1.01,201301200000
109216,1.14,201301200000
109219,1.11,201301200000
109222,0.51,201301200000
109227,1.0,201301200000
109231,1.6,201301200000
109236,2.72,201301200000
109245,1.01,201301200000
109473,1.15,201301200000
109487,1.64,201301200000
109494,2.34,201301200000
109495,2.77,201301200000
109496,2.81,201301200000
109497,1.12,201301200000
109742,0.68,201301200000
109744,1.7,201301200000
109748,0.83,201301200000
109750,2.32,201301200000
109980,2.68,201301200000
109991,2.21,201301200000
109994,1.89,201301200000
109998,2.93,201301200000
110001,2.03,201301200000
110243,2.33,201301200000
110247,2.37,201301200000
110249,1.29,201301200000
110251,2.95,201301200000
110253,1.84,201301200000
110254,2.83,201301200000
