cell,mobility,dtg
1610,2.15,201301160000
1846,2.02,201301160000
1851,1.64,201301160000
1853,2.2,201301160000
1856,2.59,201301160000
1857,1.55,201301160000
2103,1.98,201301160000
2105,2.43,201301160000
2106,1.03,201301160000
2107,2.04,201301160000
2114,1.4,201301160000
2342,0.88,201301160000
2347,2.18,201301160000
2351,2.44,201301160000
2354,1.25,201301160000
2357,1.76,201301160000
2372,1.2,201301160000
2374,2.15,201301160000
2591,0.79,201301160000
2595,0.79,201301160000
2605,0.82,201301160000
2611,1.55,201301160000
2615,1.52,201301160000
2620,2.42,201301160000
2627,1.28,201301160000
2839,1.15,201301160000
2847,1.04,201301160000
3086,0.56,201301160000
3094,2.93,201301160000
3100,2.49,201301160000
3124,0.52,201301160000
3128,1.47,201301160000
3334,1.67,201301160000
3337,1.95,201301160000
3375,0.96,201301160000
3614,2.03,201301160000
3619,1.78,201301160000
3632,0.99,201301160000
3635,2.23,201301160000
3830,2.63,201301160000
3831,0.81,201301160000
3833,2.07,201301160000
3837,1.53,201301160000
3845,2.67,201301160000
3856,0.79,201301160000
3860,1.29,201301160000
3865,1.07,201301160000
4078,2.66,201301160000
4081,2.73,201301160000
4137,0.83,201301160000
4141,1.74,201301160000
4142,2.67,201301160000
4328,2.06,201301160000
4329,1.28,201301160000
4341,0.91,201301160000
4345,1.31,201301160000
4348,0.74,201301160000
4354,1.34,201301160000
4372,2.9,201301160000
4577,0.93,201301160000
4578,1.29,201301160000
4580,2.55,201301160000
4582,2.47,201301160000
4605,1.3,201301160000
4608,1.17,201301160000
4631,2.94,201301160000
4636,1.39,201301160000
4637,1.47,201301160000
4829,1.52,201301160000
4830,1.32,201301160000
4831,1.41,201301160000
4834,0.66,201301160000
4837,0.5,201301160000
4852,2.66,201301160000
4863,0.68,201301160000
4868,2.25,201301160000
4890,2.32,201301160000
4891,1.14,201301160000
5078,1.39,201301160000
5081,2.45,201301160000
5084,2.47,201301160000
5127,1.63,201301160000
5153,1.42,201301160000
5327,1.14,201301160000
5329,0.83,201301160000
5333,1.5,201301160000
5334,2.42,201301160000
5339,0.81,201301160000
5369,1.11,201301160000
5402,2.36,201301160000
5410,1.54,201301160000
5577,2.97,201301160000
5581,1.11,201301160000
5592,1.9,201301160000
5612,0.74,201301160000
5623,1.24,201301160000
5876,2.35,201301160000
5893,1.19,201301160000
5898,0.56,201301160000
6078,1.15,201301160000
6118,0.96,201301160000
6136,1.97,201301160000
6158,2.34,201301160000
6159,2.23,201301160000
6333,0.52,201301160000
6353,1.32,201301160000
6365,2.87,201301160000
6366,1.52,201301160000
6414,0.81,201301160000
6588,2.23,201301160000
6609,1.33,201301160000
6635,1.07,201301160000
6668,1.02,201301160000
6841,1.96,201301160000
6849,2.6,201301160000
6896,1.38,201301160000
6924,2.45,201301160000
6928,1.95,201301160000
6935,1.35,201301160000
6939,1.82,201301160000
7077,1.19,201301160000
7078,0.73,201301160000
7085,2.35,201301160000
7088,1.4,201301160000
7113,2.09,201301160000
7114,2.44,201301160000
7129,2.0,201301160000
7133,2.33,201301160000
7165,2.24,201301160000
7192,2.29,201301160000
7354,1.67,201301160000
7375,1.24,201301160000
7379,0.83,201301160000
7401,1.52,201301160000
7410,2.88,201301160000
7436,0.83,201301160000
7584,1.84,201301160000
7646,2.24,201301160000
7849,1.35,201301160000
7871,1.39,201301160000
7927,2.27,201301160000
7948,1.96,201301160000
8080,0.67,201301160000
8170,2.67,201301160000
8182,2.72,201301160000
8195,2.53,201301160000
8342,1.28,201301160000
8582,1.27,201301160000
8602,1.14,201301160000
8609,2.37,201301160000
8638,2.74,201301160000
8656,2.03,201301160000
8830,0.95,201301160000
8839,1.21,201301160000
8876,1.13,201301160000
8897,1.23,201301160000
8912,2.26,201301160000
8918,1.79,201301160000
8929,1.26,201301160000
8940,1.11,201301160000
8954,1.76,201301160000
9140,0.91,201301160000
9333,2.62,201301160000
9468,0.9,201301160000
9473,2.54,201301160000
9589,1.84,201301160000
9601,1.24,201301160000
9607,0.8,201301160000
9658,2.03,201301160000
9724,2.68,201301160000
9833,2.17,201301160000
10084,1.53,201301160000
10089,1.54,201301160000
10096,1.85,201301160000
10144,0.56,201301160000
10170,2.32,201301160000
10181,2.34,201301160000
10189,0.67,201301160000
10201,1.3,201301160000
10334,2.2,201301160000
10335,1.18,201301160000
10383,0.74,201301160000
10414,2.85,201301160000
10444,2.34,201301160000
10458,2.71,201301160000
10477,0.84,201301160000
10586,1.56,201301160000
10601,2.84,201301160000
10609,1.7,201301160000
10616,2.22,201301160000
10633,1.6,201301160000
10655,1.8,201301160000
10665,2.89,201301160000
10681,2.18,201301160000
10717,2.11,201301160000
10835,1.18,201301160000
10837,2.11,201301160000
10847,0.77,201301160000
10903,1.05,201301160000
10911,1.7,201301160000
10918,2.6,201301160000
10973,1.45,201301160000
11087,0.78,201301160000
11092,2.75,201301160000
11128,2.82,201301160000
11222,1.99,201301160000
11223,2.67,201301160000
11225,2.93,201301160000
11238,1.77,201301160000
11361,2.96,201301160000
11393,2.55,201301160000
11424,0.79,201301160000
11601,1.5,201301160000
11682,2.98,201301160000
11704,0.58,201301160000
11858,1.98,201301160000
11884,2.67,201301160000
11901,1.78,201301160000
11946,0.66,201301160000
11960,0.71,201301160000
11972,1.82,201301160000
12089,2.39,201301160000
12090,2.96,201301160000
12096,0.86,201301160000
12120,2.24,201301160000
12157,0.56,201301160000
12230,1.04,201301160000
12383,1.95,201301160000
12431,1.02,201301160000
12601,0.81,201301160000
12625,0.83,201301160000
12632,0.58,201301160000
12842,1.03,201301160000
12875,2.67,201301160000
12901,2.82,201301160000
12913,1.58,201301160000
12933,2.25,201301160000
12934,1.84,201301160000
12985,1.07,201301160000
13099,0.64,201301160000
13114,2.96,201301160000
13150,2.22,201301160000
13175,0.97,201301160000
13183,2.95,201301160000
13222,2.24,201301160000
13358,1.95,201301160000
13444,1.75,201301160000
13455,1.67,201301160000
13456,1.37,201301160000
13670,1.52,201301160000
13694,1.17,201301160000
13845,1.11,201301160000
13849,0.54,201301160000
14011,2.66,201301160000
14095,1.69,201301160000
14133,0.53,201301160000
14161,2.8,201301160000
14167,1.66,201301160000
14184,1.63,201301160000
14241,1.94,201301160000
14255,2.78,201301160000
14349,1.7,201301160000
14350,0.52,201301160000
14375,0.89,201301160000
14452,2.63,201301160000
14475,1.89,201301160000
14620,1.46,201301160000
14673,2.75,201301160000
14745,1.7,201301160000
14859,0.92,201301160000
14936,1.8,201301160000
14995,2.05,201301160000
15097,1.66,201301160000
15098,2.71,201301160000
15246,1.3,201301160000
15349,1.57,201301160000
15440,2.71,201301160000
15600,0.6,201301160000
15656,1.83,201301160000
15672,1.93,201301160000
15699,0.85,201301160000
15714,0.66,201301160000
15725,1.82,201301160000
15744,2.14,201301160000
15849,0.78,201301160000
15850,1.49,201301160000
15851,2.69,201301160000
15853,1.62,201301160000
15871,0.54,201301160000
16100,1.85,201301160000
16105,1.6,201301160000
16114,0.6,201301160000
16171,1.57,201301160000
16184,1.1,201301160000
16400,2.95,201301160000
16414,1.28,201301160000
16601,0.61,201301160000
16604,1.62,201301160000
16625,1.27,201301160000
16670,2.77,201301160000
16853,0.52,201301160000
16868,1.38,201301160000
16932,2.79,201301160000
17232,1.24,201301160000
17355,2.2,201301160000
17358,2.87,201301160000
17367,0.53,201301160000
17635,1.68,201301160000
17673,1.33,201301160000
17681,2.04,201301160000
17884,0.57,201301160000
17984,2.77,201301160000
18108,1.85,201301160000
18115,2.57,201301160000
18118,1.29,201301160000
18123,1.81,201301160000
18139,2.76,201301160000
18154,2.9,201301160000
18160,1.94,201301160000
18177,0.56,201301160000
18185,2.15,201301160000
18383,2.32,201301160000
18404,2.17,201301160000
18427,0.69,201301160000
18466,1.99,201301160000
18616,2.71,201301160000
18629,1.41,201301160000
18861,1.9,201301160000
18866,1.39,201301160000
18925,0.8,201301160000
19110,0.99,201301160000
19112,1.13,201301160000
19114,2.11,201301160000
19122,0.69,201301160000
19360,1.57,201301160000
19443,1.14,201301160000
19481,0.62,201301160000
19611,2.72,201301160000
19612,2.14,201301160000
19618,2.29,201301160000
19633,1.3,201301160000
19678,1.73,201301160000
19878,2.03,201301160000
19913,0.64,201301160000
20113,2.3,201301160000
20114,2.88,201301160000
20116,0.64,201301160000
20170,1.58,201301160000
20363,1.44,201301160000
20387,2.57,201301160000
20396,0.56,201301160000
20436,1.99,201301160000
20616,0.91,201301160000
20621,1.83,201301160000
20628,2.15,201301160000
20651,2.63,201301160000
20671,1.37,201301160000
20682,1.59,201301160000
20864,2.02,201301160000
20882,2.89,201301160000
20931,0.67,201301160000
20995,2.58,201301160000
21115,2.76,201301160000
21118,2.27,201301160000
21201,1.61,201301160000
21373,3.0,201301160000
21377,2.16,201301160000
21392,2.8,201301160000
21407,1.3,201301160000
21428,0.98,201301160000
21448,1.13,201301160000
21617,0.6,201301160000
21619,1.58,201301160000
21639,0.88,201301160000
21658,0.67,201301160000
21663,1.85,201301160000
21701,2.57,201301160000
21721,2.09,201301160000
21868,2.09,201301160000
21871,2.02,201301160000
21999,2.22,201301160000
22126,0.99,201301160000
22133,1.54,201301160000
22174,2.85,201301160000
22176,0.77,201301160000
22205,1.17,201301160000
22368,1.52,201301160000
22395,0.65,201301160000
22419,2.79,201301160000
22420,2.5,201301160000
22421,2.65,201301160000
22422,0.81,201301160000
22619,0.87,201301160000
22630,2.95,201301160000
22634,1.96,201301160000
22671,0.91,201301160000
22673,1.77,201301160000
22700,2.34,201301160000
22751,2.47,201301160000
22768,2.89,201301160000
22869,2.19,201301160000
22877,0.78,201301160000
22928,2.77,201301160000
22940,1.38,201301160000
22955,2.3,201301160000
22963,1.68,201301160000
22966,1.26,201301160000
23120,0.67,201301160000
23124,1.16,201301160000
23125,2.32,201301160000
23131,1.65,201301160000
23138,2.64,201301160000
23169,0.97,201301160000
23194,1.07,201301160000
23216,1.52,201301160000
23370,2.83,201301160000
23371,1.15,201301160000
23379,1.22,201301160000
23386,1.67,201301160000
23388,2.28,201301160000
23427,0.74,201301160000
23621,1.46,201301160000
23627,2.53,201301160000
23635,1.82,201301160000
23641,1.94,201301160000
23662,1.89,201301160000
23669,0.95,201301160000
23690,1.71,201301160000
23744,0.61,201301160000
23750,2.86,201301160000
23872,2.22,201301160000
23873,2.52,201301160000
23875,2.23,201301160000
23881,2.81,201301160000
23894,0.82,201301160000
23896,1.99,201301160000
23907,0.82,201301160000
23925,1.2,201301160000
23973,2.99,201301160000
24005,0.66,201301160000
24009,0.87,201301160000
24032,2.54,201301160000
24122,1.0,201301160000
24123,2.83,201301160000
24149,2.19,201301160000
24247,1.07,201301160000
24251,0.63,201301160000
24265,2.81,201301160000
24266,1.69,201301160000
24373,1.92,201301160000
24374,2.23,201301160000
24380,2.36,201301160000
24381,1.41,201301160000
24383,2.44,201301160000
24387,2.22,201301160000
24402,1.51,201301160000
24405,2.36,201301160000
24423,1.33,201301160000
24623,1.65,201301160000
24626,2.03,201301160000
24643,0.8,201301160000
24732,1.53,201301160000
24734,1.27,201301160000
24739,0.74,201301160000
24774,2.86,201301160000
24775,2.8,201301160000
24781,2.88,201301160000
24837,1.32,201301160000
24874,0.63,201301160000
24877,2.53,201301160000
24879,1.37,201301160000
24880,2.68,201301160000
24895,1.42,201301160000
24920,1.24,201301160000
24990,0.89,201301160000
24991,0.6,201301160000
24993,2.8,201301160000
25124,0.95,201301160000
25125,2.04,201301160000
25126,1.2,201301160000
25129,0.76,201301160000
25130,1.1,201301160000
25132,1.15,201301160000
25136,1.2,201301160000
25138,1.79,201301160000
25141,1.37,201301160000
25179,1.31,201301160000
25187,2.3,201301160000
25375,2.68,201301160000
25376,1.51,201301160000
25377,1.91,201301160000
25379,2.19,201301160000
25385,0.74,201301160000
25395,1.0,201301160000
25400,0.77,201301160000
25405,1.1,201301160000
25412,1.34,201301160000
25427,0.9,201301160000
25626,2.78,201301160000
25627,2.29,201301160000
25628,2.36,201301160000
25629,2.11,201301160000
25632,2.59,201301160000
25633,2.46,201301160000
25642,1.25,201301160000
25715,0.6,201301160000
25747,0.62,201301160000
25763,2.97,201301160000
25876,2.05,201301160000
25877,1.09,201301160000
25878,0.94,201301160000
25881,1.21,201301160000
25882,0.58,201301160000
25886,0.88,201301160000
25888,2.02,201301160000
25926,1.48,201301160000
25997,2.27,201301160000
26005,2.48,201301160000
26035,0.94,201301160000
26127,1.49,201301160000
26129,1.32,201301160000
26130,2.68,201301160000
26133,1.0,201301160000
26135,1.51,201301160000
26136,2.47,201301160000
26138,1.8,201301160000
26139,0.96,201301160000
26141,2.69,201301160000
26148,2.77,201301160000
26168,2.44,201301160000
26378,2.23,201301160000
26379,1.9,201301160000
26380,1.49,201301160000
26381,1.05,201301160000
26382,1.44,201301160000
26383,1.39,201301160000
26385,2.29,201301160000
26386,1.62,201301160000
26387,2.57,201301160000
26389,2.65,201301160000
26391,2.53,201301160000
26392,2.25,201301160000
26393,0.85,201301160000
26396,2.39,201301160000
26403,2.44,201301160000
26408,1.13,201301160000
26427,2.99,201301160000
26450,2.96,201301160000
26492,0.81,201301160000
26546,2.14,201301160000
26563,0.61,201301160000
26564,0.95,201301160000
26628,1.31,201301160000
26629,1.03,201301160000
26630,2.66,201301160000
26631,0.91,201301160000
26633,1.28,201301160000
26634,1.57,201301160000
26656,1.26,201301160000
26674,1.27,201301160000
26708,2.94,201301160000
26752,1.85,201301160000
26754,1.43,201301160000
26755,2.48,201301160000
26782,1.86,201301160000
26846,0.81,201301160000
26879,0.84,201301160000
26880,2.12,201301160000
26881,1.86,201301160000
26882,0.69,201301160000
26883,0.83,201301160000
26884,0.79,201301160000
26885,0.74,201301160000
26886,0.77,201301160000
26887,0.68,201301160000
26889,1.94,201301160000
26890,0.95,201301160000
26891,0.76,201301160000
26892,0.88,201301160000
26893,1.7,201301160000
26894,0.65,201301160000
26895,0.92,201301160000
26897,1.87,201301160000
26905,1.13,201301160000
26938,0.86,201301160000
26964,1.3,201301160000
27006,1.06,201301160000
27042,1.72,201301160000
27098,1.21,201301160000
27130,2.12,201301160000
27131,1.07,201301160000
27132,2.89,201301160000
27133,0.73,201301160000
27134,2.17,201301160000
27135,2.59,201301160000
27136,3.0,201301160000
27137,2.4,201301160000
27138,2.27,201301160000
27142,1.63,201301160000
27143,2.34,201301160000
27145,2.56,201301160000
27148,1.45,201301160000
27149,2.38,201301160000
27152,2.88,201301160000
27155,1.68,201301160000
27175,0.52,201301160000
27209,2.75,201301160000
27247,2.47,201301160000
27381,2.68,201301160000
27382,2.64,201301160000
27383,2.17,201301160000
27384,2.52,201301160000
27386,0.59,201301160000
27387,1.7,201301160000
27388,2.05,201301160000
27389,1.6,201301160000
27390,0.77,201301160000
27392,1.56,201301160000
27395,1.73,201301160000
27404,2.3,201301160000
27415,1.86,201301160000
27427,1.01,201301160000
27489,1.53,201301160000
27494,2.23,201301160000
27498,1.14,201301160000
27518,1.68,201301160000
27632,0.71,201301160000
27633,0.91,201301160000
27634,1.77,201301160000
27635,2.72,201301160000
27636,1.87,201301160000
27637,1.17,201301160000
27638,2.39,201301160000
27639,0.95,201301160000
27640,2.04,201301160000
27642,1.24,201301160000
27643,2.09,201301160000
27645,1.68,201301160000
27646,1.57,201301160000
27647,1.41,201301160000
27649,2.15,201301160000
27654,2.39,201301160000
27763,2.82,201301160000
27764,1.7,201301160000
27796,1.57,201301160000
27797,2.45,201301160000
27883,1.33,201301160000
27884,0.75,201301160000
27885,1.6,201301160000
27886,0.85,201301160000
27887,1.82,201301160000
27888,1.02,201301160000
27889,1.09,201301160000
27890,1.93,201301160000
27891,1.43,201301160000
27892,2.35,201301160000
27894,0.87,201301160000
27895,0.73,201301160000
27897,1.11,201301160000
27902,2.47,201301160000
27908,0.65,201301160000
27911,1.85,201301160000
27930,2.02,201301160000
27971,1.78,201301160000
28004,1.59,201301160000
28015,1.02,201301160000
28049,2.11,201301160000
28102,2.44,201301160000
28134,1.75,201301160000
28135,0.64,201301160000
28136,1.5,201301160000
28137,2.61,201301160000
28138,2.29,201301160000
28139,1.62,201301160000
28140,0.92,201301160000
28142,2.38,201301160000
28143,0.95,201301160000
28144,2.71,201301160000
28146,2.41,201301160000
28154,1.56,201301160000
28156,2.48,201301160000
28216,2.65,201301160000
28239,1.19,201301160000
28384,2.12,201301160000
28385,2.31,201301160000
28386,1.73,201301160000
28387,1.41,201301160000
28388,1.43,201301160000
28389,2.49,201301160000
28390,1.28,201301160000
28391,1.23,201301160000
28392,1.36,201301160000
28393,1.94,201301160000
28394,0.92,201301160000
28396,2.97,201301160000
28397,2.44,201301160000
28400,1.65,201301160000
28401,1.58,201301160000
28405,1.89,201301160000
28427,2.4,201301160000
28467,1.57,201301160000
28496,1.1,201301160000
28497,0.66,201301160000
28519,2.45,201301160000
28535,2.69,201301160000
28539,2.58,201301160000
28545,1.02,201301160000
28557,2.35,201301160000
28635,2.3,201301160000
28636,1.33,201301160000
28637,1.56,201301160000
28638,0.52,201301160000
28639,1.4,201301160000
28640,2.44,201301160000
28641,1.5,201301160000
28642,0.9,201301160000
28643,0.77,201301160000
28644,2.72,201301160000
28645,1.23,201301160000
28646,2.65,201301160000
28649,0.67,201301160000
28658,2.96,201301160000
28667,2.89,201301160000
28675,0.97,201301160000
28751,1.98,201301160000
28753,0.83,201301160000
28754,0.57,201301160000
28788,1.8,201301160000
28812,2.45,201301160000
28823,1.11,201301160000
28886,2.8,201301160000
28887,1.98,201301160000
28888,2.83,201301160000
28889,2.69,201301160000
28890,0.68,201301160000
28891,2.02,201301160000
28892,2.97,201301160000
28893,2.24,201301160000
28894,2.82,201301160000
28895,2.34,201301160000
28896,2.41,201301160000
28897,2.91,201301160000
28899,1.73,201301160000
28900,0.58,201301160000
28901,0.51,201301160000
28902,2.39,201301160000
28905,0.7,201301160000
28912,2.09,201301160000
28960,2.06,201301160000
28969,0.78,201301160000
29004,0.54,201301160000
29012,1.31,201301160000
29026,2.15,201301160000
29068,1.46,201301160000
29076,2.91,201301160000
29088,0.9,201301160000
29094,2.5,201301160000
29136,1.56,201301160000
29137,1.91,201301160000
29138,2.31,201301160000
29139,1.08,201301160000
29140,1.04,201301160000
29141,2.71,201301160000
29142,2.33,201301160000
29143,2.11,201301160000
29144,2.54,201301160000
29146,2.06,201301160000
29147,2.83,201301160000
29148,1.87,201301160000
29149,1.19,201301160000
29151,2.61,201301160000
29158,1.85,201301160000
29165,1.26,201301160000
29171,0.87,201301160000
29190,1.48,201301160000
29247,2.87,201301160000
29387,1.71,201301160000
29388,2.79,201301160000
29389,1.18,201301160000
29390,0.5,201301160000
29391,2.11,201301160000
29392,0.81,201301160000
29393,2.21,201301160000
29394,0.65,201301160000
29395,0.72,201301160000
29396,0.92,201301160000
29397,2.32,201301160000
29398,1.74,201301160000
29399,1.79,201301160000
29401,2.33,201301160000
29402,2.76,201301160000
29403,2.63,201301160000
29405,2.95,201301160000
29409,2.71,201301160000
29425,1.53,201301160000
29429,0.9,201301160000
29495,2.94,201301160000
29498,2.4,201301160000
29533,1.06,201301160000
29556,1.82,201301160000
29638,1.11,201301160000
29639,1.44,201301160000
29640,0.76,201301160000
29641,2.34,201301160000
29642,2.41,201301160000
29643,0.85,201301160000
29644,0.62,201301160000
29645,1.95,201301160000
29648,2.9,201301160000
29649,2.22,201301160000
29650,2.15,201301160000
29654,1.38,201301160000
29663,1.9,201301160000
29670,1.96,201301160000
29710,1.93,201301160000
29730,1.29,201301160000
29733,1.49,201301160000
29736,2.89,201301160000
29766,2.19,201301160000
29891,2.74,201301160000
29892,1.29,201301160000
29893,1.95,201301160000
29894,2.64,201301160000
29895,1.09,201301160000
29896,0.95,201301160000
29897,2.55,201301160000
29898,1.56,201301160000
29900,2.66,201301160000
29903,1.41,201301160000
29906,0.57,201301160000
29909,2.23,201301160000
29912,2.4,201301160000
29917,1.33,201301160000
29925,0.96,201301160000
29966,2.79,201301160000
30021,0.89,201301160000
30026,0.72,201301160000
30036,2.79,201301160000
30142,0.71,201301160000
30143,1.06,201301160000
30144,2.84,201301160000
30145,2.57,201301160000
30146,2.14,201301160000
30147,2.12,201301160000
30148,1.28,201301160000
30152,0.71,201301160000
30154,2.56,201301160000
30157,1.98,201301160000
30158,3.0,201301160000
30181,1.39,201301160000
30242,1.13,201301160000
30243,2.11,201301160000
30244,1.83,201301160000
30261,1.68,201301160000
30300,1.43,201301160000
30322,1.47,201301160000
30393,2.68,201301160000
30394,0.98,201301160000
30395,1.47,201301160000
30396,2.21,201301160000
30397,2.49,201301160000
30398,2.41,201301160000
30400,2.6,201301160000
30401,1.68,201301160000
30403,1.57,201301160000
30407,1.24,201301160000
30410,1.31,201301160000
30420,1.46,201301160000
30430,1.88,201301160000
30434,1.28,201301160000
30439,0.89,201301160000
30481,1.27,201301160000
30489,0.64,201301160000
30494,0.85,201301160000
30495,2.94,201301160000
30496,0.52,201301160000
30645,1.3,201301160000
30646,0.99,201301160000
30647,0.74,201301160000
30648,0.97,201301160000
30649,1.4,201301160000
30650,1.32,201301160000
30651,1.42,201301160000
30652,1.33,201301160000
30653,1.14,201301160000
30654,2.86,201301160000
30661,2.22,201301160000
30664,1.72,201301160000
30666,1.52,201301160000
30669,0.96,201301160000
30673,2.53,201301160000
30683,1.79,201301160000
30745,2.31,201301160000
30750,1.36,201301160000
30777,1.62,201301160000
30780,2.01,201301160000
30812,1.45,201301160000
30897,2.74,201301160000
30898,0.78,201301160000
30899,2.58,201301160000
30900,1.34,201301160000
30901,0.65,201301160000
30902,1.55,201301160000
30903,1.53,201301160000
30904,1.05,201301160000
30908,2.68,201301160000
30909,1.94,201301160000
30912,0.81,201301160000
30913,0.87,201301160000
30928,2.43,201301160000
30953,1.67,201301160000
30979,2.28,201301160000
30994,1.54,201301160000
30995,2.18,201301160000
31027,0.86,201301160000
31028,2.42,201301160000
31029,1.31,201301160000
31082,1.29,201301160000
31148,1.54,201301160000
31149,2.1,201301160000
31150,0.62,201301160000
31151,0.5,201301160000
31152,2.79,201301160000
31156,2.71,201301160000
31157,2.43,201301160000
31161,1.11,201301160000
31166,2.9,201301160000
31172,2.66,201301160000
31274,2.7,201301160000
31281,0.94,201301160000
31369,1.77,201301160000
31398,0.59,201301160000
31401,0.84,201301160000
31407,2.88,201301160000
31408,0.87,201301160000
31409,2.58,201301160000
31410,1.22,201301160000
31413,2.1,201301160000
31419,2.3,201301160000
31427,1.75,201301160000
31457,2.21,201301160000
31466,2.32,201301160000
31651,1.6,201301160000
31652,2.64,201301160000
31656,1.1,201301160000
31660,1.98,201301160000
31663,1.01,201301160000
31666,1.58,201301160000
31675,2.6,201301160000
31738,1.45,201301160000
31754,1.08,201301160000
31782,0.88,201301160000
31903,2.65,201301160000
31904,0.77,201301160000
31905,2.06,201301160000
31906,2.94,201301160000
31908,1.52,201301160000
31912,2.91,201301160000
31921,2.41,201301160000
31928,0.7,201301160000
31949,1.93,201301160000
32028,1.87,201301160000
32032,0.97,201301160000
32045,0.58,201301160000
32150,1.61,201301160000
32155,1.3,201301160000
32157,2.65,201301160000
32161,1.92,201301160000
32162,1.78,201301160000
32167,0.9,201301160000
32169,2.12,201301160000
32175,2.72,201301160000
32182,1.96,201301160000
32185,1.65,201301160000
32195,2.41,201301160000
32235,1.59,201301160000
32404,2.67,201301160000
32405,0.78,201301160000
32410,1.93,201301160000
32411,2.43,201301160000
32415,0.86,201301160000
32449,1.13,201301160000
32490,1.54,201301160000
32558,2.45,201301160000
32622,0.94,201301160000
32656,2.11,201301160000
32658,2.17,201301160000
32660,1.24,201301160000
32662,1.53,201301160000
32668,0.73,201301160000
32682,2.49,201301160000
32697,1.13,201301160000
32712,1.72,201301160000
32729,1.41,201301160000
32739,2.92,201301160000
32742,2.45,201301160000
32744,2.76,201301160000
32802,2.79,201301160000
32834,2.17,201301160000
32905,1.3,201301160000
32907,1.79,201301160000
32912,1.28,201301160000
32916,2.59,201301160000
32922,2.35,201301160000
32924,2.55,201301160000
32926,1.53,201301160000
32929,2.15,201301160000
32977,1.49,201301160000
32978,1.97,201301160000
33154,2.92,201301160000
33158,1.71,201301160000
33160,1.8,201301160000
33165,0.82,201301160000
33170,1.28,201301160000
33186,0.65,201301160000
33286,2.4,201301160000
33405,1.51,201301160000
33409,1.51,201301160000
33412,0.84,201301160000
33418,2.23,201301160000
33420,1.98,201301160000
33424,2.23,201301160000
33435,1.0,201301160000
33442,2.86,201301160000
33519,2.1,201301160000
33594,0.66,201301160000
33656,2.81,201301160000
33659,0.92,201301160000
33662,1.95,201301160000
33664,0.99,201301160000
33666,1.97,201301160000
33669,0.79,201301160000
33673,2.02,201301160000
33675,1.81,201301160000
33694,2.64,201301160000
33724,2.78,201301160000
33742,2.69,201301160000
33812,2.65,201301160000
33909,2.8,201301160000
33911,0.76,201301160000
33912,0.64,201301160000
33913,1.38,201301160000
33922,0.96,201301160000
33923,2.79,201301160000
33924,2.28,201301160000
33931,2.4,201301160000
33935,0.81,201301160000
33986,0.68,201301160000
34013,1.09,201301160000
34160,0.92,201301160000
34161,0.97,201301160000
34162,0.67,201301160000
34163,1.94,201301160000
34167,1.35,201301160000
34190,2.01,201301160000
34211,1.98,201301160000
34303,1.28,201301160000
34380,2.6,201301160000
34407,2.05,201301160000
34413,2.2,201301160000
34423,2.32,201301160000
34424,1.33,201301160000
34427,1.67,201301160000
34430,1.61,201301160000
34437,2.64,201301160000
34440,2.77,201301160000
34486,0.7,201301160000
34495,2.06,201301160000
34510,1.69,201301160000
34520,1.34,201301160000
34528,2.65,201301160000
34563,1.04,201301160000
34662,2.62,201301160000
34667,2.62,201301160000
34668,0.69,201301160000
34670,2.35,201301160000
34672,1.9,201301160000
34673,0.85,201301160000
34676,2.08,201301160000
34679,0.59,201301160000
34682,2.43,201301160000
34695,2.19,201301160000
34710,2.25,201301160000
34714,1.16,201301160000
34720,1.16,201301160000
34882,2.86,201301160000
34913,0.61,201301160000
34914,2.32,201301160000
34915,1.99,201301160000
34924,2.7,201301160000
34925,2.51,201301160000
34934,2.95,201301160000
34939,0.85,201301160000
34959,1.51,201301160000
34990,1.29,201301160000
35102,0.81,201301160000
35164,0.63,201301160000
35166,2.34,201301160000
35173,1.13,201301160000
35178,0.67,201301160000
35183,1.42,201301160000
35185,1.14,201301160000
35187,2.15,201301160000
35193,2.6,201301160000
35203,0.69,201301160000
35218,0.9,201301160000
35237,1.25,201301160000
35244,0.56,201301160000
35249,1.1,201301160000
35295,1.74,201301160000
35368,2.62,201301160000
35410,0.53,201301160000
35414,1.46,201301160000
35415,2.54,201301160000
35417,2.26,201301160000
35421,1.61,201301160000
35440,1.55,201301160000
35455,0.68,201301160000
35492,2.33,201301160000
35515,1.18,201301160000
35665,1.65,201301160000
35675,1.31,201301160000
35683,2.64,201301160000
35686,1.1,201301160000
35700,1.46,201301160000
35745,0.74,201301160000
35755,0.62,201301160000
35769,0.56,201301160000
35916,1.62,201301160000
35917,1.36,201301160000
35918,0.94,201301160000
35919,1.62,201301160000
35921,1.13,201301160000
35929,0.73,201301160000
35931,2.62,201301160000
35941,1.88,201301160000
35944,2.72,201301160000
35971,2.16,201301160000
35981,1.83,201301160000
35992,1.5,201301160000
35994,1.45,201301160000
36067,2.14,201301160000
36162,0.8,201301160000
36167,1.71,201301160000
36169,1.05,201301160000
36170,1.16,201301160000
36173,0.94,201301160000
36176,2.44,201301160000
36177,1.06,201301160000
36205,2.39,201301160000
36237,1.17,201301160000
36245,1.67,201301160000
36246,0.69,201301160000
36293,2.11,201301160000
36311,2.54,201301160000
36417,2.18,201301160000
36420,2.22,201301160000
36421,0.64,201301160000
36441,2.32,201301160000
36448,1.14,201301160000
36494,1.49,201301160000
36498,1.52,201301160000
36502,2.84,201301160000
36510,2.88,201301160000
36513,2.83,201301160000
36519,1.03,201301160000
36524,1.79,201301160000
36576,0.86,201301160000
36668,0.83,201301160000
36673,1.86,201301160000
36675,1.1,201301160000
36677,1.35,201301160000
36679,0.67,201301160000
36682,2.55,201301160000
36688,1.3,201301160000
36690,2.54,201301160000
36711,1.33,201301160000
36717,1.75,201301160000
36758,0.72,201301160000
36889,1.11,201301160000
36915,1.43,201301160000
36918,2.53,201301160000
36933,0.93,201301160000
36934,2.98,201301160000
36953,1.12,201301160000
36959,2.27,201301160000
36996,1.84,201301160000
36999,0.59,201301160000
37001,1.79,201301160000
37167,1.32,201301160000
37168,2.79,201301160000
37169,1.67,201301160000
37172,0.81,201301160000
37176,2.59,201301160000
37178,1.24,201301160000
37179,2.24,201301160000
37182,0.81,201301160000
37192,1.99,201301160000
37200,2.92,201301160000
37206,0.61,201301160000
37232,0.76,201301160000
37239,0.53,201301160000
37270,2.37,201301160000
37298,1.37,201301160000
37304,1.31,201301160000
37419,1.8,201301160000
37421,1.88,201301160000
37423,0.53,201301160000
37425,0.65,201301160000
37446,1.04,201301160000
37454,0.7,201301160000
37477,0.98,201301160000
37487,1.21,201301160000
37501,1.97,201301160000
37503,2.42,201301160000
37513,0.98,201301160000
37523,2.06,201301160000
37562,0.83,201301160000
37609,1.24,201301160000
37642,0.53,201301160000
37643,1.45,201301160000
37670,2.93,201301160000
37671,0.89,201301160000
37672,1.63,201301160000
37676,1.19,201301160000
37688,1.28,201301160000
37689,1.4,201301160000
37690,1.86,201301160000
37695,0.89,201301160000
37701,1.77,201301160000
37710,1.01,201301160000
37711,0.83,201301160000
37754,1.29,201301160000
37874,1.34,201301160000
37891,1.03,201301160000
37893,2.82,201301160000
37894,1.94,201301160000
37926,2.56,201301160000
37928,1.15,201301160000
37929,2.15,201301160000
37932,0.72,201301160000
37936,2.89,201301160000
37943,1.21,201301160000
37952,0.62,201301160000
37962,1.0,201301160000
37968,2.58,201301160000
38003,1.23,201301160000
38060,2.72,201301160000
38145,0.99,201301160000
38172,1.98,201301160000
38173,2.75,201301160000
38178,1.6,201301160000
38200,2.15,201301160000
38204,2.28,201301160000
38209,2.09,201301160000
38215,2.36,201301160000
38220,2.48,201301160000
38225,2.61,201301160000
38228,0.84,201301160000
38230,2.22,201301160000
38243,2.93,201301160000
38247,1.06,201301160000
38255,2.26,201301160000
38263,2.86,201301160000
38268,0.57,201301160000
38272,1.34,201301160000
38367,2.81,201301160000
38381,2.65,201301160000
38423,1.61,201301160000
38425,1.22,201301160000
38426,1.62,201301160000
38431,1.98,201301160000
38440,0.65,201301160000
38479,0.96,201301160000
38481,1.5,201301160000
38483,1.75,201301160000
38488,1.83,201301160000
38490,0.9,201301160000
38498,2.22,201301160000
38499,0.58,201301160000
38500,1.18,201301160000
38505,2.33,201301160000
38506,0.63,201301160000
38508,2.96,201301160000
38517,1.59,201301160000
38534,1.19,201301160000
38648,0.53,201301160000
38674,0.68,201301160000
38676,1.8,201301160000
38679,2.16,201301160000
38684,0.71,201301160000
38693,1.74,201301160000
38697,1.02,201301160000
38716,1.69,201301160000
38722,1.45,201301160000
38736,0.91,201301160000
38738,2.61,201301160000
38752,1.42,201301160000
38753,0.97,201301160000
38758,1.48,201301160000
38760,1.07,201301160000
38761,1.64,201301160000
38762,2.96,201301160000
38766,2.72,201301160000
38769,2.35,201301160000
38778,0.95,201301160000
38812,2.09,201301160000
38939,2.93,201301160000
38953,2.13,201301160000
38958,2.17,201301160000
38967,2.57,201301160000
39006,1.65,201301160000
39008,2.52,201301160000
39010,2.3,201301160000
39011,0.95,201301160000
39017,1.56,201301160000
39113,1.07,201301160000
39148,0.94,201301160000
39149,1.22,201301160000
39176,2.72,201301160000
39178,2.68,201301160000
39191,2.12,201301160000
39201,1.09,201301160000
39230,1.01,201301160000
39236,1.84,201301160000
39246,1.04,201301160000
39252,2.2,201301160000
39255,0.75,201301160000
39260,1.89,201301160000
39262,0.63,201301160000
39263,2.07,201301160000
39268,2.57,201301160000
39269,0.93,201301160000
39271,0.93,201301160000
39274,0.71,201301160000
39275,2.78,201301160000
39375,1.02,201301160000
39391,1.19,201301160000
39427,1.4,201301160000
39428,1.9,201301160000
39430,2.13,201301160000
39433,0.95,201301160000
39446,1.52,201301160000
39457,1.28,201301160000
39514,0.56,201301160000
39515,1.41,201301160000
39516,1.82,201301160000
39517,1.12,201301160000
39535,2.14,201301160000
39554,0.7,201301160000
39559,1.24,201301160000
39631,0.74,201301160000
39632,2.67,201301160000
39633,1.89,201301160000
39652,2.09,201301160000
39683,0.53,201301160000
39687,1.91,201301160000
39706,1.48,201301160000
39710,0.85,201301160000
39722,1.01,201301160000
39731,1.92,201301160000
39750,1.6,201301160000
39755,2.37,201301160000
39759,1.4,201301160000
39762,2.06,201301160000
39764,0.98,201301160000
39765,1.35,201301160000
39766,0.97,201301160000
39767,0.66,201301160000
39769,1.13,201301160000
39772,0.73,201301160000
39776,1.01,201301160000
39777,1.11,201301160000
39790,2.72,201301160000
39791,0.98,201301160000
39796,2.55,201301160000
39832,1.64,201301160000
39883,2.39,201301160000
39930,2.75,201301160000
39932,2.14,201301160000
39941,2.72,201301160000
39948,1.48,201301160000
39969,2.43,201301160000
40018,0.75,201301160000
40031,1.34,201301160000
40133,0.99,201301160000
40180,2.11,201301160000
40188,1.91,201301160000
40196,2.85,201301160000
40242,0.66,201301160000
40246,0.58,201301160000
40259,0.9,201301160000
40264,0.65,201301160000
40267,1.0,201301160000
40268,1.05,201301160000
40270,2.3,201301160000
40276,2.48,201301160000
40286,2.89,201301160000
40295,0.71,201301160000
40431,1.96,201301160000
40432,2.96,201301160000
40442,1.87,201301160000
40447,2.46,201301160000
40448,0.64,201301160000
40451,2.05,201301160000
40457,0.99,201301160000
40500,2.11,201301160000
40512,0.94,201301160000
40518,2.86,201301160000
40519,1.85,201301160000
40522,0.72,201301160000
40524,2.49,201301160000
40525,0.97,201301160000
40532,1.28,201301160000
40560,2.73,201301160000
40566,1.25,201301160000
40633,1.16,201301160000
40687,0.55,201301160000
40713,1.11,201301160000
40719,0.97,201301160000
40732,1.79,201301160000
40733,0.55,201301160000
40766,3.0,201301160000
40810,0.9,201301160000
40894,1.17,201301160000
40933,0.93,201301160000
40936,2.48,201301160000
40939,2.43,201301160000
40954,0.89,201301160000
40982,0.64,201301160000
41021,2.33,201301160000
41024,0.92,201301160000
41061,1.81,201301160000
41145,2.77,201301160000
41157,1.47,201301160000
41183,0.79,201301160000
41200,1.78,201301160000
41262,1.01,201301160000
41265,2.29,201301160000
41270,2.64,201301160000
41277,2.91,201301160000
41318,0.66,201301160000
41401,2.29,201301160000
41407,1.26,201301160000
41437,1.21,201301160000
41459,2.67,201301160000
41465,1.01,201301160000
41469,1.26,201301160000
41508,1.11,201301160000
41520,1.91,201301160000
41522,1.27,201301160000
41526,1.62,201301160000
41532,1.17,201301160000
41558,2.95,201301160000
41635,2.72,201301160000
41653,0.84,201301160000
41658,2.66,201301160000
41692,1.26,201301160000
41696,2.32,201301160000
41764,1.19,201301160000
41772,2.1,201301160000
41893,0.68,201301160000
41904,0.58,201301160000
41905,2.96,201301160000
41936,2.58,201301160000
41941,1.49,201301160000
41958,1.36,201301160000
41990,0.68,201301160000
42023,2.18,201301160000
42026,1.03,201301160000
42029,1.02,201301160000
42074,0.88,201301160000
42085,2.13,201301160000
42095,1.23,201301160000
42147,1.57,201301160000
42160,2.42,201301160000
42200,2.39,201301160000
42213,2.61,201301160000
42267,2.16,201301160000
42271,2.44,201301160000
42274,1.12,201301160000
42283,2.56,201301160000
42291,2.87,201301160000
42342,1.67,201301160000
42411,2.83,201301160000
42438,2.22,201301160000
42454,2.83,201301160000
42471,1.36,201301160000
42478,2.34,201301160000
42487,1.78,201301160000
42503,1.09,201301160000
42514,1.58,201301160000
42521,1.89,201301160000
42533,2.16,201301160000
42644,0.8,201301160000
42661,2.14,201301160000
42695,1.82,201301160000
42744,1.86,201301160000
42750,2.58,201301160000
42846,0.55,201301160000
42905,2.22,201301160000
42912,1.35,201301160000
42939,2.43,201301160000
42940,0.78,201301160000
42944,1.98,201301160000
42949,2.8,201301160000
43011,2.32,201301160000
43021,2.35,201301160000
43030,0.65,201301160000
43151,0.75,201301160000
43160,1.63,201301160000
43162,1.26,201301160000
43213,0.89,201301160000
43220,2.4,201301160000
43261,1.55,201301160000
43412,0.57,201301160000
43413,1.31,201301160000
43440,2.92,201301160000
43443,2.98,201301160000
43449,2.75,201301160000
43483,0.82,201301160000
43484,2.77,201301160000
43494,1.34,201301160000
43518,1.97,201301160000
43523,0.57,201301160000
43526,1.2,201301160000
43530,2.67,201301160000
43571,1.95,201301160000
43642,2.21,201301160000
43662,1.19,201301160000
43738,1.86,201301160000
43760,0.66,201301160000
43779,0.65,201301160000
43914,2.83,201301160000
43957,2.82,201301160000
43980,1.34,201301160000
43984,1.26,201301160000
43992,2.06,201301160000
43995,0.87,201301160000
44002,1.0,201301160000
44039,1.68,201301160000
44194,2.18,201301160000
44197,1.42,201301160000
44204,2.23,201301160000
44215,1.99,201301160000
44226,1.04,201301160000
44247,2.23,201301160000
44255,0.99,201301160000
44282,1.42,201301160000
44284,2.77,201301160000
44356,2.47,201301160000
44470,2.1,201301160000
44486,0.55,201301160000
44503,2.72,201301160000
44504,2.5,201301160000
44510,1.75,201301160000
44517,1.9,201301160000
44534,1.04,201301160000
44578,2.27,201301160000
44666,2.35,201301160000
44694,1.6,201301160000
44697,1.46,201301160000
44716,1.47,201301160000
44724,1.34,201301160000
44743,2.65,201301160000
44755,1.95,201301160000
44756,1.84,201301160000
44757,2.93,201301160000
44758,1.75,201301160000
44786,0.84,201301160000
44787,2.19,201301160000
44911,2.75,201301160000
44963,2.53,201301160000
45005,2.3,201301160000
45006,1.07,201301160000
45007,1.21,201301160000
45008,2.19,201301160000
45039,1.82,201301160000
45114,1.64,201301160000
45168,0.7,201301160000
45200,1.86,201301160000
45203,0.91,201301160000
45208,0.52,201301160000
45237,2.54,201301160000
45254,1.43,201301160000
45256,1.31,201301160000
45258,1.17,201301160000
45261,1.3,201301160000
45265,2.75,201301160000
45266,2.5,201301160000
45401,0.5,201301160000
45479,2.91,201301160000
45502,1.49,201301160000
45507,0.62,201301160000
45509,1.34,201301160000
45526,2.86,201301160000
45538,1.91,201301160000
45582,1.2,201301160000
45661,1.09,201301160000
45701,2.78,201301160000
45703,1.11,201301160000
45716,1.47,201301160000
45720,2.74,201301160000
45725,0.91,201301160000
45735,1.56,201301160000
45747,1.53,201301160000
45766,1.47,201301160000
45793,1.41,201301160000
45795,0.7,201301160000
45919,0.99,201301160000
45948,2.64,201301160000
46008,2.65,201301160000
46036,2.1,201301160000
46041,1.47,201301160000
46052,1.58,201301160000
46074,2.27,201301160000
46145,1.82,201301160000
46202,0.72,201301160000
46209,1.42,201301160000
46242,1.85,201301160000
46265,1.3,201301160000
46372,0.9,201301160000
46384,1.07,201301160000
46455,0.52,201301160000
46508,2.95,201301160000
46523,0.55,201301160000
46538,2.54,201301160000
46565,2.68,201301160000
46574,1.1,201301160000
46626,2.83,201301160000
46700,2.86,201301160000
46738,2.6,201301160000
46770,2.25,201301160000
46778,1.16,201301160000
46787,2.72,201301160000
46803,2.66,201301160000
46954,2.74,201301160000
46964,1.83,201301160000
46972,1.79,201301160000
46976,2.98,201301160000
46981,2.09,201301160000
47011,1.17,201301160000
47015,1.39,201301160000
47047,2.11,201301160000
47253,2.35,201301160000
47288,2.41,201301160000
47295,2.7,201301160000
47342,2.1,201301160000
47454,2.82,201301160000
47535,0.94,201301160000
47543,1.78,201301160000
47705,2.49,201301160000
47709,1.31,201301160000
47711,0.54,201301160000
47758,1.44,201301160000
47806,2.35,201301160000
47889,0.58,201301160000
47926,1.54,201301160000
47968,2.64,201301160000
47972,2.55,201301160000
47977,0.53,201301160000
47982,2.49,201301160000
48032,1.97,201301160000
48209,1.64,201301160000
48239,2.45,201301160000
48244,0.53,201301160000
48278,2.82,201301160000
48420,1.54,201301160000
48427,1.76,201301160000
48499,1.18,201301160000
48503,2.92,201301160000
48552,1.11,201301160000
48584,1.77,201301160000
48713,1.36,201301160000
48759,2.8,201301160000
48848,2.42,201301160000
48898,2.05,201301160000
49017,1.52,201301160000
49049,1.4,201301160000
49229,1.24,201301160000
49241,2.94,201301160000
49472,1.53,201301160000
49483,1.2,201301160000
49542,1.63,201301160000
49555,2.36,201301160000
49679,1.87,201301160000
49750,1.93,201301160000
49760,2.34,201301160000
49777,1.63,201301160000
49968,2.04,201301160000
50053,3.0,201301160000
50103,2.99,201301160000
50180,1.59,201301160000
50285,1.03,201301160000
50430,1.68,201301160000
50470,2.94,201301160000
50494,2.77,201301160000
50511,2.72,201301160000
50549,0.86,201301160000
50680,1.05,201301160000
50682,2.98,201301160000
50731,2.1,201301160000
50812,2.65,201301160000
50872,2.34,201301160000
51029,0.9,201301160000
51046,0.63,201301160000
51053,2.18,201301160000
51056,2.87,201301160000
51162,2.02,201301160000
51177,1.52,201301160000
51182,1.62,201301160000
51228,1.59,201301160000
51258,1.62,201301160000
51430,0.96,201301160000
51431,2.98,201301160000
51432,2.33,201301160000
51520,2.53,201301160000
51681,2.95,201301160000
51682,0.84,201301160000
51725,1.45,201301160000
51790,1.91,201301160000
51832,1.4,201301160000
51857,2.24,201301160000
51931,2.26,201301160000
51932,2.83,201301160000
51986,0.99,201301160000
52003,1.94,201301160000
52182,2.43,201301160000
52244,2.94,201301160000
52259,0.52,201301160000
52280,2.2,201301160000
52319,2.86,201301160000
52473,1.4,201301160000
52518,1.09,201301160000
52631,2.51,201301160000
52679,2.27,201301160000
52729,1.92,201301160000
52811,2.1,201301160000
52983,2.06,201301160000
52988,2.06,201301160000
52993,1.48,201301160000
53000,1.06,201301160000
53016,2.53,201301160000
53027,2.91,201301160000
53072,1.73,201301160000
53090,1.93,201301160000
53177,2.44,201301160000
53178,2.5,201301160000
53381,1.49,201301160000
53427,0.88,201301160000
53429,2.78,201301160000
53761,2.56,201301160000
53774,1.7,201301160000
53797,0.83,201301160000
53810,1.27,201301160000
53822,1.31,201301160000
53864,2.15,201301160000
53927,1.4,201301160000
54038,0.81,201301160000
54071,1.76,201301160000
54234,2.47,201301160000
54281,0.69,201301160000
54284,2.67,201301160000
54327,1.35,201301160000
54334,0.71,201301160000
54349,2.7,201301160000
54427,1.36,201301160000
54503,1.86,201301160000
54510,2.57,201301160000
54520,0.71,201301160000
54550,1.41,201301160000
54578,2.54,201301160000
54678,2.64,201301160000
54828,0.81,201301160000
54983,2.26,201301160000
54996,1.35,201301160000
55070,1.06,201301160000
55329,0.98,201301160000
55331,2.28,201301160000
55535,2.02,201301160000
55633,0.8,201301160000
55680,2.03,201301160000
55761,2.28,201301160000
55831,2.11,201301160000
55832,2.94,201301160000
55838,2.79,201301160000
55845,2.53,201301160000
56106,1.2,201301160000
56493,2.14,201301160000
56571,2.61,201301160000
56586,1.8,201301160000
56587,2.7,201301160000
56591,1.66,201301160000
56738,0.52,201301160000
56835,1.96,201301160000
56882,2.15,201301160000
56887,0.98,201301160000
56888,1.05,201301160000
56933,1.71,201301160000
56934,1.92,201301160000
57042,1.57,201301160000
57062,1.86,201301160000
57189,1.49,201301160000
57261,2.84,201301160000
57329,2.62,201301160000
57342,1.94,201301160000
57376,1.74,201301160000
57378,1.25,201301160000
57380,1.41,201301160000
57397,1.51,201301160000
57440,2.55,201301160000
57495,2.69,201301160000
57523,2.82,201301160000
57555,1.49,201301160000
57597,0.61,201301160000
57613,1.08,201301160000
57615,1.1,201301160000
57628,1.55,201301160000
57631,2.05,201301160000
57823,2.5,201301160000
57837,1.25,201301160000
57851,1.44,201301160000
57852,2.91,201301160000
57906,0.59,201301160000
58179,2.96,201301160000
58251,0.7,201301160000
58421,1.91,201301160000
58511,0.73,201301160000
58632,2.8,201301160000
58744,1.37,201301160000
58802,1.42,201301160000
58814,2.81,201301160000
58879,2.27,201301160000
58892,0.63,201301160000
59010,2.55,201301160000
59043,2.05,201301160000
59104,1.01,201301160000
59125,1.64,201301160000
59134,1.65,201301160000
59285,1.51,201301160000
59329,2.87,201301160000
59555,0.79,201301160000
59635,1.87,201301160000
59745,1.54,201301160000
59927,2.34,201301160000
59941,2.86,201301160000
60008,1.14,201301160000
60011,2.64,201301160000
60114,0.71,201301160000
60141,2.11,201301160000
60147,0.52,201301160000
60331,1.23,201301160000
60344,1.54,201301160000
60350,2.58,201301160000
60578,1.24,201301160000
60593,1.78,201301160000
60613,1.61,201301160000
60630,1.25,201301160000
60635,1.59,201301160000
60649,1.2,201301160000
60750,1.12,201301160000
60774,1.55,201301160000
60819,1.75,201301160000
60880,2.77,201301160000
60888,2.67,201301160000
61062,0.63,201301160000
61110,2.87,201301160000
61263,1.34,201301160000
61343,0.66,201301160000
61591,2.44,201301160000
61597,2.35,201301160000
61654,3.0,201301160000
61818,2.18,201301160000
62077,0.91,201301160000
62104,1.91,201301160000
62135,1.57,201301160000
62140,1.92,201301160000
62252,2.05,201301160000
62558,1.84,201301160000
62589,1.05,201301160000
62757,1.71,201301160000
62772,1.58,201301160000
62850,2.42,201301160000
62926,2.18,201301160000
62948,0.56,201301160000
63044,2.95,201301160000
63153,1.98,201301160000
63383,2.67,201301160000
63397,1.67,201301160000
63398,1.65,201301160000
63407,1.64,201301160000
63574,1.3,201301160000
63586,2.15,201301160000
63816,1.71,201301160000
64102,1.42,201301160000
64150,0.6,201301160000
64200,2.76,201301160000
64515,1.0,201301160000
64529,2.31,201301160000
64573,0.91,201301160000
64581,0.64,201301160000
64815,1.43,201301160000
64915,1.08,201301160000
65059,1.67,201301160000
65144,1.33,201301160000
65320,0.9,201301160000
65375,2.97,201301160000
65454,2.88,201301160000
65528,2.01,201301160000
65607,2.45,201301160000
65774,1.86,201301160000
65838,1.63,201301160000
66068,2.57,201301160000
66084,1.26,201301160000
66151,0.9,201301160000
66353,1.77,201301160000
66538,1.83,201301160000
66575,1.58,201301160000
66637,2.44,201301160000
66827,1.74,201301160000
66870,1.91,201301160000
67110,2.27,201301160000
67207,1.87,201301160000
67335,2.86,201301160000
67385,1.32,201301160000
67599,0.86,201301160000
67601,2.31,201301160000
67602,0.87,201301160000
67698,1.5,201301160000
67824,2.79,201301160000
67842,1.31,201301160000
67854,2.81,201301160000
67855,1.25,201301160000
67918,1.12,201301160000
68103,2.29,201301160000
68104,1.93,201301160000
68110,2.41,201301160000
68111,2.57,201301160000
68349,1.74,201301160000
68354,0.81,201301160000
68356,2.87,201301160000
68454,2.1,201301160000
68455,2.18,201301160000
68587,1.43,201301160000
68857,0.61,201301160000
68858,2.77,201301160000
68897,2.29,201301160000
68924,2.8,201301160000
68930,1.45,201301160000
69106,1.37,201301160000
69190,0.87,201301160000
69206,1.65,201301160000
69359,1.15,201301160000
69371,1.06,201301160000
69455,0.5,201301160000
69582,2.05,201301160000
69613,2.33,201301160000
69676,0.69,201301160000
70115,0.51,201301160000
70132,2.85,201301160000
70181,1.07,201301160000
70342,2.09,201301160000
70352,0.93,201301160000
70360,2.23,201301160000
70374,0.57,201301160000
70440,2.33,201301160000
70462,2.39,201301160000
70619,0.81,201301160000
70659,2.26,201301160000
70715,1.89,201301160000
70903,1.71,201301160000
70934,0.65,201301160000
70961,0.85,201301160000
71122,1.0,201301160000
71187,2.22,201301160000
71399,2.85,201301160000
71601,1.48,201301160000
71629,1.02,201301160000
71888,1.77,201301160000
71961,1.82,201301160000
71964,1.92,201301160000
72201,1.36,201301160000
72218,2.32,201301160000
72345,1.6,201301160000
72367,2.09,201301160000
72407,1.37,201301160000
72416,1.54,201301160000
72706,0.9,201301160000
72894,0.72,201301160000
73104,0.99,201301160000
73135,1.01,201301160000
73211,0.55,201301160000
73223,1.43,201301160000
73451,0.53,201301160000
73460,2.79,201301160000
73461,1.47,201301160000
73557,2.41,201301160000
73669,1.3,201301160000
74158,2.47,201301160000
74216,1.97,201301160000
74388,1.52,201301160000
74396,1.81,201301160000
74466,2.07,201301160000
74467,1.17,201301160000
74638,2.52,201301160000
74677,2.32,201301160000
74678,1.61,201301160000
74711,2.43,201301160000
74721,2.46,201301160000
74962,2.4,201301160000
74968,2.9,201301160000
74973,2.61,201301160000
75224,2.56,201301160000
75329,0.95,201301160000
75386,2.76,201301160000
75424,2.08,201301160000
75436,1.94,201301160000
75475,2.89,201301160000
75619,0.53,201301160000
75721,0.65,201301160000
75722,2.57,201301160000
75724,0.53,201301160000
75725,2.25,201301160000
75726,0.56,201301160000
75727,2.17,201301160000
75974,1.11,201301160000
75975,0.69,201301160000
76133,0.81,201301160000
76227,2.43,201301160000
76393,2.44,201301160000
76473,2.23,201301160000
76477,1.87,201301160000
76654,1.79,201301160000
76728,2.23,201301160000
76959,2.15,201301160000
77169,0.88,201301160000
77230,1.72,201301160000
77381,1.83,201301160000
77458,2.0,201301160000
77641,0.81,201301160000
77942,2.92,201301160000
77981,1.55,201301160000
78205,2.87,201301160000
78418,2.68,201301160000
78654,2.44,201301160000
78733,2.61,201301160000
78881,1.3,201301160000
78896,1.09,201301160000
78909,1.59,201301160000
78983,2.22,201301160000
79234,1.17,201301160000
79379,2.28,201301160000
79394,2.12,201301160000
79484,2.58,201301160000
79712,1.58,201301160000
79911,1.83,201301160000
79915,1.57,201301160000
80160,2.0,201301160000
80161,1.8,201301160000
80193,0.92,201301160000
80352,2.99,201301160000
80397,2.32,201301160000
80406,2.63,201301160000
80411,0.59,201301160000
80412,2.51,201301160000
80413,1.52,201301160000
80420,2.33,201301160000
80485,0.78,201301160000
80635,1.21,201301160000
80659,0.72,201301160000
80663,1.54,201301160000
80664,2.98,201301160000
80703,0.83,201301160000
80877,2.04,201301160000
80916,0.68,201301160000
81163,1.39,201301160000
81164,2.69,201301160000
81354,1.81,201301160000
81363,0.84,201301160000
81390,1.45,201301160000
81625,1.17,201301160000
81651,0.82,201301160000
81899,1.01,201301160000
82135,1.23,201301160000
82168,2.91,201301160000
82169,1.35,201301160000
82237,1.04,201301160000
82613,1.6,201301160000
82622,2.68,201301160000
82664,1.62,201301160000
82892,2.21,201301160000
82951,2.29,201301160000
83410,1.44,201301160000
83489,2.5,201301160000
83735,1.07,201301160000
83865,1.26,201301160000
84123,1.02,201301160000
84179,2.97,201301160000
84207,1.44,201301160000
84212,1.85,201301160000
84221,2.41,201301160000
84366,2.5,201301160000
84689,2.01,201301160000
84712,2.59,201301160000
84902,1.12,201301160000
85474,0.81,201301160000
85487,2.71,201301160000
85620,1.67,201301160000
85705,1.1,201301160000
85715,2.48,201301160000
85738,0.65,201301160000
86440,2.31,201301160000
86622,1.6,201301160000
86623,1.2,201301160000
86672,2.95,201301160000
86873,1.35,201301160000
86895,1.39,201301160000
87121,1.45,201301160000
87227,1.39,201301160000
87460,1.88,201301160000
87690,2.23,201301160000
87873,0.71,201301160000
88242,1.61,201301160000
88463,2.4,201301160000
89120,2.79,201301160000
89152,2.65,201301160000
89175,0.52,201301160000
89198,2.2,201301160000
89615,1.29,201301160000
89625,1.19,201301160000
90116,2.19,201301160000
90183,1.58,201301160000
90497,1.99,201301160000
90699,1.53,201301160000
90719,0.63,201301160000
91200,0.58,201301160000
91432,2.98,201301160000
91434,2.71,201301160000
91684,0.83,201301160000
91713,2.14,201301160000
91744,2.6,201301160000
92233,0.73,201301160000
93205,2.01,201301160000
93244,1.3,201301160000
93252,2.9,201301160000
93463,2.85,201301160000
93675,1.26,201301160000
93944,1.86,201301160000
94431,0.77,201301160000
94710,2.48,201301160000
94755,1.11,201301160000
94997,1.03,201301160000
95000,2.73,201301160000
95707,2.9,201301160000
95949,1.54,201301160000
95998,2.61,201301160000
96188,1.79,201301160000
96225,0.58,201301160000
96249,1.48,201301160000
96468,1.78,201301160000
96486,0.81,201301160000
96718,1.39,201301160000
96972,1.53,201301160000
96995,2.89,201301160000
97251,0.53,201301160000
97440,2.47,201301160000
97471,2.62,201301160000
97969,2.19,201301160000
97990,0.9,201301160000
98224,2.71,201301160000
98229,2.36,201301160000
98450,0.87,201301160000
98475,1.98,201301160000
98739,1.36,201301160000
99256,1.36,201301160000
99468,1.85,201301160000
99730,2.18,201301160000
101215,0.77,201301160000
101911,1.63,201301160000
101912,1.58,201301160000
101989,2.03,201301160000
102999,2.9,201301160000
103242,1.18,201301160000
103431,0.6,201301160000
104177,2.32,201301160000
104221,1.13,201301160000
104239,2.53,201301160000
104701,0.61,201301160000
104984,0.55,201301160000
105196,1.58,201301160000
105219,2.45,201301160000
105460,0.51,201301160000
105461,1.77,201301160000
105481,1.45,201301160000
105489,1.92,201301160000
105709,2.87,201301160000
105710,2.54,201301160000
105711,2.57,201301160000
105712,2.19,201301160000
105713,1.47,201301160000
105715,1.11,201301160000
105726,0.73,201301160000
105727,1.26,201301160000
105736,1.89,201301160000
105960,1.53,201301160000
105961,2.74,201301160000
105962,0.9,201301160000
105963,1.11,201301160000
105964,0.64,201301160000
105975,0.78,201301160000
106195,2.71,201301160000
106213,1.46,201301160000
106214,1.52,201301160000
106215,2.63,201301160000
106221,1.39,201301160000
106231,1.37,201301160000
106232,0.69,201301160000
106234,1.33,201301160000
106235,0.51,201301160000
106237,2.89,201301160000
106446,0.96,201301160000
106447,2.96,201301160000
106462,2.5,201301160000
106463,1.44,201301160000
106465,1.82,201301160000
106466,2.06,201301160000
106467,0.62,201301160000
106480,2.99,201301160000
106712,0.93,201301160000
106717,2.32,201301160000
106718,1.33,201301160000
106741,2.79,201301160000
106958,1.99,201301160000
106964,2.1,201301160000
106965,0.79,201301160000
106966,1.85,201301160000
106967,1.49,201301160000
106971,0.59,201301160000
106983,2.39,201301160000
106997,1.71,201301160000
107200,0.51,201301160000
107212,2.35,201301160000
107219,2.33,201301160000
107240,2.47,201301160000
107460,1.58,201301160000
107465,1.57,201301160000
107466,1.5,201301160000
107468,0.94,201301160000
107491,1.17,201301160000
107711,0.82,201301160000
107725,1.44,201301160000
107726,2.15,201301160000
107954,1.2,201301160000
107966,2.37,201301160000
107971,0.84,201301160000
107979,2.41,201301160000
107993,1.87,201301160000
108205,1.43,201301160000
108211,1.86,201301160000
108214,0.95,201301160000
108215,2.56,201301160000
108217,1.95,201301160000
108219,0.5,201301160000
108220,1.74,201301160000
108222,1.67,201301160000
108225,1.79,201301160000
108230,0.84,201301160000
108454,0.83,201301160000
108463,2.91,201301160000
108499,0.71,201301160000
108717,2.19,201301160000
108722,2.28,201301160000
108724,1.8,201301160000
108733,1.8,201301160000
108968,1.28,201301160000
108975,1.23,201301160000
108984,2.19,201301160000
108985,1.92,201301160000
109216,0.65,201301160000
109219,1.79,201301160000
109222,1.19,201301160000
109227,0.91,201301160000
109231,1.01,201301160000
109236,1.26,201301160000
109245,1.98,201301160000
109473,2.21,201301160000
109487,2.1,201301160000
109494,2.6,201301160000
109495,1.71,201301160000
109496,2.12,201301160000
109497,2.08,201301160000
109742,2.83,201301160000
109744,1.58,201301160000
109748,1.53,201301160000
109750,2.54,201301160000
109980,1.8,201301160000
109991,0.71,201301160000
109994,2.24,201301160000
109998,1.2,201301160000
110001,2.03,201301160000
110243,1.04,201301160000
110247,2.54,201301160000
110249,0.9,201301160000
110251,1.24,201301160000
110253,2.38,201301160000
110254,2.27,201301160000
