cell,mobility,dtg
1610,0.82,201301250000
1846,2.77,201301250000
1851,2.15,201301250000
1853,1.6,201301250000
1856,2.01,201301250000
1857,1.03,201301250000
2103,1.03,201301250000
2105,2.04,201301250000
2106,2.96,201301250000
2107,1.9,201301250000
2114,2.87,201301250000
2342,1.02,201301250000
2347,0.62,201301250000
2351,0.95,201301250000
2354,2.94,201301250000
2357,1.68,201301250000
2372,2.01,201301250000
2374,2.99,201301250000
2591,1.44,201301250000
2595,1.9,201301250000
2605,1.09,201301250000
2611,0.97,201301250000
2615,2.64,201301250000
2620,1.45,201301250000
2627,2.02,201301250000
2839,0.76,201301250000
2847,1.95,201301250000
3086,0.6,201301250000
3094,0.8,201301250000
3100,2.74,201301250000
3124,1.37,201301250000
3128,0.95,201301250000
3334,2.38,201301250000
3337,2.77,201301250000
3375,2.79,201301250000
3614,0.96,201301250000
3619,2.73,201301250000
3632,1.72,201301250000
3635,1.57,201301250000
3830,1.44,201301250000
3831,1.57,201301250000
3833,0.99,201301250000
3837,2.59,201301250000
3845,2.32,201301250000
3856,2.92,201301250000
3860,1.68,201301250000
3865,2.89,201301250000
4078,1.38,201301250000
4081,0.99,201301250000
4137,1.27,201301250000
4141,1.75,201301250000
4142,0.69,201301250000
4328,1.8,201301250000
4329,0.98,201301250000
4341,0.54,201301250000
4345,2.65,201301250000
4348,0.8,201301250000
4354,2.38,201301250000
4372,2.56,201301250000
4577,2.43,201301250000
4578,2.86,201301250000
4580,0.8,201301250000
4582,0.8,201301250000
4605,0.82,201301250000
4608,0.51,201301250000
4631,2.75,201301250000
4636,1.84,201301250000
4637,1.73,201301250000
4829,1.53,201301250000
4830,1.27,201301250000
4831,1.33,201301250000
4834,2.9,201301250000
4837,0.75,201301250000
4852,2.33,201301250000
4863,0.82,201301250000
4868,1.68,201301250000
4890,1.48,201301250000
4891,1.54,201301250000
5078,2.4,201301250000
5081,1.33,201301250000
5084,2.39,201301250000
5127,1.59,201301250000
5153,1.52,201301250000
5327,0.64,201301250000
5329,2.88,201301250000
5333,1.41,201301250000
5334,0.96,201301250000
5339,2.97,201301250000
5369,2.01,201301250000
5402,1.18,201301250000
5410,2.51,201301250000
5577,1.83,201301250000
5581,1.01,201301250000
5592,0.94,201301250000
5612,1.28,201301250000
5623,1.16,201301250000
5876,1.06,201301250000
5893,2.11,201301250000
5898,2.89,201301250000
6078,1.75,201301250000
6118,2.33,201301250000
6136,0.66,201301250000
6158,2.86,201301250000
6159,2.3,201301250000
6333,1.83,201301250000
6353,1.4,201301250000
6365,1.78,201301250000
6366,0.86,201301250000
6414,1.36,201301250000
6588,1.69,201301250000
6609,0.79,201301250000
6635,2.15,201301250000
6668,0.72,201301250000
6841,2.0,201301250000
6849,1.3,201301250000
6896,2.96,201301250000
6924,0.96,201301250000
6928,2.58,201301250000
6935,1.58,201301250000
6939,2.51,201301250000
7077,1.37,201301250000
7078,2.42,201301250000
7085,1.91,201301250000
7088,2.3,201301250000
7113,2.6,201301250000
7114,2.72,201301250000
7129,0.89,201301250000
7133,1.72,201301250000
7165,0.84,201301250000
7192,2.1,201301250000
7354,1.44,201301250000
7375,1.36,201301250000
7379,2.56,201301250000
7401,1.99,201301250000
7410,1.46,201301250000
7436,1.72,201301250000
7584,1.42,201301250000
7646,2.79,201301250000
7849,0.77,201301250000
7871,2.92,201301250000
7927,2.34,201301250000
7948,1.34,201301250000
8080,2.44,201301250000
8170,0.56,201301250000
8182,1.6,201301250000
8195,1.7,201301250000
8342,0.54,201301250000
8582,2.42,201301250000
8602,2.67,201301250000
8609,1.07,201301250000
8638,2.29,201301250000
8656,1.7,201301250000
8830,2.35,201301250000
8839,1.37,201301250000
8876,1.54,201301250000
8897,0.57,201301250000
8912,1.95,201301250000
8918,0.88,201301250000
8929,1.73,201301250000
8940,2.86,201301250000
8954,1.45,201301250000
9140,1.07,201301250000
9333,1.33,201301250000
9468,2.42,201301250000
9473,2.66,201301250000
9589,1.53,201301250000
9601,1.5,201301250000
9607,1.26,201301250000
9658,0.58,201301250000
9724,0.86,201301250000
9833,2.59,201301250000
10084,2.85,201301250000
10089,2.96,201301250000
10096,2.14,201301250000
10144,2.14,201301250000
10170,2.41,201301250000
10181,1.45,201301250000
10189,2.86,201301250000
10201,0.64,201301250000
10334,0.63,201301250000
10335,2.54,201301250000
10383,0.54,201301250000
10414,1.57,201301250000
10444,2.97,201301250000
10458,0.8,201301250000
10477,2.02,201301250000
10586,1.93,201301250000
10601,1.33,201301250000
10609,1.69,201301250000
10616,1.42,201301250000
10633,1.95,201301250000
10655,2.42,201301250000
10665,0.66,201301250000
10681,1.54,201301250000
10717,0.97,201301250000
10835,2.0,201301250000
10837,0.67,201301250000
10847,1.54,201301250000
10903,1.96,201301250000
10911,2.39,201301250000
10918,1.45,201301250000
10973,0.66,201301250000
11087,1.01,201301250000
11092,1.53,201301250000
11128,0.67,201301250000
11222,2.27,201301250000
11223,1.3,201301250000
11225,1.25,201301250000
11238,2.41,201301250000
11361,0.9,201301250000
11393,2.45,201301250000
11424,1.47,201301250000
11601,2.1,201301250000
11682,0.78,201301250000
11704,2.66,201301250000
11858,2.04,201301250000
11884,2.2,201301250000
11901,2.72,201301250000
11946,2.22,201301250000
11960,1.34,201301250000
11972,2.27,201301250000
12089,2.23,201301250000
12090,0.64,201301250000
12096,1.39,201301250000
12120,1.04,201301250000
12157,1.08,201301250000
12230,0.92,201301250000
12383,1.69,201301250000
12431,1.47,201301250000
12601,0.92,201301250000
12625,2.56,201301250000
12632,2.28,201301250000
12842,0.82,201301250000
12875,2.22,201301250000
12901,2.86,201301250000
12913,2.87,201301250000
12933,0.79,201301250000
12934,2.05,201301250000
12985,2.51,201301250000
13099,2.68,201301250000
13114,1.43,201301250000
13150,2.21,201301250000
13175,2.5,201301250000
13183,0.74,201301250000
13222,2.9,201301250000
13358,2.69,201301250000
13444,1.24,201301250000
13455,1.71,201301250000
13456,2.13,201301250000
13670,1.26,201301250000
13694,1.42,201301250000
13845,2.2,201301250000
13849,2.1,201301250000
14011,2.74,201301250000
14095,2.66,201301250000
14133,0.59,201301250000
14161,2.41,201301250000
14167,2.01,201301250000
14184,2.14,201301250000
14241,2.98,201301250000
14255,0.97,201301250000
14349,2.12,201301250000
14350,0.72,201301250000
14375,2.23,201301250000
14452,1.92,201301250000
14475,2.18,201301250000
14620,2.09,201301250000
14673,2.65,201301250000
14745,2.63,201301250000
14859,1.45,201301250000
14936,2.7,201301250000
14995,1.12,201301250000
15097,1.15,201301250000
15098,2.96,201301250000
15246,1.28,201301250000
15349,1.79,201301250000
15440,2.81,201301250000
15600,0.9,201301250000
15656,2.95,201301250000
15672,0.59,201301250000
15699,2.03,201301250000
15714,1.36,201301250000
15725,1.78,201301250000
15744,1.06,201301250000
15849,2.9,201301250000
15850,2.59,201301250000
15851,1.56,201301250000
15853,2.2,201301250000
15871,0.56,201301250000
16100,1.79,201301250000
16105,1.71,201301250000
16114,2.64,201301250000
16171,2.46,201301250000
16184,0.62,201301250000
16400,1.92,201301250000
16414,2.36,201301250000
16601,2.44,201301250000
16604,0.65,201301250000
16625,1.43,201301250000
16670,1.36,201301250000
16853,2.16,201301250000
16868,0.72,201301250000
16932,0.78,201301250000
17232,2.04,201301250000
17355,2.61,201301250000
17358,2.66,201301250000
17367,0.56,201301250000
17635,0.74,201301250000
17673,1.8,201301250000
17681,1.66,201301250000
17884,0.87,201301250000
17984,2.27,201301250000
18108,2.58,201301250000
18115,2.53,201301250000
18118,1.09,201301250000
18123,1.38,201301250000
18139,1.03,201301250000
18154,2.16,201301250000
18160,2.38,201301250000
18177,1.6,201301250000
18185,2.25,201301250000
18383,1.47,201301250000
18404,1.89,201301250000
18427,2.5,201301250000
18466,2.18,201301250000
18616,1.33,201301250000
18629,0.66,201301250000
18861,1.28,201301250000
18866,2.1,201301250000
18925,1.77,201301250000
19110,1.95,201301250000
19112,2.29,201301250000
19114,1.14,201301250000
19122,1.83,201301250000
19360,2.68,201301250000
19443,2.13,201301250000
19481,2.86,201301250000
19611,0.7,201301250000
19612,2.74,201301250000
19618,2.01,201301250000
19633,2.77,201301250000
19678,2.22,201301250000
19878,1.56,201301250000
19913,0.66,201301250000
20113,1.85,201301250000
20114,1.87,201301250000
20116,2.8,201301250000
20170,1.01,201301250000
20363,0.7,201301250000
20387,2.33,201301250000
20396,0.97,201301250000
20436,1.44,201301250000
20616,1.87,201301250000
20621,0.65,201301250000
20628,2.0,201301250000
20651,0.64,201301250000
20671,1.87,201301250000
20682,0.76,201301250000
20864,1.89,201301250000
20882,2.59,201301250000
20931,1.32,201301250000
20995,1.6,201301250000
21115,2.21,201301250000
21118,2.43,201301250000
21201,0.78,201301250000
21373,1.47,201301250000
21377,2.34,201301250000
21392,0.63,201301250000
21407,1.0,201301250000
21428,0.69,201301250000
21448,2.76,201301250000
21617,2.69,201301250000
21619,2.88,201301250000
21639,2.5,201301250000
21658,1.4,201301250000
21663,1.69,201301250000
21701,2.98,201301250000
21721,2.93,201301250000
21868,2.74,201301250000
21871,1.67,201301250000
21999,1.5,201301250000
22126,1.02,201301250000
22133,2.18,201301250000
22174,1.7,201301250000
22176,1.1,201301250000
22205,0.93,201301250000
22368,1.04,201301250000
22395,2.77,201301250000
22419,2.94,201301250000
22420,2.01,201301250000
22421,1.76,201301250000
22422,2.36,201301250000
22619,1.85,201301250000
22630,2.74,201301250000
22634,2.56,201301250000
22671,0.6,201301250000
22673,0.97,201301250000
22700,2.46,201301250000
22751,0.75,201301250000
22768,1.03,201301250000
22869,1.24,201301250000
22877,2.76,201301250000
22928,1.16,201301250000
22940,1.87,201301250000
22955,2.81,201301250000
22963,1.23,201301250000
22966,2.54,201301250000
23120,1.53,201301250000
23124,2.41,201301250000
23125,0.64,201301250000
23131,1.44,201301250000
23138,2.02,201301250000
23169,2.77,201301250000
23194,1.67,201301250000
23216,1.56,201301250000
23370,2.69,201301250000
23371,1.45,201301250000
23379,2.93,201301250000
23386,0.58,201301250000
23388,1.83,201301250000
23427,1.47,201301250000
23621,1.28,201301250000
23627,1.27,201301250000
23635,1.8,201301250000
23641,2.23,201301250000
23662,2.94,201301250000
23669,1.67,201301250000
23690,2.26,201301250000
23744,2.16,201301250000
23750,2.55,201301250000
23872,0.91,201301250000
23873,0.8,201301250000
23875,2.53,201301250000
23881,2.95,201301250000
23894,2.85,201301250000
23896,2.57,201301250000
23907,2.27,201301250000
23925,2.07,201301250000
23973,2.0,201301250000
24005,1.18,201301250000
24009,1.54,201301250000
24032,0.67,201301250000
24122,0.83,201301250000
24123,1.29,201301250000
24149,2.91,201301250000
24247,0.66,201301250000
24251,0.65,201301250000
24265,2.26,201301250000
24266,2.06,201301250000
24373,0.6,201301250000
24374,2.03,201301250000
24380,2.97,201301250000
24381,2.01,201301250000
24383,1.79,201301250000
24387,2.81,201301250000
24402,0.52,201301250000
24405,0.58,201301250000
24423,1.71,201301250000
24623,2.41,201301250000
24626,2.51,201301250000
24643,2.77,201301250000
24732,1.7,201301250000
24734,1.44,201301250000
24739,2.69,201301250000
24774,0.65,201301250000
24775,2.91,201301250000
24781,0.54,201301250000
24837,0.68,201301250000
24874,2.1,201301250000
24877,2.97,201301250000
24879,0.93,201301250000
24880,0.85,201301250000
24895,2.99,201301250000
24920,1.3,201301250000
24990,2.88,201301250000
24991,1.31,201301250000
24993,0.54,201301250000
25124,1.79,201301250000
25125,2.65,201301250000
25126,1.51,201301250000
25129,1.49,201301250000
25130,2.04,201301250000
25132,1.76,201301250000
25136,1.25,201301250000
25138,1.39,201301250000
25141,1.2,201301250000
25179,1.95,201301250000
25187,2.52,201301250000
25375,1.95,201301250000
25376,1.17,201301250000
25377,1.7,201301250000
25379,0.56,201301250000
25385,1.25,201301250000
25395,0.53,201301250000
25400,1.43,201301250000
25405,2.31,201301250000
25412,0.81,201301250000
25427,0.78,201301250000
25626,0.95,201301250000
25627,2.51,201301250000
25628,2.5,201301250000
25629,1.42,201301250000
25632,2.28,201301250000
25633,1.46,201301250000
25642,1.13,201301250000
25715,2.03,201301250000
25747,1.22,201301250000
25763,1.92,201301250000
25876,1.34,201301250000
25877,2.87,201301250000
25878,1.15,201301250000
25881,0.79,201301250000
25882,1.32,201301250000
25886,1.17,201301250000
25888,2.34,201301250000
25926,1.45,201301250000
25997,1.69,201301250000
26005,0.78,201301250000
26035,1.29,201301250000
26127,2.11,201301250000
26129,2.23,201301250000
26130,1.03,201301250000
26133,0.97,201301250000
26135,1.93,201301250000
26136,2.43,201301250000
26138,2.06,201301250000
26139,2.44,201301250000
26141,2.49,201301250000
26148,2.12,201301250000
26168,0.73,201301250000
26378,0.59,201301250000
26379,0.85,201301250000
26380,2.22,201301250000
26381,2.51,201301250000
26382,2.22,201301250000
26383,2.59,201301250000
26385,2.64,201301250000
26386,1.92,201301250000
26387,2.78,201301250000
26389,1.2,201301250000
26391,1.46,201301250000
26392,1.07,201301250000
26393,2.44,201301250000
26396,2.93,201301250000
26403,0.73,201301250000
26408,1.68,201301250000
26427,0.72,201301250000
26450,1.03,201301250000
26492,2.45,201301250000
26546,2.43,201301250000
26563,2.56,201301250000
26564,2.51,201301250000
26628,0.95,201301250000
26629,1.37,201301250000
26630,2.78,201301250000
26631,1.11,201301250000
26633,1.94,201301250000
26634,2.04,201301250000
26656,0.56,201301250000
26674,1.75,201301250000
26708,0.98,201301250000
26752,0.81,201301250000
26754,2.56,201301250000
26755,2.97,201301250000
26782,0.64,201301250000
26846,1.91,201301250000
26879,1.72,201301250000
26880,2.72,201301250000
26881,0.53,201301250000
26882,0.95,201301250000
26883,1.86,201301250000
26884,0.75,201301250000
26885,2.71,201301250000
26886,1.7,201301250000
26887,2.06,201301250000
26889,1.05,201301250000
26890,2.67,201301250000
26891,2.83,201301250000
26892,2.66,201301250000
26893,1.37,201301250000
26894,1.03,201301250000
26895,0.56,201301250000
26897,2.81,201301250000
26905,1.09,201301250000
26938,1.14,201301250000
26964,0.54,201301250000
27006,1.04,201301250000
27042,1.0,201301250000
27098,0.67,201301250000
27130,2.31,201301250000
27131,2.79,201301250000
27132,0.93,201301250000
27133,0.69,201301250000
27134,0.65,201301250000
27135,0.59,201301250000
27136,2.46,201301250000
27137,1.92,201301250000
27138,0.59,201301250000
27142,1.32,201301250000
27143,2.81,201301250000
27145,1.55,201301250000
27148,2.69,201301250000
27149,2.72,201301250000
27152,2.39,201301250000
27155,2.05,201301250000
27175,2.52,201301250000
27209,0.65,201301250000
27247,1.93,201301250000
27381,1.02,201301250000
27382,1.26,201301250000
27383,1.23,201301250000
27384,0.57,201301250000
27386,1.61,201301250000
27387,1.31,201301250000
27388,2.11,201301250000
27389,0.5,201301250000
27390,1.74,201301250000
27392,2.97,201301250000
27395,2.45,201301250000
27404,1.35,201301250000
27415,2.87,201301250000
27427,1.0,201301250000
27489,0.62,201301250000
27494,2.29,201301250000
27498,1.8,201301250000
27518,0.86,201301250000
27632,1.74,201301250000
27633,2.61,201301250000
27634,0.92,201301250000
27635,2.47,201301250000
27636,1.7,201301250000
27637,2.33,201301250000
27638,1.51,201301250000
27639,1.94,201301250000
27640,1.56,201301250000
27642,0.59,201301250000
27643,2.37,201301250000
27645,2.63,201301250000
27646,1.46,201301250000
27647,1.64,201301250000
27649,1.44,201301250000
27654,2.42,201301250000
27763,2.48,201301250000
27764,1.36,201301250000
27796,0.63,201301250000
27797,1.52,201301250000
27883,1.33,201301250000
27884,2.91,201301250000
27885,2.15,201301250000
27886,1.34,201301250000
27887,2.34,201301250000
27888,1.24,201301250000
27889,2.31,201301250000
27890,1.04,201301250000
27891,1.92,201301250000
27892,1.07,201301250000
27894,0.91,201301250000
27895,2.0,201301250000
27897,1.53,201301250000
27902,2.57,201301250000
27908,0.68,201301250000
27911,1.88,201301250000
27930,0.98,201301250000
27971,1.25,201301250000
28004,0.65,201301250000
28015,2.97,201301250000
28049,2.7,201301250000
28102,2.45,201301250000
28134,2.35,201301250000
28135,0.79,201301250000
28136,2.69,201301250000
28137,1.66,201301250000
28138,0.74,201301250000
28139,0.98,201301250000
28140,1.91,201301250000
28142,2.85,201301250000
28143,2.71,201301250000
28144,2.38,201301250000
28146,1.92,201301250000
28154,1.21,201301250000
28156,2.77,201301250000
28216,2.53,201301250000
28239,0.97,201301250000
28384,2.11,201301250000
28385,2.78,201301250000
28386,1.24,201301250000
28387,1.69,201301250000
28388,2.84,201301250000
28389,1.01,201301250000
28390,2.27,201301250000
28391,2.25,201301250000
28392,2.71,201301250000
28393,1.91,201301250000
28394,1.57,201301250000
28396,0.81,201301250000
28397,2.94,201301250000
28400,1.95,201301250000
28401,0.61,201301250000
28405,1.63,201301250000
28427,0.76,201301250000
28467,0.76,201301250000
28496,0.94,201301250000
28497,0.89,201301250000
28519,0.58,201301250000
28535,1.56,201301250000
28539,2.52,201301250000
28545,0.87,201301250000
28557,0.52,201301250000
28635,0.74,201301250000
28636,1.28,201301250000
28637,2.86,201301250000
28638,1.62,201301250000
28639,2.75,201301250000
28640,1.26,201301250000
28641,0.58,201301250000
28642,1.89,201301250000
28643,0.82,201301250000
28644,2.15,201301250000
28645,0.81,201301250000
28646,1.46,201301250000
28649,2.5,201301250000
28658,1.99,201301250000
28667,2.98,201301250000
28675,2.33,201301250000
28751,1.19,201301250000
28753,0.64,201301250000
28754,2.34,201301250000
28788,0.71,201301250000
28812,2.77,201301250000
28823,2.5,201301250000
28886,1.08,201301250000
28887,2.37,201301250000
28888,2.6,201301250000
28889,2.52,201301250000
28890,0.9,201301250000
28891,1.07,201301250000
28892,2.49,201301250000
28893,1.88,201301250000
28894,1.05,201301250000
28895,0.64,201301250000
28896,1.33,201301250000
28897,1.37,201301250000
28899,2.8,201301250000
28900,0.5,201301250000
28901,2.59,201301250000
28902,1.66,201301250000
28905,2.7,201301250000
28912,0.55,201301250000
28960,1.45,201301250000
28969,2.32,201301250000
29004,1.7,201301250000
29012,0.97,201301250000
29026,1.61,201301250000
29068,2.05,201301250000
29076,2.19,201301250000
29088,1.23,201301250000
29094,2.23,201301250000
29136,2.8,201301250000
29137,0.56,201301250000
29138,2.24,201301250000
29139,0.87,201301250000
29140,2.75,201301250000
29141,2.97,201301250000
29142,1.3,201301250000
29143,1.05,201301250000
29144,1.6,201301250000
29146,0.65,201301250000
29147,2.79,201301250000
29148,2.19,201301250000
29149,2.15,201301250000
29151,1.96,201301250000
29158,2.4,201301250000
29165,1.61,201301250000
29171,2.61,201301250000
29190,2.68,201301250000
29247,1.6,201301250000
29387,1.08,201301250000
29388,2.73,201301250000
29389,1.08,201301250000
29390,0.64,201301250000
29391,0.71,201301250000
29392,1.56,201301250000
29393,2.78,201301250000
29394,0.55,201301250000
29395,1.77,201301250000
29396,2.2,201301250000
29397,0.57,201301250000
29398,1.9,201301250000
29399,1.88,201301250000
29401,1.76,201301250000
29402,2.07,201301250000
29403,1.99,201301250000
29405,2.91,201301250000
29409,2.12,201301250000
29425,0.89,201301250000
29429,1.05,201301250000
29495,0.82,201301250000
29498,1.14,201301250000
29533,1.59,201301250000
29556,0.73,201301250000
29638,1.76,201301250000
29639,0.95,201301250000
29640,1.82,201301250000
29641,1.87,201301250000
29642,1.01,201301250000
29643,2.7,201301250000
29644,0.63,201301250000
29645,2.49,201301250000
29648,2.17,201301250000
29649,1.81,201301250000
29650,2.68,201301250000
29654,1.53,201301250000
29663,2.9,201301250000
29670,1.0,201301250000
29710,1.64,201301250000
29730,1.22,201301250000
29733,2.18,201301250000
29736,0.96,201301250000
29766,1.92,201301250000
29891,2.44,201301250000
29892,2.53,201301250000
29893,1.98,201301250000
29894,1.23,201301250000
29895,1.65,201301250000
29896,2.6,201301250000
29897,0.82,201301250000
29898,2.72,201301250000
29900,2.86,201301250000
29903,0.99,201301250000
29906,2.37,201301250000
29909,1.65,201301250000
29912,1.03,201301250000
29917,1.11,201301250000
29925,2.84,201301250000
29966,1.83,201301250000
30021,1.7,201301250000
30026,1.9,201301250000
30036,0.95,201301250000
30142,2.27,201301250000
30143,1.81,201301250000
30144,2.61,201301250000
30145,1.47,201301250000
30146,1.3,201301250000
30147,1.13,201301250000
30148,1.7,201301250000
30152,2.2,201301250000
30154,1.76,201301250000
30157,2.48,201301250000
30158,0.6,201301250000
30181,2.53,201301250000
30242,1.15,201301250000
30243,0.94,201301250000
30244,2.88,201301250000
30261,2.62,201301250000
30300,2.03,201301250000
30322,1.68,201301250000
30393,1.43,201301250000
30394,1.64,201301250000
30395,1.53,201301250000
30396,2.15,201301250000
30397,2.5,201301250000
30398,2.48,201301250000
30400,2.84,201301250000
30401,1.17,201301250000
30403,1.2,201301250000
30407,2.22,201301250000
30410,2.7,201301250000
30420,2.2,201301250000
30430,1.55,201301250000
30434,0.92,201301250000
30439,2.69,201301250000
30481,2.87,201301250000
30489,2.96,201301250000
30494,1.5,201301250000
30495,2.4,201301250000
30496,2.21,201301250000
30645,0.9,201301250000
30646,1.01,201301250000
30647,1.66,201301250000
30648,2.64,201301250000
30649,1.61,201301250000
30650,2.77,201301250000
30651,1.91,201301250000
30652,2.95,201301250000
30653,1.41,201301250000
30654,1.69,201301250000
30661,1.95,201301250000
30664,1.35,201301250000
30666,2.65,201301250000
30669,1.86,201301250000
30673,1.45,201301250000
30683,1.87,201301250000
30745,1.95,201301250000
30750,1.79,201301250000
30777,0.66,201301250000
30780,2.64,201301250000
30812,1.19,201301250000
30897,2.73,201301250000
30898,0.85,201301250000
30899,2.39,201301250000
30900,1.62,201301250000
30901,1.73,201301250000
30902,2.31,201301250000
30903,2.96,201301250000
30904,0.89,201301250000
30908,2.01,201301250000
30909,1.08,201301250000
30912,2.6,201301250000
30913,2.95,201301250000
30928,1.33,201301250000
30953,2.21,201301250000
30979,0.98,201301250000
30994,2.69,201301250000
30995,1.26,201301250000
31027,1.12,201301250000
31028,1.71,201301250000
31029,0.72,201301250000
31082,1.71,201301250000
31148,0.51,201301250000
31149,2.17,201301250000
31150,2.53,201301250000
31151,0.52,201301250000
31152,0.51,201301250000
31156,1.12,201301250000
31157,1.18,201301250000
31161,0.83,201301250000
31166,0.51,201301250000
31172,2.59,201301250000
31274,1.27,201301250000
31281,2.01,201301250000
31369,2.64,201301250000
31398,0.72,201301250000
31401,2.72,201301250000
31407,1.54,201301250000
31408,1.19,201301250000
31409,0.65,201301250000
31410,1.08,201301250000
31413,0.57,201301250000
31419,0.92,201301250000
31427,1.68,201301250000
31457,2.41,201301250000
31466,2.2,201301250000
31651,1.2,201301250000
31652,1.31,201301250000
31656,0.51,201301250000
31660,0.58,201301250000
31663,2.98,201301250000
31666,2.92,201301250000
31675,2.37,201301250000
31738,2.48,201301250000
31754,1.76,201301250000
31782,2.85,201301250000
31903,0.57,201301250000
31904,2.28,201301250000
31905,1.73,201301250000
31906,2.93,201301250000
31908,1.62,201301250000
31912,0.79,201301250000
31921,0.9,201301250000
31928,2.28,201301250000
31949,2.91,201301250000
32028,0.58,201301250000
32032,1.82,201301250000
32045,0.79,201301250000
32150,2.07,201301250000
32155,2.49,201301250000
32157,0.98,201301250000
32161,2.08,201301250000
32162,1.08,201301250000
32167,1.33,201301250000
32169,2.53,201301250000
32175,1.15,201301250000
32182,0.63,201301250000
32185,0.87,201301250000
32195,1.88,201301250000
32235,2.63,201301250000
32404,2.36,201301250000
32405,1.15,201301250000
32410,2.6,201301250000
32411,2.16,201301250000
32415,1.15,201301250000
32449,0.7,201301250000
32490,0.66,201301250000
32558,1.75,201301250000
32622,1.21,201301250000
32656,0.98,201301250000
32658,2.16,201301250000
32660,1.71,201301250000
32662,2.85,201301250000
32668,0.89,201301250000
32682,2.45,201301250000
32697,1.81,201301250000
32712,2.81,201301250000
32729,2.84,201301250000
32739,2.19,201301250000
32742,0.5,201301250000
32744,0.81,201301250000
32802,2.57,201301250000
32834,2.69,201301250000
32905,2.65,201301250000
32907,1.87,201301250000
32912,1.44,201301250000
32916,0.83,201301250000
32922,1.07,201301250000
32924,1.27,201301250000
32926,0.58,201301250000
32929,0.77,201301250000
32977,2.83,201301250000
32978,2.58,201301250000
33154,1.86,201301250000
33158,1.95,201301250000
33160,0.64,201301250000
33165,0.54,201301250000
33170,2.53,201301250000
33186,2.19,201301250000
33286,0.79,201301250000
33405,1.15,201301250000
33409,2.69,201301250000
33412,3.0,201301250000
33418,2.8,201301250000
33420,1.16,201301250000
33424,2.06,201301250000
33435,1.67,201301250000
33442,2.32,201301250000
33519,2.9,201301250000
33594,2.66,201301250000
33656,1.1,201301250000
33659,0.91,201301250000
33662,0.67,201301250000
33664,2.02,201301250000
33666,1.14,201301250000
33669,1.69,201301250000
33673,0.84,201301250000
33675,2.23,201301250000
33694,1.89,201301250000
33724,1.18,201301250000
33742,1.63,201301250000
33812,2.71,201301250000
33909,1.16,201301250000
33911,1.91,201301250000
33912,1.25,201301250000
33913,1.57,201301250000
33922,1.28,201301250000
33923,2.76,201301250000
33924,1.96,201301250000
33931,2.15,201301250000
33935,2.67,201301250000
33986,1.68,201301250000
34013,2.11,201301250000
34160,1.43,201301250000
34161,2.9,201301250000
34162,2.46,201301250000
34163,2.39,201301250000
34167,2.75,201301250000
34190,1.02,201301250000
34211,1.6,201301250000
34303,0.68,201301250000
34380,0.79,201301250000
34407,2.1,201301250000
34413,1.73,201301250000
34423,1.54,201301250000
34424,1.38,201301250000
34427,1.02,201301250000
34430,0.51,201301250000
34437,2.26,201301250000
34440,1.22,201301250000
34486,2.36,201301250000
34495,2.79,201301250000
34510,2.26,201301250000
34520,2.7,201301250000
34528,2.69,201301250000
34563,1.3,201301250000
34662,1.89,201301250000
34667,1.01,201301250000
34668,1.86,201301250000
34670,2.05,201301250000
34672,2.51,201301250000
34673,1.38,201301250000
34676,1.27,201301250000
34679,1.93,201301250000
34682,2.99,201301250000
34695,2.12,201301250000
34710,1.77,201301250000
34714,1.91,201301250000
34720,1.08,201301250000
34882,1.0,201301250000
34913,2.89,201301250000
34914,1.55,201301250000
34915,2.74,201301250000
34924,0.74,201301250000
34925,2.81,201301250000
34934,1.04,201301250000
34939,2.02,201301250000
34959,1.78,201301250000
34990,2.08,201301250000
35102,1.62,201301250000
35164,2.22,201301250000
35166,2.14,201301250000
35173,1.56,201301250000
35178,1.26,201301250000
35183,2.96,201301250000
35185,1.19,201301250000
35187,1.37,201301250000
35193,0.88,201301250000
35203,0.89,201301250000
35218,2.67,201301250000
35237,1.43,201301250000
35244,2.75,201301250000
35249,1.25,201301250000
35295,2.44,201301250000
35368,0.82,201301250000
35410,2.57,201301250000
35414,1.88,201301250000
35415,0.75,201301250000
35417,2.35,201301250000
35421,1.92,201301250000
35440,2.78,201301250000
35455,0.93,201301250000
35492,0.81,201301250000
35515,2.16,201301250000
35665,2.98,201301250000
35675,0.97,201301250000
35683,0.99,201301250000
35686,0.85,201301250000
35700,2.67,201301250000
35745,1.8,201301250000
35755,0.52,201301250000
35769,2.67,201301250000
35916,2.03,201301250000
35917,2.22,201301250000
35918,0.85,201301250000
35919,2.25,201301250000
35921,2.7,201301250000
35929,2.05,201301250000
35931,2.29,201301250000
35941,2.54,201301250000
35944,0.87,201301250000
35971,1.36,201301250000
35981,2.77,201301250000
35992,0.97,201301250000
35994,2.67,201301250000
36067,1.73,201301250000
36162,1.3,201301250000
36167,2.91,201301250000
36169,2.97,201301250000
36170,1.21,201301250000
36173,1.27,201301250000
36176,2.77,201301250000
36177,1.58,201301250000
36205,0.69,201301250000
36237,1.69,201301250000
36245,2.03,201301250000
36246,0.56,201301250000
36293,2.58,201301250000
36311,2.27,201301250000
36417,2.47,201301250000
36420,1.86,201301250000
36421,2.47,201301250000
36441,1.8,201301250000
36448,1.02,201301250000
36494,1.44,201301250000
36498,2.9,201301250000
36502,2.36,201301250000
36510,2.42,201301250000
36513,2.66,201301250000
36519,0.65,201301250000
36524,2.88,201301250000
36576,1.04,201301250000
36668,2.39,201301250000
36673,2.3,201301250000
36675,1.87,201301250000
36677,1.47,201301250000
36679,1.25,201301250000
36682,1.18,201301250000
36688,1.51,201301250000
36690,2.57,201301250000
36711,1.73,201301250000
36717,1.08,201301250000
36758,2.99,201301250000
36889,2.35,201301250000
36915,0.54,201301250000
36918,3.0,201301250000
36933,1.87,201301250000
36934,0.81,201301250000
36953,2.57,201301250000
36959,2.16,201301250000
36996,2.26,201301250000
36999,2.42,201301250000
37001,1.63,201301250000
37167,2.02,201301250000
37168,2.73,201301250000
37169,2.65,201301250000
37172,2.98,201301250000
37176,0.73,201301250000
37178,1.35,201301250000
37179,3.0,201301250000
37182,1.9,201301250000
37192,1.3,201301250000
37200,2.76,201301250000
37206,1.26,201301250000
37232,2.15,201301250000
37239,2.99,201301250000
37270,2.2,201301250000
37298,2.33,201301250000
37304,1.65,201301250000
37419,0.55,201301250000
37421,1.01,201301250000
37423,0.89,201301250000
37425,1.61,201301250000
37446,1.82,201301250000
37454,1.43,201301250000
37477,0.69,201301250000
37487,1.02,201301250000
37501,1.19,201301250000
37503,2.11,201301250000
37513,2.06,201301250000
37523,1.25,201301250000
37562,1.37,201301250000
37609,2.3,201301250000
37642,1.13,201301250000
37643,0.9,201301250000
37670,0.93,201301250000
37671,2.37,201301250000
37672,1.76,201301250000
37676,1.41,201301250000
37688,0.75,201301250000
37689,1.66,201301250000
37690,1.05,201301250000
37695,0.96,201301250000
37701,0.55,201301250000
37710,1.91,201301250000
37711,2.47,201301250000
37754,1.49,201301250000
37874,1.92,201301250000
37891,0.68,201301250000
37893,1.27,201301250000
37894,2.15,201301250000
37926,1.8,201301250000
37928,1.16,201301250000
37929,2.99,201301250000
37932,1.45,201301250000
37936,2.61,201301250000
37943,1.59,201301250000
37952,2.47,201301250000
37962,1.35,201301250000
37968,2.97,201301250000
38003,1.76,201301250000
38060,1.58,201301250000
38145,1.37,201301250000
38172,1.95,201301250000
38173,2.89,201301250000
38178,0.87,201301250000
38200,2.34,201301250000
38204,1.24,201301250000
38209,2.8,201301250000
38215,2.63,201301250000
38220,0.88,201301250000
38225,2.08,201301250000
38228,1.81,201301250000
38230,2.28,201301250000
38243,2.52,201301250000
38247,1.67,201301250000
38255,0.69,201301250000
38263,1.78,201301250000
38268,0.78,201301250000
38272,2.42,201301250000
38367,1.53,201301250000
38381,1.15,201301250000
38423,0.76,201301250000
38425,0.91,201301250000
38426,2.87,201301250000
38431,2.31,201301250000
38440,1.26,201301250000
38479,2.0,201301250000
38481,0.63,201301250000
38483,2.92,201301250000
38488,1.55,201301250000
38490,0.86,201301250000
38498,1.93,201301250000
38499,1.01,201301250000
38500,1.07,201301250000
38505,1.78,201301250000
38506,1.43,201301250000
38508,1.97,201301250000
38517,0.93,201301250000
38534,0.75,201301250000
38648,0.61,201301250000
38674,1.24,201301250000
38676,1.7,201301250000
38679,2.29,201301250000
38684,1.75,201301250000
38693,1.27,201301250000
38697,2.53,201301250000
38716,2.07,201301250000
38722,2.9,201301250000
38736,1.17,201301250000
38738,0.52,201301250000
38752,0.94,201301250000
38753,0.71,201301250000
38758,1.01,201301250000
38760,2.29,201301250000
38761,2.46,201301250000
38762,1.61,201301250000
38766,1.3,201301250000
38769,1.79,201301250000
38778,2.65,201301250000
38812,0.79,201301250000
38939,1.19,201301250000
38953,2.45,201301250000
38958,1.05,201301250000
38967,1.61,201301250000
39006,0.73,201301250000
39008,2.16,201301250000
39010,2.65,201301250000
39011,1.69,201301250000
39017,2.55,201301250000
39113,1.28,201301250000
39148,2.32,201301250000
39149,2.17,201301250000
39176,1.25,201301250000
39178,2.4,201301250000
39191,1.67,201301250000
39201,2.43,201301250000
39230,1.37,201301250000
39236,2.05,201301250000
39246,2.99,201301250000
39252,2.15,201301250000
39255,1.17,201301250000
39260,0.66,201301250000
39262,1.45,201301250000
39263,1.98,201301250000
39268,2.19,201301250000
39269,1.96,201301250000
39271,2.27,201301250000
39274,0.85,201301250000
39275,1.96,201301250000
39375,1.87,201301250000
39391,2.2,201301250000
39427,2.0,201301250000
39428,0.56,201301250000
39430,2.79,201301250000
39433,1.06,201301250000
39446,1.36,201301250000
39457,1.08,201301250000
39514,0.64,201301250000
39515,2.65,201301250000
39516,2.94,201301250000
39517,2.7,201301250000
39535,1.18,201301250000
39554,2.34,201301250000
39559,1.83,201301250000
39631,0.83,201301250000
39632,1.33,201301250000
39633,0.84,201301250000
39652,1.29,201301250000
39683,0.63,201301250000
39687,0.99,201301250000
39706,2.37,201301250000
39710,2.61,201301250000
39722,2.84,201301250000
39731,2.25,201301250000
39750,1.39,201301250000
39755,1.24,201301250000
39759,1.84,201301250000
39762,2.97,201301250000
39764,0.58,201301250000
39765,0.51,201301250000
39766,2.24,201301250000
39767,1.41,201301250000
39769,1.31,201301250000
39772,2.09,201301250000
39776,0.88,201301250000
39777,2.54,201301250000
39790,2.42,201301250000
39791,1.53,201301250000
39796,2.6,201301250000
39832,2.8,201301250000
39883,0.63,201301250000
39930,1.96,201301250000
39932,2.35,201301250000
39941,0.72,201301250000
39948,1.98,201301250000
39969,0.85,201301250000
40018,1.1,201301250000
40031,1.28,201301250000
40133,2.84,201301250000
40180,2.43,201301250000
40188,2.86,201301250000
40196,0.79,201301250000
40242,2.12,201301250000
40246,2.38,201301250000
40259,2.05,201301250000
40264,2.34,201301250000
40267,2.93,201301250000
40268,0.79,201301250000
40270,0.81,201301250000
40276,0.57,201301250000
40286,2.93,201301250000
40295,1.99,201301250000
40431,1.15,201301250000
40432,0.59,201301250000
40442,0.96,201301250000
40447,2.2,201301250000
40448,2.65,201301250000
40451,1.64,201301250000
40457,1.79,201301250000
40500,2.01,201301250000
40512,2.83,201301250000
40518,1.13,201301250000
40519,1.57,201301250000
40522,1.48,201301250000
40524,1.06,201301250000
40525,1.71,201301250000
40532,2.04,201301250000
40560,2.43,201301250000
40566,2.69,201301250000
40633,0.89,201301250000
40687,1.15,201301250000
40713,1.61,201301250000
40719,1.14,201301250000
40732,1.86,201301250000
40733,2.21,201301250000
40766,1.25,201301250000
40810,2.92,201301250000
40894,1.47,201301250000
40933,0.84,201301250000
40936,1.49,201301250000
40939,0.6,201301250000
40954,2.68,201301250000
40982,1.29,201301250000
41021,2.75,201301250000
41024,1.77,201301250000
41061,1.77,201301250000
41145,0.95,201301250000
41157,1.99,201301250000
41183,1.95,201301250000
41200,2.19,201301250000
41262,2.72,201301250000
41265,1.28,201301250000
41270,2.22,201301250000
41277,1.56,201301250000
41318,0.76,201301250000
41401,0.97,201301250000
41407,1.56,201301250000
41437,0.68,201301250000
41459,1.66,201301250000
41465,2.75,201301250000
41469,1.26,201301250000
41508,2.35,201301250000
41520,1.97,201301250000
41522,2.95,201301250000
41526,1.37,201301250000
41532,2.1,201301250000
41558,2.36,201301250000
41635,1.89,201301250000
41653,0.7,201301250000
41658,2.6,201301250000
41692,2.63,201301250000
41696,1.42,201301250000
41764,0.82,201301250000
41772,0.5,201301250000
41893,1.04,201301250000
41904,2.36,201301250000
41905,0.62,201301250000
41936,2.12,201301250000
41941,1.29,201301250000
41958,1.98,201301250000
41990,0.69,201301250000
42023,1.25,201301250000
42026,2.53,201301250000
42029,2.45,201301250000
42074,2.78,201301250000
42085,1.91,201301250000
42095,2.25,201301250000
42147,1.32,201301250000
42160,1.27,201301250000
42200,1.59,201301250000
42213,0.89,201301250000
42267,2.07,201301250000
42271,1.09,201301250000
42274,1.22,201301250000
42283,0.87,201301250000
42291,2.9,201301250000
42342,1.7,201301250000
42411,0.56,201301250000
42438,2.32,201301250000
42454,2.18,201301250000
42471,0.92,201301250000
42478,2.14,201301250000
42487,1.74,201301250000
42503,1.76,201301250000
42514,2.98,201301250000
42521,0.86,201301250000
42533,2.05,201301250000
42644,1.53,201301250000
42661,2.76,201301250000
42695,1.57,201301250000
42744,2.02,201301250000
42750,2.79,201301250000
42846,2.18,201301250000
42905,2.77,201301250000
42912,1.39,201301250000
42939,0.68,201301250000
42940,2.14,201301250000
42944,1.93,201301250000
42949,2.44,201301250000
43011,2.44,201301250000
43021,1.96,201301250000
43030,1.53,201301250000
43151,1.89,201301250000
43160,0.86,201301250000
43162,0.56,201301250000
43213,1.44,201301250000
43220,2.02,201301250000
43261,2.31,201301250000
43412,0.54,201301250000
43413,0.75,201301250000
43440,2.68,201301250000
43443,1.31,201301250000
43449,1.72,201301250000
43483,1.42,201301250000
43484,2.46,201301250000
43494,2.18,201301250000
43518,2.1,201301250000
43523,2.69,201301250000
43526,1.69,201301250000
43530,2.07,201301250000
43571,0.86,201301250000
43642,2.98,201301250000
43662,2.52,201301250000
43738,2.68,201301250000
43760,0.91,201301250000
43779,2.76,201301250000
43914,0.91,201301250000
43957,2.68,201301250000
43980,2.48,201301250000
43984,0.82,201301250000
43992,1.76,201301250000
43995,1.49,201301250000
44002,0.89,201301250000
44039,1.36,201301250000
44194,0.85,201301250000
44197,2.79,201301250000
44204,1.4,201301250000
44215,2.72,201301250000
44226,2.46,201301250000
44247,2.76,201301250000
44255,2.97,201301250000
44282,0.65,201301250000
44284,2.17,201301250000
44356,2.29,201301250000
44470,1.38,201301250000
44486,2.29,201301250000
44503,2.91,201301250000
44504,2.15,201301250000
44510,0.98,201301250000
44517,0.51,201301250000
44534,2.43,201301250000
44578,1.17,201301250000
44666,1.41,201301250000
44694,2.68,201301250000
44697,2.43,201301250000
44716,1.09,201301250000
44724,1.42,201301250000
44743,2.73,201301250000
44755,2.34,201301250000
44756,2.43,201301250000
44757,0.72,201301250000
44758,1.76,201301250000
44786,2.68,201301250000
44787,1.15,201301250000
44911,2.79,201301250000
44963,1.45,201301250000
45005,0.85,201301250000
45006,2.68,201301250000
45007,2.26,201301250000
45008,1.4,201301250000
45039,0.96,201301250000
45114,1.54,201301250000
45168,0.7,201301250000
45200,2.72,201301250000
45203,1.69,201301250000
45208,1.07,201301250000
45237,1.8,201301250000
45254,1.32,201301250000
45256,1.61,201301250000
45258,0.69,201301250000
45261,2.03,201301250000
45265,1.87,201301250000
45266,0.57,201301250000
45401,0.6,201301250000
45479,1.44,201301250000
45502,2.7,201301250000
45507,1.99,201301250000
45509,2.59,201301250000
45526,0.82,201301250000
45538,1.75,201301250000
45582,2.87,201301250000
45661,1.45,201301250000
45701,2.26,201301250000
45703,1.91,201301250000
45716,0.65,201301250000
45720,1.47,201301250000
45725,2.03,201301250000
45735,1.01,201301250000
45747,1.2,201301250000
45766,2.03,201301250000
45793,1.3,201301250000
45795,1.85,201301250000
45919,2.23,201301250000
45948,2.24,201301250000
46008,0.66,201301250000
46036,1.34,201301250000
46041,2.16,201301250000
46052,2.02,201301250000
46074,1.06,201301250000
46145,1.43,201301250000
46202,0.56,201301250000
46209,3.0,201301250000
46242,1.72,201301250000
46265,1.69,201301250000
46372,1.96,201301250000
46384,1.11,201301250000
46455,2.16,201301250000
46508,1.56,201301250000
46523,2.13,201301250000
46538,1.97,201301250000
46565,1.02,201301250000
46574,2.89,201301250000
46626,2.4,201301250000
46700,1.41,201301250000
46738,2.2,201301250000
46770,0.76,201301250000
46778,0.64,201301250000
46787,1.43,201301250000
46803,2.18,201301250000
46954,0.52,201301250000
46964,0.56,201301250000
46972,2.89,201301250000
46976,2.9,201301250000
46981,2.85,201301250000
47011,1.37,201301250000
47015,0.65,201301250000
47047,2.8,201301250000
47253,2.62,201301250000
47288,1.22,201301250000
47295,1.31,201301250000
47342,2.94,201301250000
47454,2.4,201301250000
47535,0.76,201301250000
47543,2.99,201301250000
47705,2.11,201301250000
47709,1.39,201301250000
47711,0.91,201301250000
47758,0.95,201301250000
47806,1.6,201301250000
47889,1.13,201301250000
47926,1.48,201301250000
47968,0.97,201301250000
47972,1.64,201301250000
47977,2.54,201301250000
47982,2.46,201301250000
48032,0.56,201301250000
48209,2.47,201301250000
48239,2.64,201301250000
48244,0.63,201301250000
48278,1.72,201301250000
48420,2.01,201301250000
48427,2.52,201301250000
48499,0.79,201301250000
48503,2.34,201301250000
48552,2.27,201301250000
48584,2.13,201301250000
48713,1.85,201301250000
48759,1.11,201301250000
48848,2.95,201301250000
48898,2.2,201301250000
49017,2.99,201301250000
49049,0.85,201301250000
49229,0.95,201301250000
49241,2.45,201301250000
49472,2.07,201301250000
49483,1.45,201301250000
49542,1.26,201301250000
49555,1.81,201301250000
49679,2.17,201301250000
49750,0.62,201301250000
49760,2.76,201301250000
49777,1.89,201301250000
49968,0.83,201301250000
50053,2.64,201301250000
50103,1.02,201301250000
50180,0.69,201301250000
50285,0.7,201301250000
50430,0.87,201301250000
50470,2.2,201301250000
50494,1.14,201301250000
50511,2.91,201301250000
50549,1.4,201301250000
50680,0.98,201301250000
50682,2.85,201301250000
50731,0.93,201301250000
50812,2.05,201301250000
50872,2.76,201301250000
51029,2.61,201301250000
51046,1.93,201301250000
51053,2.99,201301250000
51056,2.17,201301250000
51162,1.23,201301250000
51177,1.89,201301250000
51182,0.79,201301250000
51228,1.54,201301250000
51258,1.9,201301250000
51430,1.58,201301250000
51431,2.44,201301250000
51432,0.86,201301250000
51520,0.53,201301250000
51681,2.53,201301250000
51682,1.78,201301250000
51725,0.59,201301250000
51790,1.52,201301250000
51832,1.13,201301250000
51857,0.92,201301250000
51931,1.22,201301250000
51932,2.71,201301250000
51986,1.14,201301250000
52003,2.01,201301250000
52182,2.34,201301250000
52244,1.86,201301250000
52259,2.13,201301250000
52280,2.63,201301250000
52319,0.64,201301250000
52473,1.12,201301250000
52518,2.12,201301250000
52631,0.79,201301250000
52679,1.49,201301250000
52729,2.76,201301250000
52811,2.14,201301250000
52983,1.11,201301250000
52988,1.86,201301250000
52993,2.85,201301250000
53000,2.17,201301250000
53016,1.66,201301250000
53027,1.51,201301250000
53072,1.3,201301250000
53090,1.52,201301250000
53177,1.12,201301250000
53178,2.71,201301250000
53381,2.75,201301250000
53427,2.32,201301250000
53429,2.51,201301250000
53761,2.06,201301250000
53774,1.36,201301250000
53797,2.71,201301250000
53810,1.74,201301250000
53822,1.36,201301250000
53864,2.4,201301250000
53927,1.95,201301250000
54038,2.49,201301250000
54071,2.78,201301250000
54234,2.99,201301250000
54281,2.86,201301250000
54284,1.35,201301250000
54327,2.79,201301250000
54334,0.84,201301250000
54349,2.27,201301250000
54427,0.52,201301250000
54503,0.83,201301250000
54510,1.23,201301250000
54520,2.98,201301250000
54550,2.65,201301250000
54578,0.64,201301250000
54678,2.26,201301250000
54828,1.51,201301250000
54983,2.55,201301250000
54996,2.55,201301250000
55070,1.8,201301250000
55329,1.71,201301250000
55331,1.76,201301250000
55535,1.65,201301250000
55633,0.56,201301250000
55680,1.38,201301250000
55761,1.36,201301250000
55831,2.23,201301250000
55832,1.8,201301250000
55838,1.48,201301250000
55845,1.94,201301250000
56106,0.8,201301250000
56493,2.28,201301250000
56571,3.0,201301250000
56586,2.02,201301250000
56587,2.67,201301250000
56591,1.02,201301250000
56738,1.12,201301250000
56835,1.77,201301250000
56882,0.82,201301250000
56887,2.87,201301250000
56888,1.51,201301250000
56933,2.56,201301250000
56934,1.98,201301250000
57042,1.16,201301250000
57062,1.47,201301250000
57189,2.82,201301250000
57261,0.64,201301250000
57329,2.36,201301250000
57342,1.96,201301250000
57376,1.67,201301250000
57378,2.92,201301250000
57380,2.78,201301250000
57397,1.71,201301250000
57440,1.78,201301250000
57495,2.76,201301250000
57523,2.36,201301250000
57555,2.36,201301250000
57597,2.74,201301250000
57613,1.75,201301250000
57615,0.56,201301250000
57628,1.41,201301250000
57631,2.0,201301250000
57823,1.79,201301250000
57837,2.61,201301250000
57851,1.29,201301250000
57852,2.29,201301250000
57906,2.58,201301250000
58179,1.75,201301250000
58251,2.91,201301250000
58421,1.1,201301250000
58511,2.4,201301250000
58632,1.89,201301250000
58744,2.63,201301250000
58802,0.57,201301250000
58814,1.09,201301250000
58879,0.85,201301250000
58892,0.92,201301250000
59010,0.83,201301250000
59043,2.56,201301250000
59104,1.95,201301250000
59125,2.83,201301250000
59134,1.7,201301250000
59285,0.92,201301250000
59329,2.81,201301250000
59555,0.59,201301250000
59635,1.14,201301250000
59745,1.75,201301250000
59927,2.45,201301250000
59941,0.51,201301250000
60008,2.65,201301250000
60011,2.38,201301250000
60114,0.84,201301250000
60141,1.26,201301250000
60147,2.05,201301250000
60331,2.53,201301250000
60344,1.61,201301250000
60350,1.1,201301250000
60578,1.61,201301250000
60593,1.87,201301250000
60613,0.68,201301250000
60630,1.92,201301250000
60635,2.3,201301250000
60649,2.27,201301250000
60750,1.41,201301250000
60774,1.86,201301250000
60819,0.53,201301250000
60880,2.13,201301250000
60888,1.04,201301250000
61062,2.11,201301250000
61110,2.35,201301250000
61263,2.05,201301250000
61343,2.02,201301250000
61591,2.5,201301250000
61597,2.78,201301250000
61654,2.4,201301250000
61818,1.54,201301250000
62077,1.11,201301250000
62104,1.64,201301250000
62135,0.78,201301250000
62140,1.7,201301250000
62252,0.92,201301250000
62558,0.96,201301250000
62589,0.63,201301250000
62757,0.9,201301250000
62772,2.82,201301250000
62850,0.72,201301250000
62926,0.88,201301250000
62948,1.9,201301250000
63044,1.19,201301250000
63153,2.22,201301250000
63383,1.33,201301250000
63397,2.7,201301250000
63398,2.76,201301250000
63407,0.54,201301250000
63574,2.8,201301250000
63586,1.62,201301250000
63816,1.36,201301250000
64102,0.57,201301250000
64150,1.53,201301250000
64200,2.32,201301250000
64515,1.94,201301250000
64529,0.53,201301250000
64573,0.91,201301250000
64581,1.71,201301250000
64815,1.37,201301250000
64915,2.62,201301250000
65059,1.84,201301250000
65144,2.97,201301250000
65320,1.1,201301250000
65375,2.41,201301250000
65454,2.05,201301250000
65528,0.56,201301250000
65607,2.92,201301250000
65774,2.88,201301250000
65838,1.5,201301250000
66068,1.39,201301250000
66084,1.57,201301250000
66151,1.03,201301250000
66353,1.12,201301250000
66538,2.88,201301250000
66575,2.96,201301250000
66637,2.92,201301250000
66827,1.05,201301250000
66870,1.79,201301250000
67110,0.88,201301250000
67207,2.31,201301250000
67335,2.53,201301250000
67385,1.22,201301250000
67599,0.72,201301250000
67601,1.94,201301250000
67602,1.42,201301250000
67698,1.19,201301250000
67824,2.64,201301250000
67842,0.94,201301250000
67854,2.29,201301250000
67855,1.87,201301250000
67918,2.68,201301250000
68103,1.68,201301250000
68104,2.43,201301250000
68110,1.64,201301250000
68111,2.74,201301250000
68349,0.64,201301250000
68354,1.71,201301250000
68356,1.99,201301250000
68454,1.35,201301250000
68455,1.55,201301250000
68587,2.36,201301250000
68857,0.95,201301250000
68858,1.8,201301250000
68897,2.56,201301250000
68924,0.74,201301250000
68930,1.03,201301250000
69106,1.5,201301250000
69190,0.68,201301250000
69206,1.76,201301250000
69359,1.63,201301250000
69371,1.28,201301250000
69455,2.99,201301250000
69582,2.2,201301250000
69613,2.86,201301250000
69676,1.43,201301250000
70115,1.39,201301250000
70132,0.98,201301250000
70181,0.91,201301250000
70342,2.01,201301250000
70352,2.09,201301250000
70360,2.5,201301250000
70374,1.77,201301250000
70440,2.45,201301250000
70462,1.25,201301250000
70619,2.37,201301250000
70659,0.74,201301250000
70715,1.28,201301250000
70903,0.93,201301250000
70934,1.08,201301250000
70961,0.69,201301250000
71122,2.6,201301250000
71187,1.65,201301250000
71399,1.95,201301250000
71601,2.84,201301250000
71629,2.09,201301250000
71888,1.11,201301250000
71961,2.88,201301250000
71964,2.02,201301250000
72201,0.95,201301250000
72218,2.21,201301250000
72345,1.78,201301250000
72367,2.73,201301250000
72407,1.53,201301250000
72416,1.7,201301250000
72706,2.37,201301250000
72894,2.22,201301250000
73104,0.77,201301250000
73135,2.93,201301250000
73211,1.01,201301250000
73223,1.89,201301250000
73451,2.53,201301250000
73460,2.4,201301250000
73461,2.52,201301250000
73557,2.05,201301250000
73669,0.81,201301250000
74158,2.64,201301250000
74216,0.59,201301250000
74388,0.97,201301250000
74396,1.53,201301250000
74466,1.54,201301250000
74467,2.88,201301250000
74638,2.21,201301250000
74677,2.12,201301250000
74678,1.08,201301250000
74711,2.5,201301250000
74721,2.8,201301250000
74962,1.97,201301250000
74968,3.0,201301250000
74973,1.01,201301250000
75224,0.83,201301250000
75329,2.95,201301250000
75386,1.51,201301250000
75424,1.45,201301250000
75436,1.18,201301250000
75475,2.55,201301250000
75619,1.17,201301250000
75721,0.67,201301250000
75722,1.45,201301250000
75724,2.38,201301250000
75725,2.41,201301250000
75726,1.62,201301250000
75727,0.66,201301250000
75974,1.91,201301250000
75975,0.9,201301250000
76133,2.52,201301250000
76227,1.79,201301250000
76393,1.7,201301250000
76473,1.85,201301250000
76477,2.14,201301250000
76654,2.25,201301250000
76728,0.66,201301250000
76959,1.8,201301250000
77169,2.0,201301250000
77230,2.28,201301250000
77381,0.6,201301250000
77458,2.01,201301250000
77641,2.97,201301250000
77942,1.47,201301250000
77981,1.99,201301250000
78205,2.8,201301250000
78418,1.09,201301250000
78654,1.73,201301250000
78733,2.79,201301250000
78881,1.58,201301250000
78896,0.72,201301250000
78909,1.42,201301250000
78983,2.27,201301250000
79234,1.59,201301250000
79379,1.8,201301250000
79394,1.36,201301250000
79484,2.55,201301250000
79712,1.28,201301250000
79911,2.91,201301250000
79915,1.75,201301250000
80160,1.31,201301250000
80161,1.32,201301250000
80193,1.01,201301250000
80352,2.25,201301250000
80397,1.42,201301250000
80406,0.97,201301250000
80411,1.32,201301250000
80412,2.94,201301250000
80413,2.57,201301250000
80420,2.62,201301250000
80485,2.49,201301250000
80635,1.27,201301250000
80659,2.02,201301250000
80663,1.33,201301250000
80664,2.86,201301250000
80703,1.88,201301250000
80877,2.75,201301250000
80916,1.49,201301250000
81163,1.56,201301250000
81164,2.24,201301250000
81354,2.29,201301250000
81363,2.43,201301250000
81390,2.3,201301250000
81625,2.62,201301250000
81651,2.95,201301250000
81899,1.1,201301250000
82135,2.94,201301250000
82168,2.35,201301250000
82169,2.47,201301250000
82237,2.35,201301250000
82613,2.4,201301250000
82622,1.2,201301250000
82664,0.5,201301250000
82892,2.01,201301250000
82951,2.6,201301250000
83410,1.78,201301250000
83489,0.8,201301250000
83735,1.69,201301250000
83865,0.59,201301250000
84123,2.58,201301250000
84179,1.01,201301250000
84207,0.74,201301250000
84212,2.4,201301250000
84221,1.01,201301250000
84366,2.61,201301250000
84689,1.36,201301250000
84712,2.95,201301250000
84902,2.62,201301250000
85474,2.07,201301250000
85487,0.72,201301250000
85620,1.95,201301250000
85705,2.44,201301250000
85715,2.68,201301250000
85738,2.75,201301250000
86440,2.49,201301250000
86622,2.69,201301250000
86623,2.41,201301250000
86672,1.48,201301250000
86873,2.04,201301250000
86895,1.76,201301250000
87121,1.33,201301250000
87227,1.3,201301250000
87460,2.56,201301250000
87690,1.4,201301250000
87873,0.78,201301250000
88242,1.34,201301250000
88463,2.06,201301250000
89120,1.19,201301250000
89152,0.79,201301250000
89175,0.68,201301250000
89198,1.02,201301250000
89615,1.66,201301250000
89625,0.52,201301250000
90116,2.66,201301250000
90183,0.93,201301250000
90497,2.8,201301250000
90699,2.63,201301250000
90719,2.1,201301250000
91200,2.22,201301250000
91432,2.39,201301250000
91434,1.42,201301250000
91684,0.52,201301250000
91713,2.78,201301250000
91744,0.97,201301250000
92233,0.7,201301250000
93205,2.74,201301250000
93244,2.4,201301250000
93252,0.78,201301250000
93463,2.11,201301250000
93675,2.51,201301250000
93944,1.3,201301250000
94431,1.9,201301250000
94710,1.34,201301250000
94755,2.95,201301250000
94997,0.7,201301250000
95000,2.11,201301250000
95707,1.98,201301250000
95949,0.76,201301250000
95998,0.93,201301250000
96188,0.62,201301250000
96225,2.59,201301250000
96249,2.97,201301250000
96468,2.76,201301250000
96486,1.75,201301250000
96718,2.55,201301250000
96972,1.5,201301250000
96995,1.41,201301250000
97251,1.52,201301250000
97440,1.43,201301250000
97471,1.27,201301250000
97969,2.85,201301250000
97990,2.7,201301250000
98224,2.56,201301250000
98229,1.99,201301250000
98450,0.71,201301250000
98475,1.99,201301250000
98739,2.29,201301250000
99256,1.71,201301250000
99468,2.41,201301250000
99730,1.84,201301250000
101215,1.6,201301250000
101911,1.61,201301250000
101912,1.64,201301250000
101989,1.76,201301250000
102999,0.64,201301250000
103242,1.84,201301250000
103431,1.83,201301250000
104177,1.12,201301250000
104221,2.72,201301250000
104239,0.66,201301250000
104701,1.48,201301250000
104984,2.15,201301250000
105196,2.42,201301250000
105219,1.4,201301250000
105460,2.34,201301250000
105461,1.64,201301250000
105481,0.58,201301250000
105489,2.42,201301250000
105709,2.47,201301250000
105710,2.71,201301250000
105711,1.14,201301250000
105712,2.74,201301250000
105713,2.9,201301250000
105715,1.62,201301250000
105726,2.48,201301250000
105727,2.03,201301250000
105736,2.23,201301250000
105960,2.62,201301250000
105961,2.0,201301250000
105962,1.27,201301250000
105963,1.67,201301250000
105964,0.98,201301250000
105975,2.55,201301250000
106195,1.1,201301250000
106213,1.57,201301250000
106214,2.43,201301250000
106215,1.27,201301250000
106221,1.52,201301250000
106231,1.0,201301250000
106232,2.29,201301250000
106234,2.02,201301250000
106235,2.61,201301250000
106237,1.19,201301250000
106446,1.18,201301250000
106447,1.47,201301250000
106462,1.14,201301250000
106463,0.98,201301250000
106465,2.87,201301250000
106466,0.75,201301250000
106467,1.08,201301250000
106480,2.24,201301250000
106712,1.73,201301250000
106717,0.69,201301250000
106718,1.02,201301250000
106741,0.66,201301250000
106958,1.34,201301250000
106964,0.77,201301250000
106965,1.28,201301250000
106966,0.97,201301250000
106967,2.23,201301250000
106971,1.39,201301250000
106983,1.25,201301250000
106997,0.69,201301250000
107200,0.94,201301250000
107212,2.59,201301250000
107219,1.93,201301250000
107240,1.14,201301250000
107460,2.65,201301250000
107465,1.56,201301250000
107466,2.94,201301250000
107468,1.72,201301250000
107491,2.59,201301250000
107711,2.45,201301250000
107725,2.05,201301250000
107726,0.54,201301250000
107954,1.27,201301250000
107966,1.85,201301250000
107971,1.18,201301250000
107979,2.42,201301250000
107993,1.33,201301250000
108205,1.96,201301250000
108211,2.94,201301250000
108214,2.2,201301250000
108215,1.77,201301250000
108217,0.72,201301250000
108219,2.46,201301250000
108220,0.57,201301250000
108222,1.21,201301250000
108225,1.67,201301250000
108230,0.95,201301250000
108454,1.8,201301250000
108463,0.95,201301250000
108499,0.5,201301250000
108717,2.2,201301250000
108722,0.57,201301250000
108724,2.89,201301250000
108733,2.09,201301250000
108968,1.91,201301250000
108975,1.22,201301250000
108984,0.96,201301250000
108985,1.34,201301250000
109216,1.98,201301250000
109219,1.14,201301250000
109222,0.86,201301250000
109227,1.51,201301250000
109231,1.42,201301250000
109236,2.02,201301250000
109245,2.23,201301250000
109473,2.55,201301250000
109487,1.2,201301250000
109494,2.51,201301250000
109495,1.93,201301250000
109496,1.56,201301250000
109497,0.78,201301250000
109742,2.99,201301250000
109744,2.35,201301250000
109748,0.85,201301250000
109750,1.89,201301250000
109980,2.34,201301250000
109991,0.94,201301250000
109994,2.05,201301250000
109998,1.08,201301250000
110001,2.07,201301250000
110243,2.64,201301250000
110247,0.63,201301250000
110249,1.63,201301250000
110251,2.94,201301250000
110253,0.85,201301250000
110254,0.9,201301250000
