cell,mobility,dtg
1610,1.16,201301110000
1846,2.36,201301110000
1851,1.65,201301110000
1853,2.37,201301110000
1856,0.54,201301110000
1857,2.89,201301110000
2103,2.91,201301110000
2105,2.74,201301110000
2106,0.79,201301110000
2107,0.61,201301110000
2114,2.07,201301110000
2342,0.81,201301110000
2347,1.02,201301110000
2351,0.81,201301110000
2354,2.2,201301110000
2357,1.67,201301110000
2372,2.95,201301110000
2374,2.78,201301110000
2591,2.33,201301110000
2595,2.57,201301110000
2605,0.88,201301110000
2611,1.2,201301110000
2615,2.22,201301110000
2620,1.42,201301110000
2627,0.57,201301110000
2839,2.56,201301110000
2847,2.46,201301110000
3086,1.48,201301110000
3094,1.43,201301110000
3100,2.82,201301110000
3124,2.63,201301110000
3128,2.0,201301110000
3334,1.07,201301110000
3337,1.19,201301110000
3375,2.37,201301110000
3614,2.42,201301110000
3619,1.45,201301110000
3632,2.08,201301110000
3635,2.44,201301110000
3830,1.58,201301110000
3831,2.51,201301110000
3833,0.8,201301110000
3837,0.94,201301110000
3845,2.34,201301110000
3856,1.11,201301110000
3860,0.99,201301110000
3865,2.27,201301110000
4078,1.05,201301110000
4081,1.05,201301110000
4137,2.75,201301110000
4141,1.73,201301110000
4142,1.62,201301110000
4328,1.39,201301110000
4329,1.62,201301110000
4341,2.53,201301110000
4345,2.49,201301110000
4348,2.13,201301110000
4354,1.81,201301110000
4372,2.7,201301110000
4577,2.29,201301110000
4578,2.89,201301110000
4580,2.52,201301110000
4582,1.93,201301110000
4605,2.05,201301110000
4608,2.66,201301110000
4631,1.28,201301110000
4636,1.4,201301110000
4637,1.86,201301110000
4829,0.65,201301110000
4830,2.09,201301110000
4831,1.82,201301110000
4834,1.26,201301110000
4837,2.48,201301110000
4852,2.64,201301110000
4863,1.56,201301110000
4868,2.89,201301110000
4890,1.7,201301110000
4891,1.85,201301110000
5078,0.99,201301110000
5081,2.16,201301110000
5084,1.25,201301110000
5127,1.08,201301110000
5153,0.71,201301110000
5327,0.89,201301110000
5329,1.24,201301110000
5333,1.41,201301110000
5334,1.6,201301110000
5339,2.01,201301110000
5369,1.89,201301110000
5402,1.32,201301110000
5410,1.89,201301110000
5577,1.64,201301110000
5581,1.47,201301110000
5592,1.55,201301110000
5612,1.56,201301110000
5623,1.42,201301110000
5876,0.69,201301110000
5893,1.9,201301110000
5898,0.73,201301110000
6078,0.73,201301110000
6118,1.54,201301110000
6136,2.62,201301110000
6158,2.24,201301110000
6159,1.03,201301110000
6333,0.93,201301110000
6353,2.38,201301110000
6365,1.11,201301110000
6366,1.12,201301110000
6414,2.86,201301110000
6588,2.64,201301110000
6609,0.58,201301110000
6635,0.63,201301110000
6668,2.54,201301110000
6841,1.41,201301110000
6849,2.9,201301110000
6896,2.93,201301110000
6924,1.11,201301110000
6928,0.68,201301110000
6935,0.85,201301110000
6939,2.58,201301110000
7077,2.22,201301110000
7078,2.19,201301110000
7085,1.79,201301110000
7088,2.21,201301110000
7113,1.7,201301110000
7114,0.55,201301110000
7129,2.41,201301110000
7133,2.27,201301110000
7165,0.57,201301110000
7192,2.44,201301110000
7354,1.29,201301110000
7375,0.88,201301110000
7379,1.31,201301110000
7401,2.36,201301110000
7410,1.01,201301110000
7436,1.68,201301110000
7584,2.95,201301110000
7646,2.53,201301110000
7849,0.7,201301110000
7871,1.61,201301110000
7927,2.61,201301110000
7948,0.55,201301110000
8080,0.63,201301110000
8170,1.9,201301110000
8182,1.46,201301110000
8195,0.72,201301110000
8342,1.21,201301110000
8582,1.68,201301110000
8602,2.04,201301110000
8609,0.5,201301110000
8638,0.77,201301110000
8656,1.91,201301110000
8830,0.88,201301110000
8839,1.82,201301110000
8876,2.98,201301110000
8897,1.11,201301110000
8912,1.7,201301110000
8918,0.85,201301110000
8929,1.63,201301110000
8940,1.9,201301110000
8954,1.3,201301110000
9140,2.45,201301110000
9333,1.26,201301110000
9468,1.16,201301110000
9473,2.46,201301110000
9589,2.08,201301110000
9601,2.08,201301110000
9607,2.44,201301110000
9658,2.98,201301110000
9724,0.81,201301110000
9833,1.47,201301110000
10084,2.31,201301110000
10089,1.92,201301110000
10096,0.67,201301110000
10144,1.77,201301110000
10170,1.1,201301110000
10181,0.89,201301110000
10189,0.9,201301110000
10201,2.15,201301110000
10334,1.39,201301110000
10335,1.09,201301110000
10383,1.09,201301110000
10414,1.48,201301110000
10444,2.68,201301110000
10458,2.13,201301110000
10477,1.12,201301110000
10586,0.85,201301110000
10601,2.93,201301110000
10609,2.95,201301110000
10616,0.97,201301110000
10633,1.81,201301110000
10655,2.67,201301110000
10665,2.92,201301110000
10681,0.98,201301110000
10717,0.96,201301110000
10835,1.81,201301110000
10837,1.8,201301110000
10847,1.35,201301110000
10903,1.81,201301110000
10911,1.72,201301110000
10918,2.94,201301110000
10973,1.51,201301110000
11087,1.66,201301110000
11092,0.71,201301110000
11128,1.5,201301110000
11222,0.82,201301110000
11223,0.7,201301110000
11225,2.24,201301110000
11238,1.54,201301110000
11361,1.87,201301110000
11393,2.86,201301110000
11424,2.1,201301110000
11601,2.27,201301110000
11682,0.69,201301110000
11704,1.33,201301110000
11858,2.38,201301110000
11884,2.06,201301110000
11901,2.42,201301110000
11946,0.56,201301110000
11960,0.93,201301110000
11972,2.21,201301110000
12089,2.98,201301110000
12090,1.38,201301110000
12096,1.04,201301110000
12120,0.56,201301110000
12157,2.62,201301110000
12230,2.67,201301110000
12383,2.6,201301110000
12431,1.78,201301110000
12601,2.55,201301110000
12625,2.49,201301110000
12632,0.61,201301110000
12842,0.54,201301110000
12875,2.61,201301110000
12901,2.1,201301110000
12913,1.24,201301110000
12933,0.76,201301110000
12934,1.19,201301110000
12985,2.83,201301110000
13099,1.96,201301110000
13114,2.96,201301110000
13150,2.34,201301110000
13175,2.02,201301110000
13183,1.11,201301110000
13222,1.85,201301110000
13358,1.01,201301110000
13444,1.7,201301110000
13455,2.98,201301110000
13456,1.81,201301110000
13670,2.77,201301110000
13694,2.26,201301110000
13845,2.67,201301110000
13849,1.46,201301110000
14011,2.92,201301110000
14095,1.82,201301110000
14133,1.79,201301110000
14161,0.75,201301110000
14167,2.75,201301110000
14184,2.81,201301110000
14241,1.26,201301110000
14255,2.05,201301110000
14349,1.55,201301110000
14350,2.19,201301110000
14375,0.7,201301110000
14452,1.85,201301110000
14475,0.5,201301110000
14620,0.62,201301110000
14673,1.4,201301110000
14745,2.86,201301110000
14859,0.82,201301110000
14936,1.22,201301110000
14995,2.04,201301110000
15097,1.39,201301110000
15098,1.41,201301110000
15246,2.33,201301110000
15349,2.81,201301110000
15440,1.51,201301110000
15600,2.0,201301110000
15656,0.9,201301110000
15672,2.86,201301110000
15699,1.01,201301110000
15714,2.29,201301110000
15725,1.56,201301110000
15744,1.48,201301110000
15849,1.11,201301110000
15850,1.71,201301110000
15851,2.51,201301110000
15853,0.5,201301110000
15871,0.9,201301110000
16100,1.65,201301110000
16105,2.87,201301110000
16114,1.56,201301110000
16171,2.14,201301110000
16184,1.88,201301110000
16400,2.24,201301110000
16414,0.64,201301110000
16601,1.82,201301110000
16604,1.31,201301110000
16625,2.3,201301110000
16670,0.86,201301110000
16853,2.25,201301110000
16868,1.55,201301110000
16932,2.83,201301110000
17232,2.63,201301110000
17355,2.84,201301110000
17358,0.67,201301110000
17367,2.6,201301110000
17635,0.71,201301110000
17673,1.67,201301110000
17681,2.48,201301110000
17884,2.65,201301110000
17984,2.02,201301110000
18108,1.53,201301110000
18115,0.79,201301110000
18118,1.05,201301110000
18123,1.6,201301110000
18139,1.25,201301110000
18154,1.7,201301110000
18160,1.52,201301110000
18177,1.28,201301110000
18185,0.55,201301110000
18383,2.95,201301110000
18404,0.93,201301110000
18427,2.84,201301110000
18466,2.83,201301110000
18616,1.62,201301110000
18629,0.82,201301110000
18861,0.95,201301110000
18866,1.73,201301110000
18925,1.27,201301110000
19110,2.84,201301110000
19112,2.79,201301110000
19114,2.1,201301110000
19122,2.35,201301110000
19360,1.45,201301110000
19443,2.6,201301110000
19481,0.96,201301110000
19611,2.07,201301110000
19612,2.36,201301110000
19618,1.31,201301110000
19633,2.33,201301110000
19678,1.0,201301110000
19878,2.6,201301110000
19913,1.6,201301110000
20113,1.26,201301110000
20114,2.51,201301110000
20116,0.69,201301110000
20170,2.22,201301110000
20363,1.44,201301110000
20387,1.42,201301110000
20396,2.94,201301110000
20436,2.73,201301110000
20616,2.13,201301110000
20621,0.65,201301110000
20628,2.82,201301110000
20651,0.85,201301110000
20671,2.58,201301110000
20682,0.94,201301110000
20864,2.08,201301110000
20882,1.32,201301110000
20931,2.49,201301110000
20995,1.98,201301110000
21115,2.21,201301110000
21118,2.38,201301110000
21201,0.97,201301110000
21373,0.69,201301110000
21377,1.76,201301110000
21392,2.99,201301110000
21407,2.04,201301110000
21428,2.71,201301110000
21448,1.7,201301110000
21617,1.09,201301110000
21619,1.01,201301110000
21639,0.61,201301110000
21658,2.0,201301110000
21663,0.8,201301110000
21701,0.5,201301110000
21721,2.53,201301110000
21868,2.25,201301110000
21871,1.28,201301110000
21999,2.73,201301110000
22126,1.97,201301110000
22133,1.24,201301110000
22174,1.19,201301110000
22176,2.88,201301110000
22205,2.83,201301110000
22368,1.09,201301110000
22395,1.81,201301110000
22419,2.27,201301110000
22420,2.11,201301110000
22421,1.27,201301110000
22422,2.89,201301110000
22619,2.31,201301110000
22630,1.5,201301110000
22634,1.58,201301110000
22671,2.23,201301110000
22673,1.3,201301110000
22700,1.53,201301110000
22751,2.44,201301110000
22768,2.91,201301110000
22869,0.98,201301110000
22877,0.53,201301110000
22928,0.51,201301110000
22940,2.38,201301110000
22955,2.06,201301110000
22963,1.37,201301110000
22966,1.79,201301110000
23120,1.42,201301110000
23124,0.79,201301110000
23125,1.53,201301110000
23131,2.49,201301110000
23138,1.81,201301110000
23169,1.53,201301110000
23194,2.76,201301110000
23216,1.69,201301110000
23370,2.89,201301110000
23371,0.84,201301110000
23379,1.41,201301110000
23386,1.04,201301110000
23388,2.75,201301110000
23427,2.81,201301110000
23621,1.44,201301110000
23627,2.18,201301110000
23635,2.19,201301110000
23641,1.8,201301110000
23662,1.72,201301110000
23669,1.31,201301110000
23690,0.56,201301110000
23744,1.4,201301110000
23750,2.43,201301110000
23872,0.76,201301110000
23873,0.52,201301110000
23875,0.75,201301110000
23881,1.49,201301110000
23894,1.76,201301110000
23896,2.35,201301110000
23907,2.25,201301110000
23925,2.02,201301110000
23973,0.57,201301110000
24005,1.78,201301110000
24009,0.7,201301110000
24032,1.82,201301110000
24122,2.52,201301110000
24123,1.33,201301110000
24149,0.63,201301110000
24247,2.1,201301110000
24251,2.98,201301110000
24265,2.23,201301110000
24266,1.8,201301110000
24373,1.52,201301110000
24374,1.74,201301110000
24380,0.93,201301110000
24381,2.26,201301110000
24383,1.58,201301110000
24387,0.92,201301110000
24402,2.63,201301110000
24405,1.37,201301110000
24423,1.07,201301110000
24623,0.63,201301110000
24626,2.93,201301110000
24643,2.24,201301110000
24732,2.93,201301110000
24734,0.69,201301110000
24739,1.94,201301110000
24774,1.95,201301110000
24775,2.35,201301110000
24781,1.78,201301110000
24837,1.68,201301110000
24874,1.36,201301110000
24877,1.12,201301110000
24879,1.4,201301110000
24880,1.08,201301110000
24895,2.98,201301110000
24920,1.97,201301110000
24990,2.31,201301110000
24991,1.03,201301110000
24993,2.89,201301110000
25124,1.05,201301110000
25125,0.59,201301110000
25126,2.0,201301110000
25129,2.43,201301110000
25130,0.85,201301110000
25132,1.35,201301110000
25136,2.68,201301110000
25138,1.69,201301110000
25141,1.74,201301110000
25179,2.96,201301110000
25187,2.31,201301110000
25375,1.69,201301110000
25376,2.57,201301110000
25377,2.29,201301110000
25379,1.04,201301110000
25385,2.52,201301110000
25395,1.41,201301110000
25400,1.86,201301110000
25405,2.39,201301110000
25412,1.16,201301110000
25427,0.61,201301110000
25626,0.55,201301110000
25627,1.36,201301110000
25628,2.85,201301110000
25629,2.86,201301110000
25632,1.92,201301110000
25633,2.92,201301110000
25642,2.08,201301110000
25715,0.78,201301110000
25747,0.65,201301110000
25763,1.88,201301110000
25876,2.93,201301110000
25877,1.09,201301110000
25878,2.47,201301110000
25881,0.53,201301110000
25882,1.16,201301110000
25886,0.74,201301110000
25888,1.02,201301110000
25926,2.74,201301110000
25997,2.37,201301110000
26005,2.91,201301110000
26035,2.66,201301110000
26127,2.77,201301110000
26129,0.99,201301110000
26130,2.51,201301110000
26133,0.88,201301110000
26135,2.33,201301110000
26136,2.35,201301110000
26138,0.86,201301110000
26139,0.52,201301110000
26141,0.99,201301110000
26148,1.59,201301110000
26168,2.78,201301110000
26378,2.65,201301110000
26379,2.64,201301110000
26380,2.17,201301110000
26381,2.74,201301110000
26382,1.16,201301110000
26383,1.39,201301110000
26385,2.21,201301110000
26386,0.68,201301110000
26387,1.77,201301110000
26389,1.13,201301110000
26391,2.95,201301110000
26392,1.09,201301110000
26393,1.25,201301110000
26396,2.5,201301110000
26403,0.88,201301110000
26408,2.79,201301110000
26427,1.87,201301110000
26450,0.79,201301110000
26492,1.11,201301110000
26546,0.57,201301110000
26563,2.44,201301110000
26564,0.79,201301110000
26628,1.08,201301110000
26629,2.66,201301110000
26630,1.9,201301110000
26631,1.16,201301110000
26633,2.61,201301110000
26634,1.12,201301110000
26656,1.3,201301110000
26674,1.08,201301110000
26708,2.17,201301110000
26752,2.08,201301110000
26754,1.33,201301110000
26755,0.93,201301110000
26782,2.04,201301110000
26846,1.05,201301110000
26879,2.73,201301110000
26880,1.02,201301110000
26881,1.32,201301110000
26882,2.63,201301110000
26883,1.33,201301110000
26884,0.63,201301110000
26885,0.95,201301110000
26886,0.92,201301110000
26887,2.8,201301110000
26889,0.54,201301110000
26890,1.62,201301110000
26891,1.86,201301110000
26892,0.55,201301110000
26893,2.99,201301110000
26894,2.99,201301110000
26895,1.71,201301110000
26897,2.35,201301110000
26905,0.88,201301110000
26938,1.92,201301110000
26964,2.94,201301110000
27006,0.58,201301110000
27042,2.55,201301110000
27098,2.95,201301110000
27130,0.92,201301110000
27131,2.46,201301110000
27132,2.32,201301110000
27133,2.05,201301110000
27134,2.62,201301110000
27135,2.2,201301110000
27136,1.59,201301110000
27137,0.91,201301110000
27138,0.73,201301110000
27142,0.84,201301110000
27143,0.56,201301110000
27145,1.67,201301110000
27148,2.75,201301110000
27149,2.17,201301110000
27152,2.51,201301110000
27155,1.75,201301110000
27175,1.39,201301110000
27209,1.02,201301110000
27247,1.75,201301110000
27381,0.79,201301110000
27382,2.32,201301110000
27383,2.22,201301110000
27384,1.02,201301110000
27386,1.21,201301110000
27387,0.51,201301110000
27388,2.14,201301110000
27389,1.38,201301110000
27390,1.23,201301110000
27392,1.06,201301110000
27395,2.72,201301110000
27404,2.18,201301110000
27415,2.41,201301110000
27427,2.67,201301110000
27489,2.15,201301110000
27494,1.92,201301110000
27498,1.43,201301110000
27518,1.76,201301110000
27632,1.22,201301110000
27633,1.56,201301110000
27634,1.59,201301110000
27635,1.38,201301110000
27636,1.9,201301110000
27637,2.42,201301110000
27638,3.0,201301110000
27639,1.66,201301110000
27640,2.89,201301110000
27642,2.44,201301110000
27643,1.38,201301110000
27645,0.53,201301110000
27646,0.79,201301110000
27647,2.44,201301110000
27649,1.85,201301110000
27654,1.52,201301110000
27763,1.42,201301110000
27764,1.45,201301110000
27796,1.33,201301110000
27797,2.62,201301110000
27883,1.62,201301110000
27884,0.86,201301110000
27885,1.84,201301110000
27886,0.71,201301110000
27887,0.8,201301110000
27888,2.01,201301110000
27889,0.64,201301110000
27890,2.95,201301110000
27891,2.55,201301110000
27892,0.92,201301110000
27894,1.62,201301110000
27895,2.08,201301110000
27897,1.63,201301110000
27902,1.34,201301110000
27908,1.08,201301110000
27911,0.52,201301110000
27930,1.58,201301110000
27971,2.81,201301110000
28004,1.95,201301110000
28015,1.39,201301110000
28049,0.83,201301110000
28102,1.64,201301110000
28134,1.51,201301110000
28135,1.04,201301110000
28136,1.0,201301110000
28137,1.14,201301110000
28138,2.33,201301110000
28139,1.32,201301110000
28140,0.75,201301110000
28142,2.12,201301110000
28143,1.31,201301110000
28144,2.05,201301110000
28146,2.82,201301110000
28154,1.8,201301110000
28156,2.7,201301110000
28216,0.91,201301110000
28239,1.5,201301110000
28384,1.07,201301110000
28385,2.67,201301110000
28386,1.88,201301110000
28387,1.12,201301110000
28388,1.65,201301110000
28389,0.99,201301110000
28390,0.81,201301110000
28391,0.76,201301110000
28392,1.77,201301110000
28393,2.51,201301110000
28394,2.74,201301110000
28396,0.76,201301110000
28397,2.42,201301110000
28400,2.83,201301110000
28401,0.61,201301110000
28405,2.76,201301110000
28427,1.11,201301110000
28467,2.28,201301110000
28496,1.31,201301110000
28497,2.23,201301110000
28519,2.0,201301110000
28535,1.51,201301110000
28539,1.98,201301110000
28545,2.29,201301110000
28557,2.39,201301110000
28635,0.73,201301110000
28636,0.89,201301110000
28637,1.61,201301110000
28638,2.17,201301110000
28639,1.93,201301110000
28640,2.08,201301110000
28641,2.87,201301110000
28642,2.91,201301110000
28643,1.45,201301110000
28644,2.68,201301110000
28645,0.99,201301110000
28646,1.86,201301110000
28649,1.56,201301110000
28658,1.81,201301110000
28667,1.67,201301110000
28675,1.83,201301110000
28751,0.64,201301110000
28753,2.22,201301110000
28754,1.44,201301110000
28788,2.06,201301110000
28812,1.41,201301110000
28823,1.77,201301110000
28886,2.88,201301110000
28887,0.6,201301110000
28888,0.62,201301110000
28889,1.31,201301110000
28890,0.98,201301110000
28891,1.0,201301110000
28892,1.34,201301110000
28893,0.83,201301110000
28894,1.44,201301110000
28895,2.6,201301110000
28896,1.47,201301110000
28897,0.78,201301110000
28899,2.12,201301110000
28900,0.51,201301110000
28901,2.56,201301110000
28902,1.07,201301110000
28905,1.41,201301110000
28912,0.86,201301110000
28960,1.3,201301110000
28969,2.64,201301110000
29004,1.12,201301110000
29012,1.02,201301110000
29026,0.68,201301110000
29068,0.54,201301110000
29076,1.76,201301110000
29088,1.35,201301110000
29094,2.42,201301110000
29136,1.5,201301110000
29137,1.55,201301110000
29138,1.87,201301110000
29139,0.52,201301110000
29140,2.22,201301110000
29141,2.89,201301110000
29142,2.62,201301110000
29143,2.92,201301110000
29144,0.68,201301110000
29146,0.51,201301110000
29147,1.28,201301110000
29148,1.12,201301110000
29149,1.84,201301110000
29151,0.92,201301110000
29158,2.33,201301110000
29165,2.03,201301110000
29171,2.38,201301110000
29190,1.17,201301110000
29247,1.71,201301110000
29387,1.75,201301110000
29388,2.22,201301110000
29389,0.9,201301110000
29390,2.64,201301110000
29391,2.04,201301110000
29392,1.59,201301110000
29393,1.51,201301110000
29394,1.18,201301110000
29395,2.1,201301110000
29396,2.16,201301110000
29397,2.2,201301110000
29398,1.47,201301110000
29399,2.98,201301110000
29401,1.03,201301110000
29402,2.96,201301110000
29403,1.65,201301110000
29405,1.54,201301110000
29409,2.97,201301110000
29425,1.15,201301110000
29429,2.06,201301110000
29495,0.79,201301110000
29498,2.07,201301110000
29533,2.49,201301110000
29556,1.91,201301110000
29638,1.5,201301110000
29639,0.98,201301110000
29640,1.69,201301110000
29641,1.83,201301110000
29642,2.98,201301110000
29643,1.71,201301110000
29644,2.14,201301110000
29645,1.85,201301110000
29648,0.89,201301110000
29649,0.81,201301110000
29650,1.23,201301110000
29654,2.71,201301110000
29663,1.08,201301110000
29670,1.14,201301110000
29710,2.84,201301110000
29730,1.85,201301110000
29733,2.26,201301110000
29736,2.01,201301110000
29766,1.86,201301110000
29891,3.0,201301110000
29892,2.52,201301110000
29893,0.97,201301110000
29894,2.49,201301110000
29895,0.69,201301110000
29896,1.26,201301110000
29897,2.03,201301110000
29898,1.09,201301110000
29900,2.59,201301110000
29903,0.69,201301110000
29906,0.56,201301110000
29909,0.5,201301110000
29912,1.45,201301110000
29917,1.49,201301110000
29925,1.24,201301110000
29966,1.94,201301110000
30021,1.94,201301110000
30026,2.54,201301110000
30036,0.97,201301110000
30142,2.4,201301110000
30143,0.5,201301110000
30144,1.26,201301110000
30145,0.75,201301110000
30146,0.56,201301110000
30147,1.98,201301110000
30148,0.9,201301110000
30152,2.19,201301110000
30154,0.73,201301110000
30157,1.1,201301110000
30158,1.81,201301110000
30181,2.82,201301110000
30242,0.66,201301110000
30243,2.75,201301110000
30244,2.82,201301110000
30261,2.42,201301110000
30300,2.42,201301110000
30322,1.44,201301110000
30393,1.9,201301110000
30394,0.68,201301110000
30395,1.09,201301110000
30396,0.59,201301110000
30397,2.44,201301110000
30398,2.44,201301110000
30400,0.7,201301110000
30401,2.16,201301110000
30403,2.16,201301110000
30407,2.62,201301110000
30410,2.96,201301110000
30420,1.23,201301110000
30430,0.91,201301110000
30434,2.35,201301110000
30439,2.74,201301110000
30481,1.25,201301110000
30489,1.32,201301110000
30494,1.75,201301110000
30495,2.47,201301110000
30496,1.88,201301110000
30645,2.03,201301110000
30646,2.56,201301110000
30647,0.54,201301110000
30648,0.72,201301110000
30649,1.78,201301110000
30650,1.01,201301110000
30651,1.75,201301110000
30652,2.06,201301110000
30653,0.89,201301110000
30654,2.62,201301110000
30661,0.55,201301110000
30664,2.84,201301110000
30666,1.21,201301110000
30669,1.2,201301110000
30673,1.01,201301110000
30683,1.62,201301110000
30745,1.9,201301110000
30750,1.99,201301110000
30777,1.76,201301110000
30780,1.01,201301110000
30812,1.73,201301110000
30897,2.49,201301110000
30898,2.9,201301110000
30899,1.18,201301110000
30900,2.22,201301110000
30901,0.61,201301110000
30902,1.22,201301110000
30903,0.53,201301110000
30904,2.44,201301110000
30908,1.79,201301110000
30909,2.6,201301110000
30912,1.85,201301110000
30913,1.82,201301110000
30928,1.42,201301110000
30953,2.32,201301110000
30979,2.28,201301110000
30994,0.97,201301110000
30995,2.47,201301110000
31027,1.52,201301110000
31028,2.76,201301110000
31029,0.68,201301110000
31082,1.31,201301110000
31148,0.79,201301110000
31149,2.51,201301110000
31150,2.02,201301110000
31151,0.9,201301110000
31152,2.6,201301110000
31156,2.65,201301110000
31157,1.0,201301110000
31161,1.21,201301110000
31166,2.03,201301110000
31172,1.06,201301110000
31274,2.09,201301110000
31281,2.63,201301110000
31369,0.7,201301110000
31398,0.92,201301110000
31401,0.81,201301110000
31407,1.32,201301110000
31408,0.66,201301110000
31409,1.1,201301110000
31410,0.58,201301110000
31413,0.96,201301110000
31419,1.36,201301110000
31427,1.13,201301110000
31457,0.75,201301110000
31466,1.97,201301110000
31651,0.74,201301110000
31652,0.74,201301110000
31656,2.44,201301110000
31660,1.57,201301110000
31663,2.12,201301110000
31666,1.41,201301110000
31675,1.11,201301110000
31738,0.93,201301110000
31754,2.68,201301110000
31782,0.55,201301110000
31903,0.66,201301110000
31904,2.18,201301110000
31905,2.38,201301110000
31906,2.56,201301110000
31908,2.15,201301110000
31912,2.2,201301110000
31921,0.58,201301110000
31928,0.64,201301110000
31949,0.69,201301110000
32028,1.0,201301110000
32032,2.33,201301110000
32045,1.61,201301110000
32150,1.49,201301110000
32155,1.42,201301110000
32157,0.95,201301110000
32161,2.41,201301110000
32162,2.62,201301110000
32167,1.87,201301110000
32169,2.97,201301110000
32175,0.82,201301110000
32182,2.33,201301110000
32185,1.32,201301110000
32195,0.9,201301110000
32235,2.19,201301110000
32404,1.16,201301110000
32405,1.11,201301110000
32410,2.65,201301110000
32411,1.78,201301110000
32415,1.39,201301110000
32449,2.41,201301110000
32490,1.13,201301110000
32558,1.11,201301110000
32622,1.84,201301110000
32656,2.45,201301110000
32658,2.76,201301110000
32660,1.85,201301110000
32662,1.52,201301110000
32668,2.95,201301110000
32682,2.57,201301110000
32697,2.88,201301110000
32712,2.68,201301110000
32729,2.64,201301110000
32739,1.8,201301110000
32742,2.05,201301110000
32744,1.25,201301110000
32802,0.85,201301110000
32834,1.93,201301110000
32905,1.9,201301110000
32907,0.97,201301110000
32912,2.67,201301110000
32916,2.17,201301110000
32922,0.62,201301110000
32924,2.43,201301110000
32926,2.97,201301110000
32929,1.25,201301110000
32977,2.43,201301110000
32978,1.59,201301110000
33154,2.91,201301110000
33158,1.35,201301110000
33160,2.38,201301110000
33165,1.95,201301110000
33170,0.54,201301110000
33186,2.22,201301110000
33286,2.66,201301110000
33405,2.36,201301110000
33409,1.94,201301110000
33412,1.95,201301110000
33418,2.57,201301110000
33420,2.47,201301110000
33424,1.43,201301110000
33435,0.95,201301110000
33442,1.3,201301110000
33519,1.73,201301110000
33594,2.17,201301110000
33656,1.33,201301110000
33659,2.35,201301110000
33662,1.22,201301110000
33664,1.34,201301110000
33666,2.33,201301110000
33669,2.79,201301110000
33673,2.59,201301110000
33675,2.77,201301110000
33694,1.08,201301110000
33724,2.26,201301110000
33742,2.24,201301110000
33812,0.78,201301110000
33909,1.78,201301110000
33911,1.38,201301110000
33912,1.21,201301110000
33913,0.53,201301110000
33922,2.01,201301110000
33923,1.29,201301110000
33924,1.63,201301110000
33931,1.83,201301110000
33935,0.73,201301110000
33986,0.95,201301110000
34013,2.96,201301110000
34160,1.09,201301110000
34161,0.7,201301110000
34162,0.62,201301110000
34163,0.69,201301110000
34167,1.05,201301110000
34190,2.64,201301110000
34211,2.18,201301110000
34303,1.66,201301110000
34380,1.67,201301110000
34407,1.62,201301110000
34413,2.31,201301110000
34423,2.78,201301110000
34424,1.74,201301110000
34427,0.68,201301110000
34430,2.23,201301110000
34437,2.52,201301110000
34440,2.69,201301110000
34486,0.7,201301110000
34495,1.63,201301110000
34510,1.71,201301110000
34520,2.19,201301110000
34528,2.98,201301110000
34563,0.84,201301110000
34662,1.22,201301110000
34667,1.01,201301110000
34668,0.96,201301110000
34670,1.18,201301110000
34672,1.19,201301110000
34673,1.73,201301110000
34676,0.86,201301110000
34679,2.81,201301110000
34682,1.49,201301110000
34695,2.84,201301110000
34710,2.22,201301110000
34714,1.47,201301110000
34720,2.15,201301110000
34882,0.94,201301110000
34913,2.61,201301110000
34914,0.58,201301110000
34915,0.85,201301110000
34924,2.8,201301110000
34925,0.84,201301110000
34934,1.88,201301110000
34939,1.16,201301110000
34959,2.43,201301110000
34990,2.33,201301110000
35102,0.91,201301110000
35164,1.63,201301110000
35166,2.21,201301110000
35173,1.34,201301110000
35178,0.61,201301110000
35183,1.17,201301110000
35185,0.94,201301110000
35187,0.6,201301110000
35193,1.11,201301110000
35203,2.9,201301110000
35218,1.86,201301110000
35237,1.72,201301110000
35244,1.75,201301110000
35249,2.44,201301110000
35295,2.99,201301110000
35368,0.68,201301110000
35410,1.31,201301110000
35414,2.78,201301110000
35415,1.84,201301110000
35417,2.59,201301110000
35421,1.58,201301110000
35440,2.81,201301110000
35455,1.81,201301110000
35492,2.44,201301110000
35515,2.72,201301110000
35665,2.96,201301110000
35675,1.51,201301110000
35683,2.89,201301110000
35686,2.22,201301110000
35700,2.33,201301110000
35745,2.71,201301110000
35755,2.65,201301110000
35769,2.11,201301110000
35916,0.93,201301110000
35917,1.75,201301110000
35918,2.43,201301110000
35919,2.07,201301110000
35921,1.6,201301110000
35929,2.44,201301110000
35931,1.39,201301110000
35941,2.54,201301110000
35944,2.24,201301110000
35971,1.37,201301110000
35981,1.08,201301110000
35992,1.29,201301110000
35994,2.18,201301110000
36067,1.37,201301110000
36162,2.69,201301110000
36167,1.65,201301110000
36169,2.13,201301110000
36170,0.7,201301110000
36173,2.61,201301110000
36176,0.72,201301110000
36177,2.65,201301110000
36205,1.05,201301110000
36237,2.88,201301110000
36245,0.6,201301110000
36246,2.86,201301110000
36293,2.67,201301110000
36311,2.14,201301110000
36417,1.74,201301110000
36420,1.66,201301110000
36421,1.64,201301110000
36441,2.1,201301110000
36448,1.4,201301110000
36494,1.16,201301110000
36498,2.44,201301110000
36502,1.52,201301110000
36510,2.37,201301110000
36513,2.51,201301110000
36519,0.56,201301110000
36524,1.8,201301110000
36576,1.09,201301110000
36668,1.12,201301110000
36673,2.97,201301110000
36675,2.42,201301110000
36677,2.32,201301110000
36679,2.44,201301110000
36682,0.59,201301110000
36688,2.45,201301110000
36690,1.36,201301110000
36711,1.9,201301110000
36717,2.42,201301110000
36758,1.46,201301110000
36889,0.81,201301110000
36915,0.51,201301110000
36918,1.71,201301110000
36933,1.38,201301110000
36934,2.64,201301110000
36953,1.21,201301110000
36959,0.69,201301110000
36996,1.2,201301110000
36999,0.56,201301110000
37001,1.04,201301110000
37167,2.71,201301110000
37168,0.71,201301110000
37169,1.21,201301110000
37172,1.44,201301110000
37176,2.96,201301110000
37178,2.69,201301110000
37179,0.94,201301110000
37182,2.11,201301110000
37192,1.95,201301110000
37200,1.11,201301110000
37206,1.95,201301110000
37232,0.84,201301110000
37239,2.39,201301110000
37270,2.47,201301110000
37298,2.6,201301110000
37304,2.17,201301110000
37419,2.78,201301110000
37421,1.26,201301110000
37423,1.68,201301110000
37425,0.55,201301110000
37446,1.23,201301110000
37454,1.6,201301110000
37477,2.42,201301110000
37487,2.58,201301110000
37501,0.61,201301110000
37503,2.27,201301110000
37513,0.76,201301110000
37523,2.56,201301110000
37562,1.03,201301110000
37609,1.8,201301110000
37642,1.6,201301110000
37643,1.58,201301110000
37670,1.98,201301110000
37671,1.66,201301110000
37672,1.88,201301110000
37676,2.41,201301110000
37688,2.61,201301110000
37689,1.59,201301110000
37690,2.47,201301110000
37695,2.34,201301110000
37701,1.82,201301110000
37710,1.8,201301110000
37711,1.3,201301110000
37754,1.31,201301110000
37874,2.35,201301110000
37891,1.51,201301110000
37893,1.68,201301110000
37894,1.65,201301110000
37926,0.95,201301110000
37928,0.72,201301110000
37929,1.92,201301110000
37932,2.55,201301110000
37936,2.73,201301110000
37943,1.84,201301110000
37952,2.82,201301110000
37962,2.2,201301110000
37968,1.15,201301110000
38003,1.11,201301110000
38060,1.55,201301110000
38145,1.58,201301110000
38172,2.31,201301110000
38173,2.54,201301110000
38178,1.13,201301110000
38200,1.04,201301110000
38204,2.07,201301110000
38209,2.37,201301110000
38215,1.32,201301110000
38220,2.27,201301110000
38225,0.82,201301110000
38228,2.52,201301110000
38230,2.41,201301110000
38243,2.8,201301110000
38247,2.76,201301110000
38255,0.54,201301110000
38263,1.0,201301110000
38268,1.41,201301110000
38272,1.67,201301110000
38367,0.74,201301110000
38381,2.56,201301110000
38423,2.91,201301110000
38425,2.43,201301110000
38426,0.74,201301110000
38431,1.92,201301110000
38440,0.65,201301110000
38479,2.07,201301110000
38481,1.91,201301110000
38483,2.08,201301110000
38488,2.79,201301110000
38490,1.83,201301110000
38498,1.12,201301110000
38499,2.93,201301110000
38500,1.35,201301110000
38505,2.23,201301110000
38506,2.07,201301110000
38508,1.2,201301110000
38517,1.48,201301110000
38534,1.97,201301110000
38648,1.2,201301110000
38674,0.9,201301110000
38676,1.93,201301110000
38679,2.65,201301110000
38684,2.66,201301110000
38693,1.14,201301110000
38697,2.13,201301110000
38716,1.89,201301110000
38722,1.05,201301110000
38736,0.7,201301110000
38738,1.47,201301110000
38752,2.75,201301110000
38753,2.47,201301110000
38758,1.25,201301110000
38760,2.75,201301110000
38761,2.18,201301110000
38762,2.58,201301110000
38766,2.14,201301110000
38769,1.47,201301110000
38778,2.04,201301110000
38812,0.68,201301110000
38939,1.09,201301110000
38953,0.51,201301110000
38958,1.28,201301110000
38967,1.95,201301110000
39006,1.67,201301110000
39008,1.72,201301110000
39010,1.87,201301110000
39011,1.17,201301110000
39017,2.53,201301110000
39113,2.48,201301110000
39148,1.43,201301110000
39149,0.83,201301110000
39176,2.65,201301110000
39178,1.22,201301110000
39191,0.67,201301110000
39201,1.59,201301110000
39230,2.15,201301110000
39236,1.75,201301110000
39246,2.36,201301110000
39252,2.69,201301110000
39255,2.77,201301110000
39260,2.85,201301110000
39262,2.3,201301110000
39263,2.22,201301110000
39268,0.79,201301110000
39269,0.74,201301110000
39271,1.64,201301110000
39274,2.81,201301110000
39275,2.96,201301110000
39375,1.66,201301110000
39391,2.26,201301110000
39427,0.9,201301110000
39428,2.76,201301110000
39430,2.21,201301110000
39433,0.98,201301110000
39446,1.14,201301110000
39457,1.72,201301110000
39514,1.12,201301110000
39515,1.53,201301110000
39516,1.18,201301110000
39517,2.83,201301110000
39535,0.6,201301110000
39554,2.97,201301110000
39559,0.75,201301110000
39631,0.9,201301110000
39632,1.49,201301110000
39633,1.7,201301110000
39652,1.75,201301110000
39683,1.9,201301110000
39687,1.96,201301110000
39706,2.96,201301110000
39710,0.62,201301110000
39722,1.69,201301110000
39731,0.66,201301110000
39750,2.37,201301110000
39755,2.19,201301110000
39759,1.01,201301110000
39762,2.32,201301110000
39764,2.83,201301110000
39765,2.94,201301110000
39766,1.98,201301110000
39767,1.2,201301110000
39769,2.88,201301110000
39772,1.84,201301110000
39776,2.08,201301110000
39777,2.14,201301110000
39790,1.4,201301110000
39791,2.37,201301110000
39796,2.98,201301110000
39832,0.93,201301110000
39883,1.12,201301110000
39930,0.87,201301110000
39932,0.61,201301110000
39941,1.37,201301110000
39948,1.08,201301110000
39969,0.69,201301110000
40018,2.95,201301110000
40031,0.63,201301110000
40133,1.85,201301110000
40180,2.16,201301110000
40188,1.17,201301110000
40196,0.88,201301110000
40242,2.06,201301110000
40246,1.76,201301110000
40259,0.93,201301110000
40264,1.51,201301110000
40267,0.57,201301110000
40268,1.4,201301110000
40270,1.25,201301110000
40276,1.55,201301110000
40286,2.95,201301110000
40295,1.14,201301110000
40431,2.69,201301110000
40432,2.55,201301110000
40442,2.28,201301110000
40447,2.78,201301110000
40448,1.08,201301110000
40451,0.72,201301110000
40457,2.72,201301110000
40500,2.52,201301110000
40512,1.06,201301110000
40518,0.92,201301110000
40519,2.58,201301110000
40522,2.4,201301110000
40524,2.53,201301110000
40525,1.04,201301110000
40532,1.62,201301110000
40560,2.05,201301110000
40566,0.55,201301110000
40633,1.06,201301110000
40687,0.54,201301110000
40713,2.49,201301110000
40719,2.84,201301110000
40732,0.97,201301110000
40733,2.91,201301110000
40766,1.57,201301110000
40810,1.69,201301110000
40894,2.79,201301110000
40933,0.73,201301110000
40936,1.51,201301110000
40939,1.24,201301110000
40954,2.14,201301110000
40982,1.77,201301110000
41021,0.83,201301110000
41024,0.86,201301110000
41061,0.66,201301110000
41145,2.12,201301110000
41157,2.51,201301110000
41183,1.12,201301110000
41200,1.22,201301110000
41262,1.71,201301110000
41265,1.91,201301110000
41270,1.9,201301110000
41277,2.89,201301110000
41318,2.72,201301110000
41401,1.16,201301110000
41407,2.01,201301110000
41437,1.72,201301110000
41459,1.52,201301110000
41465,1.69,201301110000
41469,1.64,201301110000
41508,1.84,201301110000
41520,2.07,201301110000
41522,1.65,201301110000
41526,1.82,201301110000
41532,2.22,201301110000
41558,2.99,201301110000
41635,2.31,201301110000
41653,1.76,201301110000
41658,1.62,201301110000
41692,2.53,201301110000
41696,1.06,201301110000
41764,0.68,201301110000
41772,2.27,201301110000
41893,1.48,201301110000
41904,2.11,201301110000
41905,1.5,201301110000
41936,2.63,201301110000
41941,1.46,201301110000
41958,0.88,201301110000
41990,1.59,201301110000
42023,1.55,201301110000
42026,0.91,201301110000
42029,0.85,201301110000
42074,2.63,201301110000
42085,1.86,201301110000
42095,1.02,201301110000
42147,2.9,201301110000
42160,1.53,201301110000
42200,1.27,201301110000
42213,2.68,201301110000
42267,2.74,201301110000
42271,2.83,201301110000
42274,0.72,201301110000
42283,2.63,201301110000
42291,1.48,201301110000
42342,1.36,201301110000
42411,0.51,201301110000
42438,2.62,201301110000
42454,2.47,201301110000
42471,2.48,201301110000
42478,2.49,201301110000
42487,0.93,201301110000
42503,1.31,201301110000
42514,0.71,201301110000
42521,1.59,201301110000
42533,1.01,201301110000
42644,2.28,201301110000
42661,1.99,201301110000
42695,2.82,201301110000
42744,0.67,201301110000
42750,2.4,201301110000
42846,1.99,201301110000
42905,0.79,201301110000
42912,2.59,201301110000
42939,1.64,201301110000
42940,0.74,201301110000
42944,1.84,201301110000
42949,2.86,201301110000
43011,1.99,201301110000
43021,2.27,201301110000
43030,1.56,201301110000
43151,2.34,201301110000
43160,2.91,201301110000
43162,1.15,201301110000
43213,0.6,201301110000
43220,1.19,201301110000
43261,0.87,201301110000
43412,2.26,201301110000
43413,1.22,201301110000
43440,1.31,201301110000
43443,0.54,201301110000
43449,0.71,201301110000
43483,1.29,201301110000
43484,0.73,201301110000
43494,1.33,201301110000
43518,2.32,201301110000
43523,1.08,201301110000
43526,2.65,201301110000
43530,0.88,201301110000
43571,1.24,201301110000
43642,1.06,201301110000
43662,2.91,201301110000
43738,1.48,201301110000
43760,2.21,201301110000
43779,0.93,201301110000
43914,2.61,201301110000
43957,0.64,201301110000
43980,2.91,201301110000
43984,1.82,201301110000
43992,2.43,201301110000
43995,1.28,201301110000
44002,2.07,201301110000
44039,2.82,201301110000
44194,2.22,201301110000
44197,1.24,201301110000
44204,1.39,201301110000
44215,1.57,201301110000
44226,3.0,201301110000
44247,0.74,201301110000
44255,1.57,201301110000
44282,2.53,201301110000
44284,0.57,201301110000
44356,2.78,201301110000
44470,0.64,201301110000
44486,1.43,201301110000
44503,2.41,201301110000
44504,2.55,201301110000
44510,1.64,201301110000
44517,0.85,201301110000
44534,1.19,201301110000
44578,1.28,201301110000
44666,2.69,201301110000
44694,2.54,201301110000
44697,0.75,201301110000
44716,1.17,201301110000
44724,2.55,201301110000
44743,0.68,201301110000
44755,2.58,201301110000
44756,0.91,201301110000
44757,2.15,201301110000
44758,2.59,201301110000
44786,1.51,201301110000
44787,2.71,201301110000
44911,2.41,201301110000
44963,2.35,201301110000
45005,1.02,201301110000
45006,2.53,201301110000
45007,1.42,201301110000
45008,0.79,201301110000
45039,1.91,201301110000
45114,2.41,201301110000
45168,2.54,201301110000
45200,1.62,201301110000
45203,2.6,201301110000
45208,1.21,201301110000
45237,1.51,201301110000
45254,2.37,201301110000
45256,2.47,201301110000
45258,2.69,201301110000
45261,1.6,201301110000
45265,0.79,201301110000
45266,0.62,201301110000
45401,2.11,201301110000
45479,1.11,201301110000
45502,1.19,201301110000
45507,1.04,201301110000
45509,1.8,201301110000
45526,2.58,201301110000
45538,2.33,201301110000
45582,2.18,201301110000
45661,2.5,201301110000
45701,0.88,201301110000
45703,2.84,201301110000
45716,0.52,201301110000
45720,2.01,201301110000
45725,1.17,201301110000
45735,1.23,201301110000
45747,1.36,201301110000
45766,2.34,201301110000
45793,1.05,201301110000
45795,2.46,201301110000
45919,1.88,201301110000
45948,0.57,201301110000
46008,1.6,201301110000
46036,2.72,201301110000
46041,2.43,201301110000
46052,0.74,201301110000
46074,0.64,201301110000
46145,0.92,201301110000
46202,2.31,201301110000
46209,2.65,201301110000
46242,1.21,201301110000
46265,1.44,201301110000
46372,0.5,201301110000
46384,0.83,201301110000
46455,2.51,201301110000
46508,1.18,201301110000
46523,2.95,201301110000
46538,2.42,201301110000
46565,2.13,201301110000
46574,1.11,201301110000
46626,2.06,201301110000
46700,2.98,201301110000
46738,1.29,201301110000
46770,2.53,201301110000
46778,2.65,201301110000
46787,1.42,201301110000
46803,1.02,201301110000
46954,2.57,201301110000
46964,2.65,201301110000
46972,1.99,201301110000
46976,1.44,201301110000
46981,0.88,201301110000
47011,1.33,201301110000
47015,2.03,201301110000
47047,0.54,201301110000
47253,0.87,201301110000
47288,2.54,201301110000
47295,1.41,201301110000
47342,0.6,201301110000
47454,0.73,201301110000
47535,1.38,201301110000
47543,1.81,201301110000
47705,0.62,201301110000
47709,2.11,201301110000
47711,2.92,201301110000
47758,1.69,201301110000
47806,1.13,201301110000
47889,1.67,201301110000
47926,2.19,201301110000
47968,2.92,201301110000
47972,1.27,201301110000
47977,2.68,201301110000
47982,1.92,201301110000
48032,0.62,201301110000
48209,1.89,201301110000
48239,2.32,201301110000
48244,2.72,201301110000
48278,2.83,201301110000
48420,0.57,201301110000
48427,1.68,201301110000
48499,1.76,201301110000
48503,2.63,201301110000
48552,2.92,201301110000
48584,1.23,201301110000
48713,2.35,201301110000
48759,2.48,201301110000
48848,0.82,201301110000
48898,2.37,201301110000
49017,1.16,201301110000
49049,0.6,201301110000
49229,0.7,201301110000
49241,2.49,201301110000
49472,1.07,201301110000
49483,2.0,201301110000
49542,2.99,201301110000
49555,0.97,201301110000
49679,1.38,201301110000
49750,2.52,201301110000
49760,0.92,201301110000
49777,0.67,201301110000
49968,1.18,201301110000
50053,1.42,201301110000
50103,1.69,201301110000
50180,2.88,201301110000
50285,0.65,201301110000
50430,2.54,201301110000
50470,1.06,201301110000
50494,2.85,201301110000
50511,2.11,201301110000
50549,1.14,201301110000
50680,1.81,201301110000
50682,1.27,201301110000
50731,1.75,201301110000
50812,1.7,201301110000
50872,2.24,201301110000
51029,0.61,201301110000
51046,1.49,201301110000
51053,2.61,201301110000
51056,2.33,201301110000
51162,2.32,201301110000
51177,2.08,201301110000
51182,2.51,201301110000
51228,2.37,201301110000
51258,2.55,201301110000
51430,2.21,201301110000
51431,1.11,201301110000
51432,1.61,201301110000
51520,0.84,201301110000
51681,1.45,201301110000
51682,1.41,201301110000
51725,2.12,201301110000
51790,0.57,201301110000
51832,2.88,201301110000
51857,1.75,201301110000
51931,2.49,201301110000
51932,2.91,201301110000
51986,2.55,201301110000
52003,2.68,201301110000
52182,2.43,201301110000
52244,2.05,201301110000
52259,1.64,201301110000
52280,0.87,201301110000
52319,1.8,201301110000
52473,1.5,201301110000
52518,0.91,201301110000
52631,1.97,201301110000
52679,1.89,201301110000
52729,0.83,201301110000
52811,2.82,201301110000
52983,2.21,201301110000
52988,1.79,201301110000
52993,2.77,201301110000
53000,2.78,201301110000
53016,0.96,201301110000
53027,1.94,201301110000
53072,2.79,201301110000
53090,1.46,201301110000
53177,1.28,201301110000
53178,1.89,201301110000
53381,1.14,201301110000
53427,2.67,201301110000
53429,1.33,201301110000
53761,1.93,201301110000
53774,1.28,201301110000
53797,1.91,201301110000
53810,1.53,201301110000
53822,0.64,201301110000
53864,1.97,201301110000
53927,1.86,201301110000
54038,2.23,201301110000
54071,1.84,201301110000
54234,2.72,201301110000
54281,2.66,201301110000
54284,1.33,201301110000
54327,1.16,201301110000
54334,2.76,201301110000
54349,2.52,201301110000
54427,2.22,201301110000
54503,0.52,201301110000
54510,1.53,201301110000
54520,1.15,201301110000
54550,2.04,201301110000
54578,0.68,201301110000
54678,2.0,201301110000
54828,1.67,201301110000
54983,1.9,201301110000
54996,1.17,201301110000
55070,0.66,201301110000
55329,2.08,201301110000
55331,0.91,201301110000
55535,0.58,201301110000
55633,1.48,201301110000
55680,2.37,201301110000
55761,0.84,201301110000
55831,1.27,201301110000
55832,0.61,201301110000
55838,1.79,201301110000
55845,2.49,201301110000
56106,1.58,201301110000
56493,2.77,201301110000
56571,0.54,201301110000
56586,1.86,201301110000
56587,2.06,201301110000
56591,2.31,201301110000
56738,2.24,201301110000
56835,0.53,201301110000
56882,2.76,201301110000
56887,0.87,201301110000
56888,0.96,201301110000
56933,2.69,201301110000
56934,2.99,201301110000
57042,2.64,201301110000
57062,1.41,201301110000
57189,2.11,201301110000
57261,1.06,201301110000
57329,0.51,201301110000
57342,1.88,201301110000
57376,1.49,201301110000
57378,1.84,201301110000
57380,2.93,201301110000
57397,1.25,201301110000
57440,1.65,201301110000
57495,1.81,201301110000
57523,2.1,201301110000
57555,2.5,201301110000
57597,1.69,201301110000
57613,1.82,201301110000
57615,2.72,201301110000
57628,2.77,201301110000
57631,0.76,201301110000
57823,0.86,201301110000
57837,1.52,201301110000
57851,1.14,201301110000
57852,2.83,201301110000
57906,2.01,201301110000
58179,1.27,201301110000
58251,1.84,201301110000
58421,2.18,201301110000
58511,2.52,201301110000
58632,1.33,201301110000
58744,2.63,201301110000
58802,1.14,201301110000
58814,1.39,201301110000
58879,1.56,201301110000
58892,2.29,201301110000
59010,1.96,201301110000
59043,1.38,201301110000
59104,2.85,201301110000
59125,2.64,201301110000
59134,1.17,201301110000
59285,1.95,201301110000
59329,2.45,201301110000
59555,1.51,201301110000
59635,2.29,201301110000
59745,1.31,201301110000
59927,0.74,201301110000
59941,0.73,201301110000
60008,0.64,201301110000
60011,1.98,201301110000
60114,2.86,201301110000
60141,1.7,201301110000
60147,0.8,201301110000
60331,1.94,201301110000
60344,0.61,201301110000
60350,0.78,201301110000
60578,1.93,201301110000
60593,0.69,201301110000
60613,2.77,201301110000
60630,1.04,201301110000
60635,1.6,201301110000
60649,1.84,201301110000
60750,1.41,201301110000
60774,2.68,201301110000
60819,0.78,201301110000
60880,2.31,201301110000
60888,0.98,201301110000
61062,2.76,201301110000
61110,2.53,201301110000
61263,0.58,201301110000
61343,2.84,201301110000
61591,1.96,201301110000
61597,0.59,201301110000
61654,2.21,201301110000
61818,1.22,201301110000
62077,0.85,201301110000
62104,1.61,201301110000
62135,0.65,201301110000
62140,2.56,201301110000
62252,1.49,201301110000
62558,1.28,201301110000
62589,1.8,201301110000
62757,1.99,201301110000
62772,2.67,201301110000
62850,1.32,201301110000
62926,2.87,201301110000
62948,2.65,201301110000
63044,2.87,201301110000
63153,2.82,201301110000
63383,1.27,201301110000
63397,2.0,201301110000
63398,2.32,201301110000
63407,1.97,201301110000
63574,1.0,201301110000
63586,0.82,201301110000
63816,2.99,201301110000
64102,1.33,201301110000
64150,0.65,201301110000
64200,1.94,201301110000
64515,0.91,201301110000
64529,2.11,201301110000
64573,2.05,201301110000
64581,1.06,201301110000
64815,1.05,201301110000
64915,2.31,201301110000
65059,0.9,201301110000
65144,1.0,201301110000
65320,0.68,201301110000
65375,0.77,201301110000
65454,1.75,201301110000
65528,1.17,201301110000
65607,2.49,201301110000
65774,2.31,201301110000
65838,1.62,201301110000
66068,1.52,201301110000
66084,0.74,201301110000
66151,0.8,201301110000
66353,1.48,201301110000
66538,0.94,201301110000
66575,1.3,201301110000
66637,2.7,201301110000
66827,1.95,201301110000
66870,2.36,201301110000
67110,2.48,201301110000
67207,0.71,201301110000
67335,1.97,201301110000
67385,1.79,201301110000
67599,1.86,201301110000
67601,1.88,201301110000
67602,0.56,201301110000
67698,2.78,201301110000
67824,1.64,201301110000
67842,1.01,201301110000
67854,2.75,201301110000
67855,1.36,201301110000
67918,0.57,201301110000
68103,1.56,201301110000
68104,2.0,201301110000
68110,2.11,201301110000
68111,2.99,201301110000
68349,2.87,201301110000
68354,0.75,201301110000
68356,2.75,201301110000
68454,1.68,201301110000
68455,2.67,201301110000
68587,2.95,201301110000
68857,1.0,201301110000
68858,1.33,201301110000
68897,2.09,201301110000
68924,0.75,201301110000
68930,0.68,201301110000
69106,2.1,201301110000
69190,2.77,201301110000
69206,1.01,201301110000
69359,0.79,201301110000
69371,0.91,201301110000
69455,1.56,201301110000
69582,0.64,201301110000
69613,2.7,201301110000
69676,2.04,201301110000
70115,0.66,201301110000
70132,1.8,201301110000
70181,0.94,201301110000
70342,1.32,201301110000
70352,1.05,201301110000
70360,2.59,201301110000
70374,2.71,201301110000
70440,1.6,201301110000
70462,2.7,201301110000
70619,2.87,201301110000
70659,0.85,201301110000
70715,1.51,201301110000
70903,1.78,201301110000
70934,0.96,201301110000
70961,1.26,201301110000
71122,1.81,201301110000
71187,1.67,201301110000
71399,2.51,201301110000
71601,2.16,201301110000
71629,2.27,201301110000
71888,1.22,201301110000
71961,2.72,201301110000
71964,1.04,201301110000
72201,2.17,201301110000
72218,1.17,201301110000
72345,1.53,201301110000
72367,1.0,201301110000
72407,2.67,201301110000
72416,2.51,201301110000
72706,2.26,201301110000
72894,2.06,201301110000
73104,2.21,201301110000
73135,0.71,201301110000
73211,1.64,201301110000
73223,1.15,201301110000
73451,2.9,201301110000
73460,1.66,201301110000
73461,0.85,201301110000
73557,2.46,201301110000
73669,1.31,201301110000
74158,2.24,201301110000
74216,2.49,201301110000
74388,2.88,201301110000
74396,1.59,201301110000
74466,2.67,201301110000
74467,2.68,201301110000
74638,2.64,201301110000
74677,2.17,201301110000
74678,1.79,201301110000
74711,1.26,201301110000
74721,0.62,201301110000
74962,1.44,201301110000
74968,2.24,201301110000
74973,0.63,201301110000
75224,0.9,201301110000
75329,1.17,201301110000
75386,2.23,201301110000
75424,2.8,201301110000
75436,0.79,201301110000
75475,2.45,201301110000
75619,0.59,201301110000
75721,0.6,201301110000
75722,2.67,201301110000
75724,2.59,201301110000
75725,0.95,201301110000
75726,2.24,201301110000
75727,1.41,201301110000
75974,0.9,201301110000
75975,1.92,201301110000
76133,1.95,201301110000
76227,1.52,201301110000
76393,0.99,201301110000
76473,2.64,201301110000
76477,2.23,201301110000
76654,2.99,201301110000
76728,2.09,201301110000
76959,2.34,201301110000
77169,2.78,201301110000
77230,1.88,201301110000
77381,2.69,201301110000
77458,1.39,201301110000
77641,1.4,201301110000
77942,1.01,201301110000
77981,0.7,201301110000
78205,2.42,201301110000
78418,0.81,201301110000
78654,2.78,201301110000
78733,1.78,201301110000
78881,0.8,201301110000
78896,0.78,201301110000
78909,2.82,201301110000
78983,1.03,201301110000
79234,0.57,201301110000
79379,2.4,201301110000
79394,2.37,201301110000
79484,1.33,201301110000
79712,2.66,201301110000
79911,2.83,201301110000
79915,2.99,201301110000
80160,2.75,201301110000
80161,0.94,201301110000
80193,1.96,201301110000
80352,1.67,201301110000
80397,1.62,201301110000
80406,1.47,201301110000
80411,0.51,201301110000
80412,1.18,201301110000
80413,2.4,201301110000
80420,0.81,201301110000
80485,2.51,201301110000
80635,1.89,201301110000
80659,1.79,201301110000
80663,1.17,201301110000
80664,1.63,201301110000
80703,0.89,201301110000
80877,2.95,201301110000
80916,0.97,201301110000
81163,1.02,201301110000
81164,1.73,201301110000
81354,2.71,201301110000
81363,1.27,201301110000
81390,0.87,201301110000
81625,0.62,201301110000
81651,2.49,201301110000
81899,2.28,201301110000
82135,2.35,201301110000
82168,1.82,201301110000
82169,0.93,201301110000
82237,2.92,201301110000
82613,1.65,201301110000
82622,1.64,201301110000
82664,2.82,201301110000
82892,2.47,201301110000
82951,2.05,201301110000
83410,2.42,201301110000
83489,2.55,201301110000
83735,1.21,201301110000
83865,0.58,201301110000
84123,0.91,201301110000
84179,2.34,201301110000
84207,2.85,201301110000
84212,0.57,201301110000
84221,1.76,201301110000
84366,2.0,201301110000
84689,2.12,201301110000
84712,1.36,201301110000
84902,1.47,201301110000
85474,1.55,201301110000
85487,2.15,201301110000
85620,1.19,201301110000
85705,2.76,201301110000
85715,1.4,201301110000
85738,1.12,201301110000
86440,2.29,201301110000
86622,0.73,201301110000
86623,2.3,201301110000
86672,1.5,201301110000
86873,2.84,201301110000
86895,1.58,201301110000
87121,0.75,201301110000
87227,1.93,201301110000
87460,2.04,201301110000
87690,2.53,201301110000
87873,1.76,201301110000
88242,1.73,201301110000
88463,1.39,201301110000
89120,0.85,201301110000
89152,1.4,201301110000
89175,2.88,201301110000
89198,0.61,201301110000
89615,2.79,201301110000
89625,2.54,201301110000
90116,2.25,201301110000
90183,1.08,201301110000
90497,2.37,201301110000
90699,1.39,201301110000
90719,1.67,201301110000
91200,2.72,201301110000
91432,1.52,201301110000
91434,2.57,201301110000
91684,1.76,201301110000
91713,1.06,201301110000
91744,1.95,201301110000
92233,0.61,201301110000
93205,1.41,201301110000
93244,0.63,201301110000
93252,2.88,201301110000
93463,0.74,201301110000
93675,2.29,201301110000
93944,2.0,201301110000
94431,2.98,201301110000
94710,1.26,201301110000
94755,1.67,201301110000
94997,2.28,201301110000
95000,2.98,201301110000
95707,0.95,201301110000
95949,0.77,201301110000
95998,0.67,201301110000
96188,1.67,201301110000
96225,2.58,201301110000
96249,1.68,201301110000
96468,2.38,201301110000
96486,1.39,201301110000
96718,2.32,201301110000
96972,2.07,201301110000
96995,2.38,201301110000
97251,2.55,201301110000
97440,2.15,201301110000
97471,2.18,201301110000
97969,1.52,201301110000
97990,2.21,201301110000
98224,2.39,201301110000
98229,0.9,201301110000
98450,1.66,201301110000
98475,1.42,201301110000
98739,2.71,201301110000
99256,1.81,201301110000
99468,2.01,201301110000
99730,1.91,201301110000
101215,1.02,201301110000
101911,1.1,201301110000
101912,1.2,201301110000
101989,2.34,201301110000
102999,1.07,201301110000
103242,1.97,201301110000
103431,2.04,201301110000
104177,0.65,201301110000
104221,2.22,201301110000
104239,1.35,201301110000
104701,0.68,201301110000
104984,1.98,201301110000
105196,2.17,201301110000
105219,2.67,201301110000
105460,2.91,201301110000
105461,2.14,201301110000
105481,2.19,201301110000
105489,2.46,201301110000
105709,0.76,201301110000
105710,2.23,201301110000
105711,2.42,201301110000
105712,0.69,201301110000
105713,2.69,201301110000
105715,2.38,201301110000
105726,1.05,201301110000
105727,0.98,201301110000
105736,2.07,201301110000
105960,1.0,201301110000
105961,2.32,201301110000
105962,2.53,201301110000
105963,0.87,201301110000
105964,1.64,201301110000
105975,1.29,201301110000
106195,1.26,201301110000
106213,0.73,201301110000
106214,2.12,201301110000
106215,2.76,201301110000
106221,0.72,201301110000
106231,2.72,201301110000
106232,0.95,201301110000
106234,2.61,201301110000
106235,2.58,201301110000
106237,2.11,201301110000
106446,2.59,201301110000
106447,1.86,201301110000
106462,2.53,201301110000
106463,1.18,201301110000
106465,1.02,201301110000
106466,1.31,201301110000
106467,2.72,201301110000
106480,2.98,201301110000
106712,1.81,201301110000
106717,2.21,201301110000
106718,2.61,201301110000
106741,2.77,201301110000
106958,2.14,201301110000
106964,0.98,201301110000
106965,2.67,201301110000
106966,1.43,201301110000
106967,1.3,201301110000
106971,1.03,201301110000
106983,0.83,201301110000
106997,1.56,201301110000
107200,1.43,201301110000
107212,2.19,201301110000
107219,1.33,201301110000
107240,1.36,201301110000
107460,1.09,201301110000
107465,1.43,201301110000
107466,0.86,201301110000
107468,1.51,201301110000
107491,1.6,201301110000
107711,0.57,201301110000
107725,1.0,201301110000
107726,1.89,201301110000
107954,2.32,201301110000
107966,0.69,201301110000
107971,2.39,201301110000
107979,1.7,201301110000
107993,2.19,201301110000
108205,1.08,201301110000
108211,1.91,201301110000
108214,1.11,201301110000
108215,2.65,201301110000
108217,0.54,201301110000
108219,1.2,201301110000
108220,1.59,201301110000
108222,0.68,201301110000
108225,1.77,201301110000
108230,1.37,201301110000
108454,1.88,201301110000
108463,2.28,201301110000
108499,2.7,201301110000
108717,2.33,201301110000
108722,1.19,201301110000
108724,0.86,201301110000
108733,2.39,201301110000
108968,0.69,201301110000
108975,1.25,201301110000
108984,1.55,201301110000
108985,0.73,201301110000
109216,1.89,201301110000
109219,0.67,201301110000
109222,0.81,201301110000
109227,0.95,201301110000
109231,1.55,201301110000
109236,2.87,201301110000
109245,1.91,201301110000
109473,2.89,201301110000
109487,0.91,201301110000
109494,0.67,201301110000
109495,2.73,201301110000
109496,1.04,201301110000
109497,1.72,201301110000
109742,0.96,201301110000
109744,2.92,201301110000
109748,1.52,201301110000
109750,0.98,201301110000
109980,1.7,201301110000
109991,2.54,201301110000
109994,2.56,201301110000
109998,1.57,201301110000
110001,0.72,201301110000
110243,1.44,201301110000
110247,1.43,201301110000
110249,1.22,201301110000
110251,0.85,201301110000
110253,2.47,201301110000
110254,2.15,201301110000
