cell,mobility,dtg
1610,2.51,201301240800
1846,2.11,201301240800
1851,1.38,201301240800
1853,0.55,201301240800
1856,1.19,201301240800
1857,1.49,201301240800
2103,0.81,201301240800
2105,0.94,201301240800
2106,2.88,201301240800
2107,2.98,201301240800
2114,1.23,201301240800
2342,1.64,201301240800
2347,2.78,201301240800
2351,2.28,201301240800
2354,2.54,201301240800
2357,1.94,201301240800
2372,1.1,201301240800
2374,0.83,201301240800
2591,0.71,201301240800
2595,2.01,201301240800
2605,2.19,201301240800
2611,0.7,201301240800
2615,1.2,201301240800
2620,0.83,201301240800
2627,1.13,201301240800
2839,2.55,201301240800
2847,2.33,201301240800
3086,0.53,201301240800
3094,2.4,201301240800
3100,2.51,201301240800
3124,0.59,201301240800
3128,0.79,201301240800
3334,0.93,201301240800
3337,2.29,201301240800
3375,1.93,201301240800
3614,2.21,201301240800
3619,1.72,201301240800
3632,0.83,201301240800
3635,0.75,201301240800
3830,1.35,201301240800
3831,1.09,201301240800
3833,2.18,201301240800
3837,0.96,201301240800
3845,2.12,201301240800
3856,2.47,201301240800
3860,1.27,201301240800
3865,1.84,201301240800
4078,1.15,201301240800
4081,2.62,201301240800
4137,1.65,201301240800
4141,1.35,201301240800
4142,1.16,201301240800
4328,0.81,201301240800
4329,2.28,201301240800
4341,2.73,201301240800
4345,0.78,201301240800
4348,2.75,201301240800
4354,1.78,201301240800
4372,1.71,201301240800
4577,2.61,201301240800
4578,2.74,201301240800
4580,2.72,201301240800
4582,0.72,201301240800
4605,1.19,201301240800
4608,0.69,201301240800
4631,1.25,201301240800
4636,1.02,201301240800
4637,0.84,201301240800
4829,0.75,201301240800
4830,0.98,201301240800
4831,1.22,201301240800
4834,1.0,201301240800
4837,1.5,201301240800
4852,2.63,201301240800
4863,0.9,201301240800
4868,0.67,201301240800
4890,1.74,201301240800
4891,0.53,201301240800
5078,1.43,201301240800
5081,1.44,201301240800
5084,1.63,201301240800
5127,0.53,201301240800
5153,0.81,201301240800
5327,2.84,201301240800
5329,2.18,201301240800
5333,0.77,201301240800
5334,1.88,201301240800
5339,2.69,201301240800
5369,0.84,201301240800
5402,1.51,201301240800
5410,2.85,201301240800
5577,2.31,201301240800
5581,0.67,201301240800
5592,2.2,201301240800
5612,1.33,201301240800
5623,2.38,201301240800
5876,2.64,201301240800
5893,2.52,201301240800
5898,0.51,201301240800
6078,1.45,201301240800
6118,0.52,201301240800
6136,0.91,201301240800
6158,2.71,201301240800
6159,0.65,201301240800
6333,1.03,201301240800
6353,2.78,201301240800
6365,2.6,201301240800
6366,1.62,201301240800
6414,0.65,201301240800
6588,1.32,201301240800
6609,2.67,201301240800
6635,1.26,201301240800
6668,2.68,201301240800
6841,0.78,201301240800
6849,1.45,201301240800
6896,2.35,201301240800
6924,2.51,201301240800
6928,2.49,201301240800
6935,2.41,201301240800
6939,2.1,201301240800
7077,0.6,201301240800
7078,0.74,201301240800
7085,2.68,201301240800
7088,0.96,201301240800
7113,0.95,201301240800
7114,2.96,201301240800
7129,2.08,201301240800
7133,2.57,201301240800
7165,1.69,201301240800
7192,2.95,201301240800
7354,1.85,201301240800
7375,0.59,201301240800
7379,1.78,201301240800
7401,2.31,201301240800
7410,0.99,201301240800
7436,2.11,201301240800
7584,0.51,201301240800
7646,0.52,201301240800
7849,2.99,201301240800
7871,2.96,201301240800
7927,0.7,201301240800
7948,1.59,201301240800
8080,2.81,201301240800
8170,2.66,201301240800
8182,0.67,201301240800
8195,1.12,201301240800
8342,0.83,201301240800
8582,1.44,201301240800
8602,1.55,201301240800
8609,1.68,201301240800
8638,2.79,201301240800
8656,2.72,201301240800
8830,1.06,201301240800
8839,1.33,201301240800
8876,2.0,201301240800
8897,1.17,201301240800
8912,0.72,201301240800
8918,0.89,201301240800
8929,2.78,201301240800
8940,1.5,201301240800
8954,0.93,201301240800
9140,1.2,201301240800
9333,1.21,201301240800
9468,2.79,201301240800
9473,1.18,201301240800
9589,2.41,201301240800
9601,0.96,201301240800
9607,1.52,201301240800
9658,1.86,201301240800
9724,1.72,201301240800
9833,2.54,201301240800
10084,1.74,201301240800
10089,1.04,201301240800
10096,1.88,201301240800
10144,1.77,201301240800
10170,1.78,201301240800
10181,2.29,201301240800
10189,1.52,201301240800
10201,1.38,201301240800
10334,1.55,201301240800
10335,1.42,201301240800
10383,1.46,201301240800
10414,2.48,201301240800
10444,1.41,201301240800
10458,2.03,201301240800
10477,0.86,201301240800
10586,1.27,201301240800
10601,0.54,201301240800
10609,1.33,201301240800
10616,1.39,201301240800
10633,1.49,201301240800
10655,1.31,201301240800
10665,2.34,201301240800
10681,1.81,201301240800
10717,1.08,201301240800
10835,1.9,201301240800
10837,2.57,201301240800
10847,1.49,201301240800
10903,1.57,201301240800
10911,1.58,201301240800
10918,0.83,201301240800
10973,3.0,201301240800
11087,1.84,201301240800
11092,1.39,201301240800
11128,1.68,201301240800
11222,1.04,201301240800
11223,0.54,201301240800
11225,2.79,201301240800
11238,0.61,201301240800
11361,0.92,201301240800
11393,0.52,201301240800
11424,2.16,201301240800
11601,1.07,201301240800
11682,0.96,201301240800
11704,2.4,201301240800
11858,0.99,201301240800
11884,1.6,201301240800
11901,1.45,201301240800
11946,2.02,201301240800
11960,1.09,201301240800
11972,1.31,201301240800
12089,0.76,201301240800
12090,1.38,201301240800
12096,2.72,201301240800
12120,1.71,201301240800
12157,2.54,201301240800
12230,2.93,201301240800
12383,1.1,201301240800
12431,1.97,201301240800
12601,1.33,201301240800
12625,2.87,201301240800
12632,1.48,201301240800
12842,0.5,201301240800
12875,0.8,201301240800
12901,0.54,201301240800
12913,1.34,201301240800
12933,0.54,201301240800
12934,1.37,201301240800
12985,2.28,201301240800
13099,2.38,201301240800
13114,1.87,201301240800
13150,1.93,201301240800
13175,0.56,201301240800
13183,0.8,201301240800
13222,0.61,201301240800
13358,2.89,201301240800
13444,2.44,201301240800
13455,1.98,201301240800
13456,1.98,201301240800
13670,2.87,201301240800
13694,1.52,201301240800
13845,2.68,201301240800
13849,0.83,201301240800
14011,1.85,201301240800
14095,1.42,201301240800
14133,2.74,201301240800
14161,0.86,201301240800
14167,1.45,201301240800
14184,2.69,201301240800
14241,1.31,201301240800
14255,1.97,201301240800
14349,2.35,201301240800
14350,1.92,201301240800
14375,0.59,201301240800
14452,2.94,201301240800
14475,1.32,201301240800
14620,0.76,201301240800
14673,0.69,201301240800
14745,0.83,201301240800
14859,0.99,201301240800
14936,2.53,201301240800
14995,2.26,201301240800
15097,2.35,201301240800
15098,0.79,201301240800
15246,1.05,201301240800
15349,0.85,201301240800
15440,2.77,201301240800
15600,0.99,201301240800
15656,2.35,201301240800
15672,1.49,201301240800
15699,0.6,201301240800
15714,1.85,201301240800
15725,2.96,201301240800
15744,2.63,201301240800
15849,2.78,201301240800
15850,1.7,201301240800
15851,0.77,201301240800
15853,2.38,201301240800
15871,1.47,201301240800
16100,1.19,201301240800
16105,2.27,201301240800
16114,2.45,201301240800
16171,0.96,201301240800
16184,0.73,201301240800
16400,2.04,201301240800
16414,1.68,201301240800
16601,1.95,201301240800
16604,2.15,201301240800
16625,0.67,201301240800
16670,1.95,201301240800
16853,1.87,201301240800
16868,2.8,201301240800
16932,1.86,201301240800
17232,0.91,201301240800
17355,2.53,201301240800
17358,0.87,201301240800
17367,2.07,201301240800
17635,0.77,201301240800
17673,1.4,201301240800
17681,1.24,201301240800
17884,1.72,201301240800
17984,2.99,201301240800
18108,2.93,201301240800
18115,0.89,201301240800
18118,0.66,201301240800
18123,1.25,201301240800
18139,2.8,201301240800
18154,1.84,201301240800
18160,2.78,201301240800
18177,2.32,201301240800
18185,2.16,201301240800
18383,1.48,201301240800
18404,1.55,201301240800
18427,1.62,201301240800
18466,2.71,201301240800
18616,2.58,201301240800
18629,2.63,201301240800
18861,1.76,201301240800
18866,2.83,201301240800
18925,1.75,201301240800
19110,0.86,201301240800
19112,1.26,201301240800
19114,2.41,201301240800
19122,2.46,201301240800
19360,2.16,201301240800
19443,1.87,201301240800
19481,1.56,201301240800
19611,2.29,201301240800
19612,1.77,201301240800
19618,2.59,201301240800
19633,2.05,201301240800
19678,1.04,201301240800
19878,2.08,201301240800
19913,1.61,201301240800
20113,2.36,201301240800
20114,1.55,201301240800
20116,0.93,201301240800
20170,1.41,201301240800
20363,0.95,201301240800
20387,0.88,201301240800
20396,2.39,201301240800
20436,1.4,201301240800
20616,1.65,201301240800
20621,2.65,201301240800
20628,0.87,201301240800
20651,2.5,201301240800
20671,1.4,201301240800
20682,1.82,201301240800
20864,2.63,201301240800
20882,1.46,201301240800
20931,1.19,201301240800
20995,2.85,201301240800
21115,1.31,201301240800
21118,1.89,201301240800
21201,0.8,201301240800
21373,2.39,201301240800
21377,1.79,201301240800
21392,0.95,201301240800
21407,2.34,201301240800
21428,0.56,201301240800
21448,1.68,201301240800
21617,1.2,201301240800
21619,2.86,201301240800
21639,2.38,201301240800
21658,2.32,201301240800
21663,2.47,201301240800
21701,1.08,201301240800
21721,0.98,201301240800
21868,1.16,201301240800
21871,1.95,201301240800
21999,2.85,201301240800
22126,1.52,201301240800
22133,1.51,201301240800
22174,2.05,201301240800
22176,1.89,201301240800
22205,1.2,201301240800
22368,2.42,201301240800
22395,0.53,201301240800
22419,2.93,201301240800
22420,0.67,201301240800
22421,2.0,201301240800
22422,0.63,201301240800
22619,2.89,201301240800
22630,2.4,201301240800
22634,1.51,201301240800
22671,1.73,201301240800
22673,1.09,201301240800
22700,2.24,201301240800
22751,0.66,201301240800
22768,1.8,201301240800
22869,0.76,201301240800
22877,2.97,201301240800
22928,0.59,201301240800
22940,2.16,201301240800
22955,0.98,201301240800
22963,2.01,201301240800
22966,2.69,201301240800
23120,2.64,201301240800
23124,1.74,201301240800
23125,2.96,201301240800
23131,1.29,201301240800
23138,1.09,201301240800
23169,1.55,201301240800
23194,1.17,201301240800
23216,1.31,201301240800
23370,1.15,201301240800
23371,2.05,201301240800
23379,2.4,201301240800
23386,2.06,201301240800
23388,2.64,201301240800
23427,2.68,201301240800
23621,2.18,201301240800
23627,2.87,201301240800
23635,1.2,201301240800
23641,2.54,201301240800
23662,2.62,201301240800
23669,2.3,201301240800
23690,2.94,201301240800
23744,2.7,201301240800
23750,1.19,201301240800
23872,1.69,201301240800
23873,1.43,201301240800
23875,1.0,201301240800
23881,1.71,201301240800
23894,1.9,201301240800
23896,2.65,201301240800
23907,1.19,201301240800
23925,2.9,201301240800
23973,0.78,201301240800
24005,1.94,201301240800
24009,0.86,201301240800
24032,2.23,201301240800
24122,1.19,201301240800
24123,1.07,201301240800
24149,2.19,201301240800
24247,2.59,201301240800
24251,2.05,201301240800
24265,0.5,201301240800
24266,2.46,201301240800
24373,1.34,201301240800
24374,2.3,201301240800
24380,1.84,201301240800
24381,0.57,201301240800
24383,0.65,201301240800
24387,0.82,201301240800
24402,2.06,201301240800
24405,0.9,201301240800
24423,2.82,201301240800
24623,2.76,201301240800
24626,1.82,201301240800
24643,2.25,201301240800
24732,0.85,201301240800
24734,2.08,201301240800
24739,2.38,201301240800
24774,0.63,201301240800
24775,2.56,201301240800
24781,2.57,201301240800
24837,2.04,201301240800
24874,2.94,201301240800
24877,2.63,201301240800
24879,2.22,201301240800
24880,1.77,201301240800
24895,1.68,201301240800
24920,2.48,201301240800
24990,1.8,201301240800
24991,1.82,201301240800
24993,1.78,201301240800
25124,2.68,201301240800
25125,2.87,201301240800
25126,2.51,201301240800
25129,1.72,201301240800
25130,1.65,201301240800
25132,1.88,201301240800
25136,1.93,201301240800
25138,1.75,201301240800
25141,1.45,201301240800
25179,0.64,201301240800
25187,1.85,201301240800
25375,2.23,201301240800
25376,0.91,201301240800
25377,1.98,201301240800
25379,1.09,201301240800
25385,0.52,201301240800
25395,1.27,201301240800
25400,1.73,201301240800
25405,1.94,201301240800
25412,1.64,201301240800
25427,1.53,201301240800
25626,2.42,201301240800
25627,2.84,201301240800
25628,1.5,201301240800
25629,2.19,201301240800
25632,2.05,201301240800
25633,0.7,201301240800
25642,1.25,201301240800
25715,1.74,201301240800
25747,1.08,201301240800
25763,0.94,201301240800
25876,1.42,201301240800
25877,2.77,201301240800
25878,2.35,201301240800
25881,2.89,201301240800
25882,0.61,201301240800
25886,1.09,201301240800
25888,1.93,201301240800
25926,2.9,201301240800
25997,2.72,201301240800
26005,1.5,201301240800
26035,1.64,201301240800
26127,2.68,201301240800
26129,1.79,201301240800
26130,0.77,201301240800
26133,2.41,201301240800
26135,2.31,201301240800
26136,2.99,201301240800
26138,2.49,201301240800
26139,2.79,201301240800
26141,1.45,201301240800
26148,0.73,201301240800
26168,1.17,201301240800
26378,0.78,201301240800
26379,2.23,201301240800
26380,1.33,201301240800
26381,2.4,201301240800
26382,1.03,201301240800
26383,2.16,201301240800
26385,2.83,201301240800
26386,0.92,201301240800
26387,1.37,201301240800
26389,1.43,201301240800
26391,0.96,201301240800
26392,1.41,201301240800
26393,1.21,201301240800
26396,2.88,201301240800
26403,1.67,201301240800
26408,0.94,201301240800
26427,0.8,201301240800
26450,1.54,201301240800
26492,1.61,201301240800
26546,2.68,201301240800
26563,1.91,201301240800
26564,1.86,201301240800
26628,0.76,201301240800
26629,1.63,201301240800
26630,0.93,201301240800
26631,2.96,201301240800
26633,1.36,201301240800
26634,1.84,201301240800
26656,0.62,201301240800
26674,2.56,201301240800
26708,2.49,201301240800
26752,2.0,201301240800
26754,2.6,201301240800
26755,1.81,201301240800
26782,2.94,201301240800
26846,2.98,201301240800
26879,1.95,201301240800
26880,1.39,201301240800
26881,1.44,201301240800
26882,1.14,201301240800
26883,2.61,201301240800
26884,0.88,201301240800
26885,2.69,201301240800
26886,0.99,201301240800
26887,2.69,201301240800
26889,2.22,201301240800
26890,2.94,201301240800
26891,2.42,201301240800
26892,1.3,201301240800
26893,1.66,201301240800
26894,1.06,201301240800
26895,0.91,201301240800
26897,2.46,201301240800
26905,1.84,201301240800
26938,0.88,201301240800
26964,0.58,201301240800
27006,1.36,201301240800
27042,2.69,201301240800
27098,1.36,201301240800
27130,2.63,201301240800
27131,1.91,201301240800
27132,2.83,201301240800
27133,1.83,201301240800
27134,2.52,201301240800
27135,0.91,201301240800
27136,1.74,201301240800
27137,0.83,201301240800
27138,2.78,201301240800
27142,2.49,201301240800
27143,1.79,201301240800
27145,2.58,201301240800
27148,1.91,201301240800
27149,1.26,201301240800
27152,1.7,201301240800
27155,1.56,201301240800
27175,2.63,201301240800
27209,1.43,201301240800
27247,1.65,201301240800
27381,1.85,201301240800
27382,0.92,201301240800
27383,2.2,201301240800
27384,1.72,201301240800
27386,1.8,201301240800
27387,1.79,201301240800
27388,0.74,201301240800
27389,1.89,201301240800
27390,2.91,201301240800
27392,2.28,201301240800
27395,1.49,201301240800
27404,2.38,201301240800
27415,1.62,201301240800
27427,1.62,201301240800
27489,1.46,201301240800
27494,0.98,201301240800
27498,0.9,201301240800
27518,1.24,201301240800
27632,2.24,201301240800
27633,1.42,201301240800
27634,2.09,201301240800
27635,1.58,201301240800
27636,2.06,201301240800
27637,2.8,201301240800
27638,0.57,201301240800
27639,2.52,201301240800
27640,1.67,201301240800
27642,1.9,201301240800
27643,1.15,201301240800
27645,2.8,201301240800
27646,1.28,201301240800
27647,0.96,201301240800
27649,1.32,201301240800
27654,1.95,201301240800
27763,1.17,201301240800
27764,0.57,201301240800
27796,0.98,201301240800
27797,1.51,201301240800
27883,2.13,201301240800
27884,1.49,201301240800
27885,1.38,201301240800
27886,2.05,201301240800
27887,2.36,201301240800
27888,1.62,201301240800
27889,2.08,201301240800
27890,1.68,201301240800
27891,0.72,201301240800
27892,1.58,201301240800
27894,2.92,201301240800
27895,1.65,201301240800
27897,2.98,201301240800
27902,1.1,201301240800
27908,2.78,201301240800
27911,2.96,201301240800
27930,2.86,201301240800
27971,0.58,201301240800
28004,1.33,201301240800
28015,0.52,201301240800
28049,2.55,201301240800
28102,2.76,201301240800
28134,2.35,201301240800
28135,2.1,201301240800
28136,1.52,201301240800
28137,2.61,201301240800
28138,0.55,201301240800
28139,2.14,201301240800
28140,1.38,201301240800
28142,2.12,201301240800
28143,0.69,201301240800
28144,1.51,201301240800
28146,0.77,201301240800
28154,2.9,201301240800
28156,2.74,201301240800
28216,2.36,201301240800
28239,2.83,201301240800
28384,0.57,201301240800
28385,2.35,201301240800
28386,2.41,201301240800
28387,1.84,201301240800
28388,1.78,201301240800
28389,0.74,201301240800
28390,0.98,201301240800
28391,0.75,201301240800
28392,2.2,201301240800
28393,2.64,201301240800
28394,2.39,201301240800
28396,1.19,201301240800
28397,1.3,201301240800
28400,2.34,201301240800
28401,2.66,201301240800
28405,2.9,201301240800
28427,1.23,201301240800
28467,1.23,201301240800
28496,0.56,201301240800
28497,2.01,201301240800
28519,2.77,201301240800
28535,2.72,201301240800
28539,1.25,201301240800
28545,0.83,201301240800
28557,1.28,201301240800
28635,1.94,201301240800
28636,1.83,201301240800
28637,1.12,201301240800
28638,1.52,201301240800
28639,2.35,201301240800
28640,2.64,201301240800
28641,2.75,201301240800
28642,2.81,201301240800
28643,0.69,201301240800
28644,2.83,201301240800
28645,2.88,201301240800
28646,2.82,201301240800
28649,2.58,201301240800
28658,1.5,201301240800
28667,2.62,201301240800
28675,1.67,201301240800
28751,1.81,201301240800
28753,2.47,201301240800
28754,2.51,201301240800
28788,1.25,201301240800
28812,1.91,201301240800
28823,1.57,201301240800
28886,1.23,201301240800
28887,1.5,201301240800
28888,1.22,201301240800
28889,1.81,201301240800
28890,1.41,201301240800
28891,0.5,201301240800
28892,1.4,201301240800
28893,2.08,201301240800
28894,1.9,201301240800
28895,0.64,201301240800
28896,2.55,201301240800
28897,2.09,201301240800
28899,1.94,201301240800
28900,2.0,201301240800
28901,2.61,201301240800
28902,2.7,201301240800
28905,0.8,201301240800
28912,2.42,201301240800
28960,1.45,201301240800
28969,2.32,201301240800
29004,2.3,201301240800
29012,2.83,201301240800
29026,2.94,201301240800
29068,1.76,201301240800
29076,2.12,201301240800
29088,2.64,201301240800
29094,2.27,201301240800
29136,0.56,201301240800
29137,2.82,201301240800
29138,2.49,201301240800
29139,2.71,201301240800
29140,1.42,201301240800
29141,1.8,201301240800
29142,2.2,201301240800
29143,1.64,201301240800
29144,2.44,201301240800
29146,2.13,201301240800
29147,1.21,201301240800
29148,0.51,201301240800
29149,1.89,201301240800
29151,1.0,201301240800
29158,1.13,201301240800
29165,2.26,201301240800
29171,2.19,201301240800
29190,2.46,201301240800
29247,0.69,201301240800
29387,0.75,201301240800
29388,1.67,201301240800
29389,1.89,201301240800
29390,2.68,201301240800
29391,2.71,201301240800
29392,2.88,201301240800
29393,1.74,201301240800
29394,1.08,201301240800
29395,0.73,201301240800
29396,2.22,201301240800
29397,2.85,201301240800
29398,1.08,201301240800
29399,0.54,201301240800
29401,0.79,201301240800
29402,0.79,201301240800
29403,1.07,201301240800
29405,1.72,201301240800
29409,2.71,201301240800
29425,0.89,201301240800
29429,2.47,201301240800
29495,0.62,201301240800
29498,1.53,201301240800
29533,1.2,201301240800
29556,2.52,201301240800
29638,1.36,201301240800
29639,0.98,201301240800
29640,1.89,201301240800
29641,2.78,201301240800
29642,1.02,201301240800
29643,2.96,201301240800
29644,2.6,201301240800
29645,1.44,201301240800
29648,1.54,201301240800
29649,2.18,201301240800
29650,1.91,201301240800
29654,1.77,201301240800
29663,2.95,201301240800
29670,2.39,201301240800
29710,1.03,201301240800
29730,2.71,201301240800
29733,2.55,201301240800
29736,1.62,201301240800
29766,2.94,201301240800
29891,1.79,201301240800
29892,0.76,201301240800
29893,1.52,201301240800
29894,2.85,201301240800
29895,0.75,201301240800
29896,0.8,201301240800
29897,2.74,201301240800
29898,2.65,201301240800
29900,1.87,201301240800
29903,0.62,201301240800
29906,1.39,201301240800
29909,2.14,201301240800
29912,0.81,201301240800
29917,2.29,201301240800
29925,2.45,201301240800
29966,2.36,201301240800
30021,1.94,201301240800
30026,2.41,201301240800
30036,2.65,201301240800
30142,0.87,201301240800
30143,0.91,201301240800
30144,1.89,201301240800
30145,3.0,201301240800
30146,2.71,201301240800
30147,2.2,201301240800
30148,0.69,201301240800
30152,0.59,201301240800
30154,2.11,201301240800
30157,0.83,201301240800
30158,1.74,201301240800
30181,1.41,201301240800
30242,2.23,201301240800
30243,1.31,201301240800
30244,1.84,201301240800
30261,2.54,201301240800
30300,1.58,201301240800
30322,2.18,201301240800
30393,1.17,201301240800
30394,1.66,201301240800
30395,0.55,201301240800
30396,2.93,201301240800
30397,2.66,201301240800
30398,2.26,201301240800
30400,1.02,201301240800
30401,1.27,201301240800
30403,2.75,201301240800
30407,2.48,201301240800
30410,1.99,201301240800
30420,2.9,201301240800
30430,0.89,201301240800
30434,2.99,201301240800
30439,2.64,201301240800
30481,2.12,201301240800
30489,2.17,201301240800
30494,1.25,201301240800
30495,2.57,201301240800
30496,0.75,201301240800
30645,2.34,201301240800
30646,1.8,201301240800
30647,0.72,201301240800
30648,1.18,201301240800
30649,1.4,201301240800
30650,2.92,201301240800
30651,0.74,201301240800
30652,0.67,201301240800
30653,2.85,201301240800
30654,1.17,201301240800
30661,1.02,201301240800
30664,2.16,201301240800
30666,2.83,201301240800
30669,1.18,201301240800
30673,1.18,201301240800
30683,0.86,201301240800
30745,2.84,201301240800
30750,2.61,201301240800
30777,0.81,201301240800
30780,0.63,201301240800
30812,1.52,201301240800
30897,0.6,201301240800
30898,1.81,201301240800
30899,2.35,201301240800
30900,2.29,201301240800
30901,1.04,201301240800
30902,0.57,201301240800
30903,1.21,201301240800
30904,1.26,201301240800
30908,2.28,201301240800
30909,2.48,201301240800
30912,2.5,201301240800
30913,0.52,201301240800
30928,1.3,201301240800
30953,1.67,201301240800
30979,2.85,201301240800
30994,0.93,201301240800
30995,2.43,201301240800
31027,1.62,201301240800
31028,2.48,201301240800
31029,1.59,201301240800
31082,1.44,201301240800
31148,1.77,201301240800
31149,2.57,201301240800
31150,1.19,201301240800
31151,0.98,201301240800
31152,1.58,201301240800
31156,2.56,201301240800
31157,2.63,201301240800
31161,1.82,201301240800
31166,2.77,201301240800
31172,1.59,201301240800
31274,0.89,201301240800
31281,2.96,201301240800
31369,1.66,201301240800
31398,1.98,201301240800
31401,2.36,201301240800
31407,0.88,201301240800
31408,2.41,201301240800
31409,1.84,201301240800
31410,2.15,201301240800
31413,1.85,201301240800
31419,1.05,201301240800
31427,2.83,201301240800
31457,1.39,201301240800
31466,2.44,201301240800
31651,2.8,201301240800
31652,0.93,201301240800
31656,0.81,201301240800
31660,0.88,201301240800
31663,1.74,201301240800
31666,2.04,201301240800
31675,0.91,201301240800
31738,1.38,201301240800
31754,1.07,201301240800
31782,1.6,201301240800
31903,2.6,201301240800
31904,1.09,201301240800
31905,0.76,201301240800
31906,1.68,201301240800
31908,2.17,201301240800
31912,1.3,201301240800
31921,2.11,201301240800
31928,1.39,201301240800
31949,2.9,201301240800
32028,2.05,201301240800
32032,1.51,201301240800
32045,2.85,201301240800
32150,1.04,201301240800
32155,1.46,201301240800
32157,1.25,201301240800
32161,2.29,201301240800
32162,1.81,201301240800
32167,2.9,201301240800
32169,1.91,201301240800
32175,0.98,201301240800
32182,2.81,201301240800
32185,1.57,201301240800
32195,2.93,201301240800
32235,1.1,201301240800
32404,1.41,201301240800
32405,1.8,201301240800
32410,1.54,201301240800
32411,2.97,201301240800
32415,1.91,201301240800
32449,2.72,201301240800
32490,0.55,201301240800
32558,1.41,201301240800
32622,2.35,201301240800
32656,1.76,201301240800
32658,2.04,201301240800
32660,1.03,201301240800
32662,2.91,201301240800
32668,2.28,201301240800
32682,1.09,201301240800
32697,2.03,201301240800
32712,2.11,201301240800
32729,2.22,201301240800
32739,1.83,201301240800
32742,1.95,201301240800
32744,1.58,201301240800
32802,1.56,201301240800
32834,1.72,201301240800
32905,1.83,201301240800
32907,2.07,201301240800
32912,2.5,201301240800
32916,2.54,201301240800
32922,2.61,201301240800
32924,2.21,201301240800
32926,2.43,201301240800
32929,2.79,201301240800
32977,1.27,201301240800
32978,1.15,201301240800
33154,1.47,201301240800
33158,1.51,201301240800
33160,2.38,201301240800
33165,0.84,201301240800
33170,1.53,201301240800
33186,1.26,201301240800
33286,2.96,201301240800
33405,0.93,201301240800
33409,0.66,201301240800
33412,0.62,201301240800
33418,2.78,201301240800
33420,2.34,201301240800
33424,1.73,201301240800
33435,1.17,201301240800
33442,1.86,201301240800
33519,2.31,201301240800
33594,0.79,201301240800
33656,0.91,201301240800
33659,1.82,201301240800
33662,0.94,201301240800
33664,1.06,201301240800
33666,2.39,201301240800
33669,2.48,201301240800
33673,2.07,201301240800
33675,2.66,201301240800
33694,0.6,201301240800
33724,1.63,201301240800
33742,2.51,201301240800
33812,1.86,201301240800
33909,2.37,201301240800
33911,1.95,201301240800
33912,1.73,201301240800
33913,1.11,201301240800
33922,2.57,201301240800
33923,0.83,201301240800
33924,2.37,201301240800
33931,0.81,201301240800
33935,0.69,201301240800
33986,2.51,201301240800
34013,1.72,201301240800
34160,0.58,201301240800
34161,1.14,201301240800
34162,1.83,201301240800
34163,1.05,201301240800
34167,2.82,201301240800
34190,2.34,201301240800
34211,2.05,201301240800
34303,2.18,201301240800
34380,1.76,201301240800
34407,2.04,201301240800
34413,0.76,201301240800
34423,0.56,201301240800
34424,1.28,201301240800
34427,1.47,201301240800
34430,0.75,201301240800
34437,1.9,201301240800
34440,2.98,201301240800
34486,1.17,201301240800
34495,1.76,201301240800
34510,1.87,201301240800
34520,0.64,201301240800
34528,2.91,201301240800
34563,1.37,201301240800
34662,2.88,201301240800
34667,2.12,201301240800
34668,2.57,201301240800
34670,2.75,201301240800
34672,1.42,201301240800
34673,0.87,201301240800
34676,2.47,201301240800
34679,1.93,201301240800
34682,2.71,201301240800
34695,1.33,201301240800
34710,2.11,201301240800
34714,0.54,201301240800
34720,2.27,201301240800
34882,1.87,201301240800
34913,2.93,201301240800
34914,1.91,201301240800
34915,2.46,201301240800
34924,1.69,201301240800
34925,0.82,201301240800
34934,2.93,201301240800
34939,1.67,201301240800
34959,2.11,201301240800
34990,2.29,201301240800
35102,1.73,201301240800
35164,2.42,201301240800
35166,1.05,201301240800
35173,1.53,201301240800
35178,1.97,201301240800
35183,2.27,201301240800
35185,1.19,201301240800
35187,1.41,201301240800
35193,0.53,201301240800
35203,2.13,201301240800
35218,0.85,201301240800
35237,1.36,201301240800
35244,2.52,201301240800
35249,0.68,201301240800
35295,2.03,201301240800
35368,1.09,201301240800
35410,1.58,201301240800
35414,1.15,201301240800
35415,1.98,201301240800
35417,2.35,201301240800
35421,1.75,201301240800
35440,2.39,201301240800
35455,2.01,201301240800
35492,2.03,201301240800
35515,1.65,201301240800
35665,1.97,201301240800
35675,2.46,201301240800
35683,1.05,201301240800
35686,1.23,201301240800
35700,2.48,201301240800
35745,0.53,201301240800
35755,2.06,201301240800
35769,0.67,201301240800
35916,2.4,201301240800
35917,1.74,201301240800
35918,0.88,201301240800
35919,1.3,201301240800
35921,1.91,201301240800
35929,1.56,201301240800
35931,2.64,201301240800
35941,2.66,201301240800
35944,1.35,201301240800
35971,2.47,201301240800
35981,2.84,201301240800
35992,0.95,201301240800
35994,2.56,201301240800
36067,1.19,201301240800
36162,2.26,201301240800
36167,0.98,201301240800
36169,1.27,201301240800
36170,1.73,201301240800
36173,0.51,201301240800
36176,2.59,201301240800
36177,0.72,201301240800
36205,0.7,201301240800
36237,1.35,201301240800
36245,1.97,201301240800
36246,2.17,201301240800
36293,1.79,201301240800
36311,2.93,201301240800
36417,0.69,201301240800
36420,2.35,201301240800
36421,2.9,201301240800
36441,1.85,201301240800
36448,2.24,201301240800
36494,2.86,201301240800
36498,0.73,201301240800
36502,0.76,201301240800
36510,2.39,201301240800
36513,2.71,201301240800
36519,2.75,201301240800
36524,1.72,201301240800
36576,2.77,201301240800
36668,1.75,201301240800
36673,2.6,201301240800
36675,1.07,201301240800
36677,0.53,201301240800
36679,0.62,201301240800
36682,1.7,201301240800
36688,1.28,201301240800
36690,2.7,201301240800
36711,1.21,201301240800
36717,0.98,201301240800
36758,2.68,201301240800
36889,0.87,201301240800
36915,2.7,201301240800
36918,2.85,201301240800
36933,0.88,201301240800
36934,2.27,201301240800
36953,2.99,201301240800
36959,1.88,201301240800
36996,2.77,201301240800
36999,0.58,201301240800
37001,0.68,201301240800
37167,2.24,201301240800
37168,0.79,201301240800
37169,2.47,201301240800
37172,1.89,201301240800
37176,0.55,201301240800
37178,1.91,201301240800
37179,0.78,201301240800
37182,1.49,201301240800
37192,0.98,201301240800
37200,1.19,201301240800
37206,2.5,201301240800
37232,1.23,201301240800
37239,1.25,201301240800
37270,1.24,201301240800
37298,2.98,201301240800
37304,1.89,201301240800
37419,0.62,201301240800
37421,2.74,201301240800
37423,2.67,201301240800
37425,1.65,201301240800
37446,1.05,201301240800
37454,1.29,201301240800
37477,2.09,201301240800
37487,2.31,201301240800
37501,2.09,201301240800
37503,1.63,201301240800
37513,0.99,201301240800
37523,0.65,201301240800
37562,1.14,201301240800
37609,1.13,201301240800
37642,2.5,201301240800
37643,1.22,201301240800
37670,0.66,201301240800
37671,2.09,201301240800
37672,1.51,201301240800
37676,1.17,201301240800
37688,0.97,201301240800
37689,1.15,201301240800
37690,1.8,201301240800
37695,1.17,201301240800
37701,0.75,201301240800
37710,0.61,201301240800
37711,2.02,201301240800
37754,2.02,201301240800
37874,1.98,201301240800
37891,2.77,201301240800
37893,1.99,201301240800
37894,1.74,201301240800
37926,2.73,201301240800
37928,1.35,201301240800
37929,2.59,201301240800
37932,0.62,201301240800
37936,1.62,201301240800
37943,2.35,201301240800
37952,1.43,201301240800
37962,0.63,201301240800
37968,0.73,201301240800
38003,1.81,201301240800
38060,1.18,201301240800
38145,2.98,201301240800
38172,1.68,201301240800
38173,0.82,201301240800
38178,1.38,201301240800
38200,2.78,201301240800
38204,2.26,201301240800
38209,1.42,201301240800
38215,2.04,201301240800
38220,2.55,201301240800
38225,2.61,201301240800
38228,2.71,201301240800
38230,2.32,201301240800
38243,1.03,201301240800
38247,2.63,201301240800
38255,0.72,201301240800
38263,2.07,201301240800
38268,1.86,201301240800
38272,0.57,201301240800
38367,2.12,201301240800
38381,0.67,201301240800
38423,1.9,201301240800
38425,0.69,201301240800
38426,0.54,201301240800
38431,0.99,201301240800
38440,2.35,201301240800
38479,0.6,201301240800
38481,0.87,201301240800
38483,0.64,201301240800
38488,1.58,201301240800
38490,2.31,201301240800
38498,2.35,201301240800
38499,1.93,201301240800
38500,0.71,201301240800
38505,2.89,201301240800
38506,2.05,201301240800
38508,0.85,201301240800
38517,1.53,201301240800
38534,2.13,201301240800
38648,1.3,201301240800
38674,2.42,201301240800
38676,0.53,201301240800
38679,1.56,201301240800
38684,2.5,201301240800
38693,2.19,201301240800
38697,0.63,201301240800
38716,2.16,201301240800
38722,1.69,201301240800
38736,2.08,201301240800
38738,1.2,201301240800
38752,1.18,201301240800
38753,1.26,201301240800
38758,1.39,201301240800
38760,2.11,201301240800
38761,2.28,201301240800
38762,0.7,201301240800
38766,0.63,201301240800
38769,2.25,201301240800
38778,2.54,201301240800
38812,2.42,201301240800
38939,2.88,201301240800
38953,1.57,201301240800
38958,1.76,201301240800
38967,0.72,201301240800
39006,0.98,201301240800
39008,2.78,201301240800
39010,2.42,201301240800
39011,2.77,201301240800
39017,2.07,201301240800
39113,1.88,201301240800
39148,0.53,201301240800
39149,0.55,201301240800
39176,2.18,201301240800
39178,1.4,201301240800
39191,2.08,201301240800
39201,0.56,201301240800
39230,2.71,201301240800
39236,2.14,201301240800
39246,1.92,201301240800
39252,1.83,201301240800
39255,1.25,201301240800
39260,0.94,201301240800
39262,2.87,201301240800
39263,2.53,201301240800
39268,1.83,201301240800
39269,0.64,201301240800
39271,2.7,201301240800
39274,1.06,201301240800
39275,2.12,201301240800
39375,1.91,201301240800
39391,1.14,201301240800
39427,1.94,201301240800
39428,0.97,201301240800
39430,0.81,201301240800
39433,2.22,201301240800
39446,2.98,201301240800
39457,2.82,201301240800
39514,1.14,201301240800
39515,1.1,201301240800
39516,2.62,201301240800
39517,2.8,201301240800
39535,2.58,201301240800
39554,0.66,201301240800
39559,2.87,201301240800
39631,1.15,201301240800
39632,1.12,201301240800
39633,0.71,201301240800
39652,1.53,201301240800
39683,0.8,201301240800
39687,1.58,201301240800
39706,2.27,201301240800
39710,1.05,201301240800
39722,0.56,201301240800
39731,0.58,201301240800
39750,1.63,201301240800
39755,1.21,201301240800
39759,2.36,201301240800
39762,1.63,201301240800
39764,0.97,201301240800
39765,2.54,201301240800
39766,2.1,201301240800
39767,0.79,201301240800
39769,0.55,201301240800
39772,0.65,201301240800
39776,1.53,201301240800
39777,2.44,201301240800
39790,1.38,201301240800
39791,1.07,201301240800
39796,2.1,201301240800
39832,1.9,201301240800
39883,2.0,201301240800
39930,1.71,201301240800
39932,2.97,201301240800
39941,2.28,201301240800
39948,2.27,201301240800
39969,2.33,201301240800
40018,2.75,201301240800
40031,2.16,201301240800
40133,1.97,201301240800
40180,2.17,201301240800
40188,0.84,201301240800
40196,2.52,201301240800
40242,1.39,201301240800
40246,0.71,201301240800
40259,0.57,201301240800
40264,0.56,201301240800
40267,2.3,201301240800
40268,2.84,201301240800
40270,1.1,201301240800
40276,2.18,201301240800
40286,0.81,201301240800
40295,0.72,201301240800
40431,1.82,201301240800
40432,0.97,201301240800
40442,0.56,201301240800
40447,1.73,201301240800
40448,0.65,201301240800
40451,1.0,201301240800
40457,1.91,201301240800
40500,1.58,201301240800
40512,2.35,201301240800
40518,1.79,201301240800
40519,1.57,201301240800
40522,1.07,201301240800
40524,0.78,201301240800
40525,0.64,201301240800
40532,0.96,201301240800
40560,0.84,201301240800
40566,2.15,201301240800
40633,2.74,201301240800
40687,2.59,201301240800
40713,0.55,201301240800
40719,0.98,201301240800
40732,1.01,201301240800
40733,2.1,201301240800
40766,0.88,201301240800
40810,1.54,201301240800
40894,2.44,201301240800
40933,1.85,201301240800
40936,0.83,201301240800
40939,2.42,201301240800
40954,2.53,201301240800
40982,0.96,201301240800
41021,1.52,201301240800
41024,1.18,201301240800
41061,0.67,201301240800
41145,0.69,201301240800
41157,1.35,201301240800
41183,2.52,201301240800
41200,0.52,201301240800
41262,1.73,201301240800
41265,2.58,201301240800
41270,0.83,201301240800
41277,1.09,201301240800
41318,1.88,201301240800
41401,2.66,201301240800
41407,2.24,201301240800
41437,0.71,201301240800
41459,1.31,201301240800
41465,2.52,201301240800
41469,0.73,201301240800
41508,1.19,201301240800
41520,1.75,201301240800
41522,2.68,201301240800
41526,2.85,201301240800
41532,1.37,201301240800
41558,1.93,201301240800
41635,1.54,201301240800
41653,2.27,201301240800
41658,0.98,201301240800
41692,2.25,201301240800
41696,1.6,201301240800
41764,0.99,201301240800
41772,2.75,201301240800
41893,1.6,201301240800
41904,2.93,201301240800
41905,2.43,201301240800
41936,1.95,201301240800
41941,2.43,201301240800
41958,2.97,201301240800
41990,1.29,201301240800
42023,1.5,201301240800
42026,2.38,201301240800
42029,0.6,201301240800
42074,2.68,201301240800
42085,1.08,201301240800
42095,2.66,201301240800
42147,1.2,201301240800
42160,0.81,201301240800
42200,0.94,201301240800
42213,2.63,201301240800
42267,0.98,201301240800
42271,1.88,201301240800
42274,2.76,201301240800
42283,0.63,201301240800
42291,2.98,201301240800
42342,1.01,201301240800
42411,1.96,201301240800
42438,1.79,201301240800
42454,3.0,201301240800
42471,0.54,201301240800
42478,1.91,201301240800
42487,2.93,201301240800
42503,2.77,201301240800
42514,2.42,201301240800
42521,2.53,201301240800
42533,2.75,201301240800
42644,1.48,201301240800
42661,2.7,201301240800
42695,2.92,201301240800
42744,2.47,201301240800
42750,2.4,201301240800
42846,2.82,201301240800
42905,1.59,201301240800
42912,2.24,201301240800
42939,0.85,201301240800
42940,1.28,201301240800
42944,1.36,201301240800
42949,1.91,201301240800
43011,2.49,201301240800
43021,2.85,201301240800
43030,1.97,201301240800
43151,2.49,201301240800
43160,0.84,201301240800
43162,0.72,201301240800
43213,1.49,201301240800
43220,2.13,201301240800
43261,2.21,201301240800
43412,0.54,201301240800
43413,0.77,201301240800
43440,2.3,201301240800
43443,1.26,201301240800
43449,1.55,201301240800
43483,2.01,201301240800
43484,2.53,201301240800
43494,1.0,201301240800
43518,1.34,201301240800
43523,2.55,201301240800
43526,1.86,201301240800
43530,1.0,201301240800
43571,1.61,201301240800
43642,0.95,201301240800
43662,0.88,201301240800
43738,1.32,201301240800
43760,2.28,201301240800
43779,2.54,201301240800
43914,1.16,201301240800
43957,1.89,201301240800
43980,1.44,201301240800
43984,2.27,201301240800
43992,1.9,201301240800
43995,0.78,201301240800
44002,2.81,201301240800
44039,1.94,201301240800
44194,1.71,201301240800
44197,1.6,201301240800
44204,1.61,201301240800
44215,2.42,201301240800
44226,2.62,201301240800
44247,0.68,201301240800
44255,2.74,201301240800
44282,2.13,201301240800
44284,1.83,201301240800
44356,1.9,201301240800
44470,1.61,201301240800
44486,2.84,201301240800
44503,2.71,201301240800
44504,2.12,201301240800
44510,2.89,201301240800
44517,1.05,201301240800
44534,1.87,201301240800
44578,0.65,201301240800
44666,1.98,201301240800
44694,2.1,201301240800
44697,0.8,201301240800
44716,0.57,201301240800
44724,1.76,201301240800
44743,1.2,201301240800
44755,0.6,201301240800
44756,2.19,201301240800
44757,2.78,201301240800
44758,2.46,201301240800
44786,2.97,201301240800
44787,1.75,201301240800
44911,2.74,201301240800
44963,0.72,201301240800
45005,2.59,201301240800
45006,1.33,201301240800
45007,2.41,201301240800
45008,1.21,201301240800
45039,0.55,201301240800
45114,1.17,201301240800
45168,2.62,201301240800
45200,1.8,201301240800
45203,0.81,201301240800
45208,2.31,201301240800
45237,1.69,201301240800
45254,0.98,201301240800
45256,2.12,201301240800
45258,2.49,201301240800
45261,1.58,201301240800
45265,2.26,201301240800
45266,0.54,201301240800
45401,2.11,201301240800
45479,0.61,201301240800
45502,1.45,201301240800
45507,1.12,201301240800
45509,2.15,201301240800
45526,1.67,201301240800
45538,2.87,201301240800
45582,2.92,201301240800
45661,0.66,201301240800
45701,1.06,201301240800
45703,2.32,201301240800
45716,1.6,201301240800
45720,2.72,201301240800
45725,2.74,201301240800
45735,2.44,201301240800
45747,1.18,201301240800
45766,0.62,201301240800
45793,1.9,201301240800
45795,0.57,201301240800
45919,1.64,201301240800
45948,1.48,201301240800
46008,0.51,201301240800
46036,2.88,201301240800
46041,1.11,201301240800
46052,2.95,201301240800
46074,2.98,201301240800
46145,1.88,201301240800
46202,2.82,201301240800
46209,2.89,201301240800
46242,2.17,201301240800
46265,2.44,201301240800
46372,2.71,201301240800
46384,0.8,201301240800
46455,1.5,201301240800
46508,0.94,201301240800
46523,0.76,201301240800
46538,1.65,201301240800
46565,2.43,201301240800
46574,2.16,201301240800
46626,2.38,201301240800
46700,1.61,201301240800
46738,2.01,201301240800
46770,1.37,201301240800
46778,1.91,201301240800
46787,2.33,201301240800
46803,2.59,201301240800
46954,0.89,201301240800
46964,1.33,201301240800
46972,2.61,201301240800
46976,2.11,201301240800
46981,2.85,201301240800
47011,1.02,201301240800
47015,2.57,201301240800
47047,1.11,201301240800
47253,1.76,201301240800
47288,1.07,201301240800
47295,1.13,201301240800
47342,1.82,201301240800
47454,1.42,201301240800
47535,1.16,201301240800
47543,1.16,201301240800
47705,2.56,201301240800
47709,0.76,201301240800
47711,1.84,201301240800
47758,1.01,201301240800
47806,2.68,201301240800
47889,2.65,201301240800
47926,0.55,201301240800
47968,1.57,201301240800
47972,2.76,201301240800
47977,1.87,201301240800
47982,1.53,201301240800
48032,1.69,201301240800
48209,2.07,201301240800
48239,2.66,201301240800
48244,2.34,201301240800
48278,2.74,201301240800
48420,2.74,201301240800
48427,1.22,201301240800
48499,2.12,201301240800
48503,1.32,201301240800
48552,1.08,201301240800
48584,2.18,201301240800
48713,1.42,201301240800
48759,1.72,201301240800
48848,2.64,201301240800
48898,1.72,201301240800
49017,1.76,201301240800
49049,2.39,201301240800
49229,2.77,201301240800
49241,2.69,201301240800
49472,0.73,201301240800
49483,0.59,201301240800
49542,1.21,201301240800
49555,2.79,201301240800
49679,1.2,201301240800
49750,2.03,201301240800
49760,2.8,201301240800
49777,0.55,201301240800
49968,1.63,201301240800
50053,2.17,201301240800
50103,0.7,201301240800
50180,0.89,201301240800
50285,2.31,201301240800
50430,0.73,201301240800
50470,0.69,201301240800
50494,1.06,201301240800
50511,1.85,201301240800
50549,2.66,201301240800
50680,1.05,201301240800
50682,1.86,201301240800
50731,0.74,201301240800
50812,1.9,201301240800
50872,2.61,201301240800
51029,2.85,201301240800
51046,0.6,201301240800
51053,0.83,201301240800
51056,2.12,201301240800
51162,1.39,201301240800
51177,0.98,201301240800
51182,2.71,201301240800
51228,1.96,201301240800
51258,1.8,201301240800
51430,2.83,201301240800
51431,1.08,201301240800
51432,2.45,201301240800
51520,0.99,201301240800
51681,2.2,201301240800
51682,2.6,201301240800
51725,0.98,201301240800
51790,2.64,201301240800
51832,1.56,201301240800
51857,0.57,201301240800
51931,1.85,201301240800
51932,1.92,201301240800
51986,2.29,201301240800
52003,2.34,201301240800
52182,2.06,201301240800
52244,1.2,201301240800
52259,1.68,201301240800
52280,2.86,201301240800
52319,0.98,201301240800
52473,1.48,201301240800
52518,1.62,201301240800
52631,1.95,201301240800
52679,1.22,201301240800
52729,1.08,201301240800
52811,2.48,201301240800
52983,2.26,201301240800
52988,2.82,201301240800
52993,2.74,201301240800
53000,1.01,201301240800
53016,0.73,201301240800
53027,2.28,201301240800
53072,0.78,201301240800
53090,2.55,201301240800
53177,2.49,201301240800
53178,2.14,201301240800
53381,2.77,201301240800
53427,2.22,201301240800
53429,2.1,201301240800
53761,0.78,201301240800
53774,1.86,201301240800
53797,1.67,201301240800
53810,1.36,201301240800
53822,1.46,201301240800
53864,1.33,201301240800
53927,1.44,201301240800
54038,1.78,201301240800
54071,1.46,201301240800
54234,0.71,201301240800
54281,1.1,201301240800
54284,1.58,201301240800
54327,2.53,201301240800
54334,1.49,201301240800
54349,3.0,201301240800
54427,1.87,201301240800
54503,1.54,201301240800
54510,1.85,201301240800
54520,1.83,201301240800
54550,1.89,201301240800
54578,1.5,201301240800
54678,0.54,201301240800
54828,1.48,201301240800
54983,1.59,201301240800
54996,1.59,201301240800
55070,2.2,201301240800
55329,1.73,201301240800
55331,1.09,201301240800
55535,0.99,201301240800
55633,1.8,201301240800
55680,0.99,201301240800
55761,0.9,201301240800
55831,2.8,201301240800
55832,0.55,201301240800
55838,2.38,201301240800
55845,1.85,201301240800
56106,2.53,201301240800
56493,2.09,201301240800
56571,2.01,201301240800
56586,2.57,201301240800
56587,0.83,201301240800
56591,2.65,201301240800
56738,1.85,201301240800
56835,2.17,201301240800
56882,1.1,201301240800
56887,0.59,201301240800
56888,2.87,201301240800
56933,2.27,201301240800
56934,1.08,201301240800
57042,1.81,201301240800
57062,2.13,201301240800
57189,2.82,201301240800
57261,2.06,201301240800
57329,1.22,201301240800
57342,1.33,201301240800
57376,1.22,201301240800
57378,2.9,201301240800
57380,2.06,201301240800
57397,2.62,201301240800
57440,0.64,201301240800
57495,1.46,201301240800
57523,1.26,201301240800
57555,1.83,201301240800
57597,1.45,201301240800
57613,1.47,201301240800
57615,1.76,201301240800
57628,2.66,201301240800
57631,0.77,201301240800
57823,1.68,201301240800
57837,2.67,201301240800
57851,2.5,201301240800
57852,0.6,201301240800
57906,1.98,201301240800
58179,0.78,201301240800
58251,2.51,201301240800
58421,2.44,201301240800
58511,2.98,201301240800
58632,2.84,201301240800
58744,2.01,201301240800
58802,2.95,201301240800
58814,0.78,201301240800
58879,0.61,201301240800
58892,2.84,201301240800
59010,1.45,201301240800
59043,2.22,201301240800
59104,1.94,201301240800
59125,0.81,201301240800
59134,2.67,201301240800
59285,1.4,201301240800
59329,2.89,201301240800
59555,1.61,201301240800
59635,1.19,201301240800
59745,0.64,201301240800
59927,2.81,201301240800
59941,2.95,201301240800
60008,2.1,201301240800
60011,1.31,201301240800
60114,0.79,201301240800
60141,1.22,201301240800
60147,1.92,201301240800
60331,1.09,201301240800
60344,1.23,201301240800
60350,2.03,201301240800
60578,2.62,201301240800
60593,0.6,201301240800
60613,1.29,201301240800
60630,2.4,201301240800
60635,0.68,201301240800
60649,2.55,201301240800
60750,1.02,201301240800
60774,1.06,201301240800
60819,0.71,201301240800
60880,2.51,201301240800
60888,1.19,201301240800
61062,0.91,201301240800
61110,1.28,201301240800
61263,1.97,201301240800
61343,1.4,201301240800
61591,2.75,201301240800
61597,0.88,201301240800
61654,2.81,201301240800
61818,1.2,201301240800
62077,0.7,201301240800
62104,1.04,201301240800
62135,1.84,201301240800
62140,1.89,201301240800
62252,2.44,201301240800
62558,1.09,201301240800
62589,2.1,201301240800
62757,2.12,201301240800
62772,2.05,201301240800
62850,0.67,201301240800
62926,1.67,201301240800
62948,1.13,201301240800
63044,2.56,201301240800
63153,1.66,201301240800
63383,0.88,201301240800
63397,1.14,201301240800
63398,0.52,201301240800
63407,2.47,201301240800
63574,2.28,201301240800
63586,1.41,201301240800
63816,0.84,201301240800
64102,2.87,201301240800
64150,1.09,201301240800
64200,2.87,201301240800
64515,2.53,201301240800
64529,2.98,201301240800
64573,2.58,201301240800
64581,0.97,201301240800
64815,0.51,201301240800
64915,0.66,201301240800
65059,0.72,201301240800
65144,2.28,201301240800
65320,2.43,201301240800
65375,1.4,201301240800
65454,2.88,201301240800
65528,2.72,201301240800
65607,1.64,201301240800
65774,2.93,201301240800
65838,0.64,201301240800
66068,1.79,201301240800
66084,2.45,201301240800
66151,1.85,201301240800
66353,1.15,201301240800
66538,2.36,201301240800
66575,1.55,201301240800
66637,1.36,201301240800
66827,2.14,201301240800
66870,1.25,201301240800
67110,0.6,201301240800
67207,1.34,201301240800
67335,1.12,201301240800
67385,2.18,201301240800
67599,1.08,201301240800
67601,0.87,201301240800
67602,1.99,201301240800
67698,2.97,201301240800
67824,0.51,201301240800
67842,0.67,201301240800
67854,0.9,201301240800
67855,1.1,201301240800
67918,2.58,201301240800
68103,1.31,201301240800
68104,2.32,201301240800
68110,1.24,201301240800
68111,0.73,201301240800
68349,1.31,201301240800
68354,1.07,201301240800
68356,0.82,201301240800
68454,1.31,201301240800
68455,1.42,201301240800
68587,2.27,201301240800
68857,2.92,201301240800
68858,2.87,201301240800
68897,1.62,201301240800
68924,1.75,201301240800
68930,1.82,201301240800
69106,2.41,201301240800
69190,2.41,201301240800
69206,2.69,201301240800
69359,1.01,201301240800
69371,2.83,201301240800
69455,1.19,201301240800
69582,0.68,201301240800
69613,2.06,201301240800
69676,1.83,201301240800
70115,1.66,201301240800
70132,1.99,201301240800
70181,2.42,201301240800
70342,1.12,201301240800
70352,2.71,201301240800
70360,2.48,201301240800
70374,1.9,201301240800
70440,1.73,201301240800
70462,2.82,201301240800
70619,1.11,201301240800
70659,1.7,201301240800
70715,2.43,201301240800
70903,1.75,201301240800
70934,1.43,201301240800
70961,2.29,201301240800
71122,2.19,201301240800
71187,2.55,201301240800
71399,1.36,201301240800
71601,0.93,201301240800
71629,2.33,201301240800
71888,0.58,201301240800
71961,2.35,201301240800
71964,1.12,201301240800
72201,1.65,201301240800
72218,2.5,201301240800
72345,0.51,201301240800
72367,2.17,201301240800
72407,2.22,201301240800
72416,2.19,201301240800
72706,2.0,201301240800
72894,0.78,201301240800
73104,0.51,201301240800
73135,0.97,201301240800
73211,1.58,201301240800
73223,0.8,201301240800
73451,1.85,201301240800
73460,2.82,201301240800
73461,1.07,201301240800
73557,2.25,201301240800
73669,1.71,201301240800
74158,0.95,201301240800
74216,1.26,201301240800
74388,1.28,201301240800
74396,0.71,201301240800
74466,0.84,201301240800
74467,1.44,201301240800
74638,2.12,201301240800
74677,1.14,201301240800
74678,0.98,201301240800
74711,0.59,201301240800
74721,2.38,201301240800
74962,1.53,201301240800
74968,1.79,201301240800
74973,1.69,201301240800
75224,1.49,201301240800
75329,0.85,201301240800
75386,2.91,201301240800
75424,1.83,201301240800
75436,1.69,201301240800
75475,0.87,201301240800
75619,1.49,201301240800
75721,1.73,201301240800
75722,0.91,201301240800
75724,1.79,201301240800
75725,0.77,201301240800
75726,2.98,201301240800
75727,1.8,201301240800
75974,1.29,201301240800
75975,1.43,201301240800
76133,1.23,201301240800
76227,2.3,201301240800
76393,2.64,201301240800
76473,2.85,201301240800
76477,1.57,201301240800
76654,1.81,201301240800
76728,2.12,201301240800
76959,0.71,201301240800
77169,0.69,201301240800
77230,1.47,201301240800
77381,2.62,201301240800
77458,1.41,201301240800
77641,1.06,201301240800
77942,2.8,201301240800
77981,1.7,201301240800
78205,0.97,201301240800
78418,1.55,201301240800
78654,2.71,201301240800
78733,1.34,201301240800
78881,2.22,201301240800
78896,2.89,201301240800
78909,1.45,201301240800
78983,2.28,201301240800
79234,0.94,201301240800
79379,1.57,201301240800
79394,1.22,201301240800
79484,1.19,201301240800
79712,2.93,201301240800
79911,1.65,201301240800
79915,1.45,201301240800
80160,2.77,201301240800
80161,2.9,201301240800
80193,1.38,201301240800
80352,2.74,201301240800
80397,1.27,201301240800
80406,2.25,201301240800
80411,1.03,201301240800
80412,2.34,201301240800
80413,1.12,201301240800
80420,2.13,201301240800
80485,2.19,201301240800
80635,1.71,201301240800
80659,0.71,201301240800
80663,0.73,201301240800
80664,0.83,201301240800
80703,2.82,201301240800
80877,0.8,201301240800
80916,1.28,201301240800
81163,2.1,201301240800
81164,1.23,201301240800
81354,1.25,201301240800
81363,1.0,201301240800
81390,0.76,201301240800
81625,2.91,201301240800
81651,0.73,201301240800
81899,2.87,201301240800
82135,0.72,201301240800
82168,2.64,201301240800
82169,1.61,201301240800
82237,2.78,201301240800
82613,0.53,201301240800
82622,2.27,201301240800
82664,1.01,201301240800
82892,2.19,201301240800
82951,2.54,201301240800
83410,1.5,201301240800
83489,1.19,201301240800
83735,2.13,201301240800
83865,2.79,201301240800
84123,2.83,201301240800
84179,1.87,201301240800
84207,0.88,201301240800
84212,1.49,201301240800
84221,2.05,201301240800
84366,2.59,201301240800
84689,1.2,201301240800
84712,1.46,201301240800
84902,1.68,201301240800
85474,2.83,201301240800
85487,0.67,201301240800
85620,2.7,201301240800
85705,1.78,201301240800
85715,0.65,201301240800
85738,1.78,201301240800
86440,1.84,201301240800
86622,2.89,201301240800
86623,1.36,201301240800
86672,1.65,201301240800
86873,1.17,201301240800
86895,2.0,201301240800
87121,1.01,201301240800
87227,1.0,201301240800
87460,1.55,201301240800
87690,0.63,201301240800
87873,2.04,201301240800
88242,2.68,201301240800
88463,2.69,201301240800
89120,1.38,201301240800
89152,2.42,201301240800
89175,2.39,201301240800
89198,2.39,201301240800
89615,1.59,201301240800
89625,2.56,201301240800
90116,2.27,201301240800
90183,1.79,201301240800
90497,2.71,201301240800
90699,2.13,201301240800
90719,1.29,201301240800
91200,0.71,201301240800
91432,0.92,201301240800
91434,1.94,201301240800
91684,1.91,201301240800
91713,0.85,201301240800
91744,2.29,201301240800
92233,2.68,201301240800
93205,0.63,201301240800
93244,1.1,201301240800
93252,2.65,201301240800
93463,2.07,201301240800
93675,1.0,201301240800
93944,0.69,201301240800
94431,1.14,201301240800
94710,1.56,201301240800
94755,2.51,201301240800
94997,1.65,201301240800
95000,0.69,201301240800
95707,1.2,201301240800
95949,2.83,201301240800
95998,0.52,201301240800
96188,2.21,201301240800
96225,1.73,201301240800
96249,1.05,201301240800
96468,1.55,201301240800
96486,0.62,201301240800
96718,0.75,201301240800
96972,2.8,201301240800
96995,1.65,201301240800
97251,2.6,201301240800
97440,1.26,201301240800
97471,1.95,201301240800
97969,1.58,201301240800
97990,1.88,201301240800
98224,2.6,201301240800
98229,0.96,201301240800
98450,1.63,201301240800
98475,2.95,201301240800
98739,1.5,201301240800
99256,1.11,201301240800
99468,0.93,201301240800
99730,2.8,201301240800
101215,0.98,201301240800
101911,1.53,201301240800
101912,1.08,201301240800
101989,1.8,201301240800
102999,1.78,201301240800
103242,1.77,201301240800
103431,1.33,201301240800
104177,2.57,201301240800
104221,1.84,201301240800
104239,1.72,201301240800
104701,0.67,201301240800
104984,2.61,201301240800
105196,1.22,201301240800
105219,2.01,201301240800
105460,1.62,201301240800
105461,1.11,201301240800
105481,1.43,201301240800
105489,2.84,201301240800
105709,0.82,201301240800
105710,1.56,201301240800
105711,2.45,201301240800
105712,1.83,201301240800
105713,1.65,201301240800
105715,1.92,201301240800
105726,0.97,201301240800
105727,2.02,201301240800
105736,1.36,201301240800
105960,1.47,201301240800
105961,2.79,201301240800
105962,2.53,201301240800
105963,1.31,201301240800
105964,1.23,201301240800
105975,0.89,201301240800
106195,0.51,201301240800
106213,0.76,201301240800
106214,0.7,201301240800
106215,2.79,201301240800
106221,0.86,201301240800
106231,2.92,201301240800
106232,1.33,201301240800
106234,1.3,201301240800
106235,2.41,201301240800
106237,1.27,201301240800
106446,0.75,201301240800
106447,1.48,201301240800
106462,1.99,201301240800
106463,2.98,201301240800
106465,1.58,201301240800
106466,0.85,201301240800
106467,1.69,201301240800
106480,2.76,201301240800
106712,1.71,201301240800
106717,0.59,201301240800
106718,1.99,201301240800
106741,2.2,201301240800
106958,1.76,201301240800
106964,0.69,201301240800
106965,2.32,201301240800
106966,1.5,201301240800
106967,2.78,201301240800
106971,2.55,201301240800
106983,0.57,201301240800
106997,2.63,201301240800
107200,2.37,201301240800
107212,1.82,201301240800
107219,1.36,201301240800
107240,1.84,201301240800
107460,2.76,201301240800
107465,1.27,201301240800
107466,0.68,201301240800
107468,0.85,201301240800
107491,2.82,201301240800
107711,1.47,201301240800
107725,2.74,201301240800
107726,2.27,201301240800
107954,2.92,201301240800
107966,1.23,201301240800
107971,1.73,201301240800
107979,1.01,201301240800
107993,2.79,201301240800
108205,0.89,201301240800
108211,1.75,201301240800
108214,2.25,201301240800
108215,2.47,201301240800
108217,2.54,201301240800
108219,0.92,201301240800
108220,1.39,201301240800
108222,1.38,201301240800
108225,1.91,201301240800
108230,0.89,201301240800
108454,1.82,201301240800
108463,2.86,201301240800
108499,2.74,201301240800
108717,2.45,201301240800
108722,0.86,201301240800
108724,1.8,201301240800
108733,1.42,201301240800
108968,1.5,201301240800
108975,2.29,201301240800
108984,2.28,201301240800
108985,2.7,201301240800
109216,2.24,201301240800
109219,1.63,201301240800
109222,1.83,201301240800
109227,1.23,201301240800
109231,2.74,201301240800
109236,0.59,201301240800
109245,0.72,201301240800
109473,2.93,201301240800
109487,1.74,201301240800
109494,1.75,201301240800
109495,1.73,201301240800
109496,1.58,201301240800
109497,0.89,201301240800
109742,1.54,201301240800
109744,2.0,201301240800
109748,1.8,201301240800
109750,0.68,201301240800
109980,1.93,201301240800
109991,2.95,201301240800
109994,2.54,201301240800
109998,0.57,201301240800
110001,1.71,201301240800
110243,1.95,201301240800
110247,1.1,201301240800
110249,1.77,201301240800
110251,1.34,201301240800
110253,0.75,201301240800
110254,2.41,201301240800
