cell,mobility,dtg
1610,2.33,201301281600
1846,0.66,201301281600
1851,1.23,201301281600
1853,0.61,201301281600
1856,0.84,201301281600
1857,1.75,201301281600
2103,0.81,201301281600
2105,2.0,201301281600
2106,1.29,201301281600
2107,1.53,201301281600
2114,2.23,201301281600
2342,2.25,201301281600
2347,2.91,201301281600
2351,1.47,201301281600
2354,0.85,201301281600
2357,1.04,201301281600
2372,1.73,201301281600
2374,1.61,201301281600
2591,2.98,201301281600
2595,0.97,201301281600
2605,1.88,201301281600
2611,2.92,201301281600
2615,2.91,201301281600
2620,2.1,201301281600
2627,1.27,201301281600
2839,1.71,201301281600
2847,0.67,201301281600
3086,1.23,201301281600
3094,1.08,201301281600
3100,1.41,201301281600
3124,1.92,201301281600
3128,1.68,201301281600
3334,1.24,201301281600
3337,2.48,201301281600
3375,0.87,201301281600
3614,0.68,201301281600
3619,0.77,201301281600
3632,1.23,201301281600
3635,2.78,201301281600
3830,2.63,201301281600
3831,2.13,201301281600
3833,2.04,201301281600
3837,1.98,201301281600
3845,2.05,201301281600
3856,1.27,201301281600
3860,2.88,201301281600
3865,1.08,201301281600
4078,0.8,201301281600
4081,1.78,201301281600
4137,1.31,201301281600
4141,2.96,201301281600
4142,1.95,201301281600
4328,1.86,201301281600
4329,1.93,201301281600
4341,1.76,201301281600
4345,0.54,201301281600
4348,0.56,201301281600
4354,0.93,201301281600
4372,1.14,201301281600
4577,2.48,201301281600
4578,1.18,201301281600
4580,0.87,201301281600
4582,0.7,201301281600
4605,0.75,201301281600
4608,0.69,201301281600
4631,1.94,201301281600
4636,2.34,201301281600
4637,1.86,201301281600
4829,0.58,201301281600
4830,1.99,201301281600
4831,0.54,201301281600
4834,0.69,201301281600
4837,1.4,201301281600
4852,2.65,201301281600
4863,0.91,201301281600
4868,0.66,201301281600
4890,0.84,201301281600
4891,1.99,201301281600
5078,2.16,201301281600
5081,1.25,201301281600
5084,1.8,201301281600
5127,1.58,201301281600
5153,2.45,201301281600
5327,0.55,201301281600
5329,1.08,201301281600
5333,2.72,201301281600
5334,1.94,201301281600
5339,1.13,201301281600
5369,1.46,201301281600
5402,2.72,201301281600
5410,1.64,201301281600
5577,2.35,201301281600
5581,1.03,201301281600
5592,2.81,201301281600
5612,0.7,201301281600
5623,1.01,201301281600
5876,2.7,201301281600
5893,0.97,201301281600
5898,1.61,201301281600
6078,2.15,201301281600
6118,1.66,201301281600
6136,1.97,201301281600
6158,1.51,201301281600
6159,1.23,201301281600
6333,2.15,201301281600
6353,2.46,201301281600
6365,1.13,201301281600
6366,1.51,201301281600
6414,0.7,201301281600
6588,2.25,201301281600
6609,2.21,201301281600
6635,1.68,201301281600
6668,1.45,201301281600
6841,2.21,201301281600
6849,2.37,201301281600
6896,2.71,201301281600
6924,2.39,201301281600
6928,2.85,201301281600
6935,2.81,201301281600
6939,0.52,201301281600
7077,0.55,201301281600
7078,0.51,201301281600
7085,2.76,201301281600
7088,0.68,201301281600
7113,1.12,201301281600
7114,0.95,201301281600
7129,1.91,201301281600
7133,0.58,201301281600
7165,0.66,201301281600
7192,1.34,201301281600
7354,2.9,201301281600
7375,1.26,201301281600
7379,0.55,201301281600
7401,2.63,201301281600
7410,0.61,201301281600
7436,2.38,201301281600
7584,2.11,201301281600
7646,2.78,201301281600
7849,1.38,201301281600
7871,2.32,201301281600
7927,2.27,201301281600
7948,0.61,201301281600
8080,0.92,201301281600
8170,2.19,201301281600
8182,2.72,201301281600
8195,2.19,201301281600
8342,2.9,201301281600
8582,0.9,201301281600
8602,2.89,201301281600
8609,2.81,201301281600
8638,2.81,201301281600
8656,2.37,201301281600
8830,0.62,201301281600
8839,1.63,201301281600
8876,1.36,201301281600
8897,2.82,201301281600
8912,0.83,201301281600
8918,1.74,201301281600
8929,1.29,201301281600
8940,0.63,201301281600
8954,2.41,201301281600
9140,2.88,201301281600
9333,2.06,201301281600
9468,1.65,201301281600
9473,2.46,201301281600
9589,1.81,201301281600
9601,1.47,201301281600
9607,0.76,201301281600
9658,0.82,201301281600
9724,1.98,201301281600
9833,1.02,201301281600
10084,0.73,201301281600
10089,2.9,201301281600
10096,2.31,201301281600
10144,1.01,201301281600
10170,0.67,201301281600
10181,1.39,201301281600
10189,1.36,201301281600
10201,2.92,201301281600
10334,1.63,201301281600
10335,1.09,201301281600
10383,1.71,201301281600
10414,1.63,201301281600
10444,2.76,201301281600
10458,2.38,201301281600
10477,0.87,201301281600
10586,1.59,201301281600
10601,1.43,201301281600
10609,2.09,201301281600
10616,1.27,201301281600
10633,2.0,201301281600
10655,1.77,201301281600
10665,0.76,201301281600
10681,1.6,201301281600
10717,0.63,201301281600
10835,2.53,201301281600
10837,2.31,201301281600
10847,2.23,201301281600
10903,1.75,201301281600
10911,1.56,201301281600
10918,2.53,201301281600
10973,2.31,201301281600
11087,2.34,201301281600
11092,0.59,201301281600
11128,2.6,201301281600
11222,2.69,201301281600
11223,2.23,201301281600
11225,2.19,201301281600
11238,2.02,201301281600
11361,1.91,201301281600
11393,1.3,201301281600
11424,2.29,201301281600
11601,1.57,201301281600
11682,1.4,201301281600
11704,2.17,201301281600
11858,2.0,201301281600
11884,2.47,201301281600
11901,0.63,201301281600
11946,2.11,201301281600
11960,1.22,201301281600
11972,2.98,201301281600
12089,2.14,201301281600
12090,2.04,201301281600
12096,2.33,201301281600
12120,1.75,201301281600
12157,0.89,201301281600
12230,1.75,201301281600
12383,0.55,201301281600
12431,0.51,201301281600
12601,2.62,201301281600
12625,1.71,201301281600
12632,1.97,201301281600
12842,1.43,201301281600
12875,1.75,201301281600
12901,2.16,201301281600
12913,2.81,201301281600
12933,0.5,201301281600
12934,2.22,201301281600
12985,2.16,201301281600
13099,0.98,201301281600
13114,1.93,201301281600
13150,2.23,201301281600
13175,1.6,201301281600
13183,2.32,201301281600
13222,2.7,201301281600
13358,1.87,201301281600
13444,2.95,201301281600
13455,1.65,201301281600
13456,0.59,201301281600
13670,1.6,201301281600
13694,1.25,201301281600
13845,1.03,201301281600
13849,2.36,201301281600
14011,2.66,201301281600
14095,0.57,201301281600
14133,2.31,201301281600
14161,2.63,201301281600
14167,1.41,201301281600
14184,1.67,201301281600
14241,1.73,201301281600
14255,2.45,201301281600
14349,1.53,201301281600
14350,2.24,201301281600
14375,1.94,201301281600
14452,2.65,201301281600
14475,2.86,201301281600
14620,0.86,201301281600
14673,2.33,201301281600
14745,1.27,201301281600
14859,2.31,201301281600
14936,0.69,201301281600
14995,0.62,201301281600
15097,1.76,201301281600
15098,2.91,201301281600
15246,2.75,201301281600
15349,1.48,201301281600
15440,1.74,201301281600
15600,1.9,201301281600
15656,1.9,201301281600
15672,1.98,201301281600
15699,2.94,201301281600
15714,2.71,201301281600
15725,1.51,201301281600
15744,2.09,201301281600
15849,1.06,201301281600
15850,2.9,201301281600
15851,0.86,201301281600
15853,2.07,201301281600
15871,1.45,201301281600
16100,0.94,201301281600
16105,2.79,201301281600
16114,2.66,201301281600
16171,0.8,201301281600
16184,2.52,201301281600
16400,1.06,201301281600
16414,0.53,201301281600
16601,1.1,201301281600
16604,0.85,201301281600
16625,0.6,201301281600
16670,1.38,201301281600
16853,2.03,201301281600
16868,0.93,201301281600
16932,1.94,201301281600
17232,2.46,201301281600
17355,0.57,201301281600
17358,2.56,201301281600
17367,2.22,201301281600
17635,0.85,201301281600
17673,0.51,201301281600
17681,0.54,201301281600
17884,1.93,201301281600
17984,2.23,201301281600
18108,0.84,201301281600
18115,1.31,201301281600
18118,0.74,201301281600
18123,0.71,201301281600
18139,0.59,201301281600
18154,2.33,201301281600
18160,2.59,201301281600
18177,2.76,201301281600
18185,1.88,201301281600
18383,1.32,201301281600
18404,1.72,201301281600
18427,0.74,201301281600
18466,2.78,201301281600
18616,0.52,201301281600
18629,0.98,201301281600
18861,1.15,201301281600
18866,1.04,201301281600
18925,1.69,201301281600
19110,1.29,201301281600
19112,2.81,201301281600
19114,2.29,201301281600
19122,1.7,201301281600
19360,1.62,201301281600
19443,2.83,201301281600
19481,1.88,201301281600
19611,1.22,201301281600
19612,0.88,201301281600
19618,1.23,201301281600
19633,1.89,201301281600
19678,2.4,201301281600
19878,1.16,201301281600
19913,1.88,201301281600
20113,2.06,201301281600
20114,2.16,201301281600
20116,1.25,201301281600
20170,2.99,201301281600
20363,1.68,201301281600
20387,2.2,201301281600
20396,2.83,201301281600
20436,2.02,201301281600
20616,2.8,201301281600
20621,2.52,201301281600
20628,0.69,201301281600
20651,1.76,201301281600
20671,0.54,201301281600
20682,2.87,201301281600
20864,2.13,201301281600
20882,2.92,201301281600
20931,1.4,201301281600
20995,2.16,201301281600
21115,2.85,201301281600
21118,2.24,201301281600
21201,2.36,201301281600
21373,2.26,201301281600
21377,2.44,201301281600
21392,1.55,201301281600
21407,2.49,201301281600
21428,1.6,201301281600
21448,0.66,201301281600
21617,2.51,201301281600
21619,1.25,201301281600
21639,1.91,201301281600
21658,2.41,201301281600
21663,0.96,201301281600
21701,2.86,201301281600
21721,1.78,201301281600
21868,1.89,201301281600
21871,1.04,201301281600
21999,1.47,201301281600
22126,2.49,201301281600
22133,1.72,201301281600
22174,2.69,201301281600
22176,2.37,201301281600
22205,1.06,201301281600
22368,0.86,201301281600
22395,2.22,201301281600
22419,2.59,201301281600
22420,0.61,201301281600
22421,1.97,201301281600
22422,2.16,201301281600
22619,0.69,201301281600
22630,1.8,201301281600
22634,1.52,201301281600
22671,1.44,201301281600
22673,1.97,201301281600
22700,1.2,201301281600
22751,0.71,201301281600
22768,1.52,201301281600
22869,1.02,201301281600
22877,2.41,201301281600
22928,2.74,201301281600
22940,0.75,201301281600
22955,2.3,201301281600
22963,2.74,201301281600
22966,2.25,201301281600
23120,1.43,201301281600
23124,1.04,201301281600
23125,2.27,201301281600
23131,2.02,201301281600
23138,2.4,201301281600
23169,0.98,201301281600
23194,2.79,201301281600
23216,2.83,201301281600
23370,2.83,201301281600
23371,0.81,201301281600
23379,2.61,201301281600
23386,0.93,201301281600
23388,2.59,201301281600
23427,2.04,201301281600
23621,2.28,201301281600
23627,1.67,201301281600
23635,0.98,201301281600
23641,1.78,201301281600
23662,2.17,201301281600
23669,1.21,201301281600
23690,1.1,201301281600
23744,0.87,201301281600
23750,2.97,201301281600
23872,1.24,201301281600
23873,1.55,201301281600
23875,2.01,201301281600
23881,2.46,201301281600
23894,2.68,201301281600
23896,2.78,201301281600
23907,2.72,201301281600
23925,0.81,201301281600
23973,2.92,201301281600
24005,1.37,201301281600
24009,1.42,201301281600
24032,2.74,201301281600
24122,1.22,201301281600
24123,2.92,201301281600
24149,2.12,201301281600
24247,2.5,201301281600
24251,1.79,201301281600
24265,0.76,201301281600
24266,1.39,201301281600
24373,1.57,201301281600
24374,2.31,201301281600
24380,0.55,201301281600
24381,2.96,201301281600
24383,2.29,201301281600
24387,1.57,201301281600
24402,0.58,201301281600
24405,2.15,201301281600
24423,0.71,201301281600
24623,1.73,201301281600
24626,2.85,201301281600
24643,2.27,201301281600
24732,1.07,201301281600
24734,2.39,201301281600
24739,2.07,201301281600
24774,0.97,201301281600
24775,2.94,201301281600
24781,2.28,201301281600
24837,2.41,201301281600
24874,1.0,201301281600
24877,2.46,201301281600
24879,2.33,201301281600
24880,0.55,201301281600
24895,1.0,201301281600
24920,0.91,201301281600
24990,1.21,201301281600
24991,1.51,201301281600
24993,1.79,201301281600
25124,2.67,201301281600
25125,2.41,201301281600
25126,1.27,201301281600
25129,2.32,201301281600
25130,0.75,201301281600
25132,1.05,201301281600
25136,2.48,201301281600
25138,0.69,201301281600
25141,1.77,201301281600
25179,2.22,201301281600
25187,2.9,201301281600
25375,0.57,201301281600
25376,1.86,201301281600
25377,0.84,201301281600
25379,2.26,201301281600
25385,2.29,201301281600
25395,0.75,201301281600
25400,1.25,201301281600
25405,2.64,201301281600
25412,2.51,201301281600
25427,2.29,201301281600
25626,2.65,201301281600
25627,0.68,201301281600
25628,1.93,201301281600
25629,1.44,201301281600
25632,2.71,201301281600
25633,1.01,201301281600
25642,2.85,201301281600
25715,2.11,201301281600
25747,1.85,201301281600
25763,2.67,201301281600
25876,1.03,201301281600
25877,0.75,201301281600
25878,1.48,201301281600
25881,2.39,201301281600
25882,0.56,201301281600
25886,2.76,201301281600
25888,1.71,201301281600
25926,2.92,201301281600
25997,2.22,201301281600
26005,2.29,201301281600
26035,0.6,201301281600
26127,2.84,201301281600
26129,1.28,201301281600
26130,2.87,201301281600
26133,0.72,201301281600
26135,2.76,201301281600
26136,2.56,201301281600
26138,1.9,201301281600
26139,1.89,201301281600
26141,0.68,201301281600
26148,0.7,201301281600
26168,2.84,201301281600
26378,1.14,201301281600
26379,0.92,201301281600
26380,1.76,201301281600
26381,0.82,201301281600
26382,1.89,201301281600
26383,1.37,201301281600
26385,1.13,201301281600
26386,0.93,201301281600
26387,1.33,201301281600
26389,2.47,201301281600
26391,2.95,201301281600
26392,0.64,201301281600
26393,1.08,201301281600
26396,1.4,201301281600
26403,2.41,201301281600
26408,0.99,201301281600
26427,1.56,201301281600
26450,2.31,201301281600
26492,2.96,201301281600
26546,1.08,201301281600
26563,0.68,201301281600
26564,2.52,201301281600
26628,2.8,201301281600
26629,1.37,201301281600
26630,1.53,201301281600
26631,2.97,201301281600
26633,1.85,201301281600
26634,1.3,201301281600
26656,1.22,201301281600
26674,2.45,201301281600
26708,2.46,201301281600
26752,1.99,201301281600
26754,1.96,201301281600
26755,2.98,201301281600
26782,1.93,201301281600
26846,2.37,201301281600
26879,0.99,201301281600
26880,2.47,201301281600
26881,1.78,201301281600
26882,2.37,201301281600
26883,2.73,201301281600
26884,1.42,201301281600
26885,1.8,201301281600
26886,1.87,201301281600
26887,0.67,201301281600
26889,0.84,201301281600
26890,1.14,201301281600
26891,2.57,201301281600
26892,0.63,201301281600
26893,1.62,201301281600
26894,2.16,201301281600
26895,1.8,201301281600
26897,2.18,201301281600
26905,1.76,201301281600
26938,2.77,201301281600
26964,2.95,201301281600
27006,1.52,201301281600
27042,1.93,201301281600
27098,1.18,201301281600
27130,0.63,201301281600
27131,1.94,201301281600
27132,1.75,201301281600
27133,2.31,201301281600
27134,0.83,201301281600
27135,2.79,201301281600
27136,1.57,201301281600
27137,2.05,201301281600
27138,2.78,201301281600
27142,2.65,201301281600
27143,2.58,201301281600
27145,0.87,201301281600
27148,2.07,201301281600
27149,1.93,201301281600
27152,2.81,201301281600
27155,2.13,201301281600
27175,1.15,201301281600
27209,0.55,201301281600
27247,0.87,201301281600
27381,1.32,201301281600
27382,0.97,201301281600
27383,0.69,201301281600
27384,2.19,201301281600
27386,1.24,201301281600
27387,1.13,201301281600
27388,2.21,201301281600
27389,1.56,201301281600
27390,2.98,201301281600
27392,2.46,201301281600
27395,2.21,201301281600
27404,2.54,201301281600
27415,2.64,201301281600
27427,2.81,201301281600
27489,1.99,201301281600
27494,0.91,201301281600
27498,2.83,201301281600
27518,2.9,201301281600
27632,2.47,201301281600
27633,0.86,201301281600
27634,2.6,201301281600
27635,1.86,201301281600
27636,1.52,201301281600
27637,2.36,201301281600
27638,0.85,201301281600
27639,1.79,201301281600
27640,2.02,201301281600
27642,1.91,201301281600
27643,0.78,201301281600
27645,2.47,201301281600
27646,1.95,201301281600
27647,1.74,201301281600
27649,1.03,201301281600
27654,2.23,201301281600
27763,0.68,201301281600
27764,1.91,201301281600
27796,2.53,201301281600
27797,1.32,201301281600
27883,1.38,201301281600
27884,1.41,201301281600
27885,1.85,201301281600
27886,2.56,201301281600
27887,2.16,201301281600
27888,2.41,201301281600
27889,1.38,201301281600
27890,2.12,201301281600
27891,0.88,201301281600
27892,2.52,201301281600
27894,0.76,201301281600
27895,2.01,201301281600
27897,1.14,201301281600
27902,2.73,201301281600
27908,2.48,201301281600
27911,0.85,201301281600
27930,1.73,201301281600
27971,0.74,201301281600
28004,1.41,201301281600
28015,0.93,201301281600
28049,2.88,201301281600
28102,2.13,201301281600
28134,1.87,201301281600
28135,2.16,201301281600
28136,2.29,201301281600
28137,1.35,201301281600
28138,0.88,201301281600
28139,2.75,201301281600
28140,0.89,201301281600
28142,2.43,201301281600
28143,2.54,201301281600
28144,1.42,201301281600
28146,1.26,201301281600
28154,2.82,201301281600
28156,2.99,201301281600
28216,2.74,201301281600
28239,1.64,201301281600
28384,2.46,201301281600
28385,1.66,201301281600
28386,1.07,201301281600
28387,1.85,201301281600
28388,2.23,201301281600
28389,0.92,201301281600
28390,0.8,201301281600
28391,1.32,201301281600
28392,1.34,201301281600
28393,1.33,201301281600
28394,2.03,201301281600
28396,1.95,201301281600
28397,1.58,201301281600
28400,0.74,201301281600
28401,2.6,201301281600
28405,2.88,201301281600
28427,2.95,201301281600
28467,1.88,201301281600
28496,2.39,201301281600
28497,1.01,201301281600
28519,1.89,201301281600
28535,2.95,201301281600
28539,2.48,201301281600
28545,2.85,201301281600
28557,1.25,201301281600
28635,0.73,201301281600
28636,0.52,201301281600
28637,2.35,201301281600
28638,0.74,201301281600
28639,1.14,201301281600
28640,1.45,201301281600
28641,1.4,201301281600
28642,0.58,201301281600
28643,2.8,201301281600
28644,2.22,201301281600
28645,1.55,201301281600
28646,0.64,201301281600
28649,0.6,201301281600
28658,2.82,201301281600
28667,0.99,201301281600
28675,0.56,201301281600
28751,2.63,201301281600
28753,2.08,201301281600
28754,1.27,201301281600
28788,2.44,201301281600
28812,0.5,201301281600
28823,2.59,201301281600
28886,2.85,201301281600
28887,0.95,201301281600
28888,0.69,201301281600
28889,1.66,201301281600
28890,1.13,201301281600
28891,0.98,201301281600
28892,0.9,201301281600
28893,2.33,201301281600
28894,1.19,201301281600
28895,0.86,201301281600
28896,1.62,201301281600
28897,0.86,201301281600
28899,2.84,201301281600
28900,2.06,201301281600
28901,0.69,201301281600
28902,1.46,201301281600
28905,1.75,201301281600
28912,2.35,201301281600
28960,2.57,201301281600
28969,0.88,201301281600
29004,2.34,201301281600
29012,1.73,201301281600
29026,1.74,201301281600
29068,2.42,201301281600
29076,1.66,201301281600
29088,0.76,201301281600
29094,1.78,201301281600
29136,1.06,201301281600
29137,0.65,201301281600
29138,1.75,201301281600
29139,1.04,201301281600
29140,1.58,201301281600
29141,1.54,201301281600
29142,0.51,201301281600
29143,1.17,201301281600
29144,1.8,201301281600
29146,2.93,201301281600
29147,0.74,201301281600
29148,0.69,201301281600
29149,2.03,201301281600
29151,2.54,201301281600
29158,1.12,201301281600
29165,0.65,201301281600
29171,1.11,201301281600
29190,1.27,201301281600
29247,2.95,201301281600
29387,0.85,201301281600
29388,1.21,201301281600
29389,1.02,201301281600
29390,0.72,201301281600
29391,1.91,201301281600
29392,0.99,201301281600
29393,1.34,201301281600
29394,2.33,201301281600
29395,2.62,201301281600
29396,2.08,201301281600
29397,2.56,201301281600
29398,2.18,201301281600
29399,1.36,201301281600
29401,2.7,201301281600
29402,1.89,201301281600
29403,1.47,201301281600
29405,2.75,201301281600
29409,2.06,201301281600
29425,2.08,201301281600
29429,0.67,201301281600
29495,1.14,201301281600
29498,1.41,201301281600
29533,2.06,201301281600
29556,2.12,201301281600
29638,1.82,201301281600
29639,0.87,201301281600
29640,1.67,201301281600
29641,1.03,201301281600
29642,1.96,201301281600
29643,0.77,201301281600
29644,1.29,201301281600
29645,2.64,201301281600
29648,1.4,201301281600
29649,1.87,201301281600
29650,2.31,201301281600
29654,2.24,201301281600
29663,2.49,201301281600
29670,0.84,201301281600
29710,0.83,201301281600
29730,1.95,201301281600
29733,1.91,201301281600
29736,1.42,201301281600
29766,2.77,201301281600
29891,2.21,201301281600
29892,1.21,201301281600
29893,0.67,201301281600
29894,2.67,201301281600
29895,2.57,201301281600
29896,0.57,201301281600
29897,0.85,201301281600
29898,0.65,201301281600
29900,1.64,201301281600
29903,1.9,201301281600
29906,2.9,201301281600
29909,1.94,201301281600
29912,1.51,201301281600
29917,2.54,201301281600
29925,2.27,201301281600
29966,0.67,201301281600
30021,2.79,201301281600
30026,0.87,201301281600
30036,1.38,201301281600
30142,2.58,201301281600
30143,1.79,201301281600
30144,2.74,201301281600
30145,2.31,201301281600
30146,2.61,201301281600
30147,1.39,201301281600
30148,0.9,201301281600
30152,2.92,201301281600
30154,2.52,201301281600
30157,0.96,201301281600
30158,2.33,201301281600
30181,0.89,201301281600
30242,1.3,201301281600
30243,1.67,201301281600
30244,1.21,201301281600
30261,2.55,201301281600
30300,0.87,201301281600
30322,0.96,201301281600
30393,1.64,201301281600
30394,1.8,201301281600
30395,1.58,201301281600
30396,1.32,201301281600
30397,0.79,201301281600
30398,2.34,201301281600
30400,2.36,201301281600
30401,2.21,201301281600
30403,1.27,201301281600
30407,1.27,201301281600
30410,0.91,201301281600
30420,2.11,201301281600
30430,2.38,201301281600
30434,2.12,201301281600
30439,1.92,201301281600
30481,1.12,201301281600
30489,1.75,201301281600
30494,1.54,201301281600
30495,1.81,201301281600
30496,1.22,201301281600
30645,1.3,201301281600
30646,1.9,201301281600
30647,2.63,201301281600
30648,0.99,201301281600
30649,1.83,201301281600
30650,0.81,201301281600
30651,2.42,201301281600
30652,1.47,201301281600
30653,0.78,201301281600
30654,2.62,201301281600
30661,2.86,201301281600
30664,1.83,201301281600
30666,1.08,201301281600
30669,1.78,201301281600
30673,1.75,201301281600
30683,1.9,201301281600
30745,2.27,201301281600
30750,2.88,201301281600
30777,0.69,201301281600
30780,2.45,201301281600
30812,2.1,201301281600
30897,2.21,201301281600
30898,2.4,201301281600
30899,2.0,201301281600
30900,1.41,201301281600
30901,2.28,201301281600
30902,1.26,201301281600
30903,1.33,201301281600
30904,2.81,201301281600
30908,0.95,201301281600
30909,2.8,201301281600
30912,2.87,201301281600
30913,0.71,201301281600
30928,2.77,201301281600
30953,2.49,201301281600
30979,1.26,201301281600
30994,1.38,201301281600
30995,1.04,201301281600
31027,1.76,201301281600
31028,0.86,201301281600
31029,1.44,201301281600
31082,1.66,201301281600
31148,1.55,201301281600
31149,1.32,201301281600
31150,0.84,201301281600
31151,2.3,201301281600
31152,2.25,201301281600
31156,0.53,201301281600
31157,2.62,201301281600
31161,1.38,201301281600
31166,2.42,201301281600
31172,0.74,201301281600
31274,1.78,201301281600
31281,1.98,201301281600
31369,2.02,201301281600
31398,1.65,201301281600
31401,2.95,201301281600
31407,2.07,201301281600
31408,0.66,201301281600
31409,1.88,201301281600
31410,2.04,201301281600
31413,2.32,201301281600
31419,0.97,201301281600
31427,1.41,201301281600
31457,2.23,201301281600
31466,2.73,201301281600
31651,1.72,201301281600
31652,1.54,201301281600
31656,0.7,201301281600
31660,0.92,201301281600
31663,2.26,201301281600
31666,2.42,201301281600
31675,2.17,201301281600
31738,2.6,201301281600
31754,2.13,201301281600
31782,1.71,201301281600
31903,2.1,201301281600
31904,1.78,201301281600
31905,1.69,201301281600
31906,0.51,201301281600
31908,0.72,201301281600
31912,1.9,201301281600
31921,2.74,201301281600
31928,2.27,201301281600
31949,0.7,201301281600
32028,1.19,201301281600
32032,1.24,201301281600
32045,2.91,201301281600
32150,2.51,201301281600
32155,2.84,201301281600
32157,1.25,201301281600
32161,1.47,201301281600
32162,2.64,201301281600
32167,0.91,201301281600
32169,2.06,201301281600
32175,1.84,201301281600
32182,1.58,201301281600
32185,1.76,201301281600
32195,2.27,201301281600
32235,1.75,201301281600
32404,2.62,201301281600
32405,1.8,201301281600
32410,2.76,201301281600
32411,2.07,201301281600
32415,2.97,201301281600
32449,1.21,201301281600
32490,2.33,201301281600
32558,2.33,201301281600
32622,2.84,201301281600
32656,2.32,201301281600
32658,0.63,201301281600
32660,1.37,201301281600
32662,2.02,201301281600
32668,2.0,201301281600
32682,2.88,201301281600
32697,2.34,201301281600
32712,1.04,201301281600
32729,1.62,201301281600
32739,0.66,201301281600
32742,1.8,201301281600
32744,1.66,201301281600
32802,1.43,201301281600
32834,0.76,201301281600
32905,1.4,201301281600
32907,0.7,201301281600
32912,0.92,201301281600
32916,1.03,201301281600
32922,0.89,201301281600
32924,2.59,201301281600
32926,1.99,201301281600
32929,0.79,201301281600
32977,0.97,201301281600
32978,2.08,201301281600
33154,2.2,201301281600
33158,0.79,201301281600
33160,1.4,201301281600
33165,1.16,201301281600
33170,2.73,201301281600
33186,0.83,201301281600
33286,2.25,201301281600
33405,1.85,201301281600
33409,1.93,201301281600
33412,2.66,201301281600
33418,2.51,201301281600
33420,0.54,201301281600
33424,1.41,201301281600
33435,2.79,201301281600
33442,2.32,201301281600
33519,2.21,201301281600
33594,2.89,201301281600
33656,2.36,201301281600
33659,1.97,201301281600
33662,1.2,201301281600
33664,2.93,201301281600
33666,1.08,201301281600
33669,1.17,201301281600
33673,2.2,201301281600
33675,0.76,201301281600
33694,1.07,201301281600
33724,2.02,201301281600
33742,1.96,201301281600
33812,0.59,201301281600
33909,2.37,201301281600
33911,0.81,201301281600
33912,0.89,201301281600
33913,2.43,201301281600
33922,1.25,201301281600
33923,0.84,201301281600
33924,2.01,201301281600
33931,1.87,201301281600
33935,1.12,201301281600
33986,1.5,201301281600
34013,2.62,201301281600
34160,2.3,201301281600
34161,2.56,201301281600
34162,1.47,201301281600
34163,0.9,201301281600
34167,1.96,201301281600
34190,2.46,201301281600
34211,1.6,201301281600
34303,1.85,201301281600
34380,0.78,201301281600
34407,1.38,201301281600
34413,0.79,201301281600
34423,0.63,201301281600
34424,1.89,201301281600
34427,1.13,201301281600
34430,2.7,201301281600
34437,1.21,201301281600
34440,2.56,201301281600
34486,1.43,201301281600
34495,1.92,201301281600
34510,0.87,201301281600
34520,0.91,201301281600
34528,1.39,201301281600
34563,2.48,201301281600
34662,2.18,201301281600
34667,1.07,201301281600
34668,1.99,201301281600
34670,2.15,201301281600
34672,3.0,201301281600
34673,2.64,201301281600
34676,2.67,201301281600
34679,0.7,201301281600
34682,2.5,201301281600
34695,2.45,201301281600
34710,1.67,201301281600
34714,1.82,201301281600
34720,1.39,201301281600
34882,2.12,201301281600
34913,2.88,201301281600
34914,1.42,201301281600
34915,0.6,201301281600
34924,1.28,201301281600
34925,0.63,201301281600
34934,2.53,201301281600
34939,1.4,201301281600
34959,2.04,201301281600
34990,1.46,201301281600
35102,2.04,201301281600
35164,1.6,201301281600
35166,2.67,201301281600
35173,0.51,201301281600
35178,2.06,201301281600
35183,1.5,201301281600
35185,0.91,201301281600
35187,0.67,201301281600
35193,0.51,201301281600
35203,1.47,201301281600
35218,0.63,201301281600
35237,2.01,201301281600
35244,1.25,201301281600
35249,0.73,201301281600
35295,2.48,201301281600
35368,2.97,201301281600
35410,2.88,201301281600
35414,0.64,201301281600
35415,2.83,201301281600
35417,1.16,201301281600
35421,0.75,201301281600
35440,2.47,201301281600
35455,2.29,201301281600
35492,1.42,201301281600
35515,1.47,201301281600
35665,1.16,201301281600
35675,1.62,201301281600
35683,1.87,201301281600
35686,1.93,201301281600
35700,0.95,201301281600
35745,2.39,201301281600
35755,0.88,201301281600
35769,1.97,201301281600
35916,2.49,201301281600
35917,2.74,201301281600
35918,1.73,201301281600
35919,1.39,201301281600
35921,2.52,201301281600
35929,2.22,201301281600
35931,2.72,201301281600
35941,2.84,201301281600
35944,1.47,201301281600
35971,2.3,201301281600
35981,1.21,201301281600
35992,2.5,201301281600
35994,1.56,201301281600
36067,2.11,201301281600
36162,1.13,201301281600
36167,1.6,201301281600
36169,2.54,201301281600
36170,2.08,201301281600
36173,2.57,201301281600
36176,2.4,201301281600
36177,2.82,201301281600
36205,1.64,201301281600
36237,2.55,201301281600
36245,0.91,201301281600
36246,2.35,201301281600
36293,2.57,201301281600
36311,1.3,201301281600
36417,1.18,201301281600
36420,1.55,201301281600
36421,2.3,201301281600
36441,2.35,201301281600
36448,2.82,201301281600
36494,1.6,201301281600
36498,2.41,201301281600
36502,2.65,201301281600
36510,2.52,201301281600
36513,2.57,201301281600
36519,2.22,201301281600
36524,1.09,201301281600
36576,2.35,201301281600
36668,1.19,201301281600
36673,0.56,201301281600
36675,0.71,201301281600
36677,0.69,201301281600
36679,2.66,201301281600
36682,1.75,201301281600
36688,0.82,201301281600
36690,2.3,201301281600
36711,0.87,201301281600
36717,1.94,201301281600
36758,2.61,201301281600
36889,2.61,201301281600
36915,1.8,201301281600
36918,1.3,201301281600
36933,0.7,201301281600
36934,2.54,201301281600
36953,2.76,201301281600
36959,0.79,201301281600
36996,0.67,201301281600
36999,1.19,201301281600
37001,0.57,201301281600
37167,1.38,201301281600
37168,1.8,201301281600
37169,2.36,201301281600
37172,2.19,201301281600
37176,1.4,201301281600
37178,2.36,201301281600
37179,2.56,201301281600
37182,2.64,201301281600
37192,1.38,201301281600
37200,1.08,201301281600
37206,0.52,201301281600
37232,2.27,201301281600
37239,0.73,201301281600
37270,1.49,201301281600
37298,0.91,201301281600
37304,2.61,201301281600
37419,1.32,201301281600
37421,2.13,201301281600
37423,1.63,201301281600
37425,1.34,201301281600
37446,1.89,201301281600
37454,2.12,201301281600
37477,2.41,201301281600
37487,2.96,201301281600
37501,0.78,201301281600
37503,1.33,201301281600
37513,2.47,201301281600
37523,2.38,201301281600
37562,0.9,201301281600
37609,2.65,201301281600
37642,2.65,201301281600
37643,2.42,201301281600
37670,2.63,201301281600
37671,0.97,201301281600
37672,2.89,201301281600
37676,1.21,201301281600
37688,1.91,201301281600
37689,2.09,201301281600
37690,2.29,201301281600
37695,1.63,201301281600
37701,1.3,201301281600
37710,1.89,201301281600
37711,1.63,201301281600
37754,1.3,201301281600
37874,2.87,201301281600
37891,1.49,201301281600
37893,0.93,201301281600
37894,1.13,201301281600
37926,2.18,201301281600
37928,0.63,201301281600
37929,1.86,201301281600
37932,2.53,201301281600
37936,1.09,201301281600
37943,2.93,201301281600
37952,1.95,201301281600
37962,0.87,201301281600
37968,1.7,201301281600
38003,2.93,201301281600
38060,2.35,201301281600
38145,1.91,201301281600
38172,2.4,201301281600
38173,1.55,201301281600
38178,1.38,201301281600
38200,0.6,201301281600
38204,2.74,201301281600
38209,1.83,201301281600
38215,0.86,201301281600
38220,2.02,201301281600
38225,1.07,201301281600
38228,0.76,201301281600
38230,1.4,201301281600
38243,1.11,201301281600
38247,0.73,201301281600
38255,2.29,201301281600
38263,2.5,201301281600
38268,1.05,201301281600
38272,1.85,201301281600
38367,0.74,201301281600
38381,2.45,201301281600
38423,2.71,201301281600
38425,0.67,201301281600
38426,2.56,201301281600
38431,2.52,201301281600
38440,2.55,201301281600
38479,2.19,201301281600
38481,2.41,201301281600
38483,1.61,201301281600
38488,1.52,201301281600
38490,2.72,201301281600
38498,0.78,201301281600
38499,2.59,201301281600
38500,0.86,201301281600
38505,2.98,201301281600
38506,1.7,201301281600
38508,2.56,201301281600
38517,1.11,201301281600
38534,2.04,201301281600
38648,2.3,201301281600
38674,1.6,201301281600
38676,1.55,201301281600
38679,2.18,201301281600
38684,1.05,201301281600
38693,1.45,201301281600
38697,2.63,201301281600
38716,2.89,201301281600
38722,1.74,201301281600
38736,2.51,201301281600
38738,1.04,201301281600
38752,1.16,201301281600
38753,2.37,201301281600
38758,2.31,201301281600
38760,1.38,201301281600
38761,1.45,201301281600
38762,2.14,201301281600
38766,2.78,201301281600
38769,1.92,201301281600
38778,1.59,201301281600
38812,1.55,201301281600
38939,1.49,201301281600
38953,2.32,201301281600
38958,2.25,201301281600
38967,2.26,201301281600
39006,1.17,201301281600
39008,1.15,201301281600
39010,1.83,201301281600
39011,1.34,201301281600
39017,2.7,201301281600
39113,1.24,201301281600
39148,1.56,201301281600
39149,2.73,201301281600
39176,0.68,201301281600
39178,2.47,201301281600
39191,2.15,201301281600
39201,1.63,201301281600
39230,2.0,201301281600
39236,2.35,201301281600
39246,1.15,201301281600
39252,2.73,201301281600
39255,1.71,201301281600
39260,0.56,201301281600
39262,1.52,201301281600
39263,1.48,201301281600
39268,1.34,201301281600
39269,2.97,201301281600
39271,2.8,201301281600
39274,1.41,201301281600
39275,1.95,201301281600
39375,2.15,201301281600
39391,2.18,201301281600
39427,1.96,201301281600
39428,0.98,201301281600
39430,1.4,201301281600
39433,2.96,201301281600
39446,0.54,201301281600
39457,1.71,201301281600
39514,0.53,201301281600
39515,1.62,201301281600
39516,0.91,201301281600
39517,0.76,201301281600
39535,1.79,201301281600
39554,1.17,201301281600
39559,2.43,201301281600
39631,1.92,201301281600
39632,1.43,201301281600
39633,0.9,201301281600
39652,0.74,201301281600
39683,1.42,201301281600
39687,1.91,201301281600
39706,2.56,201301281600
39710,2.24,201301281600
39722,2.06,201301281600
39731,1.32,201301281600
39750,2.48,201301281600
39755,2.88,201301281600
39759,0.73,201301281600
39762,2.1,201301281600
39764,1.6,201301281600
39765,0.71,201301281600
39766,1.01,201301281600
39767,2.55,201301281600
39769,1.8,201301281600
39772,2.17,201301281600
39776,1.83,201301281600
39777,1.79,201301281600
39790,1.49,201301281600
39791,1.53,201301281600
39796,1.7,201301281600
39832,1.3,201301281600
39883,2.25,201301281600
39930,1.48,201301281600
39932,1.83,201301281600
39941,1.32,201301281600
39948,2.47,201301281600
39969,2.35,201301281600
40018,1.21,201301281600
40031,0.85,201301281600
40133,1.96,201301281600
40180,0.84,201301281600
40188,2.95,201301281600
40196,1.74,201301281600
40242,2.88,201301281600
40246,0.63,201301281600
40259,2.72,201301281600
40264,1.87,201301281600
40267,2.19,201301281600
40268,1.61,201301281600
40270,0.98,201301281600
40276,1.8,201301281600
40286,1.2,201301281600
40295,1.72,201301281600
40431,1.77,201301281600
40432,0.58,201301281600
40442,2.21,201301281600
40447,2.68,201301281600
40448,2.89,201301281600
40451,0.86,201301281600
40457,0.95,201301281600
40500,2.5,201301281600
40512,0.88,201301281600
40518,2.51,201301281600
40519,0.86,201301281600
40522,2.67,201301281600
40524,0.7,201301281600
40525,1.83,201301281600
40532,0.62,201301281600
40560,2.39,201301281600
40566,0.59,201301281600
40633,1.55,201301281600
40687,1.43,201301281600
40713,1.12,201301281600
40719,1.22,201301281600
40732,2.67,201301281600
40733,2.8,201301281600
40766,2.03,201301281600
40810,1.83,201301281600
40894,2.28,201301281600
40933,2.45,201301281600
40936,0.68,201301281600
40939,2.86,201301281600
40954,2.15,201301281600
40982,1.33,201301281600
41021,1.99,201301281600
41024,2.35,201301281600
41061,1.16,201301281600
41145,0.97,201301281600
41157,2.15,201301281600
41183,1.47,201301281600
41200,0.93,201301281600
41262,2.52,201301281600
41265,1.84,201301281600
41270,2.74,201301281600
41277,0.96,201301281600
41318,2.62,201301281600
41401,1.95,201301281600
41407,1.52,201301281600
41437,0.86,201301281600
41459,2.78,201301281600
41465,1.29,201301281600
41469,1.5,201301281600
41508,0.84,201301281600
41520,1.48,201301281600
41522,0.98,201301281600
41526,1.21,201301281600
41532,2.55,201301281600
41558,2.66,201301281600
41635,2.49,201301281600
41653,1.12,201301281600
41658,1.75,201301281600
41692,2.75,201301281600
41696,1.76,201301281600
41764,2.35,201301281600
41772,0.88,201301281600
41893,0.86,201301281600
41904,0.63,201301281600
41905,1.4,201301281600
41936,1.56,201301281600
41941,1.85,201301281600
41958,0.6,201301281600
41990,1.17,201301281600
42023,1.89,201301281600
42026,2.18,201301281600
42029,1.25,201301281600
42074,2.58,201301281600
42085,1.32,201301281600
42095,0.93,201301281600
42147,1.4,201301281600
42160,2.31,201301281600
42200,2.99,201301281600
42213,0.59,201301281600
42267,1.55,201301281600
42271,2.88,201301281600
42274,0.55,201301281600
42283,2.95,201301281600
42291,1.69,201301281600
42342,2.83,201301281600
42411,2.44,201301281600
42438,1.21,201301281600
42454,0.76,201301281600
42471,2.67,201301281600
42478,2.98,201301281600
42487,2.85,201301281600
42503,2.46,201301281600
42514,2.55,201301281600
42521,2.87,201301281600
42533,2.52,201301281600
42644,0.56,201301281600
42661,1.99,201301281600
42695,0.53,201301281600
42744,1.04,201301281600
42750,1.91,201301281600
42846,1.76,201301281600
42905,1.19,201301281600
42912,2.37,201301281600
42939,0.68,201301281600
42940,0.77,201301281600
42944,1.77,201301281600
42949,1.84,201301281600
43011,1.86,201301281600
43021,2.02,201301281600
43030,1.42,201301281600
43151,2.42,201301281600
43160,1.52,201301281600
43162,1.4,201301281600
43213,1.97,201301281600
43220,2.86,201301281600
43261,2.73,201301281600
43412,1.38,201301281600
43413,2.79,201301281600
43440,2.65,201301281600
43443,1.98,201301281600
43449,1.84,201301281600
43483,1.98,201301281600
43484,0.91,201301281600
43494,1.35,201301281600
43518,1.71,201301281600
43523,2.84,201301281600
43526,2.22,201301281600
43530,1.65,201301281600
43571,1.47,201301281600
43642,1.2,201301281600
43662,2.86,201301281600
43738,2.24,201301281600
43760,1.39,201301281600
43779,1.02,201301281600
43914,0.86,201301281600
43957,2.75,201301281600
43980,0.6,201301281600
43984,2.2,201301281600
43992,0.85,201301281600
43995,2.36,201301281600
44002,1.17,201301281600
44039,1.49,201301281600
44194,1.55,201301281600
44197,2.64,201301281600
44204,2.62,201301281600
44215,1.72,201301281600
44226,1.7,201301281600
44247,2.35,201301281600
44255,0.66,201301281600
44282,2.81,201301281600
44284,2.64,201301281600
44356,1.17,201301281600
44470,2.29,201301281600
44486,1.71,201301281600
44503,2.21,201301281600
44504,2.44,201301281600
44510,2.55,201301281600
44517,1.49,201301281600
44534,2.5,201301281600
44578,1.65,201301281600
44666,0.69,201301281600
44694,2.06,201301281600
44697,2.76,201301281600
44716,2.99,201301281600
44724,0.84,201301281600
44743,1.1,201301281600
44755,1.52,201301281600
44756,1.22,201301281600
44757,1.41,201301281600
44758,2.42,201301281600
44786,1.96,201301281600
44787,1.96,201301281600
44911,2.36,201301281600
44963,0.53,201301281600
45005,0.89,201301281600
45006,0.94,201301281600
45007,0.7,201301281600
45008,1.9,201301281600
45039,1.88,201301281600
45114,1.53,201301281600
45168,0.91,201301281600
45200,1.52,201301281600
45203,0.94,201301281600
45208,2.09,201301281600
45237,2.91,201301281600
45254,1.95,201301281600
45256,1.1,201301281600
45258,2.69,201301281600
45261,1.23,201301281600
45265,1.86,201301281600
45266,2.91,201301281600
45401,2.89,201301281600
45479,1.92,201301281600
45502,0.52,201301281600
45507,1.95,201301281600
45509,2.79,201301281600
45526,1.63,201301281600
45538,2.12,201301281600
45582,1.18,201301281600
45661,2.9,201301281600
45701,1.74,201301281600
45703,2.6,201301281600
45716,1.47,201301281600
45720,2.56,201301281600
45725,2.07,201301281600
45735,1.73,201301281600
45747,0.94,201301281600
45766,1.76,201301281600
45793,1.96,201301281600
45795,1.29,201301281600
45919,2.93,201301281600
45948,2.04,201301281600
46008,1.82,201301281600
46036,2.91,201301281600
46041,2.91,201301281600
46052,2.24,201301281600
46074,0.95,201301281600
46145,2.1,201301281600
46202,0.8,201301281600
46209,1.3,201301281600
46242,1.49,201301281600
46265,2.29,201301281600
46372,1.77,201301281600
46384,0.61,201301281600
46455,2.18,201301281600
46508,2.97,201301281600
46523,0.88,201301281600
46538,2.37,201301281600
46565,2.3,201301281600
46574,0.62,201301281600
46626,2.46,201301281600
46700,1.16,201301281600
46738,2.32,201301281600
46770,1.49,201301281600
46778,2.78,201301281600
46787,1.66,201301281600
46803,1.08,201301281600
46954,1.0,201301281600
46964,2.39,201301281600
46972,1.55,201301281600
46976,1.62,201301281600
46981,1.91,201301281600
47011,1.24,201301281600
47015,1.46,201301281600
47047,2.15,201301281600
47253,2.03,201301281600
47288,2.16,201301281600
47295,2.51,201301281600
47342,2.36,201301281600
47454,1.34,201301281600
47535,0.6,201301281600
47543,2.54,201301281600
47705,0.95,201301281600
47709,1.17,201301281600
47711,1.2,201301281600
47758,2.92,201301281600
47806,2.67,201301281600
47889,1.62,201301281600
47926,0.98,201301281600
47968,2.13,201301281600
47972,2.55,201301281600
47977,2.98,201301281600
47982,0.97,201301281600
48032,1.29,201301281600
48209,2.25,201301281600
48239,1.42,201301281600
48244,1.81,201301281600
48278,0.55,201301281600
48420,1.52,201301281600
48427,2.94,201301281600
48499,1.45,201301281600
48503,2.78,201301281600
48552,2.46,201301281600
48584,2.02,201301281600
48713,1.23,201301281600
48759,1.74,201301281600
48848,1.87,201301281600
48898,2.72,201301281600
49017,0.67,201301281600
49049,1.05,201301281600
49229,2.11,201301281600
49241,1.49,201301281600
49472,1.53,201301281600
49483,2.94,201301281600
49542,1.76,201301281600
49555,2.52,201301281600
49679,1.76,201301281600
49750,1.96,201301281600
49760,1.05,201301281600
49777,2.06,201301281600
49968,2.05,201301281600
50053,0.96,201301281600
50103,2.98,201301281600
50180,2.04,201301281600
50285,2.75,201301281600
50430,2.78,201301281600
50470,2.64,201301281600
50494,0.71,201301281600
50511,1.58,201301281600
50549,2.11,201301281600
50680,2.9,201301281600
50682,2.53,201301281600
50731,2.39,201301281600
50812,0.63,201301281600
50872,2.32,201301281600
51029,1.9,201301281600
51046,1.81,201301281600
51053,2.9,201301281600
51056,1.79,201301281600
51162,1.68,201301281600
51177,2.63,201301281600
51182,2.75,201301281600
51228,1.06,201301281600
51258,1.73,201301281600
51430,1.97,201301281600
51431,2.77,201301281600
51432,0.77,201301281600
51520,2.32,201301281600
51681,0.91,201301281600
51682,2.53,201301281600
51725,2.57,201301281600
51790,0.86,201301281600
51832,1.34,201301281600
51857,2.25,201301281600
51931,0.89,201301281600
51932,2.34,201301281600
51986,0.82,201301281600
52003,2.29,201301281600
52182,2.55,201301281600
52244,0.56,201301281600
52259,2.48,201301281600
52280,1.07,201301281600
52319,0.63,201301281600
52473,1.17,201301281600
52518,2.77,201301281600
52631,1.15,201301281600
52679,2.66,201301281600
52729,2.58,201301281600
52811,2.43,201301281600
52983,0.63,201301281600
52988,0.65,201301281600
52993,1.83,201301281600
53000,0.7,201301281600
53016,1.5,201301281600
53027,2.05,201301281600
53072,0.93,201301281600
53090,2.81,201301281600
53177,0.56,201301281600
53178,2.7,201301281600
53381,2.26,201301281600
53427,0.82,201301281600
53429,2.12,201301281600
53761,2.92,201301281600
53774,2.39,201301281600
53797,1.09,201301281600
53810,2.65,201301281600
53822,2.75,201301281600
53864,0.68,201301281600
53927,1.07,201301281600
54038,0.57,201301281600
54071,2.28,201301281600
54234,2.0,201301281600
54281,2.95,201301281600
54284,2.09,201301281600
54327,1.57,201301281600
54334,0.76,201301281600
54349,2.46,201301281600
54427,1.06,201301281600
54503,2.79,201301281600
54510,0.98,201301281600
54520,0.58,201301281600
54550,2.25,201301281600
54578,1.74,201301281600
54678,0.58,201301281600
54828,1.05,201301281600
54983,1.38,201301281600
54996,2.6,201301281600
55070,2.85,201301281600
55329,1.41,201301281600
55331,1.18,201301281600
55535,0.71,201301281600
55633,1.02,201301281600
55680,2.0,201301281600
55761,0.63,201301281600
55831,0.81,201301281600
55832,0.51,201301281600
55838,2.13,201301281600
55845,1.04,201301281600
56106,2.17,201301281600
56493,0.98,201301281600
56571,1.47,201301281600
56586,2.04,201301281600
56587,2.44,201301281600
56591,1.24,201301281600
56738,1.3,201301281600
56835,2.73,201301281600
56882,1.88,201301281600
56887,0.54,201301281600
56888,2.59,201301281600
56933,0.91,201301281600
56934,1.88,201301281600
57042,1.41,201301281600
57062,2.43,201301281600
57189,2.4,201301281600
57261,1.88,201301281600
57329,1.94,201301281600
57342,2.86,201301281600
57376,0.84,201301281600
57378,2.55,201301281600
57380,2.66,201301281600
57397,2.63,201301281600
57440,1.58,201301281600
57495,2.28,201301281600
57523,2.34,201301281600
57555,1.55,201301281600
57597,2.64,201301281600
57613,2.05,201301281600
57615,1.45,201301281600
57628,1.42,201301281600
57631,2.78,201301281600
57823,0.52,201301281600
57837,1.73,201301281600
57851,1.61,201301281600
57852,1.66,201301281600
57906,1.8,201301281600
58179,2.33,201301281600
58251,0.71,201301281600
58421,0.71,201301281600
58511,1.91,201301281600
58632,1.47,201301281600
58744,2.98,201301281600
58802,0.92,201301281600
58814,2.1,201301281600
58879,2.8,201301281600
58892,1.98,201301281600
59010,1.04,201301281600
59043,2.64,201301281600
59104,0.55,201301281600
59125,0.77,201301281600
59134,2.75,201301281600
59285,1.04,201301281600
59329,2.82,201301281600
59555,0.54,201301281600
59635,2.71,201301281600
59745,2.73,201301281600
59927,1.14,201301281600
59941,1.58,201301281600
60008,2.8,201301281600
60011,1.25,201301281600
60114,0.5,201301281600
60141,2.4,201301281600
60147,2.05,201301281600
60331,1.67,201301281600
60344,0.77,201301281600
60350,1.26,201301281600
60578,0.9,201301281600
60593,1.11,201301281600
60613,2.32,201301281600
60630,1.61,201301281600
60635,0.78,201301281600
60649,2.27,201301281600
60750,1.78,201301281600
60774,2.17,201301281600
60819,1.71,201301281600
60880,2.54,201301281600
60888,1.97,201301281600
61062,0.97,201301281600
61110,2.94,201301281600
61263,0.94,201301281600
61343,1.02,201301281600
61591,2.49,201301281600
61597,1.18,201301281600
61654,2.08,201301281600
61818,2.81,201301281600
62077,2.89,201301281600
62104,0.62,201301281600
62135,2.51,201301281600
62140,2.01,201301281600
62252,2.56,201301281600
62558,2.91,201301281600
62589,1.34,201301281600
62757,2.71,201301281600
62772,1.86,201301281600
62850,2.11,201301281600
62926,2.5,201301281600
62948,0.96,201301281600
63044,1.9,201301281600
63153,0.66,201301281600
63383,1.24,201301281600
63397,1.29,201301281600
63398,1.04,201301281600
63407,2.38,201301281600
63574,2.89,201301281600
63586,0.83,201301281600
63816,1.46,201301281600
64102,1.38,201301281600
64150,0.5,201301281600
64200,1.47,201301281600
64515,2.12,201301281600
64529,1.85,201301281600
64573,1.11,201301281600
64581,0.68,201301281600
64815,1.3,201301281600
64915,2.97,201301281600
65059,0.95,201301281600
65144,1.16,201301281600
65320,1.65,201301281600
65375,2.64,201301281600
65454,2.47,201301281600
65528,0.56,201301281600
65607,1.19,201301281600
65774,2.04,201301281600
65838,0.74,201301281600
66068,1.49,201301281600
66084,2.28,201301281600
66151,3.0,201301281600
66353,2.75,201301281600
66538,2.02,201301281600
66575,1.72,201301281600
66637,2.67,201301281600
66827,1.22,201301281600
66870,1.26,201301281600
67110,2.24,201301281600
67207,2.41,201301281600
67335,1.28,201301281600
67385,2.09,201301281600
67599,1.15,201301281600
67601,2.82,201301281600
67602,2.73,201301281600
67698,1.76,201301281600
67824,1.76,201301281600
67842,2.63,201301281600
67854,2.32,201301281600
67855,1.71,201301281600
67918,0.95,201301281600
68103,1.92,201301281600
68104,1.21,201301281600
68110,2.67,201301281600
68111,1.98,201301281600
68349,2.5,201301281600
68354,1.41,201301281600
68356,0.81,201301281600
68454,0.5,201301281600
68455,1.31,201301281600
68587,1.69,201301281600
68857,1.09,201301281600
68858,1.39,201301281600
68897,2.08,201301281600
68924,0.6,201301281600
68930,1.6,201301281600
69106,1.31,201301281600
69190,0.77,201301281600
69206,0.99,201301281600
69359,2.51,201301281600
69371,1.29,201301281600
69455,1.33,201301281600
69582,0.97,201301281600
69613,0.63,201301281600
69676,1.89,201301281600
70115,1.45,201301281600
70132,0.73,201301281600
70181,0.51,201301281600
70342,2.85,201301281600
70352,2.3,201301281600
70360,1.55,201301281600
70374,2.82,201301281600
70440,2.78,201301281600
70462,1.22,201301281600
70619,1.5,201301281600
70659,2.88,201301281600
70715,2.96,201301281600
70903,0.82,201301281600
70934,2.96,201301281600
70961,1.26,201301281600
71122,1.21,201301281600
71187,1.72,201301281600
71399,2.5,201301281600
71601,1.1,201301281600
71629,1.65,201301281600
71888,2.79,201301281600
71961,0.82,201301281600
71964,1.47,201301281600
72201,2.52,201301281600
72218,0.96,201301281600
72345,1.05,201301281600
72367,2.69,201301281600
72407,1.81,201301281600
72416,1.3,201301281600
72706,2.7,201301281600
72894,1.88,201301281600
73104,0.95,201301281600
73135,2.9,201301281600
73211,1.09,201301281600
73223,2.27,201301281600
73451,1.93,201301281600
73460,1.48,201301281600
73461,1.19,201301281600
73557,2.66,201301281600
73669,1.92,201301281600
74158,2.59,201301281600
74216,1.57,201301281600
74388,1.4,201301281600
74396,2.32,201301281600
74466,1.87,201301281600
74467,1.19,201301281600
74638,1.78,201301281600
74677,2.52,201301281600
74678,2.23,201301281600
74711,2.88,201301281600
74721,1.2,201301281600
74962,2.76,201301281600
74968,2.4,201301281600
74973,0.66,201301281600
75224,1.55,201301281600
75329,0.69,201301281600
75386,1.31,201301281600
75424,2.1,201301281600
75436,2.22,201301281600
75475,2.41,201301281600
75619,1.8,201301281600
75721,1.34,201301281600
75722,1.67,201301281600
75724,2.09,201301281600
75725,0.55,201301281600
75726,2.02,201301281600
75727,2.75,201301281600
75974,2.03,201301281600
75975,1.39,201301281600
76133,0.52,201301281600
76227,1.29,201301281600
76393,2.74,201301281600
76473,0.58,201301281600
76477,0.5,201301281600
76654,2.58,201301281600
76728,2.21,201301281600
76959,1.91,201301281600
77169,2.96,201301281600
77230,1.32,201301281600
77381,1.97,201301281600
77458,1.66,201301281600
77641,1.15,201301281600
77942,2.8,201301281600
77981,1.79,201301281600
78205,0.88,201301281600
78418,3.0,201301281600
78654,2.96,201301281600
78733,0.85,201301281600
78881,0.51,201301281600
78896,2.89,201301281600
78909,2.4,201301281600
78983,0.87,201301281600
79234,1.78,201301281600
79379,2.41,201301281600
79394,0.61,201301281600
79484,2.32,201301281600
79712,1.09,201301281600
79911,2.72,201301281600
79915,0.85,201301281600
80160,0.99,201301281600
80161,2.02,201301281600
80193,0.76,201301281600
80352,0.55,201301281600
80397,1.7,201301281600
80406,2.2,201301281600
80411,2.4,201301281600
80412,2.57,201301281600
80413,1.44,201301281600
80420,1.19,201301281600
80485,1.01,201301281600
80635,2.14,201301281600
80659,2.67,201301281600
80663,1.66,201301281600
80664,1.61,201301281600
80703,2.27,201301281600
80877,0.83,201301281600
80916,1.38,201301281600
81163,2.35,201301281600
81164,2.49,201301281600
81354,1.78,201301281600
81363,2.7,201301281600
81390,1.23,201301281600
81625,2.9,201301281600
81651,2.97,201301281600
81899,1.46,201301281600
82135,0.68,201301281600
82168,1.68,201301281600
82169,0.65,201301281600
82237,2.19,201301281600
82613,1.8,201301281600
82622,1.57,201301281600
82664,1.38,201301281600
82892,2.33,201301281600
82951,2.23,201301281600
83410,2.86,201301281600
83489,0.72,201301281600
83735,1.67,201301281600
83865,2.55,201301281600
84123,1.02,201301281600
84179,1.47,201301281600
84207,3.0,201301281600
84212,1.14,201301281600
84221,1.82,201301281600
84366,1.25,201301281600
84689,1.05,201301281600
84712,2.6,201301281600
84902,0.89,201301281600
85474,2.3,201301281600
85487,0.59,201301281600
85620,0.7,201301281600
85705,0.9,201301281600
85715,1.38,201301281600
85738,1.93,201301281600
86440,2.11,201301281600
86622,0.93,201301281600
86623,1.38,201301281600
86672,1.74,201301281600
86873,1.02,201301281600
86895,2.89,201301281600
87121,2.9,201301281600
87227,2.79,201301281600
87460,1.3,201301281600
87690,1.93,201301281600
87873,1.51,201301281600
88242,1.85,201301281600
88463,2.42,201301281600
89120,2.38,201301281600
89152,2.95,201301281600
89175,2.76,201301281600
89198,2.93,201301281600
89615,0.69,201301281600
89625,1.48,201301281600
90116,2.66,201301281600
90183,2.06,201301281600
90497,2.6,201301281600
90699,2.22,201301281600
90719,1.59,201301281600
91200,2.08,201301281600
91432,2.57,201301281600
91434,1.86,201301281600
91684,1.81,201301281600
91713,2.61,201301281600
91744,0.58,201301281600
92233,1.43,201301281600
93205,1.38,201301281600
93244,2.26,201301281600
93252,0.54,201301281600
93463,2.18,201301281600
93675,2.8,201301281600
93944,1.91,201301281600
94431,1.66,201301281600
94710,1.68,201301281600
94755,2.13,201301281600
94997,1.9,201301281600
95000,1.78,201301281600
95707,2.05,201301281600
95949,1.84,201301281600
95998,1.24,201301281600
96188,1.87,201301281600
96225,2.88,201301281600
96249,0.69,201301281600
96468,2.12,201301281600
96486,0.71,201301281600
96718,1.57,201301281600
96972,1.09,201301281600
96995,1.01,201301281600
97251,2.94,201301281600
97440,0.54,201301281600
97471,1.81,201301281600
97969,0.87,201301281600
97990,1.34,201301281600
98224,1.82,201301281600
98229,1.2,201301281600
98450,1.85,201301281600
98475,2.93,201301281600
98739,1.35,201301281600
99256,1.97,201301281600
99468,1.18,201301281600
99730,2.57,201301281600
101215,2.67,201301281600
101911,1.45,201301281600
101912,0.74,201301281600
101989,1.62,201301281600
102999,1.18,201301281600
103242,2.04,201301281600
103431,0.75,201301281600
104177,1.09,201301281600
104221,1.98,201301281600
104239,2.93,201301281600
104701,2.77,201301281600
104984,1.41,201301281600
105196,0.74,201301281600
105219,1.63,201301281600
105460,0.63,201301281600
105461,2.23,201301281600
105481,1.83,201301281600
105489,0.76,201301281600
105709,1.07,201301281600
105710,2.59,201301281600
105711,2.86,201301281600
105712,1.14,201301281600
105713,0.89,201301281600
105715,1.51,201301281600
105726,2.01,201301281600
105727,2.01,201301281600
105736,2.99,201301281600
105960,0.88,201301281600
105961,1.27,201301281600
105962,2.09,201301281600
105963,1.68,201301281600
105964,0.56,201301281600
105975,1.97,201301281600
106195,2.13,201301281600
106213,2.35,201301281600
106214,2.87,201301281600
106215,1.84,201301281600
106221,2.21,201301281600
106231,2.0,201301281600
106232,1.74,201301281600
106234,1.68,201301281600
106235,1.9,201301281600
106237,2.54,201301281600
106446,1.59,201301281600
106447,2.89,201301281600
106462,0.98,201301281600
106463,0.78,201301281600
106465,2.31,201301281600
106466,2.04,201301281600
106467,1.41,201301281600
106480,2.91,201301281600
106712,0.72,201301281600
106717,1.46,201301281600
106718,1.85,201301281600
106741,0.66,201301281600
106958,1.63,201301281600
106964,1.4,201301281600
106965,1.92,201301281600
106966,2.17,201301281600
106967,2.27,201301281600
106971,1.56,201301281600
106983,1.74,201301281600
106997,2.54,201301281600
107200,1.06,201301281600
107212,0.7,201301281600
107219,1.6,201301281600
107240,0.99,201301281600
107460,1.27,201301281600
107465,2.49,201301281600
107466,1.32,201301281600
107468,1.4,201301281600
107491,1.8,201301281600
107711,2.28,201301281600
107725,1.75,201301281600
107726,0.95,201301281600
107954,2.55,201301281600
107966,2.43,201301281600
107971,2.55,201301281600
107979,1.58,201301281600
107993,0.53,201301281600
108205,0.58,201301281600
108211,0.76,201301281600
108214,2.19,201301281600
108215,2.48,201301281600
108217,2.14,201301281600
108219,1.23,201301281600
108220,2.51,201301281600
108222,2.52,201301281600
108225,1.65,201301281600
108230,2.39,201301281600
108454,1.91,201301281600
108463,0.85,201301281600
108499,0.57,201301281600
108717,1.76,201301281600
108722,1.36,201301281600
108724,1.7,201301281600
108733,2.85,201301281600
108968,2.29,201301281600
108975,1.76,201301281600
108984,0.95,201301281600
108985,1.09,201301281600
109216,0.52,201301281600
109219,0.79,201301281600
109222,2.36,201301281600
109227,2.49,201301281600
109231,2.15,201301281600
109236,2.79,201301281600
109245,1.3,201301281600
109473,2.39,201301281600
109487,2.08,201301281600
109494,2.78,201301281600
109495,0.92,201301281600
109496,1.0,201301281600
109497,0.59,201301281600
109742,0.59,201301281600
109744,1.29,201301281600
109748,0.97,201301281600
109750,1.15,201301281600
109980,3.0,201301281600
109991,1.08,201301281600
109994,2.47,201301281600
109998,0.91,201301281600
110001,1.32,201301281600
110243,0.68,201301281600
110247,2.89,201301281600
110249,0.99,201301281600
110251,2.46,201301281600
110253,0.83,201301281600
110254,0.94,201301281600
