cell,mobility,dtg
1610,2.35,201301231600
1846,2.63,201301231600
1851,0.98,201301231600
1853,1.59,201301231600
1856,1.04,201301231600
1857,1.23,201301231600
2103,1.54,201301231600
2105,2.57,201301231600
2106,2.61,201301231600
2107,1.43,201301231600
2114,1.5,201301231600
2342,2.7,201301231600
2347,2.53,201301231600
2351,1.86,201301231600
2354,0.67,201301231600
2357,0.64,201301231600
2372,2.23,201301231600
2374,1.07,201301231600
2591,2.61,201301231600
2595,2.87,201301231600
2605,1.85,201301231600
2611,2.84,201301231600
2615,1.18,201301231600
2620,1.37,201301231600
2627,1.28,201301231600
2839,2.32,201301231600
2847,1.28,201301231600
3086,0.65,201301231600
3094,2.22,201301231600
3100,0.77,201301231600
3124,1.84,201301231600
3128,1.64,201301231600
3334,0.88,201301231600
3337,2.96,201301231600
3375,1.5,201301231600
3614,1.95,201301231600
3619,2.03,201301231600
3632,2.46,201301231600
3635,2.24,201301231600
3830,0.71,201301231600
3831,2.17,201301231600
3833,2.86,201301231600
3837,2.91,201301231600
3845,1.36,201301231600
3856,0.58,201301231600
3860,1.77,201301231600
3865,1.74,201301231600
4078,1.71,201301231600
4081,2.22,201301231600
4137,1.27,201301231600
4141,1.77,201301231600
4142,2.7,201301231600
4328,0.58,201301231600
4329,1.87,201301231600
4341,2.37,201301231600
4345,1.63,201301231600
4348,1.67,201301231600
4354,1.11,201301231600
4372,1.88,201301231600
4577,2.04,201301231600
4578,1.63,201301231600
4580,1.62,201301231600
4582,1.83,201301231600
4605,2.64,201301231600
4608,1.08,201301231600
4631,2.07,201301231600
4636,2.98,201301231600
4637,1.87,201301231600
4829,2.52,201301231600
4830,1.18,201301231600
4831,1.33,201301231600
4834,1.81,201301231600
4837,1.51,201301231600
4852,0.51,201301231600
4863,1.82,201301231600
4868,2.41,201301231600
4890,2.88,201301231600
4891,1.89,201301231600
5078,2.89,201301231600
5081,1.29,201301231600
5084,1.78,201301231600
5127,2.6,201301231600
5153,2.51,201301231600
5327,1.96,201301231600
5329,1.28,201301231600
5333,1.28,201301231600
5334,1.79,201301231600
5339,2.0,201301231600
5369,2.09,201301231600
5402,1.2,201301231600
5410,2.68,201301231600
5577,0.68,201301231600
5581,1.77,201301231600
5592,2.34,201301231600
5612,1.1,201301231600
5623,0.99,201301231600
5876,2.87,201301231600
5893,0.8,201301231600
5898,1.19,201301231600
6078,1.3,201301231600
6118,1.13,201301231600
6136,0.67,201301231600
6158,0.52,201301231600
6159,0.91,201301231600
6333,0.5,201301231600
6353,1.26,201301231600
6365,0.72,201301231600
6366,2.72,201301231600
6414,1.97,201301231600
6588,1.47,201301231600
6609,2.01,201301231600
6635,1.76,201301231600
6668,1.91,201301231600
6841,1.17,201301231600
6849,1.52,201301231600
6896,2.04,201301231600
6924,2.1,201301231600
6928,2.19,201301231600
6935,0.95,201301231600
6939,2.85,201301231600
7077,2.8,201301231600
7078,0.55,201301231600
7085,2.11,201301231600
7088,2.18,201301231600
7113,0.55,201301231600
7114,1.91,201301231600
7129,1.94,201301231600
7133,2.89,201301231600
7165,1.51,201301231600
7192,0.74,201301231600
7354,1.78,201301231600
7375,2.13,201301231600
7379,2.88,201301231600
7401,1.29,201301231600
7410,1.67,201301231600
7436,2.8,201301231600
7584,2.94,201301231600
7646,0.81,201301231600
7849,2.33,201301231600
7871,2.93,201301231600
7927,0.73,201301231600
7948,2.92,201301231600
8080,1.42,201301231600
8170,1.9,201301231600
8182,2.24,201301231600
8195,2.4,201301231600
8342,1.5,201301231600
8582,1.54,201301231600
8602,2.36,201301231600
8609,1.47,201301231600
8638,2.36,201301231600
8656,1.34,201301231600
8830,1.07,201301231600
8839,0.75,201301231600
8876,1.87,201301231600
8897,1.85,201301231600
8912,2.58,201301231600
8918,2.11,201301231600
8929,1.84,201301231600
8940,0.8,201301231600
8954,2.05,201301231600
9140,1.29,201301231600
9333,2.78,201301231600
9468,1.92,201301231600
9473,1.23,201301231600
9589,0.73,201301231600
9601,1.99,201301231600
9607,0.89,201301231600
9658,1.55,201301231600
9724,1.16,201301231600
9833,1.56,201301231600
10084,2.68,201301231600
10089,1.44,201301231600
10096,2.62,201301231600
10144,0.57,201301231600
10170,1.81,201301231600
10181,1.3,201301231600
10189,1.62,201301231600
10201,2.73,201301231600
10334,2.56,201301231600
10335,2.34,201301231600
10383,0.68,201301231600
10414,0.67,201301231600
10444,0.5,201301231600
10458,1.22,201301231600
10477,2.93,201301231600
10586,2.78,201301231600
10601,0.83,201301231600
10609,2.64,201301231600
10616,0.75,201301231600
10633,1.39,201301231600
10655,0.67,201301231600
10665,1.43,201301231600
10681,1.16,201301231600
10717,1.53,201301231600
10835,2.47,201301231600
10837,0.83,201301231600
10847,0.78,201301231600
10903,1.46,201301231600
10911,2.66,201301231600
10918,0.61,201301231600
10973,1.72,201301231600
11087,0.9,201301231600
11092,1.91,201301231600
11128,0.67,201301231600
11222,2.12,201301231600
11223,2.95,201301231600
11225,0.75,201301231600
11238,0.56,201301231600
11361,2.17,201301231600
11393,2.33,201301231600
11424,1.38,201301231600
11601,2.34,201301231600
11682,1.7,201301231600
11704,1.25,201301231600
11858,1.93,201301231600
11884,1.36,201301231600
11901,2.34,201301231600
11946,1.74,201301231600
11960,1.02,201301231600
11972,1.69,201301231600
12089,0.58,201301231600
12090,1.28,201301231600
12096,1.85,201301231600
12120,0.75,201301231600
12157,2.48,201301231600
12230,0.83,201301231600
12383,2.16,201301231600
12431,0.75,201301231600
12601,0.55,201301231600
12625,1.71,201301231600
12632,1.55,201301231600
12842,1.74,201301231600
12875,1.92,201301231600
12901,2.61,201301231600
12913,1.97,201301231600
12933,2.61,201301231600
12934,1.74,201301231600
12985,2.57,201301231600
13099,2.1,201301231600
13114,1.87,201301231600
13150,2.99,201301231600
13175,1.17,201301231600
13183,1.22,201301231600
13222,1.12,201301231600
13358,2.59,201301231600
13444,2.96,201301231600
13455,0.61,201301231600
13456,1.43,201301231600
13670,2.12,201301231600
13694,2.74,201301231600
13845,1.13,201301231600
13849,1.4,201301231600
14011,2.7,201301231600
14095,2.67,201301231600
14133,2.54,201301231600
14161,1.66,201301231600
14167,2.83,201301231600
14184,2.5,201301231600
14241,2.64,201301231600
14255,0.75,201301231600
14349,1.47,201301231600
14350,2.39,201301231600
14375,0.77,201301231600
14452,1.36,201301231600
14475,1.98,201301231600
14620,2.72,201301231600
14673,1.46,201301231600
14745,1.85,201301231600
14859,2.44,201301231600
14936,0.91,201301231600
14995,2.0,201301231600
15097,1.67,201301231600
15098,2.83,201301231600
15246,2.72,201301231600
15349,2.89,201301231600
15440,1.85,201301231600
15600,2.56,201301231600
15656,2.0,201301231600
15672,1.99,201301231600
15699,1.77,201301231600
15714,1.22,201301231600
15725,2.78,201301231600
15744,2.45,201301231600
15849,1.34,201301231600
15850,2.19,201301231600
15851,1.94,201301231600
15853,1.17,201301231600
15871,2.34,201301231600
16100,0.8,201301231600
16105,2.49,201301231600
16114,2.79,201301231600
16171,0.63,201301231600
16184,1.82,201301231600
16400,0.78,201301231600
16414,0.98,201301231600
16601,0.71,201301231600
16604,1.4,201301231600
16625,1.87,201301231600
16670,0.58,201301231600
16853,2.8,201301231600
16868,2.6,201301231600
16932,0.68,201301231600
17232,2.85,201301231600
17355,0.58,201301231600
17358,0.59,201301231600
17367,1.45,201301231600
17635,1.6,201301231600
17673,1.95,201301231600
17681,0.72,201301231600
17884,0.56,201301231600
17984,0.94,201301231600
18108,1.21,201301231600
18115,2.63,201301231600
18118,1.07,201301231600
18123,0.79,201301231600
18139,1.91,201301231600
18154,1.46,201301231600
18160,1.51,201301231600
18177,1.96,201301231600
18185,2.27,201301231600
18383,2.74,201301231600
18404,2.01,201301231600
18427,2.12,201301231600
18466,2.17,201301231600
18616,1.07,201301231600
18629,2.35,201301231600
18861,2.16,201301231600
18866,0.97,201301231600
18925,1.67,201301231600
19110,0.81,201301231600
19112,2.73,201301231600
19114,1.85,201301231600
19122,1.66,201301231600
19360,1.77,201301231600
19443,0.99,201301231600
19481,2.8,201301231600
19611,1.34,201301231600
19612,2.44,201301231600
19618,1.68,201301231600
19633,0.8,201301231600
19678,1.38,201301231600
19878,0.72,201301231600
19913,1.95,201301231600
20113,2.57,201301231600
20114,1.18,201301231600
20116,2.44,201301231600
20170,1.69,201301231600
20363,1.87,201301231600
20387,2.73,201301231600
20396,1.39,201301231600
20436,1.52,201301231600
20616,2.82,201301231600
20621,2.67,201301231600
20628,1.44,201301231600
20651,2.11,201301231600
20671,1.73,201301231600
20682,3.0,201301231600
20864,0.52,201301231600
20882,0.79,201301231600
20931,1.43,201301231600
20995,1.57,201301231600
21115,1.56,201301231600
21118,2.6,201301231600
21201,1.6,201301231600
21373,2.68,201301231600
21377,0.81,201301231600
21392,1.13,201301231600
21407,2.41,201301231600
21428,2.78,201301231600
21448,1.22,201301231600
21617,1.06,201301231600
21619,2.18,201301231600
21639,1.4,201301231600
21658,2.99,201301231600
21663,0.58,201301231600
21701,1.95,201301231600
21721,1.23,201301231600
21868,1.74,201301231600
21871,1.79,201301231600
21999,1.62,201301231600
22126,0.93,201301231600
22133,1.22,201301231600
22174,2.46,201301231600
22176,2.85,201301231600
22205,0.69,201301231600
22368,0.86,201301231600
22395,2.43,201301231600
22419,2.32,201301231600
22420,1.97,201301231600
22421,2.08,201301231600
22422,2.84,201301231600
22619,0.59,201301231600
22630,0.63,201301231600
22634,1.47,201301231600
22671,1.33,201301231600
22673,1.99,201301231600
22700,2.97,201301231600
22751,0.66,201301231600
22768,0.65,201301231600
22869,2.23,201301231600
22877,2.37,201301231600
22928,0.65,201301231600
22940,1.29,201301231600
22955,1.97,201301231600
22963,0.52,201301231600
22966,2.29,201301231600
23120,1.79,201301231600
23124,0.94,201301231600
23125,1.66,201301231600
23131,0.65,201301231600
23138,0.86,201301231600
23169,2.16,201301231600
23194,0.62,201301231600
23216,2.17,201301231600
23370,1.23,201301231600
23371,1.76,201301231600
23379,2.53,201301231600
23386,2.53,201301231600
23388,2.56,201301231600
23427,2.38,201301231600
23621,0.83,201301231600
23627,2.61,201301231600
23635,1.32,201301231600
23641,0.63,201301231600
23662,1.55,201301231600
23669,1.28,201301231600
23690,2.56,201301231600
23744,2.7,201301231600
23750,2.02,201301231600
23872,2.17,201301231600
23873,2.83,201301231600
23875,0.59,201301231600
23881,1.71,201301231600
23894,2.44,201301231600
23896,0.91,201301231600
23907,1.76,201301231600
23925,0.8,201301231600
23973,0.65,201301231600
24005,2.3,201301231600
24009,1.25,201301231600
24032,1.76,201301231600
24122,2.73,201301231600
24123,2.23,201301231600
24149,1.6,201301231600
24247,0.58,201301231600
24251,1.2,201301231600
24265,2.83,201301231600
24266,1.6,201301231600
24373,2.44,201301231600
24374,2.79,201301231600
24380,2.36,201301231600
24381,1.91,201301231600
24383,1.04,201301231600
24387,1.57,201301231600
24402,1.81,201301231600
24405,2.26,201301231600
24423,2.75,201301231600
24623,1.03,201301231600
24626,1.89,201301231600
24643,1.51,201301231600
24732,2.31,201301231600
24734,0.91,201301231600
24739,1.64,201301231600
24774,1.81,201301231600
24775,2.8,201301231600
24781,1.06,201301231600
24837,2.48,201301231600
24874,0.62,201301231600
24877,2.97,201301231600
24879,2.74,201301231600
24880,2.89,201301231600
24895,0.99,201301231600
24920,2.58,201301231600
24990,1.86,201301231600
24991,1.2,201301231600
24993,2.42,201301231600
25124,0.53,201301231600
25125,0.89,201301231600
25126,0.68,201301231600
25129,0.51,201301231600
25130,2.06,201301231600
25132,2.43,201301231600
25136,2.16,201301231600
25138,2.23,201301231600
25141,1.23,201301231600
25179,1.44,201301231600
25187,0.54,201301231600
25375,2.32,201301231600
25376,2.42,201301231600
25377,0.64,201301231600
25379,2.94,201301231600
25385,1.37,201301231600
25395,2.66,201301231600
25400,1.13,201301231600
25405,1.34,201301231600
25412,0.83,201301231600
25427,1.09,201301231600
25626,1.04,201301231600
25627,0.59,201301231600
25628,0.74,201301231600
25629,1.36,201301231600
25632,2.72,201301231600
25633,1.28,201301231600
25642,1.51,201301231600
25715,2.98,201301231600
25747,1.11,201301231600
25763,2.96,201301231600
25876,2.64,201301231600
25877,2.28,201301231600
25878,0.75,201301231600
25881,1.39,201301231600
25882,1.98,201301231600
25886,1.27,201301231600
25888,2.93,201301231600
25926,2.83,201301231600
25997,2.17,201301231600
26005,2.37,201301231600
26035,1.78,201301231600
26127,0.68,201301231600
26129,2.02,201301231600
26130,1.69,201301231600
26133,1.92,201301231600
26135,0.82,201301231600
26136,0.79,201301231600
26138,2.04,201301231600
26139,0.64,201301231600
26141,2.2,201301231600
26148,2.24,201301231600
26168,2.89,201301231600
26378,2.53,201301231600
26379,0.99,201301231600
26380,2.26,201301231600
26381,2.23,201301231600
26382,2.15,201301231600
26383,1.51,201301231600
26385,1.56,201301231600
26386,0.75,201301231600
26387,1.37,201301231600
26389,2.07,201301231600
26391,2.76,201301231600
26392,2.9,201301231600
26393,1.9,201301231600
26396,1.5,201301231600
26403,2.41,201301231600
26408,1.58,201301231600
26427,2.36,201301231600
26450,2.81,201301231600
26492,0.67,201301231600
26546,2.82,201301231600
26563,2.8,201301231600
26564,2.79,201301231600
26628,1.51,201301231600
26629,1.41,201301231600
26630,2.7,201301231600
26631,0.69,201301231600
26633,2.11,201301231600
26634,0.63,201301231600
26656,2.24,201301231600
26674,2.0,201301231600
26708,1.16,201301231600
26752,0.94,201301231600
26754,2.98,201301231600
26755,2.41,201301231600
26782,1.74,201301231600
26846,1.39,201301231600
26879,1.38,201301231600
26880,1.52,201301231600
26881,2.01,201301231600
26882,2.41,201301231600
26883,1.8,201301231600
26884,0.83,201301231600
26885,1.54,201301231600
26886,2.41,201301231600
26887,0.56,201301231600
26889,1.29,201301231600
26890,2.14,201301231600
26891,1.33,201301231600
26892,2.06,201301231600
26893,1.25,201301231600
26894,1.32,201301231600
26895,2.81,201301231600
26897,0.6,201301231600
26905,1.48,201301231600
26938,2.4,201301231600
26964,1.66,201301231600
27006,1.26,201301231600
27042,1.34,201301231600
27098,1.85,201301231600
27130,2.11,201301231600
27131,0.55,201301231600
27132,2.99,201301231600
27133,1.96,201301231600
27134,2.2,201301231600
27135,0.83,201301231600
27136,2.75,201301231600
27137,2.23,201301231600
27138,2.49,201301231600
27142,2.99,201301231600
27143,1.53,201301231600
27145,2.98,201301231600
27148,2.91,201301231600
27149,1.82,201301231600
27152,1.02,201301231600
27155,1.95,201301231600
27175,2.16,201301231600
27209,1.78,201301231600
27247,1.19,201301231600
27381,1.99,201301231600
27382,1.57,201301231600
27383,2.35,201301231600
27384,1.38,201301231600
27386,0.89,201301231600
27387,2.84,201301231600
27388,1.48,201301231600
27389,2.1,201301231600
27390,1.68,201301231600
27392,2.92,201301231600
27395,1.34,201301231600
27404,2.06,201301231600
27415,2.4,201301231600
27427,2.57,201301231600
27489,3.0,201301231600
27494,0.89,201301231600
27498,0.71,201301231600
27518,0.93,201301231600
27632,2.62,201301231600
27633,0.82,201301231600
27634,1.8,201301231600
27635,0.97,201301231600
27636,2.23,201301231600
27637,1.16,201301231600
27638,1.09,201301231600
27639,2.76,201301231600
27640,0.82,201301231600
27642,2.29,201301231600
27643,2.01,201301231600
27645,1.71,201301231600
27646,2.79,201301231600
27647,0.53,201301231600
27649,2.26,201301231600
27654,1.2,201301231600
27763,2.43,201301231600
27764,1.73,201301231600
27796,1.42,201301231600
27797,2.66,201301231600
27883,1.95,201301231600
27884,1.87,201301231600
27885,2.97,201301231600
27886,2.66,201301231600
27887,2.56,201301231600
27888,1.39,201301231600
27889,0.74,201301231600
27890,1.69,201301231600
27891,1.48,201301231600
27892,2.05,201301231600
27894,1.92,201301231600
27895,2.4,201301231600
27897,0.54,201301231600
27902,2.8,201301231600
27908,2.12,201301231600
27911,2.81,201301231600
27930,2.31,201301231600
27971,1.18,201301231600
28004,2.66,201301231600
28015,2.63,201301231600
28049,2.68,201301231600
28102,1.68,201301231600
28134,2.38,201301231600
28135,2.08,201301231600
28136,1.89,201301231600
28137,2.31,201301231600
28138,2.49,201301231600
28139,2.11,201301231600
28140,2.79,201301231600
28142,0.66,201301231600
28143,2.23,201301231600
28144,1.6,201301231600
28146,1.81,201301231600
28154,1.22,201301231600
28156,2.58,201301231600
28216,0.51,201301231600
28239,0.6,201301231600
28384,0.94,201301231600
28385,0.71,201301231600
28386,2.83,201301231600
28387,2.27,201301231600
28388,0.89,201301231600
28389,1.26,201301231600
28390,2.29,201301231600
28391,1.61,201301231600
28392,0.59,201301231600
28393,2.32,201301231600
28394,0.94,201301231600
28396,2.19,201301231600
28397,1.17,201301231600
28400,2.7,201301231600
28401,2.98,201301231600
28405,2.37,201301231600
28427,2.65,201301231600
28467,2.99,201301231600
28496,2.52,201301231600
28497,1.38,201301231600
28519,0.69,201301231600
28535,1.94,201301231600
28539,0.76,201301231600
28545,2.43,201301231600
28557,1.91,201301231600
28635,2.45,201301231600
28636,1.01,201301231600
28637,1.32,201301231600
28638,2.37,201301231600
28639,1.34,201301231600
28640,2.87,201301231600
28641,2.76,201301231600
28642,2.2,201301231600
28643,1.81,201301231600
28644,0.71,201301231600
28645,1.01,201301231600
28646,2.68,201301231600
28649,2.09,201301231600
28658,1.85,201301231600
28667,1.05,201301231600
28675,1.36,201301231600
28751,2.16,201301231600
28753,1.05,201301231600
28754,1.47,201301231600
28788,2.87,201301231600
28812,1.43,201301231600
28823,1.17,201301231600
28886,0.83,201301231600
28887,3.0,201301231600
28888,2.01,201301231600
28889,1.23,201301231600
28890,0.79,201301231600
28891,1.26,201301231600
28892,2.93,201301231600
28893,2.96,201301231600
28894,2.92,201301231600
28895,1.71,201301231600
28896,2.81,201301231600
28897,0.57,201301231600
28899,2.55,201301231600
28900,1.17,201301231600
28901,2.48,201301231600
28902,1.69,201301231600
28905,1.13,201301231600
28912,2.83,201301231600
28960,2.31,201301231600
28969,1.84,201301231600
29004,1.07,201301231600
29012,1.75,201301231600
29026,2.83,201301231600
29068,2.5,201301231600
29076,1.59,201301231600
29088,1.05,201301231600
29094,0.81,201301231600
29136,1.91,201301231600
29137,2.24,201301231600
29138,2.48,201301231600
29139,1.52,201301231600
29140,1.41,201301231600
29141,1.45,201301231600
29142,1.24,201301231600
29143,2.02,201301231600
29144,1.72,201301231600
29146,1.41,201301231600
29147,2.16,201301231600
29148,0.9,201301231600
29149,2.91,201301231600
29151,2.9,201301231600
29158,2.69,201301231600
29165,1.64,201301231600
29171,2.19,201301231600
29190,1.84,201301231600
29247,1.75,201301231600
29387,1.11,201301231600
29388,1.97,201301231600
29389,2.4,201301231600
29390,2.76,201301231600
29391,2.0,201301231600
29392,1.76,201301231600
29393,2.88,201301231600
29394,2.6,201301231600
29395,0.58,201301231600
29396,1.34,201301231600
29397,1.98,201301231600
29398,1.42,201301231600
29399,1.01,201301231600
29401,2.95,201301231600
29402,1.92,201301231600
29403,1.46,201301231600
29405,1.17,201301231600
29409,1.34,201301231600
29425,2.21,201301231600
29429,0.76,201301231600
29495,2.97,201301231600
29498,1.09,201301231600
29533,0.57,201301231600
29556,1.66,201301231600
29638,1.64,201301231600
29639,2.0,201301231600
29640,1.78,201301231600
29641,0.57,201301231600
29642,1.58,201301231600
29643,1.96,201301231600
29644,1.9,201301231600
29645,1.39,201301231600
29648,2.2,201301231600
29649,2.73,201301231600
29650,1.67,201301231600
29654,1.69,201301231600
29663,1.94,201301231600
29670,1.86,201301231600
29710,2.64,201301231600
29730,1.27,201301231600
29733,2.76,201301231600
29736,2.05,201301231600
29766,1.57,201301231600
29891,1.01,201301231600
29892,2.13,201301231600
29893,2.63,201301231600
29894,2.18,201301231600
29895,1.16,201301231600
29896,0.82,201301231600
29897,2.7,201301231600
29898,2.03,201301231600
29900,2.16,201301231600
29903,0.85,201301231600
29906,1.82,201301231600
29909,2.34,201301231600
29912,1.6,201301231600
29917,2.66,201301231600
29925,1.21,201301231600
29966,0.97,201301231600
30021,1.49,201301231600
30026,0.91,201301231600
30036,0.63,201301231600
30142,1.43,201301231600
30143,2.83,201301231600
30144,2.49,201301231600
30145,1.46,201301231600
30146,2.42,201301231600
30147,1.87,201301231600
30148,2.99,201301231600
30152,2.91,201301231600
30154,0.96,201301231600
30157,1.78,201301231600
30158,1.43,201301231600
30181,1.24,201301231600
30242,1.6,201301231600
30243,2.76,201301231600
30244,1.0,201301231600
30261,1.98,201301231600
30300,1.67,201301231600
30322,2.26,201301231600
30393,2.51,201301231600
30394,2.93,201301231600
30395,0.99,201301231600
30396,1.42,201301231600
30397,1.17,201301231600
30398,1.81,201301231600
30400,1.12,201301231600
30401,1.25,201301231600
30403,1.78,201301231600
30407,2.66,201301231600
30410,2.06,201301231600
30420,1.95,201301231600
30430,0.91,201301231600
30434,2.82,201301231600
30439,2.68,201301231600
30481,2.08,201301231600
30489,1.95,201301231600
30494,1.69,201301231600
30495,1.9,201301231600
30496,1.48,201301231600
30645,1.25,201301231600
30646,2.12,201301231600
30647,2.56,201301231600
30648,0.71,201301231600
30649,1.09,201301231600
30650,1.68,201301231600
30651,1.01,201301231600
30652,2.69,201301231600
30653,2.58,201301231600
30654,2.6,201301231600
30661,2.56,201301231600
30664,1.79,201301231600
30666,2.4,201301231600
30669,2.76,201301231600
30673,0.64,201301231600
30683,1.38,201301231600
30745,2.22,201301231600
30750,0.6,201301231600
30777,2.63,201301231600
30780,0.94,201301231600
30812,2.32,201301231600
30897,0.71,201301231600
30898,0.64,201301231600
30899,2.87,201301231600
30900,1.1,201301231600
30901,2.17,201301231600
30902,1.33,201301231600
30903,1.99,201301231600
30904,2.24,201301231600
30908,2.02,201301231600
30909,1.87,201301231600
30912,1.0,201301231600
30913,1.26,201301231600
30928,2.95,201301231600
30953,2.04,201301231600
30979,0.98,201301231600
30994,1.45,201301231600
30995,2.61,201301231600
31027,2.63,201301231600
31028,2.11,201301231600
31029,0.77,201301231600
31082,0.75,201301231600
31148,1.46,201301231600
31149,2.26,201301231600
31150,2.28,201301231600
31151,1.45,201301231600
31152,2.07,201301231600
31156,2.84,201301231600
31157,1.07,201301231600
31161,2.34,201301231600
31166,1.73,201301231600
31172,2.06,201301231600
31274,2.22,201301231600
31281,2.83,201301231600
31369,1.66,201301231600
31398,0.66,201301231600
31401,1.39,201301231600
31407,2.26,201301231600
31408,2.92,201301231600
31409,1.78,201301231600
31410,1.49,201301231600
31413,2.97,201301231600
31419,0.74,201301231600
31427,2.52,201301231600
31457,1.31,201301231600
31466,0.82,201301231600
31651,2.59,201301231600
31652,1.36,201301231600
31656,0.64,201301231600
31660,0.51,201301231600
31663,2.34,201301231600
31666,2.47,201301231600
31675,2.05,201301231600
31738,2.85,201301231600
31754,2.65,201301231600
31782,2.47,201301231600
31903,0.58,201301231600
31904,0.95,201301231600
31905,0.55,201301231600
31906,0.74,201301231600
31908,2.9,201301231600
31912,2.45,201301231600
31921,1.72,201301231600
31928,0.86,201301231600
31949,0.97,201301231600
32028,3.0,201301231600
32032,1.26,201301231600
32045,2.81,201301231600
32150,1.69,201301231600
32155,2.14,201301231600
32157,2.34,201301231600
32161,0.93,201301231600
32162,1.47,201301231600
32167,2.62,201301231600
32169,1.91,201301231600
32175,1.12,201301231600
32182,1.84,201301231600
32185,2.84,201301231600
32195,1.79,201301231600
32235,1.97,201301231600
32404,0.94,201301231600
32405,2.21,201301231600
32410,2.64,201301231600
32411,2.22,201301231600
32415,2.94,201301231600
32449,1.61,201301231600
32490,1.76,201301231600
32558,2.49,201301231600
32622,2.21,201301231600
32656,2.47,201301231600
32658,0.75,201301231600
32660,1.32,201301231600
32662,1.32,201301231600
32668,1.99,201301231600
32682,2.09,201301231600
32697,0.87,201301231600
32712,2.36,201301231600
32729,1.55,201301231600
32739,0.8,201301231600
32742,0.51,201301231600
32744,1.13,201301231600
32802,2.75,201301231600
32834,2.13,201301231600
32905,0.6,201301231600
32907,2.41,201301231600
32912,1.74,201301231600
32916,0.58,201301231600
32922,2.12,201301231600
32924,0.65,201301231600
32926,2.78,201301231600
32929,2.18,201301231600
32977,2.53,201301231600
32978,1.62,201301231600
33154,0.79,201301231600
33158,2.42,201301231600
33160,0.54,201301231600
33165,1.59,201301231600
33170,1.4,201301231600
33186,2.99,201301231600
33286,2.41,201301231600
33405,0.84,201301231600
33409,0.92,201301231600
33412,2.83,201301231600
33418,2.87,201301231600
33420,2.01,201301231600
33424,1.95,201301231600
33435,2.76,201301231600
33442,0.72,201301231600
33519,1.89,201301231600
33594,2.76,201301231600
33656,2.97,201301231600
33659,2.55,201301231600
33662,2.08,201301231600
33664,2.31,201301231600
33666,2.26,201301231600
33669,1.88,201301231600
33673,0.87,201301231600
33675,0.82,201301231600
33694,2.62,201301231600
33724,2.66,201301231600
33742,2.42,201301231600
33812,2.07,201301231600
33909,1.71,201301231600
33911,1.11,201301231600
33912,1.18,201301231600
33913,2.51,201301231600
33922,2.33,201301231600
33923,2.41,201301231600
33924,1.18,201301231600
33931,2.48,201301231600
33935,1.92,201301231600
33986,2.71,201301231600
34013,1.39,201301231600
34160,2.16,201301231600
34161,2.5,201301231600
34162,2.83,201301231600
34163,0.83,201301231600
34167,2.15,201301231600
34190,1.47,201301231600
34211,2.06,201301231600
34303,1.0,201301231600
34380,0.52,201301231600
34407,1.37,201301231600
34413,0.62,201301231600
34423,1.78,201301231600
34424,2.26,201301231600
34427,2.78,201301231600
34430,1.11,201301231600
34437,0.84,201301231600
34440,0.61,201301231600
34486,2.15,201301231600
34495,2.39,201301231600
34510,2.34,201301231600
34520,2.85,201301231600
34528,2.53,201301231600
34563,1.09,201301231600
34662,1.3,201301231600
34667,0.52,201301231600
34668,2.19,201301231600
34670,0.93,201301231600
34672,2.05,201301231600
34673,2.73,201301231600
34676,2.26,201301231600
34679,2.88,201301231600
34682,0.95,201301231600
34695,2.59,201301231600
34710,0.85,201301231600
34714,1.06,201301231600
34720,2.21,201301231600
34882,0.62,201301231600
34913,2.88,201301231600
34914,0.62,201301231600
34915,1.15,201301231600
34924,1.98,201301231600
34925,1.32,201301231600
34934,0.75,201301231600
34939,1.56,201301231600
34959,0.77,201301231600
34990,1.02,201301231600
35102,1.91,201301231600
35164,2.54,201301231600
35166,0.66,201301231600
35173,2.42,201301231600
35178,2.03,201301231600
35183,2.29,201301231600
35185,1.34,201301231600
35187,2.36,201301231600
35193,2.59,201301231600
35203,2.7,201301231600
35218,0.93,201301231600
35237,1.76,201301231600
35244,2.6,201301231600
35249,1.4,201301231600
35295,3.0,201301231600
35368,0.96,201301231600
35410,2.19,201301231600
35414,1.18,201301231600
35415,2.14,201301231600
35417,2.74,201301231600
35421,1.19,201301231600
35440,1.94,201301231600
35455,1.78,201301231600
35492,2.48,201301231600
35515,0.94,201301231600
35665,2.63,201301231600
35675,2.33,201301231600
35683,1.91,201301231600
35686,1.9,201301231600
35700,0.89,201301231600
35745,2.57,201301231600
35755,1.18,201301231600
35769,1.61,201301231600
35916,2.13,201301231600
35917,2.08,201301231600
35918,1.1,201301231600
35919,1.74,201301231600
35921,0.55,201301231600
35929,0.65,201301231600
35931,2.33,201301231600
35941,1.21,201301231600
35944,1.06,201301231600
35971,1.73,201301231600
35981,1.65,201301231600
35992,1.26,201301231600
35994,2.96,201301231600
36067,2.65,201301231600
36162,1.91,201301231600
36167,2.91,201301231600
36169,1.25,201301231600
36170,1.37,201301231600
36173,0.89,201301231600
36176,1.69,201301231600
36177,2.41,201301231600
36205,1.2,201301231600
36237,1.92,201301231600
36245,2.82,201301231600
36246,2.3,201301231600
36293,2.88,201301231600
36311,2.13,201301231600
36417,2.54,201301231600
36420,1.99,201301231600
36421,1.04,201301231600
36441,1.36,201301231600
36448,0.59,201301231600
36494,1.19,201301231600
36498,0.98,201301231600
36502,1.93,201301231600
36510,1.7,201301231600
36513,1.72,201301231600
36519,2.84,201301231600
36524,1.31,201301231600
36576,2.95,201301231600
36668,1.43,201301231600
36673,0.6,201301231600
36675,2.57,201301231600
36677,1.15,201301231600
36679,1.19,201301231600
36682,1.0,201301231600
36688,2.83,201301231600
36690,0.79,201301231600
36711,2.46,201301231600
36717,1.15,201301231600
36758,2.42,201301231600
36889,0.56,201301231600
36915,2.64,201301231600
36918,1.02,201301231600
36933,1.14,201301231600
36934,0.55,201301231600
36953,0.96,201301231600
36959,1.13,201301231600
36996,1.33,201301231600
36999,0.96,201301231600
37001,0.67,201301231600
37167,1.33,201301231600
37168,1.1,201301231600
37169,1.25,201301231600
37172,1.97,201301231600
37176,1.9,201301231600
37178,2.61,201301231600
37179,2.17,201301231600
37182,1.51,201301231600
37192,2.97,201301231600
37200,2.22,201301231600
37206,2.88,201301231600
37232,1.91,201301231600
37239,1.58,201301231600
37270,2.49,201301231600
37298,1.8,201301231600
37304,2.39,201301231600
37419,1.57,201301231600
37421,0.55,201301231600
37423,1.6,201301231600
37425,2.86,201301231600
37446,1.76,201301231600
37454,1.01,201301231600
37477,1.13,201301231600
37487,1.6,201301231600
37501,1.18,201301231600
37503,2.06,201301231600
37513,1.94,201301231600
37523,1.17,201301231600
37562,2.55,201301231600
37609,1.55,201301231600
37642,0.85,201301231600
37643,1.66,201301231600
37670,0.77,201301231600
37671,2.04,201301231600
37672,1.68,201301231600
37676,2.9,201301231600
37688,1.44,201301231600
37689,1.3,201301231600
37690,1.42,201301231600
37695,1.88,201301231600
37701,0.99,201301231600
37710,0.71,201301231600
37711,2.58,201301231600
37754,1.39,201301231600
37874,1.43,201301231600
37891,1.55,201301231600
37893,2.29,201301231600
37894,2.75,201301231600
37926,1.28,201301231600
37928,0.76,201301231600
37929,2.62,201301231600
37932,0.5,201301231600
37936,2.15,201301231600
37943,1.12,201301231600
37952,2.82,201301231600
37962,2.97,201301231600
37968,1.72,201301231600
38003,0.75,201301231600
38060,1.65,201301231600
38145,1.87,201301231600
38172,2.17,201301231600
38173,1.41,201301231600
38178,1.3,201301231600
38200,2.04,201301231600
38204,2.12,201301231600
38209,2.88,201301231600
38215,0.96,201301231600
38220,1.2,201301231600
38225,1.67,201301231600
38228,2.88,201301231600
38230,2.15,201301231600
38243,0.93,201301231600
38247,0.65,201301231600
38255,1.25,201301231600
38263,1.45,201301231600
38268,1.72,201301231600
38272,2.47,201301231600
38367,1.27,201301231600
38381,1.34,201301231600
38423,2.43,201301231600
38425,1.04,201301231600
38426,2.6,201301231600
38431,2.02,201301231600
38440,1.71,201301231600
38479,1.17,201301231600
38481,2.13,201301231600
38483,1.13,201301231600
38488,1.65,201301231600
38490,2.37,201301231600
38498,1.02,201301231600
38499,2.64,201301231600
38500,2.33,201301231600
38505,2.56,201301231600
38506,1.22,201301231600
38508,0.98,201301231600
38517,0.91,201301231600
38534,2.34,201301231600
38648,1.56,201301231600
38674,0.91,201301231600
38676,1.99,201301231600
38679,1.88,201301231600
38684,2.45,201301231600
38693,2.58,201301231600
38697,1.91,201301231600
38716,1.54,201301231600
38722,0.7,201301231600
38736,0.74,201301231600
38738,2.06,201301231600
38752,1.77,201301231600
38753,2.36,201301231600
38758,1.92,201301231600
38760,0.95,201301231600
38761,1.95,201301231600
38762,2.28,201301231600
38766,0.64,201301231600
38769,2.72,201301231600
38778,1.92,201301231600
38812,2.85,201301231600
38939,1.04,201301231600
38953,1.35,201301231600
38958,1.54,201301231600
38967,1.37,201301231600
39006,2.94,201301231600
39008,1.15,201301231600
39010,2.16,201301231600
39011,1.39,201301231600
39017,2.02,201301231600
39113,2.88,201301231600
39148,2.75,201301231600
39149,1.55,201301231600
39176,2.65,201301231600
39178,1.99,201301231600
39191,1.52,201301231600
39201,1.56,201301231600
39230,2.78,201301231600
39236,2.09,201301231600
39246,2.45,201301231600
39252,0.81,201301231600
39255,1.58,201301231600
39260,1.65,201301231600
39262,2.08,201301231600
39263,1.58,201301231600
39268,1.73,201301231600
39269,0.8,201301231600
39271,1.15,201301231600
39274,1.75,201301231600
39275,1.0,201301231600
39375,1.87,201301231600
39391,2.74,201301231600
39427,0.94,201301231600
39428,1.54,201301231600
39430,0.53,201301231600
39433,2.77,201301231600
39446,1.62,201301231600
39457,2.65,201301231600
39514,1.78,201301231600
39515,1.35,201301231600
39516,2.3,201301231600
39517,1.39,201301231600
39535,2.59,201301231600
39554,1.62,201301231600
39559,0.8,201301231600
39631,2.95,201301231600
39632,1.7,201301231600
39633,0.9,201301231600
39652,2.67,201301231600
39683,2.37,201301231600
39687,2.79,201301231600
39706,2.91,201301231600
39710,2.38,201301231600
39722,2.22,201301231600
39731,2.89,201301231600
39750,2.72,201301231600
39755,0.98,201301231600
39759,1.41,201301231600
39762,0.93,201301231600
39764,1.13,201301231600
39765,2.23,201301231600
39766,1.29,201301231600
39767,1.46,201301231600
39769,2.54,201301231600
39772,2.19,201301231600
39776,0.63,201301231600
39777,2.69,201301231600
39790,1.48,201301231600
39791,2.36,201301231600
39796,2.18,201301231600
39832,2.14,201301231600
39883,0.96,201301231600
39930,0.72,201301231600
39932,1.19,201301231600
39941,1.9,201301231600
39948,2.04,201301231600
39969,1.1,201301231600
40018,1.93,201301231600
40031,1.19,201301231600
40133,2.61,201301231600
40180,1.62,201301231600
40188,1.39,201301231600
40196,1.09,201301231600
40242,2.19,201301231600
40246,2.99,201301231600
40259,1.27,201301231600
40264,2.86,201301231600
40267,1.84,201301231600
40268,0.8,201301231600
40270,1.18,201301231600
40276,2.61,201301231600
40286,1.07,201301231600
40295,2.97,201301231600
40431,1.38,201301231600
40432,0.54,201301231600
40442,2.48,201301231600
40447,1.54,201301231600
40448,2.82,201301231600
40451,2.5,201301231600
40457,2.59,201301231600
40500,1.7,201301231600
40512,1.29,201301231600
40518,1.81,201301231600
40519,2.52,201301231600
40522,0.83,201301231600
40524,1.21,201301231600
40525,2.97,201301231600
40532,1.45,201301231600
40560,2.91,201301231600
40566,0.74,201301231600
40633,0.88,201301231600
40687,1.09,201301231600
40713,0.97,201301231600
40719,1.45,201301231600
40732,2.82,201301231600
40733,1.9,201301231600
40766,2.05,201301231600
40810,2.57,201301231600
40894,0.64,201301231600
40933,2.7,201301231600
40936,0.54,201301231600
40939,1.59,201301231600
40954,1.57,201301231600
40982,2.35,201301231600
41021,1.87,201301231600
41024,2.51,201301231600
41061,2.89,201301231600
41145,2.04,201301231600
41157,2.69,201301231600
41183,0.8,201301231600
41200,0.97,201301231600
41262,1.4,201301231600
41265,1.8,201301231600
41270,0.53,201301231600
41277,1.44,201301231600
41318,1.15,201301231600
41401,0.8,201301231600
41407,1.23,201301231600
41437,0.69,201301231600
41459,1.96,201301231600
41465,1.12,201301231600
41469,0.98,201301231600
41508,1.3,201301231600
41520,2.6,201301231600
41522,2.04,201301231600
41526,0.9,201301231600
41532,2.19,201301231600
41558,2.8,201301231600
41635,0.75,201301231600
41653,2.43,201301231600
41658,0.94,201301231600
41692,1.66,201301231600
41696,2.08,201301231600
41764,0.94,201301231600
41772,1.84,201301231600
41893,1.27,201301231600
41904,1.21,201301231600
41905,0.62,201301231600
41936,2.33,201301231600
41941,1.41,201301231600
41958,2.6,201301231600
41990,1.99,201301231600
42023,1.39,201301231600
42026,0.72,201301231600
42029,1.14,201301231600
42074,2.5,201301231600
42085,1.19,201301231600
42095,2.88,201301231600
42147,1.27,201301231600
42160,0.8,201301231600
42200,1.82,201301231600
42213,2.85,201301231600
42267,2.57,201301231600
42271,2.79,201301231600
42274,1.07,201301231600
42283,2.79,201301231600
42291,2.45,201301231600
42342,1.57,201301231600
42411,1.54,201301231600
42438,2.28,201301231600
42454,0.95,201301231600
42471,0.88,201301231600
42478,1.78,201301231600
42487,0.63,201301231600
42503,1.75,201301231600
42514,2.47,201301231600
42521,2.71,201301231600
42533,0.5,201301231600
42644,2.87,201301231600
42661,0.56,201301231600
42695,1.04,201301231600
42744,1.72,201301231600
42750,1.0,201301231600
42846,0.67,201301231600
42905,1.29,201301231600
42912,1.94,201301231600
42939,2.05,201301231600
42940,1.12,201301231600
42944,1.31,201301231600
42949,2.46,201301231600
43011,2.57,201301231600
43021,0.77,201301231600
43030,1.22,201301231600
43151,1.02,201301231600
43160,2.05,201301231600
43162,1.98,201301231600
43213,1.5,201301231600
43220,1.76,201301231600
43261,1.11,201301231600
43412,1.02,201301231600
43413,1.05,201301231600
43440,1.8,201301231600
43443,1.73,201301231600
43449,2.06,201301231600
43483,2.74,201301231600
43484,0.55,201301231600
43494,1.14,201301231600
43518,2.34,201301231600
43523,1.79,201301231600
43526,2.7,201301231600
43530,2.05,201301231600
43571,2.7,201301231600
43642,2.17,201301231600
43662,2.73,201301231600
43738,1.79,201301231600
43760,1.78,201301231600
43779,2.69,201301231600
43914,0.9,201301231600
43957,1.05,201301231600
43980,1.37,201301231600
43984,2.76,201301231600
43992,2.9,201301231600
43995,1.81,201301231600
44002,1.24,201301231600
44039,1.81,201301231600
44194,1.9,201301231600
44197,2.97,201301231600
44204,1.58,201301231600
44215,1.48,201301231600
44226,1.86,201301231600
44247,2.32,201301231600
44255,2.34,201301231600
44282,2.15,201301231600
44284,2.51,201301231600
44356,2.58,201301231600
44470,0.67,201301231600
44486,1.96,201301231600
44503,1.6,201301231600
44504,1.9,201301231600
44510,0.98,201301231600
44517,1.59,201301231600
44534,2.68,201301231600
44578,0.62,201301231600
44666,2.85,201301231600
44694,2.11,201301231600
44697,2.52,201301231600
44716,1.35,201301231600
44724,2.47,201301231600
44743,1.04,201301231600
44755,1.5,201301231600
44756,1.88,201301231600
44757,1.51,201301231600
44758,2.64,201301231600
44786,0.62,201301231600
44787,2.54,201301231600
44911,1.06,201301231600
44963,1.75,201301231600
45005,0.57,201301231600
45006,2.41,201301231600
45007,1.2,201301231600
45008,0.86,201301231600
45039,1.3,201301231600
45114,1.49,201301231600
45168,1.64,201301231600
45200,2.44,201301231600
45203,1.16,201301231600
45208,2.37,201301231600
45237,2.3,201301231600
45254,2.97,201301231600
45256,2.16,201301231600
45258,1.85,201301231600
45261,1.66,201301231600
45265,2.02,201301231600
45266,1.73,201301231600
45401,0.6,201301231600
45479,2.3,201301231600
45502,1.95,201301231600
45507,1.36,201301231600
45509,1.2,201301231600
45526,2.18,201301231600
45538,2.93,201301231600
45582,2.29,201301231600
45661,2.61,201301231600
45701,2.5,201301231600
45703,1.97,201301231600
45716,1.21,201301231600
45720,1.0,201301231600
45725,1.9,201301231600
45735,0.79,201301231600
45747,1.12,201301231600
45766,1.33,201301231600
45793,2.18,201301231600
45795,0.87,201301231600
45919,2.52,201301231600
45948,0.53,201301231600
46008,2.09,201301231600
46036,1.1,201301231600
46041,2.25,201301231600
46052,0.87,201301231600
46074,1.68,201301231600
46145,1.53,201301231600
46202,1.44,201301231600
46209,2.46,201301231600
46242,1.45,201301231600
46265,1.29,201301231600
46372,1.7,201301231600
46384,1.05,201301231600
46455,1.43,201301231600
46508,2.2,201301231600
46523,0.92,201301231600
46538,0.75,201301231600
46565,1.16,201301231600
46574,0.71,201301231600
46626,2.24,201301231600
46700,1.08,201301231600
46738,1.55,201301231600
46770,1.51,201301231600
46778,2.79,201301231600
46787,1.37,201301231600
46803,2.25,201301231600
46954,2.24,201301231600
46964,2.06,201301231600
46972,1.7,201301231600
46976,0.61,201301231600
46981,1.75,201301231600
47011,1.43,201301231600
47015,2.21,201301231600
47047,1.67,201301231600
47253,2.35,201301231600
47288,1.99,201301231600
47295,0.83,201301231600
47342,1.75,201301231600
47454,2.69,201301231600
47535,2.49,201301231600
47543,2.34,201301231600
47705,1.95,201301231600
47709,2.28,201301231600
47711,1.77,201301231600
47758,2.96,201301231600
47806,2.09,201301231600
47889,2.19,201301231600
47926,1.91,201301231600
47968,0.83,201301231600
47972,2.47,201301231600
47977,2.39,201301231600
47982,2.71,201301231600
48032,1.7,201301231600
48209,1.66,201301231600
48239,0.85,201301231600
48244,1.3,201301231600
48278,1.46,201301231600
48420,2.18,201301231600
48427,2.2,201301231600
48499,1.49,201301231600
48503,0.77,201301231600
48552,1.39,201301231600
48584,1.64,201301231600
48713,2.73,201301231600
48759,2.01,201301231600
48848,0.57,201301231600
48898,2.82,201301231600
49017,1.99,201301231600
49049,0.78,201301231600
49229,1.93,201301231600
49241,2.35,201301231600
49472,0.52,201301231600
49483,2.48,201301231600
49542,2.62,201301231600
49555,2.62,201301231600
49679,0.75,201301231600
49750,2.68,201301231600
49760,1.06,201301231600
49777,2.57,201301231600
49968,2.25,201301231600
50053,1.64,201301231600
50103,1.1,201301231600
50180,2.16,201301231600
50285,1.85,201301231600
50430,2.31,201301231600
50470,1.2,201301231600
50494,2.42,201301231600
50511,0.88,201301231600
50549,1.44,201301231600
50680,2.35,201301231600
50682,1.3,201301231600
50731,1.27,201301231600
50812,2.06,201301231600
50872,1.17,201301231600
51029,1.21,201301231600
51046,2.26,201301231600
51053,2.06,201301231600
51056,0.78,201301231600
51162,0.62,201301231600
51177,1.11,201301231600
51182,2.52,201301231600
51228,1.44,201301231600
51258,1.46,201301231600
51430,0.6,201301231600
51431,2.37,201301231600
51432,1.53,201301231600
51520,0.91,201301231600
51681,1.4,201301231600
51682,1.58,201301231600
51725,1.73,201301231600
51790,1.97,201301231600
51832,0.59,201301231600
51857,1.97,201301231600
51931,2.82,201301231600
51932,2.52,201301231600
51986,1.56,201301231600
52003,1.45,201301231600
52182,1.13,201301231600
52244,2.4,201301231600
52259,1.1,201301231600
52280,2.9,201301231600
52319,2.73,201301231600
52473,2.44,201301231600
52518,2.15,201301231600
52631,0.97,201301231600
52679,1.11,201301231600
52729,1.02,201301231600
52811,0.95,201301231600
52983,1.88,201301231600
52988,0.82,201301231600
52993,1.34,201301231600
53000,2.88,201301231600
53016,2.06,201301231600
53027,2.07,201301231600
53072,1.01,201301231600
53090,1.07,201301231600
53177,1.07,201301231600
53178,1.5,201301231600
53381,1.96,201301231600
53427,0.51,201301231600
53429,0.6,201301231600
53761,2.16,201301231600
53774,1.91,201301231600
53797,0.71,201301231600
53810,2.38,201301231600
53822,1.83,201301231600
53864,0.56,201301231600
53927,2.5,201301231600
54038,2.37,201301231600
54071,2.55,201301231600
54234,1.03,201301231600
54281,0.7,201301231600
54284,2.4,201301231600
54327,1.44,201301231600
54334,1.98,201301231600
54349,0.65,201301231600
54427,2.09,201301231600
54503,1.77,201301231600
54510,0.73,201301231600
54520,0.71,201301231600
54550,1.17,201301231600
54578,2.48,201301231600
54678,2.71,201301231600
54828,1.98,201301231600
54983,2.22,201301231600
54996,2.26,201301231600
55070,1.84,201301231600
55329,2.85,201301231600
55331,2.74,201301231600
55535,1.77,201301231600
55633,1.4,201301231600
55680,1.31,201301231600
55761,0.68,201301231600
55831,2.7,201301231600
55832,2.49,201301231600
55838,0.75,201301231600
55845,2.39,201301231600
56106,1.2,201301231600
56493,2.85,201301231600
56571,2.87,201301231600
56586,2.42,201301231600
56587,1.38,201301231600
56591,2.95,201301231600
56738,2.24,201301231600
56835,2.19,201301231600
56882,1.96,201301231600
56887,1.04,201301231600
56888,1.08,201301231600
56933,1.92,201301231600
56934,1.39,201301231600
57042,1.86,201301231600
57062,1.28,201301231600
57189,2.59,201301231600
57261,0.64,201301231600
57329,1.02,201301231600
57342,2.35,201301231600
57376,1.19,201301231600
57378,2.04,201301231600
57380,2.47,201301231600
57397,2.47,201301231600
57440,1.34,201301231600
57495,2.59,201301231600
57523,1.34,201301231600
57555,1.97,201301231600
57597,1.02,201301231600
57613,2.31,201301231600
57615,0.53,201301231600
57628,2.0,201301231600
57631,2.35,201301231600
57823,1.95,201301231600
57837,1.84,201301231600
57851,1.64,201301231600
57852,1.76,201301231600
57906,2.18,201301231600
58179,1.96,201301231600
58251,1.21,201301231600
58421,1.73,201301231600
58511,1.93,201301231600
58632,2.26,201301231600
58744,2.91,201301231600
58802,2.65,201301231600
58814,2.23,201301231600
58879,1.13,201301231600
58892,0.66,201301231600
59010,2.98,201301231600
59043,1.76,201301231600
59104,2.58,201301231600
59125,2.9,201301231600
59134,2.79,201301231600
59285,2.37,201301231600
59329,1.45,201301231600
59555,0.93,201301231600
59635,2.11,201301231600
59745,2.82,201301231600
59927,1.03,201301231600
59941,2.68,201301231600
60008,1.98,201301231600
60011,1.7,201301231600
60114,0.61,201301231600
60141,2.71,201301231600
60147,1.54,201301231600
60331,0.73,201301231600
60344,1.3,201301231600
60350,0.81,201301231600
60578,2.24,201301231600
60593,2.45,201301231600
60613,2.62,201301231600
60630,2.09,201301231600
60635,0.61,201301231600
60649,0.76,201301231600
60750,2.8,201301231600
60774,2.46,201301231600
60819,1.48,201301231600
60880,1.1,201301231600
60888,0.54,201301231600
61062,1.26,201301231600
61110,1.85,201301231600
61263,2.55,201301231600
61343,1.99,201301231600
61591,1.03,201301231600
61597,2.93,201301231600
61654,2.78,201301231600
61818,2.5,201301231600
62077,2.65,201301231600
62104,2.43,201301231600
62135,2.02,201301231600
62140,1.96,201301231600
62252,1.3,201301231600
62558,0.84,201301231600
62589,1.0,201301231600
62757,1.32,201301231600
62772,2.56,201301231600
62850,1.38,201301231600
62926,1.75,201301231600
62948,0.69,201301231600
63044,2.43,201301231600
63153,1.54,201301231600
63383,2.54,201301231600
63397,0.68,201301231600
63398,1.76,201301231600
63407,0.81,201301231600
63574,1.92,201301231600
63586,2.67,201301231600
63816,1.95,201301231600
64102,1.78,201301231600
64150,1.76,201301231600
64200,2.92,201301231600
64515,1.58,201301231600
64529,2.32,201301231600
64573,2.46,201301231600
64581,2.53,201301231600
64815,1.26,201301231600
64915,1.53,201301231600
65059,0.7,201301231600
65144,1.42,201301231600
65320,1.49,201301231600
65375,2.13,201301231600
65454,2.54,201301231600
65528,1.49,201301231600
65607,0.58,201301231600
65774,1.47,201301231600
65838,0.93,201301231600
66068,0.89,201301231600
66084,1.32,201301231600
66151,1.6,201301231600
66353,2.17,201301231600
66538,0.61,201301231600
66575,0.76,201301231600
66637,0.94,201301231600
66827,1.15,201301231600
66870,2.82,201301231600
67110,1.62,201301231600
67207,2.93,201301231600
67335,1.18,201301231600
67385,2.1,201301231600
67599,1.5,201301231600
67601,2.16,201301231600
67602,0.92,201301231600
67698,1.98,201301231600
67824,1.59,201301231600
67842,0.73,201301231600
67854,2.92,201301231600
67855,1.52,201301231600
67918,0.84,201301231600
68103,0.83,201301231600
68104,1.49,201301231600
68110,0.58,201301231600
68111,1.31,201301231600
68349,1.35,201301231600
68354,0.72,201301231600
68356,0.84,201301231600
68454,2.48,201301231600
68455,1.55,201301231600
68587,1.07,201301231600
68857,1.26,201301231600
68858,0.55,201301231600
68897,1.46,201301231600
68924,2.65,201301231600
68930,2.16,201301231600
69106,0.9,201301231600
69190,1.93,201301231600
69206,1.1,201301231600
69359,1.25,201301231600
69371,2.73,201301231600
69455,1.9,201301231600
69582,0.93,201301231600
69613,1.34,201301231600
69676,1.4,201301231600
70115,1.52,201301231600
70132,2.16,201301231600
70181,2.78,201301231600
70342,0.75,201301231600
70352,1.23,201301231600
70360,1.16,201301231600
70374,1.16,201301231600
70440,1.35,201301231600
70462,2.76,201301231600
70619,0.69,201301231600
70659,2.89,201301231600
70715,0.58,201301231600
70903,1.43,201301231600
70934,2.62,201301231600
70961,1.25,201301231600
71122,1.19,201301231600
71187,2.63,201301231600
71399,1.63,201301231600
71601,1.67,201301231600
71629,1.06,201301231600
71888,1.1,201301231600
71961,1.34,201301231600
71964,0.93,201301231600
72201,2.45,201301231600
72218,1.94,201301231600
72345,2.68,201301231600
72367,1.99,201301231600
72407,2.0,201301231600
72416,0.79,201301231600
72706,1.24,201301231600
72894,1.87,201301231600
73104,1.12,201301231600
73135,0.72,201301231600
73211,1.15,201301231600
73223,1.23,201301231600
73451,2.81,201301231600
73460,2.2,201301231600
73461,0.69,201301231600
73557,2.32,201301231600
73669,0.78,201301231600
74158,2.32,201301231600
74216,0.92,201301231600
74388,1.16,201301231600
74396,0.72,201301231600
74466,2.71,201301231600
74467,1.54,201301231600
74638,2.29,201301231600
74677,2.44,201301231600
74678,1.91,201301231600
74711,1.22,201301231600
74721,1.15,201301231600
74962,0.87,201301231600
74968,0.85,201301231600
74973,1.08,201301231600
75224,1.45,201301231600
75329,1.78,201301231600
75386,2.47,201301231600
75424,2.81,201301231600
75436,2.77,201301231600
75475,0.95,201301231600
75619,1.6,201301231600
75721,1.23,201301231600
75722,1.34,201301231600
75724,2.19,201301231600
75725,1.44,201301231600
75726,0.75,201301231600
75727,2.13,201301231600
75974,0.55,201301231600
75975,0.52,201301231600
76133,2.37,201301231600
76227,0.75,201301231600
76393,2.85,201301231600
76473,2.67,201301231600
76477,0.73,201301231600
76654,0.88,201301231600
76728,2.98,201301231600
76959,2.23,201301231600
77169,1.99,201301231600
77230,1.76,201301231600
77381,1.84,201301231600
77458,0.98,201301231600
77641,2.73,201301231600
77942,2.46,201301231600
77981,1.94,201301231600
78205,1.75,201301231600
78418,0.91,201301231600
78654,2.61,201301231600
78733,2.46,201301231600
78881,0.79,201301231600
78896,1.03,201301231600
78909,0.85,201301231600
78983,1.33,201301231600
79234,2.69,201301231600
79379,0.81,201301231600
79394,1.63,201301231600
79484,2.71,201301231600
79712,2.25,201301231600
79911,0.59,201301231600
79915,2.32,201301231600
80160,0.87,201301231600
80161,0.6,201301231600
80193,2.57,201301231600
80352,1.21,201301231600
80397,2.13,201301231600
80406,1.56,201301231600
80411,2.06,201301231600
80412,2.3,201301231600
80413,1.9,201301231600
80420,0.72,201301231600
80485,2.34,201301231600
80635,2.27,201301231600
80659,0.51,201301231600
80663,2.04,201301231600
80664,1.34,201301231600
80703,0.52,201301231600
80877,1.59,201301231600
80916,2.68,201301231600
81163,1.26,201301231600
81164,1.19,201301231600
81354,1.65,201301231600
81363,1.45,201301231600
81390,1.78,201301231600
81625,2.2,201301231600
81651,1.44,201301231600
81899,1.03,201301231600
82135,0.63,201301231600
82168,1.5,201301231600
82169,0.72,201301231600
82237,1.39,201301231600
82613,1.56,201301231600
82622,1.87,201301231600
82664,1.8,201301231600
82892,0.57,201301231600
82951,1.75,201301231600
83410,1.53,201301231600
83489,1.65,201301231600
83735,2.07,201301231600
83865,2.97,201301231600
84123,1.45,201301231600
84179,1.88,201301231600
84207,0.81,201301231600
84212,0.58,201301231600
84221,2.09,201301231600
84366,2.52,201301231600
84689,1.58,201301231600
84712,2.68,201301231600
84902,2.66,201301231600
85474,1.34,201301231600
85487,1.25,201301231600
85620,2.46,201301231600
85705,0.61,201301231600
85715,2.68,201301231600
85738,1.87,201301231600
86440,1.11,201301231600
86622,2.48,201301231600
86623,2.61,201301231600
86672,2.72,201301231600
86873,2.02,201301231600
86895,2.12,201301231600
87121,2.6,201301231600
87227,1.88,201301231600
87460,1.9,201301231600
87690,2.49,201301231600
87873,2.14,201301231600
88242,1.79,201301231600
88463,2.09,201301231600
89120,2.25,201301231600
89152,2.78,201301231600
89175,0.63,201301231600
89198,2.95,201301231600
89615,2.75,201301231600
89625,0.51,201301231600
90116,1.55,201301231600
90183,1.41,201301231600
90497,0.76,201301231600
90699,1.5,201301231600
90719,1.25,201301231600
91200,2.29,201301231600
91432,2.78,201301231600
91434,0.67,201301231600
91684,2.4,201301231600
91713,0.54,201301231600
91744,0.86,201301231600
92233,2.47,201301231600
93205,1.93,201301231600
93244,1.43,201301231600
93252,0.52,201301231600
93463,2.69,201301231600
93675,0.97,201301231600
93944,2.95,201301231600
94431,0.5,201301231600
94710,1.28,201301231600
94755,1.24,201301231600
94997,0.59,201301231600
95000,2.12,201301231600
95707,2.31,201301231600
95949,2.82,201301231600
95998,2.21,201301231600
96188,0.51,201301231600
96225,1.88,201301231600
96249,2.17,201301231600
96468,2.02,201301231600
96486,2.7,201301231600
96718,0.6,201301231600
96972,1.17,201301231600
96995,2.32,201301231600
97251,0.96,201301231600
97440,2.64,201301231600
97471,2.96,201301231600
97969,1.14,201301231600
97990,0.75,201301231600
98224,2.45,201301231600
98229,0.95,201301231600
98450,0.92,201301231600
98475,2.28,201301231600
98739,2.62,201301231600
99256,1.41,201301231600
99468,1.2,201301231600
99730,1.18,201301231600
101215,2.69,201301231600
101911,1.3,201301231600
101912,0.56,201301231600
101989,2.76,201301231600
102999,1.95,201301231600
103242,2.23,201301231600
103431,1.76,201301231600
104177,1.87,201301231600
104221,0.59,201301231600
104239,1.35,201301231600
104701,2.61,201301231600
104984,0.63,201301231600
105196,2.2,201301231600
105219,1.44,201301231600
105460,1.55,201301231600
105461,1.7,201301231600
105481,1.84,201301231600
105489,2.59,201301231600
105709,2.63,201301231600
105710,1.42,201301231600
105711,2.49,201301231600
105712,2.38,201301231600
105713,0.69,201301231600
105715,2.43,201301231600
105726,1.78,201301231600
105727,2.17,201301231600
105736,2.43,201301231600
105960,2.78,201301231600
105961,2.75,201301231600
105962,1.49,201301231600
105963,1.53,201301231600
105964,1.77,201301231600
105975,2.45,201301231600
106195,1.1,201301231600
106213,2.71,201301231600
106214,0.56,201301231600
106215,1.46,201301231600
106221,1.31,201301231600
106231,0.71,201301231600
106232,2.47,201301231600
106234,2.99,201301231600
106235,1.67,201301231600
106237,2.38,201301231600
106446,1.78,201301231600
106447,2.42,201301231600
106462,2.11,201301231600
106463,2.46,201301231600
106465,1.37,201301231600
106466,0.53,201301231600
106467,1.34,201301231600
106480,1.23,201301231600
106712,1.19,201301231600
106717,0.76,201301231600
106718,1.5,201301231600
106741,0.59,201301231600
106958,1.75,201301231600
106964,1.58,201301231600
106965,0.79,201301231600
106966,1.28,201301231600
106967,0.9,201301231600
106971,2.02,201301231600
106983,1.77,201301231600
106997,1.08,201301231600
107200,2.82,201301231600
107212,0.73,201301231600
107219,1.33,201301231600
107240,1.84,201301231600
107460,2.97,201301231600
107465,2.51,201301231600
107466,2.96,201301231600
107468,0.73,201301231600
107491,0.85,201301231600
107711,0.65,201301231600
107725,1.54,201301231600
107726,1.85,201301231600
107954,0.82,201301231600
107966,0.76,201301231600
107971,1.03,201301231600
107979,0.89,201301231600
107993,2.93,201301231600
108205,1.53,201301231600
108211,0.58,201301231600
108214,1.71,201301231600
108215,1.41,201301231600
108217,1.39,201301231600
108219,0.66,201301231600
108220,2.63,201301231600
108222,2.21,201301231600
108225,1.85,201301231600
108230,1.02,201301231600
108454,1.56,201301231600
108463,0.64,201301231600
108499,2.2,201301231600
108717,2.92,201301231600
108722,1.77,201301231600
108724,0.98,201301231600
108733,1.44,201301231600
108968,1.68,201301231600
108975,2.9,201301231600
108984,0.74,201301231600
108985,2.26,201301231600
109216,1.58,201301231600
109219,1.58,201301231600
109222,2.45,201301231600
109227,0.94,201301231600
109231,1.56,201301231600
109236,1.63,201301231600
109245,0.96,201301231600
109473,2.93,201301231600
109487,1.99,201301231600
109494,1.42,201301231600
109495,2.75,201301231600
109496,1.62,201301231600
109497,2.18,201301231600
109742,1.98,201301231600
109744,0.71,201301231600
109748,1.8,201301231600
109750,1.42,201301231600
109980,0.69,201301231600
109991,1.44,201301231600
109994,1.86,201301231600
109998,2.47,201301231600
110001,2.02,201301231600
110243,1.7,201301231600
110247,1.74,201301231600
110249,1.16,201301231600
110251,0.68,201301231600
110253,2.97,201301231600
110254,1.74,201301231600
