cell,mobility,dtg
1610,1.57,201301240000
1846,0.76,201301240000
1851,0.91,201301240000
1853,2.37,201301240000
1856,0.72,201301240000
1857,2.15,201301240000
2103,2.17,201301240000
2105,1.97,201301240000
2106,0.93,201301240000
2107,0.58,201301240000
2114,1.17,201301240000
2342,1.67,201301240000
2347,1.05,201301240000
2351,0.52,201301240000
2354,1.82,201301240000
2357,0.54,201301240000
2372,0.52,201301240000
2374,0.73,201301240000
2591,0.6,201301240000
2595,1.61,201301240000
2605,1.77,201301240000
2611,0.8,201301240000
2615,1.59,201301240000
2620,2.92,201301240000
2627,2.39,201301240000
2839,1.84,201301240000
2847,1.3,201301240000
3086,1.97,201301240000
3094,2.08,201301240000
3100,2.17,201301240000
3124,1.7,201301240000
3128,0.92,201301240000
3334,2.59,201301240000
3337,2.82,201301240000
3375,2.41,201301240000
3614,2.69,201301240000
3619,2.83,201301240000
3632,1.56,201301240000
3635,1.51,201301240000
3830,0.76,201301240000
3831,2.3,201301240000
3833,1.71,201301240000
3837,2.33,201301240000
3845,1.12,201301240000
3856,2.32,201301240000
3860,1.8,201301240000
3865,1.86,201301240000
4078,2.25,201301240000
4081,1.04,201301240000
4137,0.63,201301240000
4141,1.07,201301240000
4142,0.72,201301240000
4328,0.87,201301240000
4329,0.77,201301240000
4341,2.59,201301240000
4345,1.92,201301240000
4348,2.16,201301240000
4354,2.66,201301240000
4372,0.88,201301240000
4577,0.87,201301240000
4578,1.03,201301240000
4580,2.34,201301240000
4582,1.98,201301240000
4605,1.47,201301240000
4608,1.13,201301240000
4631,2.34,201301240000
4636,0.51,201301240000
4637,1.91,201301240000
4829,2.37,201301240000
4830,0.93,201301240000
4831,1.03,201301240000
4834,1.46,201301240000
4837,2.26,201301240000
4852,2.29,201301240000
4863,0.51,201301240000
4868,2.53,201301240000
4890,1.98,201301240000
4891,2.4,201301240000
5078,2.23,201301240000
5081,1.53,201301240000
5084,1.11,201301240000
5127,0.7,201301240000
5153,2.78,201301240000
5327,1.49,201301240000
5329,1.48,201301240000
5333,0.59,201301240000
5334,2.78,201301240000
5339,1.39,201301240000
5369,2.06,201301240000
5402,2.09,201301240000
5410,1.2,201301240000
5577,1.88,201301240000
5581,1.97,201301240000
5592,2.61,201301240000
5612,2.91,201301240000
5623,1.77,201301240000
5876,1.51,201301240000
5893,2.17,201301240000
5898,1.02,201301240000
6078,1.91,201301240000
6118,0.66,201301240000
6136,0.92,201301240000
6158,1.14,201301240000
6159,1.92,201301240000
6333,2.54,201301240000
6353,1.79,201301240000
6365,1.76,201301240000
6366,1.02,201301240000
6414,2.88,201301240000
6588,0.84,201301240000
6609,1.56,201301240000
6635,1.24,201301240000
6668,0.89,201301240000
6841,1.26,201301240000
6849,1.31,201301240000
6896,1.89,201301240000
6924,0.52,201301240000
6928,2.68,201301240000
6935,1.99,201301240000
6939,2.8,201301240000
7077,0.79,201301240000
7078,2.73,201301240000
7085,1.28,201301240000
7088,0.67,201301240000
7113,1.08,201301240000
7114,0.8,201301240000
7129,1.48,201301240000
7133,0.58,201301240000
7165,2.02,201301240000
7192,2.21,201301240000
7354,0.77,201301240000
7375,2.63,201301240000
7379,0.8,201301240000
7401,2.09,201301240000
7410,1.17,201301240000
7436,2.84,201301240000
7584,2.74,201301240000
7646,1.22,201301240000
7849,1.15,201301240000
7871,0.85,201301240000
7927,2.0,201301240000
7948,1.48,201301240000
8080,2.57,201301240000
8170,0.84,201301240000
8182,1.28,201301240000
8195,0.78,201301240000
8342,2.41,201301240000
8582,1.78,201301240000
8602,0.54,201301240000
8609,1.7,201301240000
8638,2.94,201301240000
8656,1.2,201301240000
8830,2.11,201301240000
8839,1.88,201301240000
8876,2.49,201301240000
8897,2.32,201301240000
8912,1.64,201301240000
8918,2.04,201301240000
8929,1.65,201301240000
8940,1.26,201301240000
8954,2.98,201301240000
9140,0.76,201301240000
9333,0.55,201301240000
9468,0.7,201301240000
9473,2.96,201301240000
9589,0.57,201301240000
9601,1.12,201301240000
9607,2.31,201301240000
9658,2.32,201301240000
9724,2.83,201301240000
9833,0.99,201301240000
10084,1.11,201301240000
10089,2.12,201301240000
10096,2.75,201301240000
10144,2.68,201301240000
10170,1.7,201301240000
10181,0.91,201301240000
10189,1.77,201301240000
10201,0.68,201301240000
10334,1.83,201301240000
10335,2.64,201301240000
10383,1.84,201301240000
10414,0.62,201301240000
10444,1.54,201301240000
10458,1.71,201301240000
10477,2.11,201301240000
10586,0.87,201301240000
10601,1.14,201301240000
10609,0.5,201301240000
10616,2.7,201301240000
10633,2.07,201301240000
10655,0.89,201301240000
10665,2.89,201301240000
10681,2.74,201301240000
10717,2.45,201301240000
10835,2.45,201301240000
10837,2.03,201301240000
10847,0.95,201301240000
10903,0.88,201301240000
10911,2.04,201301240000
10918,1.98,201301240000
10973,2.99,201301240000
11087,0.94,201301240000
11092,1.26,201301240000
11128,1.95,201301240000
11222,1.51,201301240000
11223,1.13,201301240000
11225,2.69,201301240000
11238,0.99,201301240000
11361,2.8,201301240000
11393,1.39,201301240000
11424,0.82,201301240000
11601,2.1,201301240000
11682,1.04,201301240000
11704,2.37,201301240000
11858,1.19,201301240000
11884,2.82,201301240000
11901,0.56,201301240000
11946,1.65,201301240000
11960,1.25,201301240000
11972,2.54,201301240000
12089,0.97,201301240000
12090,1.42,201301240000
12096,2.25,201301240000
12120,2.8,201301240000
12157,2.75,201301240000
12230,1.3,201301240000
12383,2.52,201301240000
12431,1.44,201301240000
12601,2.54,201301240000
12625,2.04,201301240000
12632,1.22,201301240000
12842,2.59,201301240000
12875,0.67,201301240000
12901,2.13,201301240000
12913,2.74,201301240000
12933,0.77,201301240000
12934,0.57,201301240000
12985,1.3,201301240000
13099,1.43,201301240000
13114,0.51,201301240000
13150,1.61,201301240000
13175,2.26,201301240000
13183,1.12,201301240000
13222,0.92,201301240000
13358,1.96,201301240000
13444,0.65,201301240000
13455,1.72,201301240000
13456,2.95,201301240000
13670,0.89,201301240000
13694,0.67,201301240000
13845,1.49,201301240000
13849,0.68,201301240000
14011,1.77,201301240000
14095,2.94,201301240000
14133,1.15,201301240000
14161,1.12,201301240000
14167,0.55,201301240000
14184,1.25,201301240000
14241,2.93,201301240000
14255,1.34,201301240000
14349,1.6,201301240000
14350,0.53,201301240000
14375,2.8,201301240000
14452,1.55,201301240000
14475,2.45,201301240000
14620,1.83,201301240000
14673,0.81,201301240000
14745,2.23,201301240000
14859,2.81,201301240000
14936,2.56,201301240000
14995,2.9,201301240000
15097,1.37,201301240000
15098,2.63,201301240000
15246,2.61,201301240000
15349,0.73,201301240000
15440,1.6,201301240000
15600,0.67,201301240000
15656,0.73,201301240000
15672,0.69,201301240000
15699,2.21,201301240000
15714,1.26,201301240000
15725,1.2,201301240000
15744,1.42,201301240000
15849,1.97,201301240000
15850,1.21,201301240000
15851,2.87,201301240000
15853,2.86,201301240000
15871,2.31,201301240000
16100,2.36,201301240000
16105,1.68,201301240000
16114,1.14,201301240000
16171,2.17,201301240000
16184,2.77,201301240000
16400,2.47,201301240000
16414,1.07,201301240000
16601,0.71,201301240000
16604,1.78,201301240000
16625,1.24,201301240000
16670,2.9,201301240000
16853,0.94,201301240000
16868,2.86,201301240000
16932,2.68,201301240000
17232,2.4,201301240000
17355,1.91,201301240000
17358,2.46,201301240000
17367,2.24,201301240000
17635,2.43,201301240000
17673,1.15,201301240000
17681,0.72,201301240000
17884,1.65,201301240000
17984,1.67,201301240000
18108,1.27,201301240000
18115,1.09,201301240000
18118,0.53,201301240000
18123,2.74,201301240000
18139,0.9,201301240000
18154,2.19,201301240000
18160,2.89,201301240000
18177,0.67,201301240000
18185,1.68,201301240000
18383,1.68,201301240000
18404,1.39,201301240000
18427,2.04,201301240000
18466,2.71,201301240000
18616,1.59,201301240000
18629,0.98,201301240000
18861,2.39,201301240000
18866,0.65,201301240000
18925,1.69,201301240000
19110,2.24,201301240000
19112,1.23,201301240000
19114,1.54,201301240000
19122,1.43,201301240000
19360,1.65,201301240000
19443,1.41,201301240000
19481,1.82,201301240000
19611,2.3,201301240000
19612,1.45,201301240000
19618,0.8,201301240000
19633,1.63,201301240000
19678,2.36,201301240000
19878,1.06,201301240000
19913,0.88,201301240000
20113,2.13,201301240000
20114,2.37,201301240000
20116,1.41,201301240000
20170,2.69,201301240000
20363,1.46,201301240000
20387,3.0,201301240000
20396,2.34,201301240000
20436,0.65,201301240000
20616,2.41,201301240000
20621,0.67,201301240000
20628,2.05,201301240000
20651,2.45,201301240000
20671,2.86,201301240000
20682,1.55,201301240000
20864,1.16,201301240000
20882,0.99,201301240000
20931,2.96,201301240000
20995,1.21,201301240000
21115,1.95,201301240000
21118,2.31,201301240000
21201,2.92,201301240000
21373,2.08,201301240000
21377,1.93,201301240000
21392,1.47,201301240000
21407,1.53,201301240000
21428,1.25,201301240000
21448,1.51,201301240000
21617,1.32,201301240000
21619,1.28,201301240000
21639,2.96,201301240000
21658,1.69,201301240000
21663,2.81,201301240000
21701,2.01,201301240000
21721,0.55,201301240000
21868,1.44,201301240000
21871,1.85,201301240000
21999,2.52,201301240000
22126,0.96,201301240000
22133,2.52,201301240000
22174,2.24,201301240000
22176,2.3,201301240000
22205,2.3,201301240000
22368,0.63,201301240000
22395,2.3,201301240000
22419,2.6,201301240000
22420,2.72,201301240000
22421,2.32,201301240000
22422,2.34,201301240000
22619,1.99,201301240000
22630,2.6,201301240000
22634,0.98,201301240000
22671,0.83,201301240000
22673,2.68,201301240000
22700,2.56,201301240000
22751,0.7,201301240000
22768,1.2,201301240000
22869,1.68,201301240000
22877,2.37,201301240000
22928,2.43,201301240000
22940,1.64,201301240000
22955,2.7,201301240000
22963,2.96,201301240000
22966,1.82,201301240000
23120,2.2,201301240000
23124,2.19,201301240000
23125,1.26,201301240000
23131,0.58,201301240000
23138,2.0,201301240000
23169,2.51,201301240000
23194,1.28,201301240000
23216,1.04,201301240000
23370,2.51,201301240000
23371,1.95,201301240000
23379,2.29,201301240000
23386,0.99,201301240000
23388,2.43,201301240000
23427,0.98,201301240000
23621,2.54,201301240000
23627,1.72,201301240000
23635,2.94,201301240000
23641,2.04,201301240000
23662,2.42,201301240000
23669,1.83,201301240000
23690,2.26,201301240000
23744,2.73,201301240000
23750,1.81,201301240000
23872,0.54,201301240000
23873,1.67,201301240000
23875,1.33,201301240000
23881,1.48,201301240000
23894,2.78,201301240000
23896,1.3,201301240000
23907,1.89,201301240000
23925,0.98,201301240000
23973,2.97,201301240000
24005,2.56,201301240000
24009,2.33,201301240000
24032,2.46,201301240000
24122,2.37,201301240000
24123,2.9,201301240000
24149,2.98,201301240000
24247,2.44,201301240000
24251,2.3,201301240000
24265,1.11,201301240000
24266,0.83,201301240000
24373,1.26,201301240000
24374,2.37,201301240000
24380,2.89,201301240000
24381,2.93,201301240000
24383,0.93,201301240000
24387,1.94,201301240000
24402,2.05,201301240000
24405,2.05,201301240000
24423,1.58,201301240000
24623,1.17,201301240000
24626,0.78,201301240000
24643,2.08,201301240000
24732,0.93,201301240000
24734,2.27,201301240000
24739,2.34,201301240000
24774,1.43,201301240000
24775,2.69,201301240000
24781,1.48,201301240000
24837,2.48,201301240000
24874,2.1,201301240000
24877,2.54,201301240000
24879,2.97,201301240000
24880,2.1,201301240000
24895,1.25,201301240000
24920,0.65,201301240000
24990,1.6,201301240000
24991,0.95,201301240000
24993,1.06,201301240000
25124,2.32,201301240000
25125,2.73,201301240000
25126,2.33,201301240000
25129,0.88,201301240000
25130,2.59,201301240000
25132,2.18,201301240000
25136,2.14,201301240000
25138,2.42,201301240000
25141,0.85,201301240000
25179,2.73,201301240000
25187,2.82,201301240000
25375,0.87,201301240000
25376,1.79,201301240000
25377,2.19,201301240000
25379,1.16,201301240000
25385,0.62,201301240000
25395,2.33,201301240000
25400,1.83,201301240000
25405,2.94,201301240000
25412,0.53,201301240000
25427,1.47,201301240000
25626,2.45,201301240000
25627,2.9,201301240000
25628,2.84,201301240000
25629,1.78,201301240000
25632,2.19,201301240000
25633,1.2,201301240000
25642,2.11,201301240000
25715,2.25,201301240000
25747,1.8,201301240000
25763,0.53,201301240000
25876,1.34,201301240000
25877,0.98,201301240000
25878,0.78,201301240000
25881,1.78,201301240000
25882,1.65,201301240000
25886,1.45,201301240000
25888,1.37,201301240000
25926,2.45,201301240000
25997,2.82,201301240000
26005,1.22,201301240000
26035,1.76,201301240000
26127,1.01,201301240000
26129,1.37,201301240000
26130,2.23,201301240000
26133,1.9,201301240000
26135,0.95,201301240000
26136,1.55,201301240000
26138,1.58,201301240000
26139,0.57,201301240000
26141,1.08,201301240000
26148,0.75,201301240000
26168,2.49,201301240000
26378,0.64,201301240000
26379,0.72,201301240000
26380,1.49,201301240000
26381,1.35,201301240000
26382,2.66,201301240000
26383,2.8,201301240000
26385,0.91,201301240000
26386,2.96,201301240000
26387,1.35,201301240000
26389,0.55,201301240000
26391,1.71,201301240000
26392,1.26,201301240000
26393,2.63,201301240000
26396,1.76,201301240000
26403,2.05,201301240000
26408,2.25,201301240000
26427,1.4,201301240000
26450,1.26,201301240000
26492,2.04,201301240000
26546,2.72,201301240000
26563,1.36,201301240000
26564,2.22,201301240000
26628,2.05,201301240000
26629,1.31,201301240000
26630,2.16,201301240000
26631,2.77,201301240000
26633,2.52,201301240000
26634,2.42,201301240000
26656,1.25,201301240000
26674,1.58,201301240000
26708,0.6,201301240000
26752,0.65,201301240000
26754,0.64,201301240000
26755,2.8,201301240000
26782,2.62,201301240000
26846,2.54,201301240000
26879,0.91,201301240000
26880,0.6,201301240000
26881,2.53,201301240000
26882,1.06,201301240000
26883,2.88,201301240000
26884,1.61,201301240000
26885,1.7,201301240000
26886,2.53,201301240000
26887,1.42,201301240000
26889,0.75,201301240000
26890,2.3,201301240000
26891,2.21,201301240000
26892,0.67,201301240000
26893,1.0,201301240000
26894,2.05,201301240000
26895,2.34,201301240000
26897,2.77,201301240000
26905,1.26,201301240000
26938,2.96,201301240000
26964,0.88,201301240000
27006,2.26,201301240000
27042,1.07,201301240000
27098,1.79,201301240000
27130,0.69,201301240000
27131,1.64,201301240000
27132,2.96,201301240000
27133,2.94,201301240000
27134,2.99,201301240000
27135,1.22,201301240000
27136,2.02,201301240000
27137,0.83,201301240000
27138,2.94,201301240000
27142,0.86,201301240000
27143,1.41,201301240000
27145,2.08,201301240000
27148,0.63,201301240000
27149,2.46,201301240000
27152,2.57,201301240000
27155,0.86,201301240000
27175,2.1,201301240000
27209,0.62,201301240000
27247,2.43,201301240000
27381,2.41,201301240000
27382,2.97,201301240000
27383,1.21,201301240000
27384,1.61,201301240000
27386,2.22,201301240000
27387,1.39,201301240000
27388,0.67,201301240000
27389,2.31,201301240000
27390,2.15,201301240000
27392,1.26,201301240000
27395,0.79,201301240000
27404,1.45,201301240000
27415,2.53,201301240000
27427,2.35,201301240000
27489,0.64,201301240000
27494,1.89,201301240000
27498,2.58,201301240000
27518,0.56,201301240000
27632,2.93,201301240000
27633,1.05,201301240000
27634,2.82,201301240000
27635,2.71,201301240000
27636,1.9,201301240000
27637,2.49,201301240000
27638,1.02,201301240000
27639,2.4,201301240000
27640,2.58,201301240000
27642,1.22,201301240000
27643,2.37,201301240000
27645,1.74,201301240000
27646,1.98,201301240000
27647,0.87,201301240000
27649,2.31,201301240000
27654,0.59,201301240000
27763,2.47,201301240000
27764,1.96,201301240000
27796,1.06,201301240000
27797,1.93,201301240000
27883,1.4,201301240000
27884,1.39,201301240000
27885,1.65,201301240000
27886,2.83,201301240000
27887,2.15,201301240000
27888,2.03,201301240000
27889,0.96,201301240000
27890,2.83,201301240000
27891,1.02,201301240000
27892,2.78,201301240000
27894,1.6,201301240000
27895,0.52,201301240000
27897,1.78,201301240000
27902,2.1,201301240000
27908,0.99,201301240000
27911,0.88,201301240000
27930,1.2,201301240000
27971,1.79,201301240000
28004,2.48,201301240000
28015,0.64,201301240000
28049,2.69,201301240000
28102,1.27,201301240000
28134,0.67,201301240000
28135,1.52,201301240000
28136,2.27,201301240000
28137,1.97,201301240000
28138,1.21,201301240000
28139,2.32,201301240000
28140,1.85,201301240000
28142,1.64,201301240000
28143,0.65,201301240000
28144,2.84,201301240000
28146,2.22,201301240000
28154,2.71,201301240000
28156,1.46,201301240000
28216,1.69,201301240000
28239,2.81,201301240000
28384,1.71,201301240000
28385,1.19,201301240000
28386,1.18,201301240000
28387,0.8,201301240000
28388,1.72,201301240000
28389,2.4,201301240000
28390,1.87,201301240000
28391,2.84,201301240000
28392,2.07,201301240000
28393,2.51,201301240000
28394,2.42,201301240000
28396,2.25,201301240000
28397,2.19,201301240000
28400,1.91,201301240000
28401,1.25,201301240000
28405,1.87,201301240000
28427,1.33,201301240000
28467,1.66,201301240000
28496,1.03,201301240000
28497,2.36,201301240000
28519,1.9,201301240000
28535,1.2,201301240000
28539,1.44,201301240000
28545,1.99,201301240000
28557,1.58,201301240000
28635,1.12,201301240000
28636,1.62,201301240000
28637,2.86,201301240000
28638,0.85,201301240000
28639,2.63,201301240000
28640,2.35,201301240000
28641,2.42,201301240000
28642,2.19,201301240000
28643,1.58,201301240000
28644,1.8,201301240000
28645,2.69,201301240000
28646,1.7,201301240000
28649,1.63,201301240000
28658,2.21,201301240000
28667,1.41,201301240000
28675,1.06,201301240000
28751,2.13,201301240000
28753,0.8,201301240000
28754,2.49,201301240000
28788,1.91,201301240000
28812,1.31,201301240000
28823,0.73,201301240000
28886,2.75,201301240000
28887,2.14,201301240000
28888,1.42,201301240000
28889,2.55,201301240000
28890,2.91,201301240000
28891,2.01,201301240000
28892,0.94,201301240000
28893,0.52,201301240000
28894,1.22,201301240000
28895,1.04,201301240000
28896,1.74,201301240000
28897,1.46,201301240000
28899,2.96,201301240000
28900,2.71,201301240000
28901,3.0,201301240000
28902,1.19,201301240000
28905,2.83,201301240000
28912,0.98,201301240000
28960,2.58,201301240000
28969,1.16,201301240000
29004,2.59,201301240000
29012,1.73,201301240000
29026,0.56,201301240000
29068,1.13,201301240000
29076,2.28,201301240000
29088,1.48,201301240000
29094,3.0,201301240000
29136,1.67,201301240000
29137,2.26,201301240000
29138,1.91,201301240000
29139,0.82,201301240000
29140,2.21,201301240000
29141,1.52,201301240000
29142,0.66,201301240000
29143,1.9,201301240000
29144,1.15,201301240000
29146,1.38,201301240000
29147,0.86,201301240000
29148,2.86,201301240000
29149,2.02,201301240000
29151,2.13,201301240000
29158,2.02,201301240000
29165,1.71,201301240000
29171,0.89,201301240000
29190,1.3,201301240000
29247,0.67,201301240000
29387,2.95,201301240000
29388,1.69,201301240000
29389,0.6,201301240000
29390,1.84,201301240000
29391,2.92,201301240000
29392,2.13,201301240000
29393,1.32,201301240000
29394,1.83,201301240000
29395,0.84,201301240000
29396,2.89,201301240000
29397,1.25,201301240000
29398,1.75,201301240000
29399,1.11,201301240000
29401,1.35,201301240000
29402,1.01,201301240000
29403,2.0,201301240000
29405,1.25,201301240000
29409,2.13,201301240000
29425,2.94,201301240000
29429,2.03,201301240000
29495,2.56,201301240000
29498,2.99,201301240000
29533,1.21,201301240000
29556,2.82,201301240000
29638,1.95,201301240000
29639,2.85,201301240000
29640,1.53,201301240000
29641,0.69,201301240000
29642,1.45,201301240000
29643,2.63,201301240000
29644,2.43,201301240000
29645,1.94,201301240000
29648,1.52,201301240000
29649,1.7,201301240000
29650,1.76,201301240000
29654,2.23,201301240000
29663,0.61,201301240000
29670,2.81,201301240000
29710,2.06,201301240000
29730,1.73,201301240000
29733,1.34,201301240000
29736,1.13,201301240000
29766,2.8,201301240000
29891,1.63,201301240000
29892,1.27,201301240000
29893,2.02,201301240000
29894,2.73,201301240000
29895,2.57,201301240000
29896,1.27,201301240000
29897,2.98,201301240000
29898,2.55,201301240000
29900,0.86,201301240000
29903,2.56,201301240000
29906,1.47,201301240000
29909,1.02,201301240000
29912,1.34,201301240000
29917,2.94,201301240000
29925,0.5,201301240000
29966,1.93,201301240000
30021,2.03,201301240000
30026,1.54,201301240000
30036,2.16,201301240000
30142,1.55,201301240000
30143,0.94,201301240000
30144,1.98,201301240000
30145,2.99,201301240000
30146,2.16,201301240000
30147,0.57,201301240000
30148,1.19,201301240000
30152,2.31,201301240000
30154,1.69,201301240000
30157,2.51,201301240000
30158,1.27,201301240000
30181,2.44,201301240000
30242,1.2,201301240000
30243,1.46,201301240000
30244,1.6,201301240000
30261,0.85,201301240000
30300,0.65,201301240000
30322,1.71,201301240000
30393,2.49,201301240000
30394,2.27,201301240000
30395,0.95,201301240000
30396,1.68,201301240000
30397,2.98,201301240000
30398,0.54,201301240000
30400,2.69,201301240000
30401,1.63,201301240000
30403,2.18,201301240000
30407,1.33,201301240000
30410,1.74,201301240000
30420,0.88,201301240000
30430,2.45,201301240000
30434,1.7,201301240000
30439,2.98,201301240000
30481,2.48,201301240000
30489,2.03,201301240000
30494,1.85,201301240000
30495,0.96,201301240000
30496,1.94,201301240000
30645,0.62,201301240000
30646,2.38,201301240000
30647,2.55,201301240000
30648,2.86,201301240000
30649,0.96,201301240000
30650,2.43,201301240000
30651,2.16,201301240000
30652,2.59,201301240000
30653,1.15,201301240000
30654,0.62,201301240000
30661,0.92,201301240000
30664,1.23,201301240000
30666,1.23,201301240000
30669,0.54,201301240000
30673,1.28,201301240000
30683,2.96,201301240000
30745,1.5,201301240000
30750,1.7,201301240000
30777,2.8,201301240000
30780,2.44,201301240000
30812,0.67,201301240000
30897,1.67,201301240000
30898,1.46,201301240000
30899,2.46,201301240000
30900,0.97,201301240000
30901,2.9,201301240000
30902,2.56,201301240000
30903,0.52,201301240000
30904,2.94,201301240000
30908,2.83,201301240000
30909,2.55,201301240000
30912,1.03,201301240000
30913,0.52,201301240000
30928,2.68,201301240000
30953,0.6,201301240000
30979,2.55,201301240000
30994,2.9,201301240000
30995,2.24,201301240000
31027,0.83,201301240000
31028,0.82,201301240000
31029,1.21,201301240000
31082,0.56,201301240000
31148,2.87,201301240000
31149,2.56,201301240000
31150,0.79,201301240000
31151,0.98,201301240000
31152,2.21,201301240000
31156,1.69,201301240000
31157,2.58,201301240000
31161,1.75,201301240000
31166,2.65,201301240000
31172,0.68,201301240000
31274,0.83,201301240000
31281,2.9,201301240000
31369,1.57,201301240000
31398,1.83,201301240000
31401,1.17,201301240000
31407,1.26,201301240000
31408,0.91,201301240000
31409,1.38,201301240000
31410,0.92,201301240000
31413,1.88,201301240000
31419,1.74,201301240000
31427,1.15,201301240000
31457,1.58,201301240000
31466,0.55,201301240000
31651,2.3,201301240000
31652,0.63,201301240000
31656,0.82,201301240000
31660,1.3,201301240000
31663,2.71,201301240000
31666,2.43,201301240000
31675,2.64,201301240000
31738,1.82,201301240000
31754,0.78,201301240000
31782,1.97,201301240000
31903,0.73,201301240000
31904,1.56,201301240000
31905,2.08,201301240000
31906,0.87,201301240000
31908,2.71,201301240000
31912,2.45,201301240000
31921,0.65,201301240000
31928,1.57,201301240000
31949,1.33,201301240000
32028,2.18,201301240000
32032,0.73,201301240000
32045,1.58,201301240000
32150,2.96,201301240000
32155,2.9,201301240000
32157,0.69,201301240000
32161,2.3,201301240000
32162,2.66,201301240000
32167,2.67,201301240000
32169,2.49,201301240000
32175,2.88,201301240000
32182,0.67,201301240000
32185,2.53,201301240000
32195,2.84,201301240000
32235,1.01,201301240000
32404,0.5,201301240000
32405,1.55,201301240000
32410,1.72,201301240000
32411,1.19,201301240000
32415,1.64,201301240000
32449,0.83,201301240000
32490,1.93,201301240000
32558,0.68,201301240000
32622,2.04,201301240000
32656,2.49,201301240000
32658,2.3,201301240000
32660,2.03,201301240000
32662,1.31,201301240000
32668,0.87,201301240000
32682,2.15,201301240000
32697,2.28,201301240000
32712,1.51,201301240000
32729,2.16,201301240000
32739,1.42,201301240000
32742,2.68,201301240000
32744,2.98,201301240000
32802,1.43,201301240000
32834,1.39,201301240000
32905,2.39,201301240000
32907,2.49,201301240000
32912,1.37,201301240000
32916,2.01,201301240000
32922,0.97,201301240000
32924,0.69,201301240000
32926,1.18,201301240000
32929,0.61,201301240000
32977,0.72,201301240000
32978,1.97,201301240000
33154,1.89,201301240000
33158,0.62,201301240000
33160,0.74,201301240000
33165,2.45,201301240000
33170,2.12,201301240000
33186,2.63,201301240000
33286,1.19,201301240000
33405,0.88,201301240000
33409,2.87,201301240000
33412,2.04,201301240000
33418,2.41,201301240000
33420,2.45,201301240000
33424,0.68,201301240000
33435,0.81,201301240000
33442,0.8,201301240000
33519,0.87,201301240000
33594,1.65,201301240000
33656,2.81,201301240000
33659,2.17,201301240000
33662,2.22,201301240000
33664,0.82,201301240000
33666,0.85,201301240000
33669,2.82,201301240000
33673,1.0,201301240000
33675,1.03,201301240000
33694,1.21,201301240000
33724,0.53,201301240000
33742,2.07,201301240000
33812,2.86,201301240000
33909,2.19,201301240000
33911,2.0,201301240000
33912,1.77,201301240000
33913,2.45,201301240000
33922,2.08,201301240000
33923,1.99,201301240000
33924,0.5,201301240000
33931,0.88,201301240000
33935,1.11,201301240000
33986,1.33,201301240000
34013,1.42,201301240000
34160,2.83,201301240000
34161,1.14,201301240000
34162,0.98,201301240000
34163,2.01,201301240000
34167,1.25,201301240000
34190,1.8,201301240000
34211,2.6,201301240000
34303,1.14,201301240000
34380,0.58,201301240000
34407,0.69,201301240000
34413,2.21,201301240000
34423,2.4,201301240000
34424,1.95,201301240000
34427,2.2,201301240000
34430,2.82,201301240000
34437,1.92,201301240000
34440,2.92,201301240000
34486,2.41,201301240000
34495,1.37,201301240000
34510,2.48,201301240000
34520,2.17,201301240000
34528,1.59,201301240000
34563,1.78,201301240000
34662,1.18,201301240000
34667,2.33,201301240000
34668,1.1,201301240000
34670,0.59,201301240000
34672,0.72,201301240000
34673,1.5,201301240000
34676,2.5,201301240000
34679,0.86,201301240000
34682,2.15,201301240000
34695,1.42,201301240000
34710,2.52,201301240000
34714,1.47,201301240000
34720,1.62,201301240000
34882,1.48,201301240000
34913,2.54,201301240000
34914,0.53,201301240000
34915,1.1,201301240000
34924,0.59,201301240000
34925,1.29,201301240000
34934,2.22,201301240000
34939,1.32,201301240000
34959,1.01,201301240000
34990,0.62,201301240000
35102,2.13,201301240000
35164,2.62,201301240000
35166,0.85,201301240000
35173,0.78,201301240000
35178,0.68,201301240000
35183,2.01,201301240000
35185,1.19,201301240000
35187,2.82,201301240000
35193,1.48,201301240000
35203,0.91,201301240000
35218,2.2,201301240000
35237,1.58,201301240000
35244,1.7,201301240000
35249,2.2,201301240000
35295,2.54,201301240000
35368,0.96,201301240000
35410,0.82,201301240000
35414,1.37,201301240000
35415,1.12,201301240000
35417,0.97,201301240000
35421,2.6,201301240000
35440,2.33,201301240000
35455,0.8,201301240000
35492,1.14,201301240000
35515,0.54,201301240000
35665,1.61,201301240000
35675,2.71,201301240000
35683,2.08,201301240000
35686,1.33,201301240000
35700,1.73,201301240000
35745,2.14,201301240000
35755,2.67,201301240000
35769,1.43,201301240000
35916,2.85,201301240000
35917,0.9,201301240000
35918,2.46,201301240000
35919,1.75,201301240000
35921,1.41,201301240000
35929,1.44,201301240000
35931,2.9,201301240000
35941,2.76,201301240000
35944,1.59,201301240000
35971,1.09,201301240000
35981,2.98,201301240000
35992,2.21,201301240000
35994,1.49,201301240000
36067,2.25,201301240000
36162,2.32,201301240000
36167,1.9,201301240000
36169,0.92,201301240000
36170,2.97,201301240000
36173,1.47,201301240000
36176,0.56,201301240000
36177,1.42,201301240000
36205,0.68,201301240000
36237,2.56,201301240000
36245,2.8,201301240000
36246,0.82,201301240000
36293,1.28,201301240000
36311,2.93,201301240000
36417,1.58,201301240000
36420,0.67,201301240000
36421,1.6,201301240000
36441,1.86,201301240000
36448,0.74,201301240000
36494,2.26,201301240000
36498,2.54,201301240000
36502,1.71,201301240000
36510,1.53,201301240000
36513,2.53,201301240000
36519,2.83,201301240000
36524,2.64,201301240000
36576,0.93,201301240000
36668,2.88,201301240000
36673,2.42,201301240000
36675,1.52,201301240000
36677,0.74,201301240000
36679,0.9,201301240000
36682,2.73,201301240000
36688,1.34,201301240000
36690,1.53,201301240000
36711,2.13,201301240000
36717,2.39,201301240000
36758,2.18,201301240000
36889,2.0,201301240000
36915,1.35,201301240000
36918,0.57,201301240000
36933,0.65,201301240000
36934,2.25,201301240000
36953,1.86,201301240000
36959,1.51,201301240000
36996,1.04,201301240000
36999,2.3,201301240000
37001,1.09,201301240000
37167,0.6,201301240000
37168,2.31,201301240000
37169,2.94,201301240000
37172,0.8,201301240000
37176,1.77,201301240000
37178,2.47,201301240000
37179,2.04,201301240000
37182,2.19,201301240000
37192,0.52,201301240000
37200,1.06,201301240000
37206,1.69,201301240000
37232,0.97,201301240000
37239,2.78,201301240000
37270,2.41,201301240000
37298,2.09,201301240000
37304,2.53,201301240000
37419,2.36,201301240000
37421,0.98,201301240000
37423,1.61,201301240000
37425,1.81,201301240000
37446,2.36,201301240000
37454,2.21,201301240000
37477,2.54,201301240000
37487,2.54,201301240000
37501,1.71,201301240000
37503,1.26,201301240000
37513,1.51,201301240000
37523,0.9,201301240000
37562,2.96,201301240000
37609,1.37,201301240000
37642,1.0,201301240000
37643,2.56,201301240000
37670,1.37,201301240000
37671,0.75,201301240000
37672,1.77,201301240000
37676,1.43,201301240000
37688,2.17,201301240000
37689,1.2,201301240000
37690,2.1,201301240000
37695,1.85,201301240000
37701,2.39,201301240000
37710,2.56,201301240000
37711,2.68,201301240000
37754,0.52,201301240000
37874,2.54,201301240000
37891,1.13,201301240000
37893,1.53,201301240000
37894,1.6,201301240000
37926,1.82,201301240000
37928,0.92,201301240000
37929,1.55,201301240000
37932,2.12,201301240000
37936,0.73,201301240000
37943,2.95,201301240000
37952,1.77,201301240000
37962,2.03,201301240000
37968,2.18,201301240000
38003,1.32,201301240000
38060,1.1,201301240000
38145,1.58,201301240000
38172,2.29,201301240000
38173,1.83,201301240000
38178,1.35,201301240000
38200,1.83,201301240000
38204,1.28,201301240000
38209,2.68,201301240000
38215,2.8,201301240000
38220,1.03,201301240000
38225,1.23,201301240000
38228,2.96,201301240000
38230,2.74,201301240000
38243,1.52,201301240000
38247,2.23,201301240000
38255,1.51,201301240000
38263,2.33,201301240000
38268,0.72,201301240000
38272,2.69,201301240000
38367,2.15,201301240000
38381,1.85,201301240000
38423,1.18,201301240000
38425,2.33,201301240000
38426,2.12,201301240000
38431,0.68,201301240000
38440,1.92,201301240000
38479,0.78,201301240000
38481,1.83,201301240000
38483,1.8,201301240000
38488,1.42,201301240000
38490,0.86,201301240000
38498,2.19,201301240000
38499,2.69,201301240000
38500,1.2,201301240000
38505,1.61,201301240000
38506,2.74,201301240000
38508,0.74,201301240000
38517,1.14,201301240000
38534,0.58,201301240000
38648,0.58,201301240000
38674,0.89,201301240000
38676,1.06,201301240000
38679,2.06,201301240000
38684,2.44,201301240000
38693,2.88,201301240000
38697,2.04,201301240000
38716,1.14,201301240000
38722,2.39,201301240000
38736,0.84,201301240000
38738,2.44,201301240000
38752,2.06,201301240000
38753,2.39,201301240000
38758,2.89,201301240000
38760,0.9,201301240000
38761,1.66,201301240000
38762,1.53,201301240000
38766,0.56,201301240000
38769,1.68,201301240000
38778,2.8,201301240000
38812,1.01,201301240000
38939,2.72,201301240000
38953,2.91,201301240000
38958,1.48,201301240000
38967,0.59,201301240000
39006,1.47,201301240000
39008,1.49,201301240000
39010,1.52,201301240000
39011,1.63,201301240000
39017,1.63,201301240000
39113,1.67,201301240000
39148,2.0,201301240000
39149,2.73,201301240000
39176,2.86,201301240000
39178,2.64,201301240000
39191,1.27,201301240000
39201,2.17,201301240000
39230,1.27,201301240000
39236,2.07,201301240000
39246,1.23,201301240000
39252,1.96,201301240000
39255,1.66,201301240000
39260,1.99,201301240000
39262,2.01,201301240000
39263,1.2,201301240000
39268,0.9,201301240000
39269,2.29,201301240000
39271,1.19,201301240000
39274,2.33,201301240000
39275,2.12,201301240000
39375,1.69,201301240000
39391,0.64,201301240000
39427,2.69,201301240000
39428,0.87,201301240000
39430,1.42,201301240000
39433,1.96,201301240000
39446,1.17,201301240000
39457,1.2,201301240000
39514,1.06,201301240000
39515,2.59,201301240000
39516,2.94,201301240000
39517,1.13,201301240000
39535,0.74,201301240000
39554,2.85,201301240000
39559,2.03,201301240000
39631,1.6,201301240000
39632,2.85,201301240000
39633,2.85,201301240000
39652,1.32,201301240000
39683,0.57,201301240000
39687,0.85,201301240000
39706,2.21,201301240000
39710,1.85,201301240000
39722,1.95,201301240000
39731,2.74,201301240000
39750,1.69,201301240000
39755,2.55,201301240000
39759,1.43,201301240000
39762,0.61,201301240000
39764,2.09,201301240000
39765,2.92,201301240000
39766,1.09,201301240000
39767,1.5,201301240000
39769,2.06,201301240000
39772,0.6,201301240000
39776,1.84,201301240000
39777,0.56,201301240000
39790,2.02,201301240000
39791,2.06,201301240000
39796,1.29,201301240000
39832,1.21,201301240000
39883,0.86,201301240000
39930,2.75,201301240000
39932,0.62,201301240000
39941,0.9,201301240000
39948,1.57,201301240000
39969,1.55,201301240000
40018,2.75,201301240000
40031,1.34,201301240000
40133,1.48,201301240000
40180,0.52,201301240000
40188,0.58,201301240000
40196,1.43,201301240000
40242,0.63,201301240000
40246,2.82,201301240000
40259,1.96,201301240000
40264,2.03,201301240000
40267,2.61,201301240000
40268,2.15,201301240000
40270,1.22,201301240000
40276,2.99,201301240000
40286,0.8,201301240000
40295,2.58,201301240000
40431,1.1,201301240000
40432,1.85,201301240000
40442,1.46,201301240000
40447,1.33,201301240000
40448,2.86,201301240000
40451,1.13,201301240000
40457,2.75,201301240000
40500,2.29,201301240000
40512,0.73,201301240000
40518,2.89,201301240000
40519,2.98,201301240000
40522,0.58,201301240000
40524,2.45,201301240000
40525,1.45,201301240000
40532,2.27,201301240000
40560,1.64,201301240000
40566,0.95,201301240000
40633,1.13,201301240000
40687,2.94,201301240000
40713,2.6,201301240000
40719,0.87,201301240000
40732,1.56,201301240000
40733,1.4,201301240000
40766,2.77,201301240000
40810,1.19,201301240000
40894,1.5,201301240000
40933,2.12,201301240000
40936,2.25,201301240000
40939,1.19,201301240000
40954,2.98,201301240000
40982,1.24,201301240000
41021,1.97,201301240000
41024,2.23,201301240000
41061,1.44,201301240000
41145,2.15,201301240000
41157,1.77,201301240000
41183,2.4,201301240000
41200,0.73,201301240000
41262,0.6,201301240000
41265,1.69,201301240000
41270,1.46,201301240000
41277,1.8,201301240000
41318,0.99,201301240000
41401,2.58,201301240000
41407,0.53,201301240000
41437,1.49,201301240000
41459,1.47,201301240000
41465,1.3,201301240000
41469,2.44,201301240000
41508,2.53,201301240000
41520,2.66,201301240000
41522,1.09,201301240000
41526,1.21,201301240000
41532,2.67,201301240000
41558,1.54,201301240000
41635,0.67,201301240000
41653,2.65,201301240000
41658,2.79,201301240000
41692,1.84,201301240000
41696,0.92,201301240000
41764,0.83,201301240000
41772,2.46,201301240000
41893,1.75,201301240000
41904,2.36,201301240000
41905,2.54,201301240000
41936,0.54,201301240000
41941,1.82,201301240000
41958,0.69,201301240000
41990,2.24,201301240000
42023,2.48,201301240000
42026,1.65,201301240000
42029,1.99,201301240000
42074,2.11,201301240000
42085,2.97,201301240000
42095,1.96,201301240000
42147,2.8,201301240000
42160,2.29,201301240000
42200,0.96,201301240000
42213,0.81,201301240000
42267,1.54,201301240000
42271,2.09,201301240000
42274,1.42,201301240000
42283,1.86,201301240000
42291,1.5,201301240000
42342,2.6,201301240000
42411,0.85,201301240000
42438,1.64,201301240000
42454,2.35,201301240000
42471,2.26,201301240000
42478,0.51,201301240000
42487,1.35,201301240000
42503,1.03,201301240000
42514,2.29,201301240000
42521,2.67,201301240000
42533,2.65,201301240000
42644,2.78,201301240000
42661,1.91,201301240000
42695,2.19,201301240000
42744,0.72,201301240000
42750,2.36,201301240000
42846,0.86,201301240000
42905,1.25,201301240000
42912,2.61,201301240000
42939,2.63,201301240000
42940,1.12,201301240000
42944,1.2,201301240000
42949,1.54,201301240000
43011,1.77,201301240000
43021,2.04,201301240000
43030,1.64,201301240000
43151,1.54,201301240000
43160,2.62,201301240000
43162,2.76,201301240000
43213,2.32,201301240000
43220,2.39,201301240000
43261,2.34,201301240000
43412,1.65,201301240000
43413,1.1,201301240000
43440,2.04,201301240000
43443,0.84,201301240000
43449,2.02,201301240000
43483,1.34,201301240000
43484,1.58,201301240000
43494,2.79,201301240000
43518,2.13,201301240000
43523,1.01,201301240000
43526,1.19,201301240000
43530,1.65,201301240000
43571,0.76,201301240000
43642,1.52,201301240000
43662,2.85,201301240000
43738,1.95,201301240000
43760,2.68,201301240000
43779,1.82,201301240000
43914,2.96,201301240000
43957,1.77,201301240000
43980,2.48,201301240000
43984,1.06,201301240000
43992,0.58,201301240000
43995,0.85,201301240000
44002,2.1,201301240000
44039,1.49,201301240000
44194,2.69,201301240000
44197,2.34,201301240000
44204,1.98,201301240000
44215,2.66,201301240000
44226,2.49,201301240000
44247,2.26,201301240000
44255,2.68,201301240000
44282,2.84,201301240000
44284,1.68,201301240000
44356,2.8,201301240000
44470,0.88,201301240000
44486,1.14,201301240000
44503,0.81,201301240000
44504,1.74,201301240000
44510,1.05,201301240000
44517,1.21,201301240000
44534,2.74,201301240000
44578,1.32,201301240000
44666,2.54,201301240000
44694,1.43,201301240000
44697,1.51,201301240000
44716,1.02,201301240000
44724,1.26,201301240000
44743,1.31,201301240000
44755,2.05,201301240000
44756,2.86,201301240000
44757,2.12,201301240000
44758,1.97,201301240000
44786,2.35,201301240000
44787,2.69,201301240000
44911,1.65,201301240000
44963,1.91,201301240000
45005,1.77,201301240000
45006,1.51,201301240000
45007,1.12,201301240000
45008,2.04,201301240000
45039,2.32,201301240000
45114,1.02,201301240000
45168,1.5,201301240000
45200,1.18,201301240000
45203,2.21,201301240000
45208,2.45,201301240000
45237,0.95,201301240000
45254,1.81,201301240000
45256,1.45,201301240000
45258,0.57,201301240000
45261,2.63,201301240000
45265,2.49,201301240000
45266,1.34,201301240000
45401,2.29,201301240000
45479,0.95,201301240000
45502,1.81,201301240000
45507,1.8,201301240000
45509,1.21,201301240000
45526,2.63,201301240000
45538,2.3,201301240000
45582,0.65,201301240000
45661,2.84,201301240000
45701,0.71,201301240000
45703,1.81,201301240000
45716,2.98,201301240000
45720,2.84,201301240000
45725,2.51,201301240000
45735,0.9,201301240000
45747,1.1,201301240000
45766,2.59,201301240000
45793,2.67,201301240000
45795,1.02,201301240000
45919,2.76,201301240000
45948,2.08,201301240000
46008,2.64,201301240000
46036,1.56,201301240000
46041,3.0,201301240000
46052,2.35,201301240000
46074,0.81,201301240000
46145,0.6,201301240000
46202,0.52,201301240000
46209,1.36,201301240000
46242,2.6,201301240000
46265,2.1,201301240000
46372,0.96,201301240000
46384,0.67,201301240000
46455,0.84,201301240000
46508,2.59,201301240000
46523,1.75,201301240000
46538,1.56,201301240000
46565,2.23,201301240000
46574,0.63,201301240000
46626,1.82,201301240000
46700,2.41,201301240000
46738,2.67,201301240000
46770,2.32,201301240000
46778,1.78,201301240000
46787,2.44,201301240000
46803,2.24,201301240000
46954,1.56,201301240000
46964,1.64,201301240000
46972,2.52,201301240000
46976,2.58,201301240000
46981,2.49,201301240000
47011,0.69,201301240000
47015,1.64,201301240000
47047,1.7,201301240000
47253,1.51,201301240000
47288,2.47,201301240000
47295,1.01,201301240000
47342,1.19,201301240000
47454,1.58,201301240000
47535,2.25,201301240000
47543,1.35,201301240000
47705,1.0,201301240000
47709,0.54,201301240000
47711,2.93,201301240000
47758,1.12,201301240000
47806,2.56,201301240000
47889,0.67,201301240000
47926,1.62,201301240000
47968,1.55,201301240000
47972,2.37,201301240000
47977,1.78,201301240000
47982,2.78,201301240000
48032,1.91,201301240000
48209,2.04,201301240000
48239,2.32,201301240000
48244,2.27,201301240000
48278,1.27,201301240000
48420,2.54,201301240000
48427,2.49,201301240000
48499,2.93,201301240000
48503,1.53,201301240000
48552,2.21,201301240000
48584,2.07,201301240000
48713,0.92,201301240000
48759,2.69,201301240000
48848,1.97,201301240000
48898,2.09,201301240000
49017,1.87,201301240000
49049,2.04,201301240000
49229,2.99,201301240000
49241,1.57,201301240000
49472,1.22,201301240000
49483,2.88,201301240000
49542,2.17,201301240000
49555,2.21,201301240000
49679,1.37,201301240000
49750,2.97,201301240000
49760,1.7,201301240000
49777,0.9,201301240000
49968,1.54,201301240000
50053,0.57,201301240000
50103,1.24,201301240000
50180,1.19,201301240000
50285,0.77,201301240000
50430,1.07,201301240000
50470,2.53,201301240000
50494,0.78,201301240000
50511,2.85,201301240000
50549,2.03,201301240000
50680,1.21,201301240000
50682,2.52,201301240000
50731,2.32,201301240000
50812,2.82,201301240000
50872,1.88,201301240000
51029,1.81,201301240000
51046,0.76,201301240000
51053,1.77,201301240000
51056,1.62,201301240000
51162,1.91,201301240000
51177,1.99,201301240000
51182,1.84,201301240000
51228,2.72,201301240000
51258,1.85,201301240000
51430,1.37,201301240000
51431,1.77,201301240000
51432,2.25,201301240000
51520,2.35,201301240000
51681,2.44,201301240000
51682,1.03,201301240000
51725,2.36,201301240000
51790,1.65,201301240000
51832,2.12,201301240000
51857,2.06,201301240000
51931,2.36,201301240000
51932,1.4,201301240000
51986,1.8,201301240000
52003,2.26,201301240000
52182,1.25,201301240000
52244,0.7,201301240000
52259,0.77,201301240000
52280,2.44,201301240000
52319,1.7,201301240000
52473,1.59,201301240000
52518,1.23,201301240000
52631,1.44,201301240000
52679,2.07,201301240000
52729,1.82,201301240000
52811,1.15,201301240000
52983,2.88,201301240000
52988,2.22,201301240000
52993,1.28,201301240000
53000,0.8,201301240000
53016,2.26,201301240000
53027,1.22,201301240000
53072,0.74,201301240000
53090,2.48,201301240000
53177,2.63,201301240000
53178,0.57,201301240000
53381,2.55,201301240000
53427,1.48,201301240000
53429,2.52,201301240000
53761,2.57,201301240000
53774,2.89,201301240000
53797,2.68,201301240000
53810,1.41,201301240000
53822,2.9,201301240000
53864,0.66,201301240000
53927,2.61,201301240000
54038,1.71,201301240000
54071,1.42,201301240000
54234,1.02,201301240000
54281,2.97,201301240000
54284,2.63,201301240000
54327,1.72,201301240000
54334,0.51,201301240000
54349,0.96,201301240000
54427,2.59,201301240000
54503,1.76,201301240000
54510,2.14,201301240000
54520,1.41,201301240000
54550,1.93,201301240000
54578,1.74,201301240000
54678,1.38,201301240000
54828,0.86,201301240000
54983,2.13,201301240000
54996,1.13,201301240000
55070,0.78,201301240000
55329,2.41,201301240000
55331,1.94,201301240000
55535,2.04,201301240000
55633,1.12,201301240000
55680,2.08,201301240000
55761,1.23,201301240000
55831,0.85,201301240000
55832,2.15,201301240000
55838,2.79,201301240000
55845,1.17,201301240000
56106,1.9,201301240000
56493,2.76,201301240000
56571,0.66,201301240000
56586,1.3,201301240000
56587,2.56,201301240000
56591,1.59,201301240000
56738,2.71,201301240000
56835,1.75,201301240000
56882,0.81,201301240000
56887,1.74,201301240000
56888,2.17,201301240000
56933,2.1,201301240000
56934,0.7,201301240000
57042,1.31,201301240000
57062,2.67,201301240000
57189,1.73,201301240000
57261,1.88,201301240000
57329,0.83,201301240000
57342,2.0,201301240000
57376,1.64,201301240000
57378,2.86,201301240000
57380,1.98,201301240000
57397,2.98,201301240000
57440,1.22,201301240000
57495,2.71,201301240000
57523,1.02,201301240000
57555,2.77,201301240000
57597,2.32,201301240000
57613,2.51,201301240000
57615,1.94,201301240000
57628,1.05,201301240000
57631,0.79,201301240000
57823,1.15,201301240000
57837,2.28,201301240000
57851,2.02,201301240000
57852,2.32,201301240000
57906,2.74,201301240000
58179,0.6,201301240000
58251,2.51,201301240000
58421,2.36,201301240000
58511,2.38,201301240000
58632,2.98,201301240000
58744,2.92,201301240000
58802,2.07,201301240000
58814,0.99,201301240000
58879,2.92,201301240000
58892,2.73,201301240000
59010,2.86,201301240000
59043,2.66,201301240000
59104,1.87,201301240000
59125,1.23,201301240000
59134,0.78,201301240000
59285,1.23,201301240000
59329,2.72,201301240000
59555,2.58,201301240000
59635,0.5,201301240000
59745,1.05,201301240000
59927,0.59,201301240000
59941,1.0,201301240000
60008,1.71,201301240000
60011,2.82,201301240000
60114,1.4,201301240000
60141,0.63,201301240000
60147,0.64,201301240000
60331,1.3,201301240000
60344,1.56,201301240000
60350,1.39,201301240000
60578,2.5,201301240000
60593,2.52,201301240000
60613,1.46,201301240000
60630,0.61,201301240000
60635,2.33,201301240000
60649,2.83,201301240000
60750,0.69,201301240000
60774,2.18,201301240000
60819,2.26,201301240000
60880,0.9,201301240000
60888,2.58,201301240000
61062,1.0,201301240000
61110,2.8,201301240000
61263,1.34,201301240000
61343,2.98,201301240000
61591,0.87,201301240000
61597,2.21,201301240000
61654,0.87,201301240000
61818,1.67,201301240000
62077,1.76,201301240000
62104,2.55,201301240000
62135,2.23,201301240000
62140,0.74,201301240000
62252,2.98,201301240000
62558,2.94,201301240000
62589,1.36,201301240000
62757,1.39,201301240000
62772,0.69,201301240000
62850,2.64,201301240000
62926,1.88,201301240000
62948,0.72,201301240000
63044,1.07,201301240000
63153,1.98,201301240000
63383,1.9,201301240000
63397,2.35,201301240000
63398,0.68,201301240000
63407,2.73,201301240000
63574,0.91,201301240000
63586,2.94,201301240000
63816,1.3,201301240000
64102,2.86,201301240000
64150,1.4,201301240000
64200,1.81,201301240000
64515,1.25,201301240000
64529,2.0,201301240000
64573,2.1,201301240000
64581,2.69,201301240000
64815,1.18,201301240000
64915,1.07,201301240000
65059,0.89,201301240000
65144,1.35,201301240000
65320,2.62,201301240000
65375,2.7,201301240000
65454,0.75,201301240000
65528,0.87,201301240000
65607,1.57,201301240000
65774,2.38,201301240000
65838,1.0,201301240000
66068,2.95,201301240000
66084,1.79,201301240000
66151,1.72,201301240000
66353,1.57,201301240000
66538,2.87,201301240000
66575,1.04,201301240000
66637,2.0,201301240000
66827,1.37,201301240000
66870,2.55,201301240000
67110,0.56,201301240000
67207,2.06,201301240000
67335,2.24,201301240000
67385,0.55,201301240000
67599,2.29,201301240000
67601,1.37,201301240000
67602,2.61,201301240000
67698,2.68,201301240000
67824,1.59,201301240000
67842,2.8,201301240000
67854,1.51,201301240000
67855,0.72,201301240000
67918,2.65,201301240000
68103,2.31,201301240000
68104,0.77,201301240000
68110,1.01,201301240000
68111,0.81,201301240000
68349,2.63,201301240000
68354,3.0,201301240000
68356,1.95,201301240000
68454,2.59,201301240000
68455,1.64,201301240000
68587,2.23,201301240000
68857,1.73,201301240000
68858,0.96,201301240000
68897,1.01,201301240000
68924,1.41,201301240000
68930,2.21,201301240000
69106,1.95,201301240000
69190,1.47,201301240000
69206,1.2,201301240000
69359,0.9,201301240000
69371,1.72,201301240000
69455,1.23,201301240000
69582,2.86,201301240000
69613,2.7,201301240000
69676,2.77,201301240000
70115,0.93,201301240000
70132,0.52,201301240000
70181,0.89,201301240000
70342,1.7,201301240000
70352,2.18,201301240000
70360,0.89,201301240000
70374,1.07,201301240000
70440,1.49,201301240000
70462,0.77,201301240000
70619,0.63,201301240000
70659,2.01,201301240000
70715,1.72,201301240000
70903,0.9,201301240000
70934,1.41,201301240000
70961,2.36,201301240000
71122,1.48,201301240000
71187,0.62,201301240000
71399,1.93,201301240000
71601,0.91,201301240000
71629,0.55,201301240000
71888,2.59,201301240000
71961,1.7,201301240000
71964,2.08,201301240000
72201,2.17,201301240000
72218,0.86,201301240000
72345,2.3,201301240000
72367,2.53,201301240000
72407,1.85,201301240000
72416,1.62,201301240000
72706,1.31,201301240000
72894,0.83,201301240000
73104,2.72,201301240000
73135,2.09,201301240000
73211,2.05,201301240000
73223,1.14,201301240000
73451,2.19,201301240000
73460,0.7,201301240000
73461,1.39,201301240000
73557,0.99,201301240000
73669,2.0,201301240000
74158,1.19,201301240000
74216,0.89,201301240000
74388,1.74,201301240000
74396,2.7,201301240000
74466,1.38,201301240000
74467,0.58,201301240000
74638,2.41,201301240000
74677,1.67,201301240000
74678,2.6,201301240000
74711,1.21,201301240000
74721,1.11,201301240000
74962,0.95,201301240000
74968,2.43,201301240000
74973,1.67,201301240000
75224,2.02,201301240000
75329,2.95,201301240000
75386,2.51,201301240000
75424,1.86,201301240000
75436,2.91,201301240000
75475,1.13,201301240000
75619,2.63,201301240000
75721,2.2,201301240000
75722,0.54,201301240000
75724,2.1,201301240000
75725,0.66,201301240000
75726,2.92,201301240000
75727,1.22,201301240000
75974,1.33,201301240000
75975,1.41,201301240000
76133,2.47,201301240000
76227,1.3,201301240000
76393,0.66,201301240000
76473,0.86,201301240000
76477,1.74,201301240000
76654,1.5,201301240000
76728,2.84,201301240000
76959,2.6,201301240000
77169,2.22,201301240000
77230,1.5,201301240000
77381,2.28,201301240000
77458,0.63,201301240000
77641,1.12,201301240000
77942,2.41,201301240000
77981,1.54,201301240000
78205,1.04,201301240000
78418,2.78,201301240000
78654,3.0,201301240000
78733,1.93,201301240000
78881,2.01,201301240000
78896,1.48,201301240000
78909,2.48,201301240000
78983,2.62,201301240000
79234,1.53,201301240000
79379,1.1,201301240000
79394,1.86,201301240000
79484,0.58,201301240000
79712,0.99,201301240000
79911,1.33,201301240000
79915,1.09,201301240000
80160,2.19,201301240000
80161,0.65,201301240000
80193,1.36,201301240000
80352,1.75,201301240000
80397,1.68,201301240000
80406,1.39,201301240000
80411,1.09,201301240000
80412,2.3,201301240000
80413,2.75,201301240000
80420,1.81,201301240000
80485,2.05,201301240000
80635,0.64,201301240000
80659,2.32,201301240000
80663,2.75,201301240000
80664,0.67,201301240000
80703,1.72,201301240000
80877,1.93,201301240000
80916,2.32,201301240000
81163,2.69,201301240000
81164,1.55,201301240000
81354,2.48,201301240000
81363,2.66,201301240000
81390,2.15,201301240000
81625,2.82,201301240000
81651,2.94,201301240000
81899,2.26,201301240000
82135,2.9,201301240000
82168,2.3,201301240000
82169,1.09,201301240000
82237,1.65,201301240000
82613,0.81,201301240000
82622,1.03,201301240000
82664,1.03,201301240000
82892,1.87,201301240000
82951,1.13,201301240000
83410,1.21,201301240000
83489,2.81,201301240000
83735,2.48,201301240000
83865,2.52,201301240000
84123,0.67,201301240000
84179,2.19,201301240000
84207,2.08,201301240000
84212,2.17,201301240000
84221,2.3,201301240000
84366,1.29,201301240000
84689,1.75,201301240000
84712,1.81,201301240000
84902,1.01,201301240000
85474,2.92,201301240000
85487,2.94,201301240000
85620,1.85,201301240000
85705,0.83,201301240000
85715,2.73,201301240000
85738,0.92,201301240000
86440,1.7,201301240000
86622,1.2,201301240000
86623,1.83,201301240000
86672,1.42,201301240000
86873,2.99,201301240000
86895,0.96,201301240000
87121,2.35,201301240000
87227,2.52,201301240000
87460,0.93,201301240000
87690,1.83,201301240000
87873,2.36,201301240000
88242,2.87,201301240000
88463,2.17,201301240000
89120,0.9,201301240000
89152,2.85,201301240000
89175,1.0,201301240000
89198,1.1,201301240000
89615,0.64,201301240000
89625,1.03,201301240000
90116,1.04,201301240000
90183,0.63,201301240000
90497,1.81,201301240000
90699,1.47,201301240000
90719,2.83,201301240000
91200,2.52,201301240000
91432,2.83,201301240000
91434,2.39,201301240000
91684,1.35,201301240000
91713,1.15,201301240000
91744,0.58,201301240000
92233,1.13,201301240000
93205,2.66,201301240000
93244,2.75,201301240000
93252,1.35,201301240000
93463,1.36,201301240000
93675,2.53,201301240000
93944,2.55,201301240000
94431,1.69,201301240000
94710,1.14,201301240000
94755,2.39,201301240000
94997,1.89,201301240000
95000,2.17,201301240000
95707,2.39,201301240000
95949,2.26,201301240000
95998,0.81,201301240000
96188,2.73,201301240000
96225,2.05,201301240000
96249,0.99,201301240000
96468,2.79,201301240000
96486,1.41,201301240000
96718,2.85,201301240000
96972,0.91,201301240000
96995,1.25,201301240000
97251,2.61,201301240000
97440,0.52,201301240000
97471,0.7,201301240000
97969,1.51,201301240000
97990,0.88,201301240000
98224,1.09,201301240000
98229,2.98,201301240000
98450,0.65,201301240000
98475,2.83,201301240000
98739,2.54,201301240000
99256,0.96,201301240000
99468,1.62,201301240000
99730,0.83,201301240000
101215,0.76,201301240000
101911,2.84,201301240000
101912,2.41,201301240000
101989,1.26,201301240000
102999,2.06,201301240000
103242,1.42,201301240000
103431,2.33,201301240000
104177,2.56,201301240000
104221,2.07,201301240000
104239,0.83,201301240000
104701,0.66,201301240000
104984,1.98,201301240000
105196,0.66,201301240000
105219,2.5,201301240000
105460,1.12,201301240000
105461,2.0,201301240000
105481,2.04,201301240000
105489,2.84,201301240000
105709,2.81,201301240000
105710,2.13,201301240000
105711,2.81,201301240000
105712,0.73,201301240000
105713,1.95,201301240000
105715,2.58,201301240000
105726,2.48,201301240000
105727,2.49,201301240000
105736,1.19,201301240000
105960,0.91,201301240000
105961,1.68,201301240000
105962,1.63,201301240000
105963,2.42,201301240000
105964,1.69,201301240000
105975,2.69,201301240000
106195,2.74,201301240000
106213,1.78,201301240000
106214,2.89,201301240000
106215,0.58,201301240000
106221,1.27,201301240000
106231,1.79,201301240000
106232,2.76,201301240000
106234,2.09,201301240000
106235,1.59,201301240000
106237,2.53,201301240000
106446,2.91,201301240000
106447,2.63,201301240000
106462,1.88,201301240000
106463,2.8,201301240000
106465,0.7,201301240000
106466,2.09,201301240000
106467,1.25,201301240000
106480,2.49,201301240000
106712,1.47,201301240000
106717,2.06,201301240000
106718,1.3,201301240000
106741,1.47,201301240000
106958,2.94,201301240000
106964,0.52,201301240000
106965,0.98,201301240000
106966,1.78,201301240000
106967,2.26,201301240000
106971,1.91,201301240000
106983,2.24,201301240000
106997,1.41,201301240000
107200,0.7,201301240000
107212,1.88,201301240000
107219,1.16,201301240000
107240,2.06,201301240000
107460,0.66,201301240000
107465,2.55,201301240000
107466,0.63,201301240000
107468,0.57,201301240000
107491,1.25,201301240000
107711,1.57,201301240000
107725,1.5,201301240000
107726,0.74,201301240000
107954,1.13,201301240000
107966,2.56,201301240000
107971,0.59,201301240000
107979,2.41,201301240000
107993,2.01,201301240000
108205,0.68,201301240000
108211,0.87,201301240000
108214,1.06,201301240000
108215,2.44,201301240000
108217,1.87,201301240000
108219,1.7,201301240000
108220,1.34,201301240000
108222,1.81,201301240000
108225,2.63,201301240000
108230,2.69,201301240000
108454,2.59,201301240000
108463,2.23,201301240000
108499,2.5,201301240000
108717,0.71,201301240000
108722,1.69,201301240000
108724,0.93,201301240000
108733,1.88,201301240000
108968,2.79,201301240000
108975,1.07,201301240000
108984,2.01,201301240000
108985,2.82,201301240000
109216,2.17,201301240000
109219,1.6,201301240000
109222,1.06,201301240000
109227,1.66,201301240000
109231,0.95,201301240000
109236,2.3,201301240000
109245,2.12,201301240000
109473,1.9,201301240000
109487,0.62,201301240000
109494,1.57,201301240000
109495,1.52,201301240000
109496,2.46,201301240000
109497,0.95,201301240000
109742,2.29,201301240000
109744,1.68,201301240000
109748,2.28,201301240000
109750,2.34,201301240000
109980,2.82,201301240000
109991,0.74,201301240000
109994,1.31,201301240000
109998,2.6,201301240000
110001,2.92,201301240000
110243,0.63,201301240000
110247,1.21,201301240000
110249,2.46,201301240000
110251,1.51,201301240000
110253,0.94,201301240000
110254,2.99,201301240000
