cell,mobility,dtg
1610,2.68,201301280000
1846,2.02,201301280000
1851,1.04,201301280000
1853,1.59,201301280000
1856,2.56,201301280000
1857,0.62,201301280000
2103,2.39,201301280000
2105,1.24,201301280000
2106,2.05,201301280000
2107,1.92,201301280000
2114,1.51,201301280000
2342,2.53,201301280000
2347,1.2,201301280000
2351,0.7,201301280000
2354,2.36,201301280000
2357,1.26,201301280000
2372,2.06,201301280000
2374,2.36,201301280000
2591,2.41,201301280000
2595,1.0,201301280000
2605,0.52,201301280000
2611,2.78,201301280000
2615,0.86,201301280000
2620,0.57,201301280000
2627,1.76,201301280000
2839,0.69,201301280000
2847,0.67,201301280000
3086,2.0,201301280000
3094,2.89,201301280000
3100,2.29,201301280000
3124,1.42,201301280000
3128,1.22,201301280000
3334,2.34,201301280000
3337,1.69,201301280000
3375,1.04,201301280000
3614,1.41,201301280000
3619,2.68,201301280000
3632,2.98,201301280000
3635,2.41,201301280000
3830,2.86,201301280000
3831,2.2,201301280000
3833,1.54,201301280000
3837,2.78,201301280000
3845,2.21,201301280000
3856,2.68,201301280000
3860,1.74,201301280000
3865,1.98,201301280000
4078,2.56,201301280000
4081,1.88,201301280000
4137,2.16,201301280000
4141,2.1,201301280000
4142,1.03,201301280000
4328,1.45,201301280000
4329,2.5,201301280000
4341,0.64,201301280000
4345,1.11,201301280000
4348,2.26,201301280000
4354,1.73,201301280000
4372,1.47,201301280000
4577,1.46,201301280000
4578,0.83,201301280000
4580,0.97,201301280000
4582,0.66,201301280000
4605,1.18,201301280000
4608,1.68,201301280000
4631,2.77,201301280000
4636,0.55,201301280000
4637,1.78,201301280000
4829,2.77,201301280000
4830,1.37,201301280000
4831,1.4,201301280000
4834,2.47,201301280000
4837,2.44,201301280000
4852,2.11,201301280000
4863,2.34,201301280000
4868,2.66,201301280000
4890,2.4,201301280000
4891,1.55,201301280000
5078,2.05,201301280000
5081,2.58,201301280000
5084,2.37,201301280000
5127,2.57,201301280000
5153,2.05,201301280000
5327,2.39,201301280000
5329,1.15,201301280000
5333,0.63,201301280000
5334,2.64,201301280000
5339,0.86,201301280000
5369,2.94,201301280000
5402,2.46,201301280000
5410,0.89,201301280000
5577,1.11,201301280000
5581,0.5,201301280000
5592,1.82,201301280000
5612,0.87,201301280000
5623,0.96,201301280000
5876,1.46,201301280000
5893,2.85,201301280000
5898,2.1,201301280000
6078,2.4,201301280000
6118,1.69,201301280000
6136,1.98,201301280000
6158,0.94,201301280000
6159,2.55,201301280000
6333,2.19,201301280000
6353,1.07,201301280000
6365,2.42,201301280000
6366,2.35,201301280000
6414,2.71,201301280000
6588,2.96,201301280000
6609,1.47,201301280000
6635,2.43,201301280000
6668,0.79,201301280000
6841,0.56,201301280000
6849,2.15,201301280000
6896,2.73,201301280000
6924,0.68,201301280000
6928,0.52,201301280000
6935,2.85,201301280000
6939,1.38,201301280000
7077,2.01,201301280000
7078,2.97,201301280000
7085,1.18,201301280000
7088,2.64,201301280000
7113,2.77,201301280000
7114,2.19,201301280000
7129,1.15,201301280000
7133,1.8,201301280000
7165,0.72,201301280000
7192,2.79,201301280000
7354,2.34,201301280000
7375,2.35,201301280000
7379,1.21,201301280000
7401,2.9,201301280000
7410,2.42,201301280000
7436,1.9,201301280000
7584,2.57,201301280000
7646,2.77,201301280000
7849,1.95,201301280000
7871,1.58,201301280000
7927,1.56,201301280000
7948,1.66,201301280000
8080,2.22,201301280000
8170,1.28,201301280000
8182,1.54,201301280000
8195,1.54,201301280000
8342,2.79,201301280000
8582,1.59,201301280000
8602,0.87,201301280000
8609,2.63,201301280000
8638,1.17,201301280000
8656,2.04,201301280000
8830,2.4,201301280000
8839,0.92,201301280000
8876,2.92,201301280000
8897,0.89,201301280000
8912,1.72,201301280000
8918,2.45,201301280000
8929,0.68,201301280000
8940,1.55,201301280000
8954,0.59,201301280000
9140,1.53,201301280000
9333,1.94,201301280000
9468,1.95,201301280000
9473,1.43,201301280000
9589,1.97,201301280000
9601,0.87,201301280000
9607,1.14,201301280000
9658,1.03,201301280000
9724,1.53,201301280000
9833,0.92,201301280000
10084,1.54,201301280000
10089,1.61,201301280000
10096,2.33,201301280000
10144,2.13,201301280000
10170,0.98,201301280000
10181,2.66,201301280000
10189,0.66,201301280000
10201,1.54,201301280000
10334,2.24,201301280000
10335,1.8,201301280000
10383,0.68,201301280000
10414,1.95,201301280000
10444,2.09,201301280000
10458,2.22,201301280000
10477,2.59,201301280000
10586,1.6,201301280000
10601,2.75,201301280000
10609,1.67,201301280000
10616,0.66,201301280000
10633,2.21,201301280000
10655,0.95,201301280000
10665,2.58,201301280000
10681,1.24,201301280000
10717,1.6,201301280000
10835,0.6,201301280000
10837,0.92,201301280000
10847,1.33,201301280000
10903,1.81,201301280000
10911,0.85,201301280000
10918,2.18,201301280000
10973,1.22,201301280000
11087,2.24,201301280000
11092,1.11,201301280000
11128,2.19,201301280000
11222,1.41,201301280000
11223,0.92,201301280000
11225,1.08,201301280000
11238,2.28,201301280000
11361,2.12,201301280000
11393,1.57,201301280000
11424,2.56,201301280000
11601,1.42,201301280000
11682,1.66,201301280000
11704,2.85,201301280000
11858,2.91,201301280000
11884,1.82,201301280000
11901,1.75,201301280000
11946,1.95,201301280000
11960,2.79,201301280000
11972,1.52,201301280000
12089,1.27,201301280000
12090,2.65,201301280000
12096,2.35,201301280000
12120,2.54,201301280000
12157,0.55,201301280000
12230,1.5,201301280000
12383,2.75,201301280000
12431,1.58,201301280000
12601,0.92,201301280000
12625,2.77,201301280000
12632,2.73,201301280000
12842,1.66,201301280000
12875,2.2,201301280000
12901,2.1,201301280000
12913,2.29,201301280000
12933,0.63,201301280000
12934,1.3,201301280000
12985,2.03,201301280000
13099,1.12,201301280000
13114,0.74,201301280000
13150,1.31,201301280000
13175,1.09,201301280000
13183,2.74,201301280000
13222,1.98,201301280000
13358,0.76,201301280000
13444,2.43,201301280000
13455,2.28,201301280000
13456,0.79,201301280000
13670,2.08,201301280000
13694,2.72,201301280000
13845,1.95,201301280000
13849,1.17,201301280000
14011,0.58,201301280000
14095,0.95,201301280000
14133,0.6,201301280000
14161,1.71,201301280000
14167,1.3,201301280000
14184,1.35,201301280000
14241,2.92,201301280000
14255,1.76,201301280000
14349,1.07,201301280000
14350,1.58,201301280000
14375,2.14,201301280000
14452,1.21,201301280000
14475,2.31,201301280000
14620,2.19,201301280000
14673,1.7,201301280000
14745,1.31,201301280000
14859,2.37,201301280000
14936,0.98,201301280000
14995,2.17,201301280000
15097,0.7,201301280000
15098,1.49,201301280000
15246,1.6,201301280000
15349,2.8,201301280000
15440,1.66,201301280000
15600,1.51,201301280000
15656,2.2,201301280000
15672,1.36,201301280000
15699,1.96,201301280000
15714,1.08,201301280000
15725,1.27,201301280000
15744,3.0,201301280000
15849,1.78,201301280000
15850,1.38,201301280000
15851,0.84,201301280000
15853,1.39,201301280000
15871,0.97,201301280000
16100,1.29,201301280000
16105,1.43,201301280000
16114,2.38,201301280000
16171,1.38,201301280000
16184,1.44,201301280000
16400,1.2,201301280000
16414,1.53,201301280000
16601,0.84,201301280000
16604,1.57,201301280000
16625,0.97,201301280000
16670,0.87,201301280000
16853,2.19,201301280000
16868,2.47,201301280000
16932,2.37,201301280000
17232,0.75,201301280000
17355,1.75,201301280000
17358,2.27,201301280000
17367,0.63,201301280000
17635,2.08,201301280000
17673,1.03,201301280000
17681,1.32,201301280000
17884,1.53,201301280000
17984,2.64,201301280000
18108,1.8,201301280000
18115,1.63,201301280000
18118,0.75,201301280000
18123,2.67,201301280000
18139,1.76,201301280000
18154,2.28,201301280000
18160,0.88,201301280000
18177,2.91,201301280000
18185,0.93,201301280000
18383,1.84,201301280000
18404,2.72,201301280000
18427,0.95,201301280000
18466,0.98,201301280000
18616,1.1,201301280000
18629,1.65,201301280000
18861,1.4,201301280000
18866,1.28,201301280000
18925,2.35,201301280000
19110,2.62,201301280000
19112,1.01,201301280000
19114,1.74,201301280000
19122,1.35,201301280000
19360,0.6,201301280000
19443,1.73,201301280000
19481,1.95,201301280000
19611,0.77,201301280000
19612,1.88,201301280000
19618,2.32,201301280000
19633,2.64,201301280000
19678,1.57,201301280000
19878,1.03,201301280000
19913,2.48,201301280000
20113,1.26,201301280000
20114,2.78,201301280000
20116,1.27,201301280000
20170,1.53,201301280000
20363,2.78,201301280000
20387,2.63,201301280000
20396,2.5,201301280000
20436,1.02,201301280000
20616,1.52,201301280000
20621,0.86,201301280000
20628,0.51,201301280000
20651,1.07,201301280000
20671,2.19,201301280000
20682,0.8,201301280000
20864,1.2,201301280000
20882,1.6,201301280000
20931,1.97,201301280000
20995,1.6,201301280000
21115,0.93,201301280000
21118,1.61,201301280000
21201,2.32,201301280000
21373,2.81,201301280000
21377,0.84,201301280000
21392,1.58,201301280000
21407,0.85,201301280000
21428,0.52,201301280000
21448,0.73,201301280000
21617,1.54,201301280000
21619,1.11,201301280000
21639,1.92,201301280000
21658,2.37,201301280000
21663,2.56,201301280000
21701,1.04,201301280000
21721,1.01,201301280000
21868,1.07,201301280000
21871,1.85,201301280000
21999,2.71,201301280000
22126,1.13,201301280000
22133,1.68,201301280000
22174,2.05,201301280000
22176,2.72,201301280000
22205,2.53,201301280000
22368,0.92,201301280000
22395,1.9,201301280000
22419,2.55,201301280000
22420,0.79,201301280000
22421,2.84,201301280000
22422,1.48,201301280000
22619,1.23,201301280000
22630,0.69,201301280000
22634,0.96,201301280000
22671,1.5,201301280000
22673,2.54,201301280000
22700,0.78,201301280000
22751,2.19,201301280000
22768,2.2,201301280000
22869,1.92,201301280000
22877,1.29,201301280000
22928,1.42,201301280000
22940,0.51,201301280000
22955,1.95,201301280000
22963,1.09,201301280000
22966,1.78,201301280000
23120,2.06,201301280000
23124,1.86,201301280000
23125,1.92,201301280000
23131,1.68,201301280000
23138,2.64,201301280000
23169,1.58,201301280000
23194,1.26,201301280000
23216,2.89,201301280000
23370,1.06,201301280000
23371,0.89,201301280000
23379,2.5,201301280000
23386,2.49,201301280000
23388,0.84,201301280000
23427,2.06,201301280000
23621,2.26,201301280000
23627,1.32,201301280000
23635,0.73,201301280000
23641,0.76,201301280000
23662,2.08,201301280000
23669,1.77,201301280000
23690,0.94,201301280000
23744,1.22,201301280000
23750,2.59,201301280000
23872,2.69,201301280000
23873,0.68,201301280000
23875,2.71,201301280000
23881,1.32,201301280000
23894,2.44,201301280000
23896,1.4,201301280000
23907,2.1,201301280000
23925,2.13,201301280000
23973,1.04,201301280000
24005,2.12,201301280000
24009,2.38,201301280000
24032,1.13,201301280000
24122,1.83,201301280000
24123,2.51,201301280000
24149,1.08,201301280000
24247,1.01,201301280000
24251,0.55,201301280000
24265,1.12,201301280000
24266,2.99,201301280000
24373,1.02,201301280000
24374,1.01,201301280000
24380,1.64,201301280000
24381,0.89,201301280000
24383,2.62,201301280000
24387,2.95,201301280000
24402,2.24,201301280000
24405,1.68,201301280000
24423,2.07,201301280000
24623,2.62,201301280000
24626,2.16,201301280000
24643,2.82,201301280000
24732,0.55,201301280000
24734,1.77,201301280000
24739,1.02,201301280000
24774,1.56,201301280000
24775,2.17,201301280000
24781,0.94,201301280000
24837,2.97,201301280000
24874,1.65,201301280000
24877,2.89,201301280000
24879,1.89,201301280000
24880,0.87,201301280000
24895,2.94,201301280000
24920,0.94,201301280000
24990,2.03,201301280000
24991,0.74,201301280000
24993,0.98,201301280000
25124,1.92,201301280000
25125,1.97,201301280000
25126,1.37,201301280000
25129,1.12,201301280000
25130,0.71,201301280000
25132,0.67,201301280000
25136,2.71,201301280000
25138,1.03,201301280000
25141,1.92,201301280000
25179,1.32,201301280000
25187,2.12,201301280000
25375,2.84,201301280000
25376,0.67,201301280000
25377,1.76,201301280000
25379,2.43,201301280000
25385,2.69,201301280000
25395,2.68,201301280000
25400,2.09,201301280000
25405,2.32,201301280000
25412,0.73,201301280000
25427,1.5,201301280000
25626,0.81,201301280000
25627,2.53,201301280000
25628,2.25,201301280000
25629,1.73,201301280000
25632,1.14,201301280000
25633,1.0,201301280000
25642,0.71,201301280000
25715,0.87,201301280000
25747,2.59,201301280000
25763,2.8,201301280000
25876,1.75,201301280000
25877,2.77,201301280000
25878,2.78,201301280000
25881,2.26,201301280000
25882,2.73,201301280000
25886,1.2,201301280000
25888,2.93,201301280000
25926,2.88,201301280000
25997,1.04,201301280000
26005,0.67,201301280000
26035,1.37,201301280000
26127,2.99,201301280000
26129,1.36,201301280000
26130,1.98,201301280000
26133,2.26,201301280000
26135,0.71,201301280000
26136,1.75,201301280000
26138,2.31,201301280000
26139,0.55,201301280000
26141,1.04,201301280000
26148,0.7,201301280000
26168,1.39,201301280000
26378,2.46,201301280000
26379,2.71,201301280000
26380,0.83,201301280000
26381,1.71,201301280000
26382,0.77,201301280000
26383,1.62,201301280000
26385,1.32,201301280000
26386,2.9,201301280000
26387,1.74,201301280000
26389,1.64,201301280000
26391,2.41,201301280000
26392,2.31,201301280000
26393,2.63,201301280000
26396,2.35,201301280000
26403,1.43,201301280000
26408,1.09,201301280000
26427,1.07,201301280000
26450,2.74,201301280000
26492,0.55,201301280000
26546,1.41,201301280000
26563,2.95,201301280000
26564,1.85,201301280000
26628,2.22,201301280000
26629,1.59,201301280000
26630,0.88,201301280000
26631,1.1,201301280000
26633,2.97,201301280000
26634,2.3,201301280000
26656,2.14,201301280000
26674,2.18,201301280000
26708,1.21,201301280000
26752,1.98,201301280000
26754,0.84,201301280000
26755,1.41,201301280000
26782,1.77,201301280000
26846,2.72,201301280000
26879,1.73,201301280000
26880,0.65,201301280000
26881,1.54,201301280000
26882,2.27,201301280000
26883,2.22,201301280000
26884,2.3,201301280000
26885,1.08,201301280000
26886,2.17,201301280000
26887,2.76,201301280000
26889,2.74,201301280000
26890,2.58,201301280000
26891,2.2,201301280000
26892,1.87,201301280000
26893,2.44,201301280000
26894,2.81,201301280000
26895,1.64,201301280000
26897,1.07,201301280000
26905,1.19,201301280000
26938,1.25,201301280000
26964,2.24,201301280000
27006,2.55,201301280000
27042,0.79,201301280000
27098,2.48,201301280000
27130,1.54,201301280000
27131,1.85,201301280000
27132,2.6,201301280000
27133,2.88,201301280000
27134,1.46,201301280000
27135,1.54,201301280000
27136,2.37,201301280000
27137,1.16,201301280000
27138,1.52,201301280000
27142,2.36,201301280000
27143,2.32,201301280000
27145,1.8,201301280000
27148,1.0,201301280000
27149,0.59,201301280000
27152,1.1,201301280000
27155,0.84,201301280000
27175,1.4,201301280000
27209,1.09,201301280000
27247,2.74,201301280000
27381,2.66,201301280000
27382,0.63,201301280000
27383,2.75,201301280000
27384,2.15,201301280000
27386,2.22,201301280000
27387,0.65,201301280000
27388,0.71,201301280000
27389,1.17,201301280000
27390,2.31,201301280000
27392,1.78,201301280000
27395,1.28,201301280000
27404,2.79,201301280000
27415,1.21,201301280000
27427,2.42,201301280000
27489,2.73,201301280000
27494,1.95,201301280000
27498,1.07,201301280000
27518,1.99,201301280000
27632,1.83,201301280000
27633,2.55,201301280000
27634,1.47,201301280000
27635,0.74,201301280000
27636,2.01,201301280000
27637,2.28,201301280000
27638,2.13,201301280000
27639,2.87,201301280000
27640,2.64,201301280000
27642,2.05,201301280000
27643,1.39,201301280000
27645,0.96,201301280000
27646,0.86,201301280000
27647,2.34,201301280000
27649,1.01,201301280000
27654,2.23,201301280000
27763,1.18,201301280000
27764,2.8,201301280000
27796,2.16,201301280000
27797,2.47,201301280000
27883,2.19,201301280000
27884,0.75,201301280000
27885,2.68,201301280000
27886,2.37,201301280000
27887,2.97,201301280000
27888,2.35,201301280000
27889,1.07,201301280000
27890,2.44,201301280000
27891,1.36,201301280000
27892,2.88,201301280000
27894,2.23,201301280000
27895,1.71,201301280000
27897,0.66,201301280000
27902,1.16,201301280000
27908,1.68,201301280000
27911,2.28,201301280000
27930,2.06,201301280000
27971,2.09,201301280000
28004,2.92,201301280000
28015,2.45,201301280000
28049,2.1,201301280000
28102,1.95,201301280000
28134,2.92,201301280000
28135,1.33,201301280000
28136,1.43,201301280000
28137,0.53,201301280000
28138,0.84,201301280000
28139,2.74,201301280000
28140,0.52,201301280000
28142,2.77,201301280000
28143,0.65,201301280000
28144,2.22,201301280000
28146,2.69,201301280000
28154,0.76,201301280000
28156,2.96,201301280000
28216,2.24,201301280000
28239,1.45,201301280000
28384,2.2,201301280000
28385,2.38,201301280000
28386,2.12,201301280000
28387,2.87,201301280000
28388,2.92,201301280000
28389,1.11,201301280000
28390,1.49,201301280000
28391,1.46,201301280000
28392,2.43,201301280000
28393,2.13,201301280000
28394,0.66,201301280000
28396,1.12,201301280000
28397,2.17,201301280000
28400,2.6,201301280000
28401,1.68,201301280000
28405,1.51,201301280000
28427,2.81,201301280000
28467,2.6,201301280000
28496,2.61,201301280000
28497,0.95,201301280000
28519,2.89,201301280000
28535,2.9,201301280000
28539,0.74,201301280000
28545,2.03,201301280000
28557,1.71,201301280000
28635,2.95,201301280000
28636,1.25,201301280000
28637,0.53,201301280000
28638,1.98,201301280000
28639,0.87,201301280000
28640,2.57,201301280000
28641,2.96,201301280000
28642,1.69,201301280000
28643,1.54,201301280000
28644,1.44,201301280000
28645,1.55,201301280000
28646,0.66,201301280000
28649,1.43,201301280000
28658,2.12,201301280000
28667,2.73,201301280000
28675,0.58,201301280000
28751,0.77,201301280000
28753,1.82,201301280000
28754,0.71,201301280000
28788,0.58,201301280000
28812,2.14,201301280000
28823,2.11,201301280000
28886,2.73,201301280000
28887,1.26,201301280000
28888,0.75,201301280000
28889,2.95,201301280000
28890,1.5,201301280000
28891,0.92,201301280000
28892,2.4,201301280000
28893,2.17,201301280000
28894,0.93,201301280000
28895,2.4,201301280000
28896,0.75,201301280000
28897,2.7,201301280000
28899,2.2,201301280000
28900,1.08,201301280000
28901,1.07,201301280000
28902,2.07,201301280000
28905,2.71,201301280000
28912,0.79,201301280000
28960,1.06,201301280000
28969,2.63,201301280000
29004,1.78,201301280000
29012,1.25,201301280000
29026,1.93,201301280000
29068,1.48,201301280000
29076,1.98,201301280000
29088,2.69,201301280000
29094,1.25,201301280000
29136,2.99,201301280000
29137,0.85,201301280000
29138,2.95,201301280000
29139,0.91,201301280000
29140,0.87,201301280000
29141,1.77,201301280000
29142,1.8,201301280000
29143,1.28,201301280000
29144,0.93,201301280000
29146,0.56,201301280000
29147,0.72,201301280000
29148,0.89,201301280000
29149,2.99,201301280000
29151,2.96,201301280000
29158,2.13,201301280000
29165,0.94,201301280000
29171,0.62,201301280000
29190,0.85,201301280000
29247,1.66,201301280000
29387,2.05,201301280000
29388,0.72,201301280000
29389,1.29,201301280000
29390,1.77,201301280000
29391,2.77,201301280000
29392,1.29,201301280000
29393,0.68,201301280000
29394,1.25,201301280000
29395,2.57,201301280000
29396,2.72,201301280000
29397,0.55,201301280000
29398,2.84,201301280000
29399,2.83,201301280000
29401,2.87,201301280000
29402,1.15,201301280000
29403,0.93,201301280000
29405,2.46,201301280000
29409,2.91,201301280000
29425,2.15,201301280000
29429,0.55,201301280000
29495,2.13,201301280000
29498,0.55,201301280000
29533,2.18,201301280000
29556,2.54,201301280000
29638,0.55,201301280000
29639,1.88,201301280000
29640,1.85,201301280000
29641,2.28,201301280000
29642,1.73,201301280000
29643,1.04,201301280000
29644,2.57,201301280000
29645,0.72,201301280000
29648,2.07,201301280000
29649,2.93,201301280000
29650,1.06,201301280000
29654,1.29,201301280000
29663,0.84,201301280000
29670,0.78,201301280000
29710,1.27,201301280000
29730,2.79,201301280000
29733,1.96,201301280000
29736,2.51,201301280000
29766,2.72,201301280000
29891,2.22,201301280000
29892,1.11,201301280000
29893,1.7,201301280000
29894,1.38,201301280000
29895,0.68,201301280000
29896,0.91,201301280000
29897,0.98,201301280000
29898,2.62,201301280000
29900,0.68,201301280000
29903,2.25,201301280000
29906,0.72,201301280000
29909,1.09,201301280000
29912,1.46,201301280000
29917,1.83,201301280000
29925,2.15,201301280000
29966,1.77,201301280000
30021,2.15,201301280000
30026,2.89,201301280000
30036,1.96,201301280000
30142,0.71,201301280000
30143,2.14,201301280000
30144,2.68,201301280000
30145,1.76,201301280000
30146,2.55,201301280000
30147,1.43,201301280000
30148,0.87,201301280000
30152,0.89,201301280000
30154,1.26,201301280000
30157,1.17,201301280000
30158,1.55,201301280000
30181,0.61,201301280000
30242,2.41,201301280000
30243,1.85,201301280000
30244,2.86,201301280000
30261,2.8,201301280000
30300,2.64,201301280000
30322,2.52,201301280000
30393,1.28,201301280000
30394,1.14,201301280000
30395,0.51,201301280000
30396,1.88,201301280000
30397,1.77,201301280000
30398,1.12,201301280000
30400,0.98,201301280000
30401,1.21,201301280000
30403,1.36,201301280000
30407,0.97,201301280000
30410,1.27,201301280000
30420,2.32,201301280000
30430,2.18,201301280000
30434,1.65,201301280000
30439,2.01,201301280000
30481,2.92,201301280000
30489,2.29,201301280000
30494,2.31,201301280000
30495,0.82,201301280000
30496,1.3,201301280000
30645,1.17,201301280000
30646,2.87,201301280000
30647,2.41,201301280000
30648,0.7,201301280000
30649,2.46,201301280000
30650,0.74,201301280000
30651,1.95,201301280000
30652,2.11,201301280000
30653,2.55,201301280000
30654,1.04,201301280000
30661,0.63,201301280000
30664,0.74,201301280000
30666,1.63,201301280000
30669,2.96,201301280000
30673,2.1,201301280000
30683,1.82,201301280000
30745,2.9,201301280000
30750,0.92,201301280000
30777,2.86,201301280000
30780,0.98,201301280000
30812,0.93,201301280000
30897,1.48,201301280000
30898,0.95,201301280000
30899,0.65,201301280000
30900,1.02,201301280000
30901,1.5,201301280000
30902,1.44,201301280000
30903,2.51,201301280000
30904,1.13,201301280000
30908,0.81,201301280000
30909,2.89,201301280000
30912,1.88,201301280000
30913,1.18,201301280000
30928,1.27,201301280000
30953,1.93,201301280000
30979,1.3,201301280000
30994,2.85,201301280000
30995,0.61,201301280000
31027,1.08,201301280000
31028,2.13,201301280000
31029,2.55,201301280000
31082,0.53,201301280000
31148,1.03,201301280000
31149,1.52,201301280000
31150,1.56,201301280000
31151,0.88,201301280000
31152,1.66,201301280000
31156,0.62,201301280000
31157,2.89,201301280000
31161,1.84,201301280000
31166,0.72,201301280000
31172,1.4,201301280000
31274,2.87,201301280000
31281,2.99,201301280000
31369,1.85,201301280000
31398,1.92,201301280000
31401,2.62,201301280000
31407,1.56,201301280000
31408,1.59,201301280000
31409,1.51,201301280000
31410,2.85,201301280000
31413,1.01,201301280000
31419,1.57,201301280000
31427,1.64,201301280000
31457,0.58,201301280000
31466,1.25,201301280000
31651,0.67,201301280000
31652,2.7,201301280000
31656,2.32,201301280000
31660,1.11,201301280000
31663,1.43,201301280000
31666,1.58,201301280000
31675,0.92,201301280000
31738,1.33,201301280000
31754,0.69,201301280000
31782,1.42,201301280000
31903,2.54,201301280000
31904,2.73,201301280000
31905,1.6,201301280000
31906,2.6,201301280000
31908,2.33,201301280000
31912,2.38,201301280000
31921,1.67,201301280000
31928,0.67,201301280000
31949,1.57,201301280000
32028,2.0,201301280000
32032,2.29,201301280000
32045,0.74,201301280000
32150,1.42,201301280000
32155,1.25,201301280000
32157,1.87,201301280000
32161,1.52,201301280000
32162,2.41,201301280000
32167,1.26,201301280000
32169,0.81,201301280000
32175,1.07,201301280000
32182,1.42,201301280000
32185,1.89,201301280000
32195,1.05,201301280000
32235,2.94,201301280000
32404,1.8,201301280000
32405,2.96,201301280000
32410,1.69,201301280000
32411,2.12,201301280000
32415,1.22,201301280000
32449,2.36,201301280000
32490,1.8,201301280000
32558,1.24,201301280000
32622,2.03,201301280000
32656,1.21,201301280000
32658,2.91,201301280000
32660,0.84,201301280000
32662,2.76,201301280000
32668,0.69,201301280000
32682,0.91,201301280000
32697,1.9,201301280000
32712,1.43,201301280000
32729,0.55,201301280000
32739,2.88,201301280000
32742,1.84,201301280000
32744,1.21,201301280000
32802,2.91,201301280000
32834,1.63,201301280000
32905,2.53,201301280000
32907,1.77,201301280000
32912,2.29,201301280000
32916,0.93,201301280000
32922,2.6,201301280000
32924,1.42,201301280000
32926,0.84,201301280000
32929,0.56,201301280000
32977,2.03,201301280000
32978,2.02,201301280000
33154,2.51,201301280000
33158,1.72,201301280000
33160,2.35,201301280000
33165,2.67,201301280000
33170,0.67,201301280000
33186,2.41,201301280000
33286,0.7,201301280000
33405,0.66,201301280000
33409,2.07,201301280000
33412,1.67,201301280000
33418,2.31,201301280000
33420,0.94,201301280000
33424,1.99,201301280000
33435,2.68,201301280000
33442,1.48,201301280000
33519,0.8,201301280000
33594,1.68,201301280000
33656,2.17,201301280000
33659,1.59,201301280000
33662,1.61,201301280000
33664,1.07,201301280000
33666,2.44,201301280000
33669,2.23,201301280000
33673,2.58,201301280000
33675,1.58,201301280000
33694,1.26,201301280000
33724,2.27,201301280000
33742,2.54,201301280000
33812,2.21,201301280000
33909,2.54,201301280000
33911,2.26,201301280000
33912,2.4,201301280000
33913,2.92,201301280000
33922,1.42,201301280000
33923,1.09,201301280000
33924,2.73,201301280000
33931,2.04,201301280000
33935,0.86,201301280000
33986,0.61,201301280000
34013,1.06,201301280000
34160,2.05,201301280000
34161,1.3,201301280000
34162,0.75,201301280000
34163,1.68,201301280000
34167,2.35,201301280000
34190,1.23,201301280000
34211,1.77,201301280000
34303,0.51,201301280000
34380,2.62,201301280000
34407,2.52,201301280000
34413,0.53,201301280000
34423,1.01,201301280000
34424,1.46,201301280000
34427,1.18,201301280000
34430,2.68,201301280000
34437,0.84,201301280000
34440,0.64,201301280000
34486,1.07,201301280000
34495,2.55,201301280000
34510,2.11,201301280000
34520,2.15,201301280000
34528,2.23,201301280000
34563,1.23,201301280000
34662,2.73,201301280000
34667,2.97,201301280000
34668,2.32,201301280000
34670,2.19,201301280000
34672,2.42,201301280000
34673,1.2,201301280000
34676,0.88,201301280000
34679,0.91,201301280000
34682,1.54,201301280000
34695,2.23,201301280000
34710,1.28,201301280000
34714,0.85,201301280000
34720,2.2,201301280000
34882,1.43,201301280000
34913,2.9,201301280000
34914,2.42,201301280000
34915,1.71,201301280000
34924,0.67,201301280000
34925,1.83,201301280000
34934,2.81,201301280000
34939,2.38,201301280000
34959,1.36,201301280000
34990,1.76,201301280000
35102,2.36,201301280000
35164,1.48,201301280000
35166,1.8,201301280000
35173,0.8,201301280000
35178,1.75,201301280000
35183,0.72,201301280000
35185,1.55,201301280000
35187,1.95,201301280000
35193,2.35,201301280000
35203,1.53,201301280000
35218,1.54,201301280000
35237,1.58,201301280000
35244,1.86,201301280000
35249,1.85,201301280000
35295,2.47,201301280000
35368,0.76,201301280000
35410,1.93,201301280000
35414,1.5,201301280000
35415,0.67,201301280000
35417,1.24,201301280000
35421,1.11,201301280000
35440,1.83,201301280000
35455,1.66,201301280000
35492,1.52,201301280000
35515,0.77,201301280000
35665,2.12,201301280000
35675,1.98,201301280000
35683,2.41,201301280000
35686,2.54,201301280000
35700,1.52,201301280000
35745,1.68,201301280000
35755,1.75,201301280000
35769,1.92,201301280000
35916,2.7,201301280000
35917,0.89,201301280000
35918,2.52,201301280000
35919,0.84,201301280000
35921,2.89,201301280000
35929,0.89,201301280000
35931,1.36,201301280000
35941,2.57,201301280000
35944,2.85,201301280000
35971,2.9,201301280000
35981,1.37,201301280000
35992,1.09,201301280000
35994,1.9,201301280000
36067,1.95,201301280000
36162,2.41,201301280000
36167,1.92,201301280000
36169,1.17,201301280000
36170,0.53,201301280000
36173,0.95,201301280000
36176,1.28,201301280000
36177,0.74,201301280000
36205,1.97,201301280000
36237,0.98,201301280000
36245,1.27,201301280000
36246,1.14,201301280000
36293,2.21,201301280000
36311,1.45,201301280000
36417,2.07,201301280000
36420,2.33,201301280000
36421,2.77,201301280000
36441,0.92,201301280000
36448,2.21,201301280000
36494,2.82,201301280000
36498,2.92,201301280000
36502,1.01,201301280000
36510,1.45,201301280000
36513,1.13,201301280000
36519,0.58,201301280000
36524,0.98,201301280000
36576,1.27,201301280000
36668,2.3,201301280000
36673,2.28,201301280000
36675,0.7,201301280000
36677,1.02,201301280000
36679,2.95,201301280000
36682,2.55,201301280000
36688,2.83,201301280000
36690,1.02,201301280000
36711,2.0,201301280000
36717,2.25,201301280000
36758,0.5,201301280000
36889,1.03,201301280000
36915,1.73,201301280000
36918,0.96,201301280000
36933,2.51,201301280000
36934,2.8,201301280000
36953,1.54,201301280000
36959,1.02,201301280000
36996,1.71,201301280000
36999,1.42,201301280000
37001,1.11,201301280000
37167,1.96,201301280000
37168,1.0,201301280000
37169,2.16,201301280000
37172,0.83,201301280000
37176,2.31,201301280000
37178,2.78,201301280000
37179,0.91,201301280000
37182,1.4,201301280000
37192,2.66,201301280000
37200,2.79,201301280000
37206,0.81,201301280000
37232,0.7,201301280000
37239,1.26,201301280000
37270,2.84,201301280000
37298,1.44,201301280000
37304,2.02,201301280000
37419,2.82,201301280000
37421,1.36,201301280000
37423,1.24,201301280000
37425,2.75,201301280000
37446,1.93,201301280000
37454,1.33,201301280000
37477,1.41,201301280000
37487,1.72,201301280000
37501,2.17,201301280000
37503,0.52,201301280000
37513,0.51,201301280000
37523,2.16,201301280000
37562,1.77,201301280000
37609,1.53,201301280000
37642,2.51,201301280000
37643,2.05,201301280000
37670,0.83,201301280000
37671,2.73,201301280000
37672,2.93,201301280000
37676,1.3,201301280000
37688,1.86,201301280000
37689,1.45,201301280000
37690,1.28,201301280000
37695,2.06,201301280000
37701,2.14,201301280000
37710,0.98,201301280000
37711,1.08,201301280000
37754,2.68,201301280000
37874,1.14,201301280000
37891,1.24,201301280000
37893,2.83,201301280000
37894,1.1,201301280000
37926,1.37,201301280000
37928,2.47,201301280000
37929,0.83,201301280000
37932,1.32,201301280000
37936,0.5,201301280000
37943,2.05,201301280000
37952,1.4,201301280000
37962,1.69,201301280000
37968,2.54,201301280000
38003,2.78,201301280000
38060,0.58,201301280000
38145,0.86,201301280000
38172,1.28,201301280000
38173,2.64,201301280000
38178,1.7,201301280000
38200,2.93,201301280000
38204,1.33,201301280000
38209,1.23,201301280000
38215,2.06,201301280000
38220,0.66,201301280000
38225,2.26,201301280000
38228,2.69,201301280000
38230,0.87,201301280000
38243,0.57,201301280000
38247,0.57,201301280000
38255,0.99,201301280000
38263,1.58,201301280000
38268,2.07,201301280000
38272,2.14,201301280000
38367,0.75,201301280000
38381,2.6,201301280000
38423,1.92,201301280000
38425,0.98,201301280000
38426,2.08,201301280000
38431,0.67,201301280000
38440,2.76,201301280000
38479,1.78,201301280000
38481,1.27,201301280000
38483,2.1,201301280000
38488,2.7,201301280000
38490,1.14,201301280000
38498,2.58,201301280000
38499,2.55,201301280000
38500,0.92,201301280000
38505,2.84,201301280000
38506,2.01,201301280000
38508,1.79,201301280000
38517,1.47,201301280000
38534,2.19,201301280000
38648,1.85,201301280000
38674,1.42,201301280000
38676,1.65,201301280000
38679,2.58,201301280000
38684,1.69,201301280000
38693,1.63,201301280000
38697,1.71,201301280000
38716,1.44,201301280000
38722,2.69,201301280000
38736,2.0,201301280000
38738,2.0,201301280000
38752,2.7,201301280000
38753,2.6,201301280000
38758,1.02,201301280000
38760,1.99,201301280000
38761,2.19,201301280000
38762,2.41,201301280000
38766,2.2,201301280000
38769,1.85,201301280000
38778,0.63,201301280000
38812,2.12,201301280000
38939,0.67,201301280000
38953,2.94,201301280000
38958,0.85,201301280000
38967,2.09,201301280000
39006,2.27,201301280000
39008,2.22,201301280000
39010,2.6,201301280000
39011,1.55,201301280000
39017,1.76,201301280000
39113,2.01,201301280000
39148,1.85,201301280000
39149,1.55,201301280000
39176,2.85,201301280000
39178,2.9,201301280000
39191,1.91,201301280000
39201,2.59,201301280000
39230,2.01,201301280000
39236,0.82,201301280000
39246,0.97,201301280000
39252,2.57,201301280000
39255,1.9,201301280000
39260,1.97,201301280000
39262,1.31,201301280000
39263,1.72,201301280000
39268,2.17,201301280000
39269,2.88,201301280000
39271,1.42,201301280000
39274,2.36,201301280000
39275,2.19,201301280000
39375,0.55,201301280000
39391,0.65,201301280000
39427,0.75,201301280000
39428,1.85,201301280000
39430,1.45,201301280000
39433,2.93,201301280000
39446,2.54,201301280000
39457,0.89,201301280000
39514,0.8,201301280000
39515,1.47,201301280000
39516,2.84,201301280000
39517,1.48,201301280000
39535,2.36,201301280000
39554,2.04,201301280000
39559,0.7,201301280000
39631,2.07,201301280000
39632,1.2,201301280000
39633,2.79,201301280000
39652,0.88,201301280000
39683,1.16,201301280000
39687,2.15,201301280000
39706,1.73,201301280000
39710,0.52,201301280000
39722,1.18,201301280000
39731,0.63,201301280000
39750,0.59,201301280000
39755,1.06,201301280000
39759,2.95,201301280000
39762,0.52,201301280000
39764,2.17,201301280000
39765,1.0,201301280000
39766,2.65,201301280000
39767,2.72,201301280000
39769,1.05,201301280000
39772,0.97,201301280000
39776,1.07,201301280000
39777,1.66,201301280000
39790,0.62,201301280000
39791,2.61,201301280000
39796,0.8,201301280000
39832,0.78,201301280000
39883,0.79,201301280000
39930,0.58,201301280000
39932,1.39,201301280000
39941,0.93,201301280000
39948,1.45,201301280000
39969,2.23,201301280000
40018,1.65,201301280000
40031,1.64,201301280000
40133,1.61,201301280000
40180,1.89,201301280000
40188,2.52,201301280000
40196,1.77,201301280000
40242,1.63,201301280000
40246,2.44,201301280000
40259,2.78,201301280000
40264,2.92,201301280000
40267,0.52,201301280000
40268,2.24,201301280000
40270,0.76,201301280000
40276,1.79,201301280000
40286,1.11,201301280000
40295,2.08,201301280000
40431,1.9,201301280000
40432,2.53,201301280000
40442,0.69,201301280000
40447,0.66,201301280000
40448,0.78,201301280000
40451,1.49,201301280000
40457,1.37,201301280000
40500,2.93,201301280000
40512,2.31,201301280000
40518,1.26,201301280000
40519,1.33,201301280000
40522,2.06,201301280000
40524,1.32,201301280000
40525,2.68,201301280000
40532,0.95,201301280000
40560,1.16,201301280000
40566,1.65,201301280000
40633,2.1,201301280000
40687,1.9,201301280000
40713,0.58,201301280000
40719,1.84,201301280000
40732,2.5,201301280000
40733,1.69,201301280000
40766,0.82,201301280000
40810,1.69,201301280000
40894,1.75,201301280000
40933,1.83,201301280000
40936,2.02,201301280000
40939,2.78,201301280000
40954,1.73,201301280000
40982,1.73,201301280000
41021,1.97,201301280000
41024,2.11,201301280000
41061,0.83,201301280000
41145,2.7,201301280000
41157,0.94,201301280000
41183,1.28,201301280000
41200,2.49,201301280000
41262,2.81,201301280000
41265,1.11,201301280000
41270,0.53,201301280000
41277,2.93,201301280000
41318,2.37,201301280000
41401,2.58,201301280000
41407,1.89,201301280000
41437,1.59,201301280000
41459,1.47,201301280000
41465,0.55,201301280000
41469,2.88,201301280000
41508,2.21,201301280000
41520,0.54,201301280000
41522,1.32,201301280000
41526,0.93,201301280000
41532,2.03,201301280000
41558,0.84,201301280000
41635,2.57,201301280000
41653,1.87,201301280000
41658,1.59,201301280000
41692,2.54,201301280000
41696,1.2,201301280000
41764,0.63,201301280000
41772,2.76,201301280000
41893,1.72,201301280000
41904,2.68,201301280000
41905,1.51,201301280000
41936,0.61,201301280000
41941,2.05,201301280000
41958,1.91,201301280000
41990,2.03,201301280000
42023,1.45,201301280000
42026,2.38,201301280000
42029,1.57,201301280000
42074,2.31,201301280000
42085,2.2,201301280000
42095,1.24,201301280000
42147,2.43,201301280000
42160,1.41,201301280000
42200,1.99,201301280000
42213,2.6,201301280000
42267,0.83,201301280000
42271,2.85,201301280000
42274,0.78,201301280000
42283,2.59,201301280000
42291,1.48,201301280000
42342,1.11,201301280000
42411,0.73,201301280000
42438,1.74,201301280000
42454,0.8,201301280000
42471,0.99,201301280000
42478,0.64,201301280000
42487,0.54,201301280000
42503,1.69,201301280000
42514,1.3,201301280000
42521,1.89,201301280000
42533,0.72,201301280000
42644,2.26,201301280000
42661,2.45,201301280000
42695,0.77,201301280000
42744,1.11,201301280000
42750,0.63,201301280000
42846,1.41,201301280000
42905,0.56,201301280000
42912,0.8,201301280000
42939,1.05,201301280000
42940,0.93,201301280000
42944,2.92,201301280000
42949,1.74,201301280000
43011,1.23,201301280000
43021,2.76,201301280000
43030,2.37,201301280000
43151,2.16,201301280000
43160,2.79,201301280000
43162,2.38,201301280000
43213,2.18,201301280000
43220,0.83,201301280000
43261,1.57,201301280000
43412,0.89,201301280000
43413,2.96,201301280000
43440,1.66,201301280000
43443,2.11,201301280000
43449,2.84,201301280000
43483,0.67,201301280000
43484,1.73,201301280000
43494,1.84,201301280000
43518,1.03,201301280000
43523,1.42,201301280000
43526,1.31,201301280000
43530,0.65,201301280000
43571,1.55,201301280000
43642,1.04,201301280000
43662,0.94,201301280000
43738,2.06,201301280000
43760,3.0,201301280000
43779,2.45,201301280000
43914,2.93,201301280000
43957,1.95,201301280000
43980,2.15,201301280000
43984,2.04,201301280000
43992,2.15,201301280000
43995,2.24,201301280000
44002,0.71,201301280000
44039,2.37,201301280000
44194,1.67,201301280000
44197,0.55,201301280000
44204,2.85,201301280000
44215,2.41,201301280000
44226,0.94,201301280000
44247,1.3,201301280000
44255,1.68,201301280000
44282,2.26,201301280000
44284,1.63,201301280000
44356,2.02,201301280000
44470,0.98,201301280000
44486,2.49,201301280000
44503,1.35,201301280000
44504,1.88,201301280000
44510,2.71,201301280000
44517,1.1,201301280000
44534,1.94,201301280000
44578,0.99,201301280000
44666,2.28,201301280000
44694,0.8,201301280000
44697,1.93,201301280000
44716,2.3,201301280000
44724,0.58,201301280000
44743,1.91,201301280000
44755,1.6,201301280000
44756,2.49,201301280000
44757,0.59,201301280000
44758,1.24,201301280000
44786,2.39,201301280000
44787,1.22,201301280000
44911,2.82,201301280000
44963,2.91,201301280000
45005,1.73,201301280000
45006,1.29,201301280000
45007,0.75,201301280000
45008,1.19,201301280000
45039,2.37,201301280000
45114,2.9,201301280000
45168,1.78,201301280000
45200,2.19,201301280000
45203,2.14,201301280000
45208,0.54,201301280000
45237,0.6,201301280000
45254,1.83,201301280000
45256,1.1,201301280000
45258,1.65,201301280000
45261,0.84,201301280000
45265,2.42,201301280000
45266,0.84,201301280000
45401,1.48,201301280000
45479,1.89,201301280000
45502,2.1,201301280000
45507,1.61,201301280000
45509,2.32,201301280000
45526,2.16,201301280000
45538,1.98,201301280000
45582,1.07,201301280000
45661,1.58,201301280000
45701,2.48,201301280000
45703,1.56,201301280000
45716,1.68,201301280000
45720,1.99,201301280000
45725,2.85,201301280000
45735,2.1,201301280000
45747,2.15,201301280000
45766,0.73,201301280000
45793,1.07,201301280000
45795,1.52,201301280000
45919,0.73,201301280000
45948,2.11,201301280000
46008,2.31,201301280000
46036,0.55,201301280000
46041,1.74,201301280000
46052,2.47,201301280000
46074,2.74,201301280000
46145,1.29,201301280000
46202,2.79,201301280000
46209,2.74,201301280000
46242,2.86,201301280000
46265,2.18,201301280000
46372,1.5,201301280000
46384,1.3,201301280000
46455,2.42,201301280000
46508,2.4,201301280000
46523,2.1,201301280000
46538,1.23,201301280000
46565,2.13,201301280000
46574,2.35,201301280000
46626,1.51,201301280000
46700,2.86,201301280000
46738,1.46,201301280000
46770,1.36,201301280000
46778,0.55,201301280000
46787,2.37,201301280000
46803,2.39,201301280000
46954,1.37,201301280000
46964,2.17,201301280000
46972,1.68,201301280000
46976,0.91,201301280000
46981,2.2,201301280000
47011,2.21,201301280000
47015,2.12,201301280000
47047,1.59,201301280000
47253,1.36,201301280000
47288,1.08,201301280000
47295,2.09,201301280000
47342,1.63,201301280000
47454,2.57,201301280000
47535,2.44,201301280000
47543,0.67,201301280000
47705,1.95,201301280000
47709,1.86,201301280000
47711,0.54,201301280000
47758,0.94,201301280000
47806,2.69,201301280000
47889,1.87,201301280000
47926,1.72,201301280000
47968,2.72,201301280000
47972,2.42,201301280000
47977,1.29,201301280000
47982,2.51,201301280000
48032,1.51,201301280000
48209,1.32,201301280000
48239,2.73,201301280000
48244,1.32,201301280000
48278,1.21,201301280000
48420,1.37,201301280000
48427,2.82,201301280000
48499,0.85,201301280000
48503,0.91,201301280000
48552,1.56,201301280000
48584,2.77,201301280000
48713,1.71,201301280000
48759,1.94,201301280000
48848,0.8,201301280000
48898,2.24,201301280000
49017,2.4,201301280000
49049,1.47,201301280000
49229,2.47,201301280000
49241,2.99,201301280000
49472,0.6,201301280000
49483,1.84,201301280000
49542,1.49,201301280000
49555,1.0,201301280000
49679,0.65,201301280000
49750,2.42,201301280000
49760,2.16,201301280000
49777,1.43,201301280000
49968,0.55,201301280000
50053,1.02,201301280000
50103,2.19,201301280000
50180,2.52,201301280000
50285,1.96,201301280000
50430,2.11,201301280000
50470,0.67,201301280000
50494,2.69,201301280000
50511,2.0,201301280000
50549,1.35,201301280000
50680,1.63,201301280000
50682,2.09,201301280000
50731,1.49,201301280000
50812,1.58,201301280000
50872,0.79,201301280000
51029,1.48,201301280000
51046,0.58,201301280000
51053,1.16,201301280000
51056,0.74,201301280000
51162,1.01,201301280000
51177,1.31,201301280000
51182,0.74,201301280000
51228,1.47,201301280000
51258,2.2,201301280000
51430,0.99,201301280000
51431,2.86,201301280000
51432,0.68,201301280000
51520,1.72,201301280000
51681,1.98,201301280000
51682,2.18,201301280000
51725,1.14,201301280000
51790,1.04,201301280000
51832,2.5,201301280000
51857,0.82,201301280000
51931,2.97,201301280000
51932,2.04,201301280000
51986,1.69,201301280000
52003,2.29,201301280000
52182,2.79,201301280000
52244,1.98,201301280000
52259,0.98,201301280000
52280,2.46,201301280000
52319,1.61,201301280000
52473,1.42,201301280000
52518,2.03,201301280000
52631,1.9,201301280000
52679,2.78,201301280000
52729,1.63,201301280000
52811,2.61,201301280000
52983,2.68,201301280000
52988,2.39,201301280000
52993,2.37,201301280000
53000,2.14,201301280000
53016,1.63,201301280000
53027,2.54,201301280000
53072,1.7,201301280000
53090,0.68,201301280000
53177,2.72,201301280000
53178,1.24,201301280000
53381,2.64,201301280000
53427,2.32,201301280000
53429,1.15,201301280000
53761,1.63,201301280000
53774,2.72,201301280000
53797,2.77,201301280000
53810,2.7,201301280000
53822,2.18,201301280000
53864,2.7,201301280000
53927,0.61,201301280000
54038,2.79,201301280000
54071,0.88,201301280000
54234,1.24,201301280000
54281,1.62,201301280000
54284,1.01,201301280000
54327,2.9,201301280000
54334,2.1,201301280000
54349,1.51,201301280000
54427,1.07,201301280000
54503,2.01,201301280000
54510,0.71,201301280000
54520,1.66,201301280000
54550,1.3,201301280000
54578,1.57,201301280000
54678,2.99,201301280000
54828,1.21,201301280000
54983,1.91,201301280000
54996,2.01,201301280000
55070,1.33,201301280000
55329,1.76,201301280000
55331,2.4,201301280000
55535,0.51,201301280000
55633,2.53,201301280000
55680,2.11,201301280000
55761,1.14,201301280000
55831,2.8,201301280000
55832,2.24,201301280000
55838,1.7,201301280000
55845,1.02,201301280000
56106,2.16,201301280000
56493,2.42,201301280000
56571,2.14,201301280000
56586,0.95,201301280000
56587,1.25,201301280000
56591,1.71,201301280000
56738,2.96,201301280000
56835,1.44,201301280000
56882,2.47,201301280000
56887,2.51,201301280000
56888,2.53,201301280000
56933,0.58,201301280000
56934,0.89,201301280000
57042,2.26,201301280000
57062,0.65,201301280000
57189,2.37,201301280000
57261,0.95,201301280000
57329,1.59,201301280000
57342,1.25,201301280000
57376,1.5,201301280000
57378,0.75,201301280000
57380,1.01,201301280000
57397,0.91,201301280000
57440,2.4,201301280000
57495,0.57,201301280000
57523,0.71,201301280000
57555,0.52,201301280000
57597,1.68,201301280000
57613,1.91,201301280000
57615,1.5,201301280000
57628,2.66,201301280000
57631,2.15,201301280000
57823,2.58,201301280000
57837,0.64,201301280000
57851,2.54,201301280000
57852,0.78,201301280000
57906,1.71,201301280000
58179,1.13,201301280000
58251,1.95,201301280000
58421,2.4,201301280000
58511,0.55,201301280000
58632,2.04,201301280000
58744,0.97,201301280000
58802,0.87,201301280000
58814,2.99,201301280000
58879,1.27,201301280000
58892,0.74,201301280000
59010,2.67,201301280000
59043,0.89,201301280000
59104,2.57,201301280000
59125,1.79,201301280000
59134,2.81,201301280000
59285,1.37,201301280000
59329,2.95,201301280000
59555,0.94,201301280000
59635,1.36,201301280000
59745,1.36,201301280000
59927,2.95,201301280000
59941,2.53,201301280000
60008,1.43,201301280000
60011,2.72,201301280000
60114,2.4,201301280000
60141,2.69,201301280000
60147,0.66,201301280000
60331,1.11,201301280000
60344,1.95,201301280000
60350,1.2,201301280000
60578,2.48,201301280000
60593,1.94,201301280000
60613,2.68,201301280000
60630,1.08,201301280000
60635,1.3,201301280000
60649,1.34,201301280000
60750,0.73,201301280000
60774,1.59,201301280000
60819,2.9,201301280000
60880,2.25,201301280000
60888,1.48,201301280000
61062,1.33,201301280000
61110,2.41,201301280000
61263,0.52,201301280000
61343,2.16,201301280000
61591,1.15,201301280000
61597,1.08,201301280000
61654,2.48,201301280000
61818,0.65,201301280000
62077,1.44,201301280000
62104,2.11,201301280000
62135,1.98,201301280000
62140,1.1,201301280000
62252,2.89,201301280000
62558,1.73,201301280000
62589,1.4,201301280000
62757,2.37,201301280000
62772,2.13,201301280000
62850,1.75,201301280000
62926,1.09,201301280000
62948,1.59,201301280000
63044,0.85,201301280000
63153,2.71,201301280000
63383,1.51,201301280000
63397,2.67,201301280000
63398,1.23,201301280000
63407,2.27,201301280000
63574,2.73,201301280000
63586,1.3,201301280000
63816,1.01,201301280000
64102,2.61,201301280000
64150,1.4,201301280000
64200,2.43,201301280000
64515,2.06,201301280000
64529,0.98,201301280000
64573,1.7,201301280000
64581,0.78,201301280000
64815,2.31,201301280000
64915,0.8,201301280000
65059,2.62,201301280000
65144,0.68,201301280000
65320,0.63,201301280000
65375,2.54,201301280000
65454,2.74,201301280000
65528,0.51,201301280000
65607,2.55,201301280000
65774,1.68,201301280000
65838,1.71,201301280000
66068,2.29,201301280000
66084,1.36,201301280000
66151,0.94,201301280000
66353,2.85,201301280000
66538,2.83,201301280000
66575,2.69,201301280000
66637,1.56,201301280000
66827,1.27,201301280000
66870,1.06,201301280000
67110,1.84,201301280000
67207,0.82,201301280000
67335,0.79,201301280000
67385,1.18,201301280000
67599,0.93,201301280000
67601,1.17,201301280000
67602,2.73,201301280000
67698,2.98,201301280000
67824,2.29,201301280000
67842,1.17,201301280000
67854,2.0,201301280000
67855,2.11,201301280000
67918,2.25,201301280000
68103,1.69,201301280000
68104,2.03,201301280000
68110,2.44,201301280000
68111,2.82,201301280000
68349,2.66,201301280000
68354,0.52,201301280000
68356,2.79,201301280000
68454,0.86,201301280000
68455,2.41,201301280000
68587,1.12,201301280000
68857,0.63,201301280000
68858,0.76,201301280000
68897,1.09,201301280000
68924,1.63,201301280000
68930,1.22,201301280000
69106,2.85,201301280000
69190,0.85,201301280000
69206,2.25,201301280000
69359,1.99,201301280000
69371,1.4,201301280000
69455,1.84,201301280000
69582,1.05,201301280000
69613,2.14,201301280000
69676,2.67,201301280000
70115,2.82,201301280000
70132,2.36,201301280000
70181,2.89,201301280000
70342,1.98,201301280000
70352,0.71,201301280000
70360,0.66,201301280000
70374,0.96,201301280000
70440,2.09,201301280000
70462,2.79,201301280000
70619,1.94,201301280000
70659,2.42,201301280000
70715,0.92,201301280000
70903,0.56,201301280000
70934,0.65,201301280000
70961,2.89,201301280000
71122,0.51,201301280000
71187,2.04,201301280000
71399,2.87,201301280000
71601,0.95,201301280000
71629,2.73,201301280000
71888,1.75,201301280000
71961,1.74,201301280000
71964,1.96,201301280000
72201,1.21,201301280000
72218,1.53,201301280000
72345,1.5,201301280000
72367,1.27,201301280000
72407,2.67,201301280000
72416,0.62,201301280000
72706,1.38,201301280000
72894,1.7,201301280000
73104,2.93,201301280000
73135,2.89,201301280000
73211,2.73,201301280000
73223,1.67,201301280000
73451,0.64,201301280000
73460,1.85,201301280000
73461,2.04,201301280000
73557,2.96,201301280000
73669,0.74,201301280000
74158,2.68,201301280000
74216,2.63,201301280000
74388,1.4,201301280000
74396,0.81,201301280000
74466,1.71,201301280000
74467,1.1,201301280000
74638,0.66,201301280000
74677,0.79,201301280000
74678,1.14,201301280000
74711,2.91,201301280000
74721,1.14,201301280000
74962,2.48,201301280000
74968,1.44,201301280000
74973,1.19,201301280000
75224,1.91,201301280000
75329,0.89,201301280000
75386,2.87,201301280000
75424,2.35,201301280000
75436,2.35,201301280000
75475,1.71,201301280000
75619,2.54,201301280000
75721,2.56,201301280000
75722,1.56,201301280000
75724,2.28,201301280000
75725,0.81,201301280000
75726,2.76,201301280000
75727,2.78,201301280000
75974,2.79,201301280000
75975,1.57,201301280000
76133,2.81,201301280000
76227,1.43,201301280000
76393,2.01,201301280000
76473,1.72,201301280000
76477,0.66,201301280000
76654,1.14,201301280000
76728,2.56,201301280000
76959,0.55,201301280000
77169,0.7,201301280000
77230,1.85,201301280000
77381,2.84,201301280000
77458,2.95,201301280000
77641,2.97,201301280000
77942,2.9,201301280000
77981,0.76,201301280000
78205,2.53,201301280000
78418,2.78,201301280000
78654,1.95,201301280000
78733,1.41,201301280000
78881,1.87,201301280000
78896,2.83,201301280000
78909,2.56,201301280000
78983,1.63,201301280000
79234,1.12,201301280000
79379,2.81,201301280000
79394,1.29,201301280000
79484,2.33,201301280000
79712,1.21,201301280000
79911,2.34,201301280000
79915,0.86,201301280000
80160,1.74,201301280000
80161,2.35,201301280000
80193,2.77,201301280000
80352,0.8,201301280000
80397,2.97,201301280000
80406,2.45,201301280000
80411,2.15,201301280000
80412,2.81,201301280000
80413,1.14,201301280000
80420,1.84,201301280000
80485,1.4,201301280000
80635,1.62,201301280000
80659,1.42,201301280000
80663,2.17,201301280000
80664,0.53,201301280000
80703,1.66,201301280000
80877,2.92,201301280000
80916,1.63,201301280000
81163,1.34,201301280000
81164,1.66,201301280000
81354,1.39,201301280000
81363,0.96,201301280000
81390,1.93,201301280000
81625,2.25,201301280000
81651,2.66,201301280000
81899,0.62,201301280000
82135,2.21,201301280000
82168,1.47,201301280000
82169,2.41,201301280000
82237,2.91,201301280000
82613,1.98,201301280000
82622,0.69,201301280000
82664,2.64,201301280000
82892,1.18,201301280000
82951,1.74,201301280000
83410,1.21,201301280000
83489,2.4,201301280000
83735,0.84,201301280000
83865,2.12,201301280000
84123,2.62,201301280000
84179,2.72,201301280000
84207,0.96,201301280000
84212,2.77,201301280000
84221,2.16,201301280000
84366,0.78,201301280000
84689,0.81,201301280000
84712,2.23,201301280000
84902,2.45,201301280000
85474,2.76,201301280000
85487,1.22,201301280000
85620,1.98,201301280000
85705,0.54,201301280000
85715,2.88,201301280000
85738,0.91,201301280000
86440,1.93,201301280000
86622,1.3,201301280000
86623,0.8,201301280000
86672,2.35,201301280000
86873,1.29,201301280000
86895,0.78,201301280000
87121,2.04,201301280000
87227,1.82,201301280000
87460,1.57,201301280000
87690,2.45,201301280000
87873,2.85,201301280000
88242,0.7,201301280000
88463,1.88,201301280000
89120,1.56,201301280000
89152,2.98,201301280000
89175,2.91,201301280000
89198,0.81,201301280000
89615,0.73,201301280000
89625,1.97,201301280000
90116,1.34,201301280000
90183,2.81,201301280000
90497,1.26,201301280000
90699,1.11,201301280000
90719,2.22,201301280000
91200,2.72,201301280000
91432,1.51,201301280000
91434,2.6,201301280000
91684,2.34,201301280000
91713,1.62,201301280000
91744,2.39,201301280000
92233,0.67,201301280000
93205,1.42,201301280000
93244,1.44,201301280000
93252,1.48,201301280000
93463,0.67,201301280000
93675,1.88,201301280000
93944,0.93,201301280000
94431,1.04,201301280000
94710,2.48,201301280000
94755,0.78,201301280000
94997,2.86,201301280000
95000,2.81,201301280000
95707,1.27,201301280000
95949,0.58,201301280000
95998,2.15,201301280000
96188,2.31,201301280000
96225,0.91,201301280000
96249,0.73,201301280000
96468,2.8,201301280000
96486,2.14,201301280000
96718,1.63,201301280000
96972,2.1,201301280000
96995,0.96,201301280000
97251,2.73,201301280000
97440,0.81,201301280000
97471,0.58,201301280000
97969,2.38,201301280000
97990,2.88,201301280000
98224,1.69,201301280000
98229,1.23,201301280000
98450,1.75,201301280000
98475,1.33,201301280000
98739,1.74,201301280000
99256,1.15,201301280000
99468,1.77,201301280000
99730,2.52,201301280000
101215,1.19,201301280000
101911,1.7,201301280000
101912,0.72,201301280000
101989,0.66,201301280000
102999,1.8,201301280000
103242,2.34,201301280000
103431,1.11,201301280000
104177,0.89,201301280000
104221,2.35,201301280000
104239,1.63,201301280000
104701,1.65,201301280000
104984,2.06,201301280000
105196,0.97,201301280000
105219,1.04,201301280000
105460,1.69,201301280000
105461,2.53,201301280000
105481,1.03,201301280000
105489,0.63,201301280000
105709,2.43,201301280000
105710,1.39,201301280000
105711,1.26,201301280000
105712,0.5,201301280000
105713,1.5,201301280000
105715,1.2,201301280000
105726,2.5,201301280000
105727,1.99,201301280000
105736,2.61,201301280000
105960,1.66,201301280000
105961,2.78,201301280000
105962,1.22,201301280000
105963,0.71,201301280000
105964,2.94,201301280000
105975,2.43,201301280000
106195,2.41,201301280000
106213,2.53,201301280000
106214,1.14,201301280000
106215,2.06,201301280000
106221,1.29,201301280000
106231,0.95,201301280000
106232,1.3,201301280000
106234,2.82,201301280000
106235,2.84,201301280000
106237,2.12,201301280000
106446,0.59,201301280000
106447,2.63,201301280000
106462,1.2,201301280000
106463,2.26,201301280000
106465,2.46,201301280000
106466,2.29,201301280000
106467,2.23,201301280000
106480,1.87,201301280000
106712,0.77,201301280000
106717,0.53,201301280000
106718,2.51,201301280000
106741,2.57,201301280000
106958,1.79,201301280000
106964,1.19,201301280000
106965,2.94,201301280000
106966,0.86,201301280000
106967,3.0,201301280000
106971,1.09,201301280000
106983,0.52,201301280000
106997,0.69,201301280000
107200,2.38,201301280000
107212,0.66,201301280000
107219,1.34,201301280000
107240,1.56,201301280000
107460,1.45,201301280000
107465,2.75,201301280000
107466,2.36,201301280000
107468,2.62,201301280000
107491,2.12,201301280000
107711,1.95,201301280000
107725,1.35,201301280000
107726,1.15,201301280000
107954,1.15,201301280000
107966,2.47,201301280000
107971,0.78,201301280000
107979,1.43,201301280000
107993,1.53,201301280000
108205,0.51,201301280000
108211,2.38,201301280000
108214,1.65,201301280000
108215,0.67,201301280000
108217,2.41,201301280000
108219,2.76,201301280000
108220,2.14,201301280000
108222,0.86,201301280000
108225,0.58,201301280000
108230,0.78,201301280000
108454,0.79,201301280000
108463,0.67,201301280000
108499,1.66,201301280000
108717,2.88,201301280000
108722,1.08,201301280000
108724,0.75,201301280000
108733,1.57,201301280000
108968,2.36,201301280000
108975,0.83,201301280000
108984,2.51,201301280000
108985,0.82,201301280000
109216,2.91,201301280000
109219,1.05,201301280000
109222,0.55,201301280000
109227,1.08,201301280000
109231,2.48,201301280000
109236,1.27,201301280000
109245,0.68,201301280000
109473,1.71,201301280000
109487,1.96,201301280000
109494,1.79,201301280000
109495,2.95,201301280000
109496,0.72,201301280000
109497,1.0,201301280000
109742,1.51,201301280000
109744,2.55,201301280000
109748,0.82,201301280000
109750,1.19,201301280000
109980,1.57,201301280000
109991,1.76,201301280000
109994,2.08,201301280000
109998,1.45,201301280000
110001,2.4,201301280000
110243,1.45,201301280000
110247,1.4,201301280000
110249,2.43,201301280000
110251,1.28,201301280000
110253,0.8,201301280000
110254,1.39,201301280000
