cell,mobility,dtg
1610,1.6,201301041600
1846,2.34,201301041600
1851,2.02,201301041600
1853,2.11,201301041600
1856,2.42,201301041600
1857,0.57,201301041600
2103,0.83,201301041600
2105,0.74,201301041600
2106,1.73,201301041600
2107,2.76,201301041600
2114,1.13,201301041600
2342,1.28,201301041600
2347,1.99,201301041600
2351,2.11,201301041600
2354,1.01,201301041600
2357,1.07,201301041600
2372,1.71,201301041600
2374,1.16,201301041600
2591,1.32,201301041600
2595,2.4,201301041600
2605,1.92,201301041600
2611,1.31,201301041600
2615,2.67,201301041600
2620,0.83,201301041600
2627,2.11,201301041600
2839,1.39,201301041600
2847,2.53,201301041600
3086,2.78,201301041600
3094,2.54,201301041600
3100,2.7,201301041600
3124,2.83,201301041600
3128,2.08,201301041600
3334,1.24,201301041600
3337,1.09,201301041600
3375,1.33,201301041600
3614,0.61,201301041600
3619,0.92,201301041600
3632,1.53,201301041600
3635,1.85,201301041600
3830,2.86,201301041600
3831,2.91,201301041600
3833,2.59,201301041600
3837,1.85,201301041600
3845,1.08,201301041600
3856,1.92,201301041600
3860,2.62,201301041600
3865,2.77,201301041600
4078,0.55,201301041600
4081,0.67,201301041600
4137,1.51,201301041600
4141,1.51,201301041600
4142,0.51,201301041600
4328,2.9,201301041600
4329,0.69,201301041600
4341,2.23,201301041600
4345,2.65,201301041600
4348,1.71,201301041600
4354,2.19,201301041600
4372,2.84,201301041600
4577,2.81,201301041600
4578,1.88,201301041600
4580,1.87,201301041600
4582,1.21,201301041600
4605,2.33,201301041600
4608,0.8,201301041600
4631,2.4,201301041600
4636,1.81,201301041600
4637,1.23,201301041600
4829,2.93,201301041600
4830,1.16,201301041600
4831,1.05,201301041600
4834,1.27,201301041600
4837,0.57,201301041600
4852,1.38,201301041600
4863,2.91,201301041600
4868,2.68,201301041600
4890,0.86,201301041600
4891,1.63,201301041600
5078,2.33,201301041600
5081,2.06,201301041600
5084,2.73,201301041600
5127,2.66,201301041600
5153,1.24,201301041600
5327,0.96,201301041600
5329,1.04,201301041600
5333,2.49,201301041600
5334,2.96,201301041600
5339,2.93,201301041600
5369,1.2,201301041600
5402,1.99,201301041600
5410,0.76,201301041600
5577,1.21,201301041600
5581,2.14,201301041600
5592,0.86,201301041600
5612,1.93,201301041600
5623,0.85,201301041600
5876,0.55,201301041600
5893,2.16,201301041600
5898,1.6,201301041600
6078,2.7,201301041600
6118,2.91,201301041600
6136,1.07,201301041600
6158,1.39,201301041600
6159,2.54,201301041600
6333,1.49,201301041600
6353,1.98,201301041600
6365,0.57,201301041600
6366,1.39,201301041600
6414,1.68,201301041600
6588,1.28,201301041600
6609,1.89,201301041600
6635,2.73,201301041600
6668,0.92,201301041600
6841,0.76,201301041600
6849,1.31,201301041600
6896,1.42,201301041600
6924,2.35,201301041600
6928,2.52,201301041600
6935,1.75,201301041600
6939,1.31,201301041600
7077,0.98,201301041600
7078,1.91,201301041600
7085,1.57,201301041600
7088,0.67,201301041600
7113,1.74,201301041600
7114,1.66,201301041600
7129,2.61,201301041600
7133,2.34,201301041600
7165,0.89,201301041600
7192,2.5,201301041600
7354,0.88,201301041600
7375,2.22,201301041600
7379,1.83,201301041600
7401,0.87,201301041600
7410,2.77,201301041600
7436,2.65,201301041600
7584,0.86,201301041600
7646,1.73,201301041600
7849,0.92,201301041600
7871,1.01,201301041600
7927,1.72,201301041600
7948,1.35,201301041600
8080,2.13,201301041600
8170,2.35,201301041600
8182,2.52,201301041600
8195,1.67,201301041600
8342,2.4,201301041600
8582,2.08,201301041600
8602,2.82,201301041600
8609,1.99,201301041600
8638,0.76,201301041600
8656,0.9,201301041600
8830,1.06,201301041600
8839,1.77,201301041600
8876,2.99,201301041600
8897,2.05,201301041600
8912,1.13,201301041600
8918,2.83,201301041600
8929,1.49,201301041600
8940,1.89,201301041600
8954,2.53,201301041600
9140,1.14,201301041600
9333,2.09,201301041600
9468,2.01,201301041600
9473,1.24,201301041600
9589,2.47,201301041600
9601,1.15,201301041600
9607,0.81,201301041600
9658,2.41,201301041600
9724,1.84,201301041600
9833,2.64,201301041600
10084,2.83,201301041600
10089,1.01,201301041600
10096,2.01,201301041600
10144,2.08,201301041600
10170,0.62,201301041600
10181,2.06,201301041600
10189,1.56,201301041600
10201,1.85,201301041600
10334,0.67,201301041600
10335,1.87,201301041600
10383,1.3,201301041600
10414,2.51,201301041600
10444,2.99,201301041600
10458,2.97,201301041600
10477,1.45,201301041600
10586,1.68,201301041600
10601,1.19,201301041600
10609,2.16,201301041600
10616,0.51,201301041600
10633,2.65,201301041600
10655,1.54,201301041600
10665,2.72,201301041600
10681,0.89,201301041600
10717,2.38,201301041600
10835,0.77,201301041600
10837,1.8,201301041600
10847,1.93,201301041600
10903,2.59,201301041600
10911,2.68,201301041600
10918,2.6,201301041600
10973,2.37,201301041600
11087,0.77,201301041600
11092,1.55,201301041600
11128,1.84,201301041600
11222,2.64,201301041600
11223,2.81,201301041600
11225,1.2,201301041600
11238,2.8,201301041600
11361,0.96,201301041600
11393,2.45,201301041600
11424,0.95,201301041600
11601,1.93,201301041600
11682,2.97,201301041600
11704,2.12,201301041600
11858,2.48,201301041600
11884,2.91,201301041600
11901,2.46,201301041600
11946,1.13,201301041600
11960,2.29,201301041600
11972,0.59,201301041600
12089,2.4,201301041600
12090,2.56,201301041600
12096,1.97,201301041600
12120,1.36,201301041600
12157,0.96,201301041600
12230,0.87,201301041600
12383,2.43,201301041600
12431,0.85,201301041600
12601,1.36,201301041600
12625,1.77,201301041600
12632,0.94,201301041600
12842,2.32,201301041600
12875,1.81,201301041600
12901,2.59,201301041600
12913,1.49,201301041600
12933,1.97,201301041600
12934,1.92,201301041600
12985,0.71,201301041600
13099,2.57,201301041600
13114,2.07,201301041600
13150,0.59,201301041600
13175,2.94,201301041600
13183,2.92,201301041600
13222,1.69,201301041600
13358,0.72,201301041600
13444,0.72,201301041600
13455,0.67,201301041600
13456,1.28,201301041600
13670,1.31,201301041600
13694,2.91,201301041600
13845,0.82,201301041600
13849,1.39,201301041600
14011,1.13,201301041600
14095,0.98,201301041600
14133,2.25,201301041600
14161,2.54,201301041600
14167,1.45,201301041600
14184,1.59,201301041600
14241,2.83,201301041600
14255,2.04,201301041600
14349,1.89,201301041600
14350,2.56,201301041600
14375,1.77,201301041600
14452,1.3,201301041600
14475,1.3,201301041600
14620,1.23,201301041600
14673,1.51,201301041600
14745,2.05,201301041600
14859,1.4,201301041600
14936,1.0,201301041600
14995,2.22,201301041600
15097,2.33,201301041600
15098,2.88,201301041600
15246,0.9,201301041600
15349,2.88,201301041600
15440,1.34,201301041600
15600,1.15,201301041600
15656,2.75,201301041600
15672,0.89,201301041600
15699,1.28,201301041600
15714,0.63,201301041600
15725,1.77,201301041600
15744,1.5,201301041600
15849,1.63,201301041600
15850,0.9,201301041600
15851,2.71,201301041600
15853,1.16,201301041600
15871,2.97,201301041600
16100,0.98,201301041600
16105,2.22,201301041600
16114,2.16,201301041600
16171,2.02,201301041600
16184,0.69,201301041600
16400,0.81,201301041600
16414,2.9,201301041600
16601,0.83,201301041600
16604,2.4,201301041600
16625,1.22,201301041600
16670,0.73,201301041600
16853,2.78,201301041600
16868,0.53,201301041600
16932,2.29,201301041600
17232,1.99,201301041600
17355,2.73,201301041600
17358,2.11,201301041600
17367,1.13,201301041600
17635,1.7,201301041600
17673,2.45,201301041600
17681,1.87,201301041600
17884,2.92,201301041600
17984,1.77,201301041600
18108,1.0,201301041600
18115,1.21,201301041600
18118,1.38,201301041600
18123,2.87,201301041600
18139,1.95,201301041600
18154,1.08,201301041600
18160,2.63,201301041600
18177,0.85,201301041600
18185,1.47,201301041600
18383,2.12,201301041600
18404,0.95,201301041600
18427,2.44,201301041600
18466,0.85,201301041600
18616,1.42,201301041600
18629,0.98,201301041600
18861,1.87,201301041600
18866,1.89,201301041600
18925,0.75,201301041600
19110,2.62,201301041600
19112,2.25,201301041600
19114,0.95,201301041600
19122,2.62,201301041600
19360,0.87,201301041600
19443,1.23,201301041600
19481,1.19,201301041600
19611,0.86,201301041600
19612,0.8,201301041600
19618,1.51,201301041600
19633,1.88,201301041600
19678,2.89,201301041600
19878,2.43,201301041600
19913,1.98,201301041600
20113,1.27,201301041600
20114,0.54,201301041600
20116,1.61,201301041600
20170,0.68,201301041600
20363,2.74,201301041600
20387,1.75,201301041600
20396,2.2,201301041600
20436,0.9,201301041600
20616,2.95,201301041600
20621,0.87,201301041600
20628,2.69,201301041600
20651,1.02,201301041600
20671,1.28,201301041600
20682,1.94,201301041600
20864,1.29,201301041600
20882,2.68,201301041600
20931,1.24,201301041600
20995,2.81,201301041600
21115,1.37,201301041600
21118,1.66,201301041600
21201,2.9,201301041600
21373,1.44,201301041600
21377,2.32,201301041600
21392,1.88,201301041600
21407,2.41,201301041600
21428,0.54,201301041600
21448,2.79,201301041600
21617,1.83,201301041600
21619,2.36,201301041600
21639,2.8,201301041600
21658,1.36,201301041600
21663,1.59,201301041600
21701,2.82,201301041600
21721,1.4,201301041600
21868,2.91,201301041600
21871,1.64,201301041600
21999,1.24,201301041600
22126,2.83,201301041600
22133,0.79,201301041600
22174,1.86,201301041600
22176,2.57,201301041600
22205,2.56,201301041600
22368,0.79,201301041600
22395,1.04,201301041600
22419,1.78,201301041600
22420,2.13,201301041600
22421,0.94,201301041600
22422,1.06,201301041600
22619,2.65,201301041600
22630,1.89,201301041600
22634,2.38,201301041600
22671,2.08,201301041600
22673,2.89,201301041600
22700,0.92,201301041600
22751,1.34,201301041600
22768,0.95,201301041600
22869,2.3,201301041600
22877,2.09,201301041600
22928,2.44,201301041600
22940,1.96,201301041600
22955,1.91,201301041600
22963,2.62,201301041600
22966,1.33,201301041600
23120,0.77,201301041600
23124,0.55,201301041600
23125,2.7,201301041600
23131,0.63,201301041600
23138,1.77,201301041600
23169,1.3,201301041600
23194,1.23,201301041600
23216,2.85,201301041600
23370,2.34,201301041600
23371,0.96,201301041600
23379,2.86,201301041600
23386,2.78,201301041600
23388,1.31,201301041600
23427,0.55,201301041600
23621,2.08,201301041600
23627,2.55,201301041600
23635,0.89,201301041600
23641,1.43,201301041600
23662,2.2,201301041600
23669,1.36,201301041600
23690,2.95,201301041600
23744,1.44,201301041600
23750,2.57,201301041600
23872,1.71,201301041600
23873,0.98,201301041600
23875,2.93,201301041600
23881,2.22,201301041600
23894,2.57,201301041600
23896,1.34,201301041600
23907,1.61,201301041600
23925,1.84,201301041600
23973,1.0,201301041600
24005,0.74,201301041600
24009,0.94,201301041600
24032,1.37,201301041600
24122,0.85,201301041600
24123,1.75,201301041600
24149,1.46,201301041600
24247,2.28,201301041600
24251,1.29,201301041600
24265,1.09,201301041600
24266,2.7,201301041600
24373,0.67,201301041600
24374,2.27,201301041600
24380,1.01,201301041600
24381,2.03,201301041600
24383,0.5,201301041600
24387,1.65,201301041600
24402,2.6,201301041600
24405,1.54,201301041600
24423,1.23,201301041600
24623,0.63,201301041600
24626,1.05,201301041600
24643,1.17,201301041600
24732,0.72,201301041600
24734,1.12,201301041600
24739,1.03,201301041600
24774,1.51,201301041600
24775,2.73,201301041600
24781,0.98,201301041600
24837,2.96,201301041600
24874,1.31,201301041600
24877,0.62,201301041600
24879,2.87,201301041600
24880,1.74,201301041600
24895,2.94,201301041600
24920,1.06,201301041600
24990,1.68,201301041600
24991,1.55,201301041600
24993,1.49,201301041600
25124,0.85,201301041600
25125,1.42,201301041600
25126,1.21,201301041600
25129,0.7,201301041600
25130,0.86,201301041600
25132,1.73,201301041600
25136,1.36,201301041600
25138,1.85,201301041600
25141,0.67,201301041600
25179,2.79,201301041600
25187,1.36,201301041600
25375,2.44,201301041600
25376,1.45,201301041600
25377,1.17,201301041600
25379,0.68,201301041600
25385,0.6,201301041600
25395,0.91,201301041600
25400,2.77,201301041600
25405,2.68,201301041600
25412,2.55,201301041600
25427,0.97,201301041600
25626,2.05,201301041600
25627,2.54,201301041600
25628,2.0,201301041600
25629,0.52,201301041600
25632,2.0,201301041600
25633,1.76,201301041600
25642,1.5,201301041600
25715,0.89,201301041600
25747,1.75,201301041600
25763,1.41,201301041600
25876,2.29,201301041600
25877,2.32,201301041600
25878,1.98,201301041600
25881,0.94,201301041600
25882,1.64,201301041600
25886,1.9,201301041600
25888,1.92,201301041600
25926,2.69,201301041600
25997,2.5,201301041600
26005,1.09,201301041600
26035,1.34,201301041600
26127,2.27,201301041600
26129,1.1,201301041600
26130,2.28,201301041600
26133,1.9,201301041600
26135,2.51,201301041600
26136,1.21,201301041600
26138,0.9,201301041600
26139,1.36,201301041600
26141,2.85,201301041600
26148,1.02,201301041600
26168,1.14,201301041600
26378,0.53,201301041600
26379,1.68,201301041600
26380,2.4,201301041600
26381,1.66,201301041600
26382,0.86,201301041600
26383,1.99,201301041600
26385,2.72,201301041600
26386,0.77,201301041600
26387,0.98,201301041600
26389,0.81,201301041600
26391,0.88,201301041600
26392,2.5,201301041600
26393,2.94,201301041600
26396,0.51,201301041600
26403,2.49,201301041600
26408,1.72,201301041600
26427,1.62,201301041600
26450,1.73,201301041600
26492,2.1,201301041600
26546,0.97,201301041600
26563,2.08,201301041600
26564,1.07,201301041600
26628,3.0,201301041600
26629,0.6,201301041600
26630,1.95,201301041600
26631,2.86,201301041600
26633,2.23,201301041600
26634,1.23,201301041600
26656,2.41,201301041600
26674,1.08,201301041600
26708,1.16,201301041600
26752,2.25,201301041600
26754,2.75,201301041600
26755,2.5,201301041600
26782,2.33,201301041600
26846,1.89,201301041600
26879,0.51,201301041600
26880,1.15,201301041600
26881,1.67,201301041600
26882,2.08,201301041600
26883,0.57,201301041600
26884,0.64,201301041600
26885,2.21,201301041600
26886,1.48,201301041600
26887,1.45,201301041600
26889,0.73,201301041600
26890,0.83,201301041600
26891,1.45,201301041600
26892,1.82,201301041600
26893,1.47,201301041600
26894,0.96,201301041600
26895,1.58,201301041600
26897,2.14,201301041600
26905,1.09,201301041600
26938,1.08,201301041600
26964,0.95,201301041600
27006,2.75,201301041600
27042,1.72,201301041600
27098,1.46,201301041600
27130,0.96,201301041600
27131,0.6,201301041600
27132,0.56,201301041600
27133,0.86,201301041600
27134,0.98,201301041600
27135,0.67,201301041600
27136,1.83,201301041600
27137,1.68,201301041600
27138,1.15,201301041600
27142,2.26,201301041600
27143,1.41,201301041600
27145,1.94,201301041600
27148,0.59,201301041600
27149,2.58,201301041600
27152,2.71,201301041600
27155,1.41,201301041600
27175,1.51,201301041600
27209,1.55,201301041600
27247,1.66,201301041600
27381,1.94,201301041600
27382,2.32,201301041600
27383,2.64,201301041600
27384,0.78,201301041600
27386,2.61,201301041600
27387,1.43,201301041600
27388,2.4,201301041600
27389,2.64,201301041600
27390,2.18,201301041600
27392,2.18,201301041600
27395,2.7,201301041600
27404,2.11,201301041600
27415,2.95,201301041600
27427,1.27,201301041600
27489,1.3,201301041600
27494,0.68,201301041600
27498,2.65,201301041600
27518,2.02,201301041600
27632,1.4,201301041600
27633,2.58,201301041600
27634,0.99,201301041600
27635,1.98,201301041600
27636,2.04,201301041600
27637,1.49,201301041600
27638,2.69,201301041600
27639,1.0,201301041600
27640,2.38,201301041600
27642,2.32,201301041600
27643,1.68,201301041600
27645,0.85,201301041600
27646,1.88,201301041600
27647,2.18,201301041600
27649,2.47,201301041600
27654,2.49,201301041600
27763,2.27,201301041600
27764,1.1,201301041600
27796,2.08,201301041600
27797,2.73,201301041600
27883,1.57,201301041600
27884,0.78,201301041600
27885,2.92,201301041600
27886,1.97,201301041600
27887,2.71,201301041600
27888,1.11,201301041600
27889,2.07,201301041600
27890,2.26,201301041600
27891,1.34,201301041600
27892,1.81,201301041600
27894,1.64,201301041600
27895,2.95,201301041600
27897,1.63,201301041600
27902,1.82,201301041600
27908,2.94,201301041600
27911,1.26,201301041600
27930,1.26,201301041600
27971,2.6,201301041600
28004,2.42,201301041600
28015,1.13,201301041600
28049,1.47,201301041600
28102,2.02,201301041600
28134,1.61,201301041600
28135,2.51,201301041600
28136,1.59,201301041600
28137,2.05,201301041600
28138,2.59,201301041600
28139,1.26,201301041600
28140,1.35,201301041600
28142,1.83,201301041600
28143,2.08,201301041600
28144,2.81,201301041600
28146,0.77,201301041600
28154,1.39,201301041600
28156,2.24,201301041600
28216,2.9,201301041600
28239,1.6,201301041600
28384,1.8,201301041600
28385,2.97,201301041600
28386,2.01,201301041600
28387,0.64,201301041600
28388,1.62,201301041600
28389,2.05,201301041600
28390,1.56,201301041600
28391,1.74,201301041600
28392,0.95,201301041600
28393,1.38,201301041600
28394,2.37,201301041600
28396,1.71,201301041600
28397,2.65,201301041600
28400,1.78,201301041600
28401,0.92,201301041600
28405,2.43,201301041600
28427,1.43,201301041600
28467,1.87,201301041600
28496,1.19,201301041600
28497,1.19,201301041600
28519,0.76,201301041600
28535,1.76,201301041600
28539,1.31,201301041600
28545,1.8,201301041600
28557,1.74,201301041600
28635,1.06,201301041600
28636,0.98,201301041600
28637,0.88,201301041600
28638,0.85,201301041600
28639,1.21,201301041600
28640,2.05,201301041600
28641,0.92,201301041600
28642,1.03,201301041600
28643,0.59,201301041600
28644,2.92,201301041600
28645,2.07,201301041600
28646,0.6,201301041600
28649,2.72,201301041600
28658,1.08,201301041600
28667,1.02,201301041600
28675,1.72,201301041600
28751,1.19,201301041600
28753,1.17,201301041600
28754,2.54,201301041600
28788,2.8,201301041600
28812,2.28,201301041600
28823,0.81,201301041600
28886,2.22,201301041600
28887,2.72,201301041600
28888,0.95,201301041600
28889,0.66,201301041600
28890,0.85,201301041600
28891,1.95,201301041600
28892,0.62,201301041600
28893,1.91,201301041600
28894,0.79,201301041600
28895,2.01,201301041600
28896,1.51,201301041600
28897,1.19,201301041600
28899,2.26,201301041600
28900,2.61,201301041600
28901,0.97,201301041600
28902,1.64,201301041600
28905,2.76,201301041600
28912,1.03,201301041600
28960,0.78,201301041600
28969,1.4,201301041600
29004,2.17,201301041600
29012,1.63,201301041600
29026,2.75,201301041600
29068,0.87,201301041600
29076,0.98,201301041600
29088,1.48,201301041600
29094,2.29,201301041600
29136,1.78,201301041600
29137,2.07,201301041600
29138,0.64,201301041600
29139,0.89,201301041600
29140,2.05,201301041600
29141,0.88,201301041600
29142,1.51,201301041600
29143,2.2,201301041600
29144,1.0,201301041600
29146,2.46,201301041600
29147,2.09,201301041600
29148,2.92,201301041600
29149,0.97,201301041600
29151,0.77,201301041600
29158,1.49,201301041600
29165,1.07,201301041600
29171,0.92,201301041600
29190,0.93,201301041600
29247,0.92,201301041600
29387,0.52,201301041600
29388,1.23,201301041600
29389,0.95,201301041600
29390,0.97,201301041600
29391,0.5,201301041600
29392,2.15,201301041600
29393,0.6,201301041600
29394,1.81,201301041600
29395,2.73,201301041600
29396,1.58,201301041600
29397,0.89,201301041600
29398,1.54,201301041600
29399,0.86,201301041600
29401,1.8,201301041600
29402,2.61,201301041600
29403,2.78,201301041600
29405,1.24,201301041600
29409,2.77,201301041600
29425,0.53,201301041600
29429,2.63,201301041600
29495,1.95,201301041600
29498,2.23,201301041600
29533,1.25,201301041600
29556,2.78,201301041600
29638,2.7,201301041600
29639,2.97,201301041600
29640,2.04,201301041600
29641,2.64,201301041600
29642,0.83,201301041600
29643,1.64,201301041600
29644,1.43,201301041600
29645,0.65,201301041600
29648,1.11,201301041600
29649,1.59,201301041600
29650,0.88,201301041600
29654,1.49,201301041600
29663,2.2,201301041600
29670,0.79,201301041600
29710,1.19,201301041600
29730,2.78,201301041600
29733,2.3,201301041600
29736,0.86,201301041600
29766,2.3,201301041600
29891,1.05,201301041600
29892,2.68,201301041600
29893,1.45,201301041600
29894,1.32,201301041600
29895,2.95,201301041600
29896,1.94,201301041600
29897,2.21,201301041600
29898,1.54,201301041600
29900,0.94,201301041600
29903,2.42,201301041600
29906,0.8,201301041600
29909,1.7,201301041600
29912,1.72,201301041600
29917,2.85,201301041600
29925,2.3,201301041600
29966,2.05,201301041600
30021,1.96,201301041600
30026,1.58,201301041600
30036,2.23,201301041600
30142,1.54,201301041600
30143,2.27,201301041600
30144,0.88,201301041600
30145,1.59,201301041600
30146,1.56,201301041600
30147,0.71,201301041600
30148,2.08,201301041600
30152,1.9,201301041600
30154,2.14,201301041600
30157,2.42,201301041600
30158,2.53,201301041600
30181,1.68,201301041600
30242,1.75,201301041600
30243,1.0,201301041600
30244,0.7,201301041600
30261,1.75,201301041600
30300,1.12,201301041600
30322,2.35,201301041600
30393,1.26,201301041600
30394,1.27,201301041600
30395,2.61,201301041600
30396,0.76,201301041600
30397,2.97,201301041600
30398,1.05,201301041600
30400,0.62,201301041600
30401,1.61,201301041600
30403,2.16,201301041600
30407,1.69,201301041600
30410,2.94,201301041600
30420,0.85,201301041600
30430,1.28,201301041600
30434,2.1,201301041600
30439,0.63,201301041600
30481,2.31,201301041600
30489,0.51,201301041600
30494,2.19,201301041600
30495,2.3,201301041600
30496,1.16,201301041600
30645,1.85,201301041600
30646,2.58,201301041600
30647,2.33,201301041600
30648,2.66,201301041600
30649,2.06,201301041600
30650,1.61,201301041600
30651,2.37,201301041600
30652,1.43,201301041600
30653,0.62,201301041600
30654,2.27,201301041600
30661,1.53,201301041600
30664,1.46,201301041600
30666,1.39,201301041600
30669,2.29,201301041600
30673,1.69,201301041600
30683,0.74,201301041600
30745,2.69,201301041600
30750,1.52,201301041600
30777,2.12,201301041600
30780,3.0,201301041600
30812,1.87,201301041600
30897,1.76,201301041600
30898,2.46,201301041600
30899,2.63,201301041600
30900,2.42,201301041600
30901,2.83,201301041600
30902,2.02,201301041600
30903,1.64,201301041600
30904,2.58,201301041600
30908,2.07,201301041600
30909,1.22,201301041600
30912,2.17,201301041600
30913,2.94,201301041600
30928,0.71,201301041600
30953,2.42,201301041600
30979,2.26,201301041600
30994,1.79,201301041600
30995,1.33,201301041600
31027,2.08,201301041600
31028,0.54,201301041600
31029,2.39,201301041600
31082,1.97,201301041600
31148,1.72,201301041600
31149,0.65,201301041600
31150,2.73,201301041600
31151,0.98,201301041600
31152,1.59,201301041600
31156,1.02,201301041600
31157,2.32,201301041600
31161,1.36,201301041600
31166,1.4,201301041600
31172,1.41,201301041600
31274,1.98,201301041600
31281,1.68,201301041600
31369,1.16,201301041600
31398,1.25,201301041600
31401,2.08,201301041600
31407,1.73,201301041600
31408,0.76,201301041600
31409,1.29,201301041600
31410,2.61,201301041600
31413,1.0,201301041600
31419,2.58,201301041600
31427,1.88,201301041600
31457,0.64,201301041600
31466,2.96,201301041600
31651,2.89,201301041600
31652,1.12,201301041600
31656,2.07,201301041600
31660,0.93,201301041600
31663,2.46,201301041600
31666,1.86,201301041600
31675,1.65,201301041600
31738,2.48,201301041600
31754,2.71,201301041600
31782,1.4,201301041600
31903,0.94,201301041600
31904,1.92,201301041600
31905,1.34,201301041600
31906,0.62,201301041600
31908,0.51,201301041600
31912,2.76,201301041600
31921,1.37,201301041600
31928,2.14,201301041600
31949,0.57,201301041600
32028,1.59,201301041600
32032,1.27,201301041600
32045,0.94,201301041600
32150,1.7,201301041600
32155,2.65,201301041600
32157,2.05,201301041600
32161,0.84,201301041600
32162,1.14,201301041600
32167,2.04,201301041600
32169,2.01,201301041600
32175,2.97,201301041600
32182,2.74,201301041600
32185,1.31,201301041600
32195,1.97,201301041600
32235,2.66,201301041600
32404,1.72,201301041600
32405,2.33,201301041600
32410,0.76,201301041600
32411,1.94,201301041600
32415,0.99,201301041600
32449,2.96,201301041600
32490,0.62,201301041600
32558,0.91,201301041600
32622,2.92,201301041600
32656,1.43,201301041600
32658,2.79,201301041600
32660,2.4,201301041600
32662,1.38,201301041600
32668,1.73,201301041600
32682,2.24,201301041600
32697,2.45,201301041600
32712,1.38,201301041600
32729,2.33,201301041600
32739,1.9,201301041600
32742,1.1,201301041600
32744,1.49,201301041600
32802,1.44,201301041600
32834,1.65,201301041600
32905,2.42,201301041600
32907,2.43,201301041600
32912,2.91,201301041600
32916,1.62,201301041600
32922,1.68,201301041600
32924,1.66,201301041600
32926,0.67,201301041600
32929,2.45,201301041600
32977,1.94,201301041600
32978,2.1,201301041600
33154,0.5,201301041600
33158,2.13,201301041600
33160,1.17,201301041600
33165,2.72,201301041600
33170,0.93,201301041600
33186,1.29,201301041600
33286,2.53,201301041600
33405,2.26,201301041600
33409,2.79,201301041600
33412,1.67,201301041600
33418,1.27,201301041600
33420,1.86,201301041600
33424,1.45,201301041600
33435,1.77,201301041600
33442,0.99,201301041600
33519,1.23,201301041600
33594,1.44,201301041600
33656,0.8,201301041600
33659,1.02,201301041600
33662,0.6,201301041600
33664,2.8,201301041600
33666,2.59,201301041600
33669,1.4,201301041600
33673,2.03,201301041600
33675,1.56,201301041600
33694,1.91,201301041600
33724,1.35,201301041600
33742,2.1,201301041600
33812,1.4,201301041600
33909,1.11,201301041600
33911,0.66,201301041600
33912,1.33,201301041600
33913,2.96,201301041600
33922,0.79,201301041600
33923,0.84,201301041600
33924,0.88,201301041600
33931,0.58,201301041600
33935,2.21,201301041600
33986,1.25,201301041600
34013,1.21,201301041600
34160,2.74,201301041600
34161,1.18,201301041600
34162,2.13,201301041600
34163,0.93,201301041600
34167,0.9,201301041600
34190,2.63,201301041600
34211,0.77,201301041600
34303,1.27,201301041600
34380,0.84,201301041600
34407,2.22,201301041600
34413,2.39,201301041600
34423,1.62,201301041600
34424,2.36,201301041600
34427,2.94,201301041600
34430,1.95,201301041600
34437,2.74,201301041600
34440,1.01,201301041600
34486,2.56,201301041600
34495,2.24,201301041600
34510,0.78,201301041600
34520,2.23,201301041600
34528,2.77,201301041600
34563,1.82,201301041600
34662,2.06,201301041600
34667,0.63,201301041600
34668,2.61,201301041600
34670,2.79,201301041600
34672,1.8,201301041600
34673,1.6,201301041600
34676,0.53,201301041600
34679,0.62,201301041600
34682,2.39,201301041600
34695,1.67,201301041600
34710,0.62,201301041600
34714,2.31,201301041600
34720,0.55,201301041600
34882,1.83,201301041600
34913,2.44,201301041600
34914,2.63,201301041600
34915,1.89,201301041600
34924,1.28,201301041600
34925,1.72,201301041600
34934,1.4,201301041600
34939,1.46,201301041600
34959,1.56,201301041600
34990,0.63,201301041600
35102,1.25,201301041600
35164,2.77,201301041600
35166,1.61,201301041600
35173,1.62,201301041600
35178,2.87,201301041600
35183,1.28,201301041600
35185,2.11,201301041600
35187,0.52,201301041600
35193,2.47,201301041600
35203,0.92,201301041600
35218,1.74,201301041600
35237,1.29,201301041600
35244,2.51,201301041600
35249,2.65,201301041600
35295,0.67,201301041600
35368,2.41,201301041600
35410,0.96,201301041600
35414,2.06,201301041600
35415,1.28,201301041600
35417,2.53,201301041600
35421,1.68,201301041600
35440,1.49,201301041600
35455,0.78,201301041600
35492,1.53,201301041600
35515,1.93,201301041600
35665,2.44,201301041600
35675,1.38,201301041600
35683,1.9,201301041600
35686,2.41,201301041600
35700,2.53,201301041600
35745,1.23,201301041600
35755,2.76,201301041600
35769,0.57,201301041600
35916,1.27,201301041600
35917,1.11,201301041600
35918,2.81,201301041600
35919,1.78,201301041600
35921,2.37,201301041600
35929,1.22,201301041600
35931,2.18,201301041600
35941,1.99,201301041600
35944,2.68,201301041600
35971,2.06,201301041600
35981,2.73,201301041600
35992,1.02,201301041600
35994,2.39,201301041600
36067,1.7,201301041600
36162,2.37,201301041600
36167,1.54,201301041600
36169,1.42,201301041600
36170,1.6,201301041600
36173,1.81,201301041600
36176,2.07,201301041600
36177,1.08,201301041600
36205,1.9,201301041600
36237,1.86,201301041600
36245,2.54,201301041600
36246,1.43,201301041600
36293,2.8,201301041600
36311,2.96,201301041600
36417,1.84,201301041600
36420,1.78,201301041600
36421,1.4,201301041600
36441,2.39,201301041600
36448,2.35,201301041600
36494,0.81,201301041600
36498,1.95,201301041600
36502,1.57,201301041600
36510,2.37,201301041600
36513,1.45,201301041600
36519,2.29,201301041600
36524,1.61,201301041600
36576,1.35,201301041600
36668,2.44,201301041600
36673,2.39,201301041600
36675,0.97,201301041600
36677,1.21,201301041600
36679,0.94,201301041600
36682,1.65,201301041600
36688,0.98,201301041600
36690,2.76,201301041600
36711,2.09,201301041600
36717,2.53,201301041600
36758,1.22,201301041600
36889,1.18,201301041600
36915,1.06,201301041600
36918,1.02,201301041600
36933,1.18,201301041600
36934,2.66,201301041600
36953,1.05,201301041600
36959,0.55,201301041600
36996,1.67,201301041600
36999,1.82,201301041600
37001,1.87,201301041600
37167,1.34,201301041600
37168,1.13,201301041600
37169,1.2,201301041600
37172,2.94,201301041600
37176,2.79,201301041600
37178,1.09,201301041600
37179,2.48,201301041600
37182,1.08,201301041600
37192,1.26,201301041600
37200,2.8,201301041600
37206,1.61,201301041600
37232,1.55,201301041600
37239,1.61,201301041600
37270,2.96,201301041600
37298,0.7,201301041600
37304,1.23,201301041600
37419,1.37,201301041600
37421,0.93,201301041600
37423,1.13,201301041600
37425,2.84,201301041600
37446,1.9,201301041600
37454,1.68,201301041600
37477,2.0,201301041600
37487,2.0,201301041600
37501,2.71,201301041600
37503,1.95,201301041600
37513,2.28,201301041600
37523,1.21,201301041600
37562,2.79,201301041600
37609,0.84,201301041600
37642,2.47,201301041600
37643,0.52,201301041600
37670,2.72,201301041600
37671,0.93,201301041600
37672,0.54,201301041600
37676,0.78,201301041600
37688,2.98,201301041600
37689,2.02,201301041600
37690,2.85,201301041600
37695,2.56,201301041600
37701,0.86,201301041600
37710,1.58,201301041600
37711,0.79,201301041600
37754,0.71,201301041600
37874,2.8,201301041600
37891,1.47,201301041600
37893,1.51,201301041600
37894,0.98,201301041600
37926,1.73,201301041600
37928,2.2,201301041600
37929,1.34,201301041600
37932,0.86,201301041600
37936,2.03,201301041600
37943,1.12,201301041600
37952,2.62,201301041600
37962,2.16,201301041600
37968,0.62,201301041600
38003,1.64,201301041600
38060,2.99,201301041600
38145,2.89,201301041600
38172,2.93,201301041600
38173,0.94,201301041600
38178,1.15,201301041600
38200,1.75,201301041600
38204,1.44,201301041600
38209,2.62,201301041600
38215,2.06,201301041600
38220,0.93,201301041600
38225,0.8,201301041600
38228,1.52,201301041600
38230,1.97,201301041600
38243,0.51,201301041600
38247,2.61,201301041600
38255,1.39,201301041600
38263,2.63,201301041600
38268,2.23,201301041600
38272,1.14,201301041600
38367,0.98,201301041600
38381,0.66,201301041600
38423,1.46,201301041600
38425,1.65,201301041600
38426,0.72,201301041600
38431,1.13,201301041600
38440,1.77,201301041600
38479,2.68,201301041600
38481,1.97,201301041600
38483,1.65,201301041600
38488,2.17,201301041600
38490,1.58,201301041600
38498,2.15,201301041600
38499,0.89,201301041600
38500,1.88,201301041600
38505,2.58,201301041600
38506,0.81,201301041600
38508,2.32,201301041600
38517,1.37,201301041600
38534,1.25,201301041600
38648,2.73,201301041600
38674,0.98,201301041600
38676,2.15,201301041600
38679,0.66,201301041600
38684,1.55,201301041600
38693,2.67,201301041600
38697,2.36,201301041600
38716,2.59,201301041600
38722,0.88,201301041600
38736,2.17,201301041600
38738,2.23,201301041600
38752,2.95,201301041600
38753,2.02,201301041600
38758,0.78,201301041600
38760,2.92,201301041600
38761,0.59,201301041600
38762,2.67,201301041600
38766,1.95,201301041600
38769,1.2,201301041600
38778,2.54,201301041600
38812,1.41,201301041600
38939,0.83,201301041600
38953,2.98,201301041600
38958,2.31,201301041600
38967,1.08,201301041600
39006,2.08,201301041600
39008,0.6,201301041600
39010,1.45,201301041600
39011,1.29,201301041600
39017,2.95,201301041600
39113,2.61,201301041600
39148,2.28,201301041600
39149,2.16,201301041600
39176,1.49,201301041600
39178,1.69,201301041600
39191,2.99,201301041600
39201,2.29,201301041600
39230,2.47,201301041600
39236,1.61,201301041600
39246,1.57,201301041600
39252,0.98,201301041600
39255,1.6,201301041600
39260,2.22,201301041600
39262,0.56,201301041600
39263,1.22,201301041600
39268,1.31,201301041600
39269,1.18,201301041600
39271,0.81,201301041600
39274,0.67,201301041600
39275,2.58,201301041600
39375,2.17,201301041600
39391,1.46,201301041600
39427,1.99,201301041600
39428,2.79,201301041600
39430,2.57,201301041600
39433,2.5,201301041600
39446,2.3,201301041600
39457,2.77,201301041600
39514,1.98,201301041600
39515,2.98,201301041600
39516,1.06,201301041600
39517,1.35,201301041600
39535,2.8,201301041600
39554,2.14,201301041600
39559,2.84,201301041600
39631,1.96,201301041600
39632,2.51,201301041600
39633,1.03,201301041600
39652,1.2,201301041600
39683,1.55,201301041600
39687,1.67,201301041600
39706,2.24,201301041600
39710,1.93,201301041600
39722,1.29,201301041600
39731,2.3,201301041600
39750,2.61,201301041600
39755,2.03,201301041600
39759,2.68,201301041600
39762,2.8,201301041600
39764,2.5,201301041600
39765,1.32,201301041600
39766,1.68,201301041600
39767,2.15,201301041600
39769,1.47,201301041600
39772,1.89,201301041600
39776,1.22,201301041600
39777,1.17,201301041600
39790,0.51,201301041600
39791,1.6,201301041600
39796,0.95,201301041600
39832,1.81,201301041600
39883,1.67,201301041600
39930,2.66,201301041600
39932,1.93,201301041600
39941,1.22,201301041600
39948,1.83,201301041600
39969,2.73,201301041600
40018,2.84,201301041600
40031,2.16,201301041600
40133,1.25,201301041600
40180,1.83,201301041600
40188,1.87,201301041600
40196,0.53,201301041600
40242,0.8,201301041600
40246,1.95,201301041600
40259,1.41,201301041600
40264,1.33,201301041600
40267,2.26,201301041600
40268,2.88,201301041600
40270,2.1,201301041600
40276,1.8,201301041600
40286,2.88,201301041600
40295,2.06,201301041600
40431,0.77,201301041600
40432,2.62,201301041600
40442,1.57,201301041600
40447,0.8,201301041600
40448,1.94,201301041600
40451,1.53,201301041600
40457,1.01,201301041600
40500,2.98,201301041600
40512,1.54,201301041600
40518,2.73,201301041600
40519,2.53,201301041600
40522,2.01,201301041600
40524,2.37,201301041600
40525,1.62,201301041600
40532,2.31,201301041600
40560,2.8,201301041600
40566,2.35,201301041600
40633,2.07,201301041600
40687,2.78,201301041600
40713,2.82,201301041600
40719,1.84,201301041600
40732,1.2,201301041600
40733,2.95,201301041600
40766,1.77,201301041600
40810,2.72,201301041600
40894,2.59,201301041600
40933,2.44,201301041600
40936,2.93,201301041600
40939,2.6,201301041600
40954,2.92,201301041600
40982,1.02,201301041600
41021,1.64,201301041600
41024,0.94,201301041600
41061,2.6,201301041600
41145,2.56,201301041600
41157,2.25,201301041600
41183,2.9,201301041600
41200,0.89,201301041600
41262,2.93,201301041600
41265,2.64,201301041600
41270,2.19,201301041600
41277,1.97,201301041600
41318,2.71,201301041600
41401,2.81,201301041600
41407,1.66,201301041600
41437,1.06,201301041600
41459,2.49,201301041600
41465,1.27,201301041600
41469,2.96,201301041600
41508,1.08,201301041600
41520,1.91,201301041600
41522,0.75,201301041600
41526,2.85,201301041600
41532,2.46,201301041600
41558,0.8,201301041600
41635,1.95,201301041600
41653,1.11,201301041600
41658,2.08,201301041600
41692,1.56,201301041600
41696,2.7,201301041600
41764,0.95,201301041600
41772,1.92,201301041600
41893,1.89,201301041600
41904,2.21,201301041600
41905,2.95,201301041600
41936,1.64,201301041600
41941,0.64,201301041600
41958,2.99,201301041600
41990,2.64,201301041600
42023,0.82,201301041600
42026,1.73,201301041600
42029,1.45,201301041600
42074,1.33,201301041600
42085,1.75,201301041600
42095,1.64,201301041600
42147,1.15,201301041600
42160,0.5,201301041600
42200,1.91,201301041600
42213,1.48,201301041600
42267,0.66,201301041600
42271,2.08,201301041600
42274,2.11,201301041600
42283,2.29,201301041600
42291,0.94,201301041600
42342,0.57,201301041600
42411,1.17,201301041600
42438,1.28,201301041600
42454,2.48,201301041600
42471,2.33,201301041600
42478,2.19,201301041600
42487,1.49,201301041600
42503,1.16,201301041600
42514,0.66,201301041600
42521,2.94,201301041600
42533,0.51,201301041600
42644,2.43,201301041600
42661,2.73,201301041600
42695,1.19,201301041600
42744,2.69,201301041600
42750,1.96,201301041600
42846,1.01,201301041600
42905,0.84,201301041600
42912,1.94,201301041600
42939,2.84,201301041600
42940,1.03,201301041600
42944,2.97,201301041600
42949,2.82,201301041600
43011,1.28,201301041600
43021,0.94,201301041600
43030,1.59,201301041600
43151,2.41,201301041600
43160,0.63,201301041600
43162,2.87,201301041600
43213,1.88,201301041600
43220,0.88,201301041600
43261,1.67,201301041600
43412,2.36,201301041600
43413,1.9,201301041600
43440,0.52,201301041600
43443,1.83,201301041600
43449,2.9,201301041600
43483,2.49,201301041600
43484,2.0,201301041600
43494,2.88,201301041600
43518,1.3,201301041600
43523,1.98,201301041600
43526,0.9,201301041600
43530,1.8,201301041600
43571,1.6,201301041600
43642,2.12,201301041600
43662,0.52,201301041600
43738,1.29,201301041600
43760,0.71,201301041600
43779,1.17,201301041600
43914,1.62,201301041600
43957,2.22,201301041600
43980,1.62,201301041600
43984,2.19,201301041600
43992,2.52,201301041600
43995,1.54,201301041600
44002,2.66,201301041600
44039,1.83,201301041600
44194,2.82,201301041600
44197,0.65,201301041600
44204,2.22,201301041600
44215,0.81,201301041600
44226,1.78,201301041600
44247,2.21,201301041600
44255,1.5,201301041600
44282,1.82,201301041600
44284,2.65,201301041600
44356,1.95,201301041600
44470,2.57,201301041600
44486,2.46,201301041600
44503,1.51,201301041600
44504,2.4,201301041600
44510,0.71,201301041600
44517,2.41,201301041600
44534,2.39,201301041600
44578,1.13,201301041600
44666,0.93,201301041600
44694,1.04,201301041600
44697,2.24,201301041600
44716,1.59,201301041600
44724,0.61,201301041600
44743,2.85,201301041600
44755,0.51,201301041600
44756,1.72,201301041600
44757,2.46,201301041600
44758,2.45,201301041600
44786,1.76,201301041600
44787,2.57,201301041600
44911,2.17,201301041600
44963,0.66,201301041600
45005,2.47,201301041600
45006,1.26,201301041600
45007,2.26,201301041600
45008,0.84,201301041600
45039,2.52,201301041600
45114,2.27,201301041600
45168,1.07,201301041600
45200,2.61,201301041600
45203,2.08,201301041600
45208,1.57,201301041600
45237,0.93,201301041600
45254,1.17,201301041600
45256,1.62,201301041600
45258,2.48,201301041600
45261,1.11,201301041600
45265,2.31,201301041600
45266,2.56,201301041600
45401,1.45,201301041600
45479,2.5,201301041600
45502,0.94,201301041600
45507,0.53,201301041600
45509,2.58,201301041600
45526,0.53,201301041600
45538,2.13,201301041600
45582,2.69,201301041600
45661,0.67,201301041600
45701,2.58,201301041600
45703,1.2,201301041600
45716,2.08,201301041600
45720,2.94,201301041600
45725,2.71,201301041600
45735,2.43,201301041600
45747,0.8,201301041600
45766,2.84,201301041600
45793,0.51,201301041600
45795,2.21,201301041600
45919,1.06,201301041600
45948,2.45,201301041600
46008,2.26,201301041600
46036,2.4,201301041600
46041,1.07,201301041600
46052,1.4,201301041600
46074,0.82,201301041600
46145,0.77,201301041600
46202,2.94,201301041600
46209,1.57,201301041600
46242,2.33,201301041600
46265,1.54,201301041600
46372,1.13,201301041600
46384,2.12,201301041600
46455,2.76,201301041600
46508,1.08,201301041600
46523,0.7,201301041600
46538,2.84,201301041600
46565,1.59,201301041600
46574,1.45,201301041600
46626,1.87,201301041600
46700,1.39,201301041600
46738,1.58,201301041600
46770,2.23,201301041600
46778,2.97,201301041600
46787,1.73,201301041600
46803,1.25,201301041600
46954,1.59,201301041600
46964,1.5,201301041600
46972,1.18,201301041600
46976,1.35,201301041600
46981,1.53,201301041600
47011,1.09,201301041600
47015,0.86,201301041600
47047,0.8,201301041600
47253,0.51,201301041600
47288,1.16,201301041600
47295,2.57,201301041600
47342,2.66,201301041600
47454,0.93,201301041600
47535,0.7,201301041600
47543,1.11,201301041600
47705,0.95,201301041600
47709,1.19,201301041600
47711,2.55,201301041600
47758,0.92,201301041600
47806,1.56,201301041600
47889,2.44,201301041600
47926,0.66,201301041600
47968,1.03,201301041600
47972,1.7,201301041600
47977,0.6,201301041600
47982,2.66,201301041600
48032,1.96,201301041600
48209,1.92,201301041600
48239,2.6,201301041600
48244,1.43,201301041600
48278,1.7,201301041600
48420,1.96,201301041600
48427,0.54,201301041600
48499,2.43,201301041600
48503,2.13,201301041600
48552,0.83,201301041600
48584,2.13,201301041600
48713,0.75,201301041600
48759,0.55,201301041600
48848,1.22,201301041600
48898,2.77,201301041600
49017,1.3,201301041600
49049,2.31,201301041600
49229,2.47,201301041600
49241,1.22,201301041600
49472,2.96,201301041600
49483,2.94,201301041600
49542,1.95,201301041600
49555,1.62,201301041600
49679,1.8,201301041600
49750,2.01,201301041600
49760,2.65,201301041600
49777,2.45,201301041600
49968,1.91,201301041600
50053,1.02,201301041600
50103,1.85,201301041600
50180,0.7,201301041600
50285,1.59,201301041600
50430,2.35,201301041600
50470,1.81,201301041600
50494,0.81,201301041600
50511,0.91,201301041600
50549,2.75,201301041600
50680,2.9,201301041600
50682,2.49,201301041600
50731,1.08,201301041600
50812,2.53,201301041600
50872,2.77,201301041600
51029,2.16,201301041600
51046,2.01,201301041600
51053,2.49,201301041600
51056,1.15,201301041600
51162,0.66,201301041600
51177,1.91,201301041600
51182,2.77,201301041600
51228,0.53,201301041600
51258,1.94,201301041600
51430,2.82,201301041600
51431,0.97,201301041600
51432,1.33,201301041600
51520,1.11,201301041600
51681,2.9,201301041600
51682,1.07,201301041600
51725,0.99,201301041600
51790,2.48,201301041600
51832,2.07,201301041600
51857,0.61,201301041600
51931,0.62,201301041600
51932,0.76,201301041600
51986,2.48,201301041600
52003,2.64,201301041600
52182,1.26,201301041600
52244,0.82,201301041600
52259,1.99,201301041600
52280,2.52,201301041600
52319,2.46,201301041600
52473,2.67,201301041600
52518,0.58,201301041600
52631,1.53,201301041600
52679,2.1,201301041600
52729,1.27,201301041600
52811,2.9,201301041600
52983,1.88,201301041600
52988,1.99,201301041600
52993,0.93,201301041600
53000,1.82,201301041600
53016,2.59,201301041600
53027,1.97,201301041600
53072,2.69,201301041600
53090,2.19,201301041600
53177,1.35,201301041600
53178,2.79,201301041600
53381,2.88,201301041600
53427,1.61,201301041600
53429,2.91,201301041600
53761,2.61,201301041600
53774,0.87,201301041600
53797,2.47,201301041600
53810,1.99,201301041600
53822,1.33,201301041600
53864,2.22,201301041600
53927,2.68,201301041600
54038,1.81,201301041600
54071,2.93,201301041600
54234,1.25,201301041600
54281,2.69,201301041600
54284,0.86,201301041600
54327,0.78,201301041600
54334,2.91,201301041600
54349,2.2,201301041600
54427,2.12,201301041600
54503,1.05,201301041600
54510,0.84,201301041600
54520,2.26,201301041600
54550,1.92,201301041600
54578,0.92,201301041600
54678,1.24,201301041600
54828,2.4,201301041600
54983,1.59,201301041600
54996,2.47,201301041600
55070,2.44,201301041600
55329,1.81,201301041600
55331,1.69,201301041600
55535,1.91,201301041600
55633,0.68,201301041600
55680,0.71,201301041600
55761,1.04,201301041600
55831,1.78,201301041600
55832,1.48,201301041600
55838,1.92,201301041600
55845,1.18,201301041600
56106,2.71,201301041600
56493,2.29,201301041600
56571,2.65,201301041600
56586,0.75,201301041600
56587,1.59,201301041600
56591,1.27,201301041600
56738,1.93,201301041600
56835,2.26,201301041600
56882,2.58,201301041600
56887,2.06,201301041600
56888,1.24,201301041600
56933,1.97,201301041600
56934,0.58,201301041600
57042,2.94,201301041600
57062,1.34,201301041600
57189,2.78,201301041600
57261,2.36,201301041600
57329,2.27,201301041600
57342,1.77,201301041600
57376,1.9,201301041600
57378,2.03,201301041600
57380,2.93,201301041600
57397,0.51,201301041600
57440,2.37,201301041600
57495,2.88,201301041600
57523,1.57,201301041600
57555,2.58,201301041600
57597,1.77,201301041600
57613,2.26,201301041600
57615,2.57,201301041600
57628,1.74,201301041600
57631,1.37,201301041600
57823,1.27,201301041600
57837,1.66,201301041600
57851,2.04,201301041600
57852,1.9,201301041600
57906,1.23,201301041600
58179,2.37,201301041600
58251,1.12,201301041600
58421,0.91,201301041600
58511,2.22,201301041600
58632,0.72,201301041600
58744,2.59,201301041600
58802,1.31,201301041600
58814,1.11,201301041600
58879,1.24,201301041600
58892,2.79,201301041600
59010,1.4,201301041600
59043,2.07,201301041600
59104,1.11,201301041600
59125,1.24,201301041600
59134,1.55,201301041600
59285,0.99,201301041600
59329,2.66,201301041600
59555,0.75,201301041600
59635,1.53,201301041600
59745,0.8,201301041600
59927,0.93,201301041600
59941,1.69,201301041600
60008,0.82,201301041600
60011,1.16,201301041600
60114,2.28,201301041600
60141,1.62,201301041600
60147,2.45,201301041600
60331,1.79,201301041600
60344,0.6,201301041600
60350,2.55,201301041600
60578,0.61,201301041600
60593,1.27,201301041600
60613,1.97,201301041600
60630,0.52,201301041600
60635,2.11,201301041600
60649,1.54,201301041600
60750,2.18,201301041600
60774,2.1,201301041600
60819,1.96,201301041600
60880,2.94,201301041600
60888,2.29,201301041600
61062,0.95,201301041600
61110,0.64,201301041600
61263,2.94,201301041600
61343,2.33,201301041600
61591,1.07,201301041600
61597,2.83,201301041600
61654,2.33,201301041600
61818,1.97,201301041600
62077,0.8,201301041600
62104,1.5,201301041600
62135,1.05,201301041600
62140,2.01,201301041600
62252,1.85,201301041600
62558,2.32,201301041600
62589,1.27,201301041600
62757,0.71,201301041600
62772,2.41,201301041600
62850,2.69,201301041600
62926,2.77,201301041600
62948,0.9,201301041600
63044,2.85,201301041600
63153,1.94,201301041600
63383,1.24,201301041600
63397,2.8,201301041600
63398,2.28,201301041600
63407,1.5,201301041600
63574,1.8,201301041600
63586,2.6,201301041600
63816,1.74,201301041600
64102,2.57,201301041600
64150,1.44,201301041600
64200,1.22,201301041600
64515,1.9,201301041600
64529,1.05,201301041600
64573,2.53,201301041600
64581,2.42,201301041600
64815,1.26,201301041600
64915,1.33,201301041600
65059,1.27,201301041600
65144,2.05,201301041600
65320,1.88,201301041600
65375,0.78,201301041600
65454,2.5,201301041600
65528,2.56,201301041600
65607,2.99,201301041600
65774,1.29,201301041600
65838,2.97,201301041600
66068,2.69,201301041600
66084,0.75,201301041600
66151,1.38,201301041600
66353,0.76,201301041600
66538,2.42,201301041600
66575,1.06,201301041600
66637,2.4,201301041600
66827,1.67,201301041600
66870,1.16,201301041600
67110,1.04,201301041600
67207,1.44,201301041600
67335,1.32,201301041600
67385,1.37,201301041600
67599,0.63,201301041600
67601,0.68,201301041600
67602,2.85,201301041600
67698,1.43,201301041600
67824,0.83,201301041600
67842,1.74,201301041600
67854,1.22,201301041600
67855,2.27,201301041600
67918,2.94,201301041600
68103,2.72,201301041600
68104,2.82,201301041600
68110,0.58,201301041600
68111,1.92,201301041600
68349,0.77,201301041600
68354,2.84,201301041600
68356,1.38,201301041600
68454,2.85,201301041600
68455,0.71,201301041600
68587,0.94,201301041600
68857,1.93,201301041600
68858,2.99,201301041600
68897,2.88,201301041600
68924,2.97,201301041600
68930,2.85,201301041600
69106,1.02,201301041600
69190,2.68,201301041600
69206,1.28,201301041600
69359,1.06,201301041600
69371,2.17,201301041600
69455,2.34,201301041600
69582,1.15,201301041600
69613,1.18,201301041600
69676,2.59,201301041600
70115,0.88,201301041600
70132,0.56,201301041600
70181,2.57,201301041600
70342,0.79,201301041600
70352,0.74,201301041600
70360,2.51,201301041600
70374,1.29,201301041600
70440,1.46,201301041600
70462,1.42,201301041600
70619,2.2,201301041600
70659,1.59,201301041600
70715,0.64,201301041600
70903,0.66,201301041600
70934,2.94,201301041600
70961,2.96,201301041600
71122,0.77,201301041600
71187,1.62,201301041600
71399,2.57,201301041600
71601,1.38,201301041600
71629,1.41,201301041600
71888,2.5,201301041600
71961,0.72,201301041600
71964,1.33,201301041600
72201,1.57,201301041600
72218,1.67,201301041600
72345,1.96,201301041600
72367,1.35,201301041600
72407,2.29,201301041600
72416,2.34,201301041600
72706,2.58,201301041600
72894,2.78,201301041600
73104,0.63,201301041600
73135,2.13,201301041600
73211,0.62,201301041600
73223,2.99,201301041600
73451,1.57,201301041600
73460,1.7,201301041600
73461,0.95,201301041600
73557,1.05,201301041600
73669,1.04,201301041600
74158,1.79,201301041600
74216,1.11,201301041600
74388,2.9,201301041600
74396,2.83,201301041600
74466,1.6,201301041600
74467,2.06,201301041600
74638,2.99,201301041600
74677,1.61,201301041600
74678,2.25,201301041600
74711,2.81,201301041600
74721,0.66,201301041600
74962,1.2,201301041600
74968,1.87,201301041600
74973,0.71,201301041600
75224,0.56,201301041600
75329,2.4,201301041600
75386,2.11,201301041600
75424,2.04,201301041600
75436,2.44,201301041600
75475,2.65,201301041600
75619,0.73,201301041600
75721,2.87,201301041600
75722,0.7,201301041600
75724,1.56,201301041600
75725,2.13,201301041600
75726,1.43,201301041600
75727,1.63,201301041600
75974,2.9,201301041600
75975,1.41,201301041600
76133,2.67,201301041600
76227,1.24,201301041600
76393,1.76,201301041600
76473,0.59,201301041600
76477,0.52,201301041600
76654,1.31,201301041600
76728,1.38,201301041600
76959,2.12,201301041600
77169,0.93,201301041600
77230,2.82,201301041600
77381,1.85,201301041600
77458,1.8,201301041600
77641,1.13,201301041600
77942,1.95,201301041600
77981,0.99,201301041600
78205,1.58,201301041600
78418,1.62,201301041600
78654,2.25,201301041600
78733,0.79,201301041600
78881,1.05,201301041600
78896,0.6,201301041600
78909,1.43,201301041600
78983,2.34,201301041600
79234,1.25,201301041600
79379,2.18,201301041600
79394,0.99,201301041600
79484,2.73,201301041600
79712,0.81,201301041600
79911,1.76,201301041600
79915,2.8,201301041600
80160,1.24,201301041600
80161,2.65,201301041600
80193,2.64,201301041600
80352,2.09,201301041600
80397,2.54,201301041600
80406,2.58,201301041600
80411,1.42,201301041600
80412,2.2,201301041600
80413,1.16,201301041600
80420,1.12,201301041600
80485,0.63,201301041600
80635,2.71,201301041600
80659,2.58,201301041600
80663,2.68,201301041600
80664,1.51,201301041600
80703,0.95,201301041600
80877,1.15,201301041600
80916,2.07,201301041600
81163,2.75,201301041600
81164,0.94,201301041600
81354,2.37,201301041600
81363,1.23,201301041600
81390,2.68,201301041600
81625,1.0,201301041600
81651,2.53,201301041600
81899,2.39,201301041600
82135,1.97,201301041600
82168,2.65,201301041600
82169,2.41,201301041600
82237,1.49,201301041600
82613,2.9,201301041600
82622,1.73,201301041600
82664,0.66,201301041600
82892,0.52,201301041600
82951,1.7,201301041600
83410,1.65,201301041600
83489,1.26,201301041600
83735,1.58,201301041600
83865,0.64,201301041600
84123,2.63,201301041600
84179,0.66,201301041600
84207,1.05,201301041600
84212,1.09,201301041600
84221,0.78,201301041600
84366,2.83,201301041600
84689,2.97,201301041600
84712,2.64,201301041600
84902,2.58,201301041600
85474,2.48,201301041600
85487,2.58,201301041600
85620,0.7,201301041600
85705,1.01,201301041600
85715,0.99,201301041600
85738,1.63,201301041600
86440,1.14,201301041600
86622,2.5,201301041600
86623,2.9,201301041600
86672,2.48,201301041600
86873,1.99,201301041600
86895,0.89,201301041600
87121,2.13,201301041600
87227,1.07,201301041600
87460,2.48,201301041600
87690,0.62,201301041600
87873,1.01,201301041600
88242,1.4,201301041600
88463,1.2,201301041600
89120,0.75,201301041600
89152,0.75,201301041600
89175,1.21,201301041600
89198,1.31,201301041600
89615,0.74,201301041600
89625,0.87,201301041600
90116,1.26,201301041600
90183,1.88,201301041600
90497,2.21,201301041600
90699,0.92,201301041600
90719,0.97,201301041600
91200,2.07,201301041600
91432,1.95,201301041600
91434,1.14,201301041600
91684,1.7,201301041600
91713,1.34,201301041600
91744,2.88,201301041600
92233,2.75,201301041600
93205,1.82,201301041600
93244,2.42,201301041600
93252,2.09,201301041600
93463,1.78,201301041600
93675,2.03,201301041600
93944,1.38,201301041600
94431,1.24,201301041600
94710,1.08,201301041600
94755,2.25,201301041600
94997,2.58,201301041600
95000,1.5,201301041600
95707,2.02,201301041600
95949,1.86,201301041600
95998,2.95,201301041600
96188,1.24,201301041600
96225,1.57,201301041600
96249,2.82,201301041600
96468,2.55,201301041600
96486,2.15,201301041600
96718,2.9,201301041600
96972,1.89,201301041600
96995,0.53,201301041600
97251,2.47,201301041600
97440,1.76,201301041600
97471,2.76,201301041600
97969,1.74,201301041600
97990,2.73,201301041600
98224,1.75,201301041600
98229,2.44,201301041600
98450,2.63,201301041600
98475,2.57,201301041600
98739,1.79,201301041600
99256,1.95,201301041600
99468,0.75,201301041600
99730,2.1,201301041600
101215,1.57,201301041600
101911,1.25,201301041600
101912,2.07,201301041600
101989,0.91,201301041600
102999,0.79,201301041600
103242,1.32,201301041600
103431,1.61,201301041600
104177,1.61,201301041600
104221,2.84,201301041600
104239,1.01,201301041600
104701,2.31,201301041600
104984,0.52,201301041600
105196,2.05,201301041600
105219,2.91,201301041600
105460,1.12,201301041600
105461,2.96,201301041600
105481,0.53,201301041600
105489,2.0,201301041600
105709,0.64,201301041600
105710,0.92,201301041600
105711,2.9,201301041600
105712,2.05,201301041600
105713,1.68,201301041600
105715,2.47,201301041600
105726,0.52,201301041600
105727,1.42,201301041600
105736,1.46,201301041600
105960,2.02,201301041600
105961,2.97,201301041600
105962,1.0,201301041600
105963,2.19,201301041600
105964,2.52,201301041600
105975,1.93,201301041600
106195,2.79,201301041600
106213,1.89,201301041600
106214,1.91,201301041600
106215,2.5,201301041600
106221,1.07,201301041600
106231,0.61,201301041600
106232,2.66,201301041600
106234,1.32,201301041600
106235,1.29,201301041600
106237,0.92,201301041600
106446,1.7,201301041600
106447,2.35,201301041600
106462,2.56,201301041600
106463,2.94,201301041600
106465,2.74,201301041600
106466,2.22,201301041600
106467,2.43,201301041600
106480,2.91,201301041600
106712,2.07,201301041600
106717,1.58,201301041600
106718,0.73,201301041600
106741,2.21,201301041600
106958,1.92,201301041600
106964,2.84,201301041600
106965,2.37,201301041600
106966,2.11,201301041600
106967,1.08,201301041600
106971,0.8,201301041600
106983,2.38,201301041600
106997,1.64,201301041600
107200,2.45,201301041600
107212,2.12,201301041600
107219,1.14,201301041600
107240,2.87,201301041600
107460,1.57,201301041600
107465,0.6,201301041600
107466,0.75,201301041600
107468,2.02,201301041600
107491,2.23,201301041600
107711,2.13,201301041600
107725,0.58,201301041600
107726,2.79,201301041600
107954,1.92,201301041600
107966,1.73,201301041600
107971,2.12,201301041600
107979,0.81,201301041600
107993,1.66,201301041600
108205,1.95,201301041600
108211,0.89,201301041600
108214,0.67,201301041600
108215,2.77,201301041600
108217,0.72,201301041600
108219,0.76,201301041600
108220,0.57,201301041600
108222,2.59,201301041600
108225,1.66,201301041600
108230,1.08,201301041600
108454,1.52,201301041600
108463,2.94,201301041600
108499,1.88,201301041600
108717,2.98,201301041600
108722,1.58,201301041600
108724,1.6,201301041600
108733,1.75,201301041600
108968,1.45,201301041600
108975,1.7,201301041600
108984,1.6,201301041600
108985,1.49,201301041600
109216,2.83,201301041600
109219,2.07,201301041600
109222,2.93,201301041600
109227,1.38,201301041600
109231,2.4,201301041600
109236,1.46,201301041600
109245,1.5,201301041600
109473,1.37,201301041600
109487,1.13,201301041600
109494,2.73,201301041600
109495,2.81,201301041600
109496,2.25,201301041600
109497,2.72,201301041600
109742,1.75,201301041600
109744,2.95,201301041600
109748,1.8,201301041600
109750,1.32,201301041600
109980,2.85,201301041600
109991,0.9,201301041600
109994,1.84,201301041600
109998,2.3,201301041600
110001,2.07,201301041600
110243,2.79,201301041600
110247,1.3,201301041600
110249,2.15,201301041600
110251,1.11,201301041600
110253,1.76,201301041600
110254,1.11,201301041600
