cell,mobility,dtg
1610,1.28,201302010000
1846,2.18,201302010000
1851,1.1,201302010000
1853,2.22,201302010000
1856,1.91,201302010000
1857,2.5,201302010000
2103,0.55,201302010000
2105,0.62,201302010000
2106,1.24,201302010000
2107,2.29,201302010000
2114,1.45,201302010000
2342,2.64,201302010000
2347,2.73,201302010000
2351,0.73,201302010000
2354,2.23,201302010000
2357,2.69,201302010000
2372,2.36,201302010000
2374,1.84,201302010000
2591,1.4,201302010000
2595,2.25,201302010000
2605,2.94,201302010000
2611,2.47,201302010000
2615,2.14,201302010000
2620,1.95,201302010000
2627,1.78,201302010000
2839,2.68,201302010000
2847,0.88,201302010000
3086,2.69,201302010000
3094,1.01,201302010000
3100,1.34,201302010000
3124,2.01,201302010000
3128,0.66,201302010000
3334,1.52,201302010000
3337,0.86,201302010000
3375,2.87,201302010000
3614,2.42,201302010000
3619,1.55,201302010000
3632,0.78,201302010000
3635,1.24,201302010000
3830,1.08,201302010000
3831,1.9,201302010000
3833,0.93,201302010000
3837,0.91,201302010000
3845,1.65,201302010000
3856,2.54,201302010000
3860,0.59,201302010000
3865,0.61,201302010000
4078,2.0,201302010000
4081,2.92,201302010000
4137,2.31,201302010000
4141,1.99,201302010000
4142,2.33,201302010000
4328,1.37,201302010000
4329,0.8,201302010000
4341,2.49,201302010000
4345,2.09,201302010000
4348,0.6,201302010000
4354,2.06,201302010000
4372,0.54,201302010000
4577,2.76,201302010000
4578,0.7,201302010000
4580,1.84,201302010000
4582,1.42,201302010000
4605,2.71,201302010000
4608,1.81,201302010000
4631,1.46,201302010000
4636,1.78,201302010000
4637,1.24,201302010000
4829,0.88,201302010000
4830,2.56,201302010000
4831,1.8,201302010000
4834,1.48,201302010000
4837,2.22,201302010000
4852,2.38,201302010000
4863,0.61,201302010000
4868,2.63,201302010000
4890,2.86,201302010000
4891,1.94,201302010000
5078,0.6,201302010000
5081,0.51,201302010000
5084,1.29,201302010000
5127,1.39,201302010000
5153,0.75,201302010000
5327,0.51,201302010000
5329,2.5,201302010000
5333,1.1,201302010000
5334,1.24,201302010000
5339,1.64,201302010000
5369,1.92,201302010000
5402,0.65,201302010000
5410,1.32,201302010000
5577,2.03,201302010000
5581,1.96,201302010000
5592,2.51,201302010000
5612,2.82,201302010000
5623,2.45,201302010000
5876,1.15,201302010000
5893,0.88,201302010000
5898,0.84,201302010000
6078,1.57,201302010000
6118,2.41,201302010000
6136,2.79,201302010000
6158,1.18,201302010000
6159,1.35,201302010000
6333,0.72,201302010000
6353,1.18,201302010000
6365,1.71,201302010000
6366,1.42,201302010000
6414,2.93,201302010000
6588,2.67,201302010000
6609,1.56,201302010000
6635,1.73,201302010000
6668,1.63,201302010000
6841,0.52,201302010000
6849,2.71,201302010000
6896,2.36,201302010000
6924,2.13,201302010000
6928,1.21,201302010000
6935,0.96,201302010000
6939,2.76,201302010000
7077,2.95,201302010000
7078,1.99,201302010000
7085,2.99,201302010000
7088,2.09,201302010000
7113,2.78,201302010000
7114,0.63,201302010000
7129,0.85,201302010000
7133,2.51,201302010000
7165,2.44,201302010000
7192,2.61,201302010000
7354,2.41,201302010000
7375,0.68,201302010000
7379,0.88,201302010000
7401,1.16,201302010000
7410,2.51,201302010000
7436,2.29,201302010000
7584,1.36,201302010000
7646,1.87,201302010000
7849,2.89,201302010000
7871,2.51,201302010000
7927,0.77,201302010000
7948,1.32,201302010000
8080,0.75,201302010000
8170,1.71,201302010000
8182,2.11,201302010000
8195,2.71,201302010000
8342,0.68,201302010000
8582,2.91,201302010000
8602,1.07,201302010000
8609,2.86,201302010000
8638,0.7,201302010000
8656,0.7,201302010000
8830,1.58,201302010000
8839,0.67,201302010000
8876,2.0,201302010000
8897,1.34,201302010000
8912,2.4,201302010000
8918,1.53,201302010000
8929,1.39,201302010000
8940,2.3,201302010000
8954,1.13,201302010000
9140,2.62,201302010000
9333,2.12,201302010000
9468,0.76,201302010000
9473,2.06,201302010000
9589,2.46,201302010000
9601,0.57,201302010000
9607,2.6,201302010000
9658,1.73,201302010000
9724,0.67,201302010000
9833,2.42,201302010000
10084,1.8,201302010000
10089,1.82,201302010000
10096,0.98,201302010000
10144,0.6,201302010000
10170,1.99,201302010000
10181,1.03,201302010000
10189,1.03,201302010000
10201,2.68,201302010000
10334,2.75,201302010000
10335,1.75,201302010000
10383,0.6,201302010000
10414,2.26,201302010000
10444,0.96,201302010000
10458,2.97,201302010000
10477,2.7,201302010000
10586,1.48,201302010000
10601,2.62,201302010000
10609,0.89,201302010000
10616,2.94,201302010000
10633,2.51,201302010000
10655,1.87,201302010000
10665,2.39,201302010000
10681,1.2,201302010000
10717,1.31,201302010000
10835,1.57,201302010000
10837,1.05,201302010000
10847,1.32,201302010000
10903,2.68,201302010000
10911,1.48,201302010000
10918,2.11,201302010000
10973,0.53,201302010000
11087,1.56,201302010000
11092,0.62,201302010000
11128,1.58,201302010000
11222,2.42,201302010000
11223,2.57,201302010000
11225,0.52,201302010000
11238,0.69,201302010000
11361,0.52,201302010000
11393,2.94,201302010000
11424,1.09,201302010000
11601,0.79,201302010000
11682,0.69,201302010000
11704,2.02,201302010000
11858,2.55,201302010000
11884,0.71,201302010000
11901,2.6,201302010000
11946,1.18,201302010000
11960,0.62,201302010000
11972,1.22,201302010000
12089,1.11,201302010000
12090,2.59,201302010000
12096,0.63,201302010000
12120,2.17,201302010000
12157,1.1,201302010000
12230,1.54,201302010000
12383,1.28,201302010000
12431,2.85,201302010000
12601,2.47,201302010000
12625,1.11,201302010000
12632,1.03,201302010000
12842,3.0,201302010000
12875,1.52,201302010000
12901,0.77,201302010000
12913,2.27,201302010000
12933,1.72,201302010000
12934,0.54,201302010000
12985,1.04,201302010000
13099,1.65,201302010000
13114,0.79,201302010000
13150,1.26,201302010000
13175,0.71,201302010000
13183,2.32,201302010000
13222,0.6,201302010000
13358,1.16,201302010000
13444,0.7,201302010000
13455,1.23,201302010000
13456,2.75,201302010000
13670,2.0,201302010000
13694,1.06,201302010000
13845,2.13,201302010000
13849,2.01,201302010000
14011,2.39,201302010000
14095,0.87,201302010000
14133,2.92,201302010000
14161,2.95,201302010000
14167,2.96,201302010000
14184,2.89,201302010000
14241,2.64,201302010000
14255,2.93,201302010000
14349,2.8,201302010000
14350,2.02,201302010000
14375,0.77,201302010000
14452,0.65,201302010000
14475,2.02,201302010000
14620,2.54,201302010000
14673,2.6,201302010000
14745,1.09,201302010000
14859,2.68,201302010000
14936,1.11,201302010000
14995,0.81,201302010000
15097,2.79,201302010000
15098,2.21,201302010000
15246,2.63,201302010000
15349,1.9,201302010000
15440,1.71,201302010000
15600,1.16,201302010000
15656,2.54,201302010000
15672,2.61,201302010000
15699,2.09,201302010000
15714,2.97,201302010000
15725,1.02,201302010000
15744,2.54,201302010000
15849,0.83,201302010000
15850,2.31,201302010000
15851,2.89,201302010000
15853,0.82,201302010000
15871,2.31,201302010000
16100,0.71,201302010000
16105,2.54,201302010000
16114,2.75,201302010000
16171,0.81,201302010000
16184,2.34,201302010000
16400,1.12,201302010000
16414,0.89,201302010000
16601,1.46,201302010000
16604,0.73,201302010000
16625,1.0,201302010000
16670,1.0,201302010000
16853,0.95,201302010000
16868,0.57,201302010000
16932,1.64,201302010000
17232,1.11,201302010000
17355,1.47,201302010000
17358,0.63,201302010000
17367,2.83,201302010000
17635,2.72,201302010000
17673,0.97,201302010000
17681,1.24,201302010000
17884,1.0,201302010000
17984,2.77,201302010000
18108,1.7,201302010000
18115,2.36,201302010000
18118,2.45,201302010000
18123,1.27,201302010000
18139,1.99,201302010000
18154,0.68,201302010000
18160,0.78,201302010000
18177,1.56,201302010000
18185,2.01,201302010000
18383,1.23,201302010000
18404,0.63,201302010000
18427,2.4,201302010000
18466,2.51,201302010000
18616,2.33,201302010000
18629,1.35,201302010000
18861,2.54,201302010000
18866,2.0,201302010000
18925,1.25,201302010000
19110,2.92,201302010000
19112,2.29,201302010000
19114,1.2,201302010000
19122,2.32,201302010000
19360,2.22,201302010000
19443,1.29,201302010000
19481,2.94,201302010000
19611,1.7,201302010000
19612,2.04,201302010000
19618,2.02,201302010000
19633,1.25,201302010000
19678,1.18,201302010000
19878,2.37,201302010000
19913,2.56,201302010000
20113,2.03,201302010000
20114,1.8,201302010000
20116,0.68,201302010000
20170,1.29,201302010000
20363,1.04,201302010000
20387,1.57,201302010000
20396,1.65,201302010000
20436,2.48,201302010000
20616,2.74,201302010000
20621,0.58,201302010000
20628,2.73,201302010000
20651,2.11,201302010000
20671,2.97,201302010000
20682,2.57,201302010000
20864,0.72,201302010000
20882,2.07,201302010000
20931,0.51,201302010000
20995,1.2,201302010000
21115,1.21,201302010000
21118,1.81,201302010000
21201,0.99,201302010000
21373,0.93,201302010000
21377,2.29,201302010000
21392,1.15,201302010000
21407,2.07,201302010000
21428,1.69,201302010000
21448,1.78,201302010000
21617,1.92,201302010000
21619,2.52,201302010000
21639,1.21,201302010000
21658,1.56,201302010000
21663,1.31,201302010000
21701,2.33,201302010000
21721,0.94,201302010000
21868,1.96,201302010000
21871,2.59,201302010000
21999,2.79,201302010000
22126,2.93,201302010000
22133,2.43,201302010000
22174,2.13,201302010000
22176,2.51,201302010000
22205,0.53,201302010000
22368,2.33,201302010000
22395,0.67,201302010000
22419,0.53,201302010000
22420,1.48,201302010000
22421,1.25,201302010000
22422,2.69,201302010000
22619,1.87,201302010000
22630,1.93,201302010000
22634,1.55,201302010000
22671,2.24,201302010000
22673,1.58,201302010000
22700,0.83,201302010000
22751,0.99,201302010000
22768,2.97,201302010000
22869,2.86,201302010000
22877,2.94,201302010000
22928,1.31,201302010000
22940,2.51,201302010000
22955,1.55,201302010000
22963,0.89,201302010000
22966,0.52,201302010000
23120,2.21,201302010000
23124,2.6,201302010000
23125,2.84,201302010000
23131,2.68,201302010000
23138,1.15,201302010000
23169,1.84,201302010000
23194,2.35,201302010000
23216,2.3,201302010000
23370,1.65,201302010000
23371,1.62,201302010000
23379,2.21,201302010000
23386,1.54,201302010000
23388,0.76,201302010000
23427,1.78,201302010000
23621,1.15,201302010000
23627,2.79,201302010000
23635,1.91,201302010000
23641,2.0,201302010000
23662,2.95,201302010000
23669,2.37,201302010000
23690,1.82,201302010000
23744,2.14,201302010000
23750,1.03,201302010000
23872,1.91,201302010000
23873,2.56,201302010000
23875,0.92,201302010000
23881,0.86,201302010000
23894,1.94,201302010000
23896,1.05,201302010000
23907,0.89,201302010000
23925,1.64,201302010000
23973,0.63,201302010000
24005,2.21,201302010000
24009,1.48,201302010000
24032,0.75,201302010000
24122,1.26,201302010000
24123,2.44,201302010000
24149,0.61,201302010000
24247,2.41,201302010000
24251,1.26,201302010000
24265,0.71,201302010000
24266,2.38,201302010000
24373,2.1,201302010000
24374,1.74,201302010000
24380,1.5,201302010000
24381,2.75,201302010000
24383,2.94,201302010000
24387,1.71,201302010000
24402,2.61,201302010000
24405,2.18,201302010000
24423,1.67,201302010000
24623,1.36,201302010000
24626,2.1,201302010000
24643,0.74,201302010000
24732,1.64,201302010000
24734,1.45,201302010000
24739,1.36,201302010000
24774,1.49,201302010000
24775,1.39,201302010000
24781,2.89,201302010000
24837,2.61,201302010000
24874,1.31,201302010000
24877,2.09,201302010000
24879,1.59,201302010000
24880,0.83,201302010000
24895,1.29,201302010000
24920,2.0,201302010000
24990,0.58,201302010000
24991,1.18,201302010000
24993,1.78,201302010000
25124,2.14,201302010000
25125,1.31,201302010000
25126,1.29,201302010000
25129,2.26,201302010000
25130,0.67,201302010000
25132,0.56,201302010000
25136,0.53,201302010000
25138,1.43,201302010000
25141,2.85,201302010000
25179,2.7,201302010000
25187,2.88,201302010000
25375,1.97,201302010000
25376,1.89,201302010000
25377,1.07,201302010000
25379,0.77,201302010000
25385,0.68,201302010000
25395,1.41,201302010000
25400,0.93,201302010000
25405,1.14,201302010000
25412,0.62,201302010000
25427,1.35,201302010000
25626,1.3,201302010000
25627,0.96,201302010000
25628,1.04,201302010000
25629,1.98,201302010000
25632,0.62,201302010000
25633,1.61,201302010000
25642,1.99,201302010000
25715,0.79,201302010000
25747,0.92,201302010000
25763,1.33,201302010000
25876,1.43,201302010000
25877,2.06,201302010000
25878,0.77,201302010000
25881,1.91,201302010000
25882,0.65,201302010000
25886,1.11,201302010000
25888,2.33,201302010000
25926,2.97,201302010000
25997,2.97,201302010000
26005,0.97,201302010000
26035,2.75,201302010000
26127,1.87,201302010000
26129,0.96,201302010000
26130,1.94,201302010000
26133,2.74,201302010000
26135,2.33,201302010000
26136,0.73,201302010000
26138,2.63,201302010000
26139,2.04,201302010000
26141,2.19,201302010000
26148,2.78,201302010000
26168,2.99,201302010000
26378,2.54,201302010000
26379,1.74,201302010000
26380,1.2,201302010000
26381,1.32,201302010000
26382,0.69,201302010000
26383,0.52,201302010000
26385,0.56,201302010000
26386,2.66,201302010000
26387,2.57,201302010000
26389,2.36,201302010000
26391,2.12,201302010000
26392,1.16,201302010000
26393,0.78,201302010000
26396,0.54,201302010000
26403,0.51,201302010000
26408,2.73,201302010000
26427,1.75,201302010000
26450,2.23,201302010000
26492,2.02,201302010000
26546,1.74,201302010000
26563,1.52,201302010000
26564,0.83,201302010000
26628,1.69,201302010000
26629,1.91,201302010000
26630,2.74,201302010000
26631,0.78,201302010000
26633,1.8,201302010000
26634,2.8,201302010000
26656,2.98,201302010000
26674,0.62,201302010000
26708,1.07,201302010000
26752,0.99,201302010000
26754,2.75,201302010000
26755,1.44,201302010000
26782,1.6,201302010000
26846,2.54,201302010000
26879,1.74,201302010000
26880,1.57,201302010000
26881,2.59,201302010000
26882,0.66,201302010000
26883,2.88,201302010000
26884,1.52,201302010000
26885,2.39,201302010000
26886,0.56,201302010000
26887,2.05,201302010000
26889,2.86,201302010000
26890,1.93,201302010000
26891,1.96,201302010000
26892,0.95,201302010000
26893,2.82,201302010000
26894,0.76,201302010000
26895,0.73,201302010000
26897,0.57,201302010000
26905,2.42,201302010000
26938,0.97,201302010000
26964,0.65,201302010000
27006,2.34,201302010000
27042,0.7,201302010000
27098,0.53,201302010000
27130,2.11,201302010000
27131,1.06,201302010000
27132,0.76,201302010000
27133,1.27,201302010000
27134,2.82,201302010000
27135,1.42,201302010000
27136,1.56,201302010000
27137,0.79,201302010000
27138,2.11,201302010000
27142,2.96,201302010000
27143,1.44,201302010000
27145,0.69,201302010000
27148,1.63,201302010000
27149,2.94,201302010000
27152,2.58,201302010000
27155,2.4,201302010000
27175,1.19,201302010000
27209,1.82,201302010000
27247,0.54,201302010000
27381,0.66,201302010000
27382,2.14,201302010000
27383,1.86,201302010000
27384,2.99,201302010000
27386,2.89,201302010000
27387,2.28,201302010000
27388,1.49,201302010000
27389,1.69,201302010000
27390,2.35,201302010000
27392,2.29,201302010000
27395,2.1,201302010000
27404,0.83,201302010000
27415,2.96,201302010000
27427,0.84,201302010000
27489,2.41,201302010000
27494,1.53,201302010000
27498,2.17,201302010000
27518,2.01,201302010000
27632,2.96,201302010000
27633,2.96,201302010000
27634,0.9,201302010000
27635,1.86,201302010000
27636,0.83,201302010000
27637,2.98,201302010000
27638,2.45,201302010000
27639,0.72,201302010000
27640,2.65,201302010000
27642,0.66,201302010000
27643,2.51,201302010000
27645,1.0,201302010000
27646,1.41,201302010000
27647,0.95,201302010000
27649,2.68,201302010000
27654,0.97,201302010000
27763,0.82,201302010000
27764,1.89,201302010000
27796,0.66,201302010000
27797,2.2,201302010000
27883,1.38,201302010000
27884,1.3,201302010000
27885,2.87,201302010000
27886,1.83,201302010000
27887,2.68,201302010000
27888,1.95,201302010000
27889,1.49,201302010000
27890,1.8,201302010000
27891,2.08,201302010000
27892,2.5,201302010000
27894,2.92,201302010000
27895,2.77,201302010000
27897,0.81,201302010000
27902,1.68,201302010000
27908,2.49,201302010000
27911,0.51,201302010000
27930,1.55,201302010000
27971,1.67,201302010000
28004,1.15,201302010000
28015,2.89,201302010000
28049,1.73,201302010000
28102,1.0,201302010000
28134,2.64,201302010000
28135,1.67,201302010000
28136,1.42,201302010000
28137,2.27,201302010000
28138,2.9,201302010000
28139,2.4,201302010000
28140,0.62,201302010000
28142,1.52,201302010000
28143,2.59,201302010000
28144,2.13,201302010000
28146,1.12,201302010000
28154,1.58,201302010000
28156,2.92,201302010000
28216,1.21,201302010000
28239,0.65,201302010000
28384,2.27,201302010000
28385,1.48,201302010000
28386,1.65,201302010000
28387,2.02,201302010000
28388,2.79,201302010000
28389,1.83,201302010000
28390,0.71,201302010000
28391,2.64,201302010000
28392,1.62,201302010000
28393,2.43,201302010000
28394,2.65,201302010000
28396,0.77,201302010000
28397,1.45,201302010000
28400,2.53,201302010000
28401,2.33,201302010000
28405,0.63,201302010000
28427,2.15,201302010000
28467,0.88,201302010000
28496,0.85,201302010000
28497,1.58,201302010000
28519,2.67,201302010000
28535,2.7,201302010000
28539,1.99,201302010000
28545,1.02,201302010000
28557,1.23,201302010000
28635,2.18,201302010000
28636,1.81,201302010000
28637,0.94,201302010000
28638,0.53,201302010000
28639,1.8,201302010000
28640,0.53,201302010000
28641,2.04,201302010000
28642,2.75,201302010000
28643,2.13,201302010000
28644,1.99,201302010000
28645,1.55,201302010000
28646,2.94,201302010000
28649,0.89,201302010000
28658,2.14,201302010000
28667,0.6,201302010000
28675,2.76,201302010000
28751,1.1,201302010000
28753,2.36,201302010000
28754,2.03,201302010000
28788,1.97,201302010000
28812,1.44,201302010000
28823,0.69,201302010000
28886,0.57,201302010000
28887,0.99,201302010000
28888,1.61,201302010000
28889,2.38,201302010000
28890,2.96,201302010000
28891,1.97,201302010000
28892,0.59,201302010000
28893,0.58,201302010000
28894,1.98,201302010000
28895,2.16,201302010000
28896,2.08,201302010000
28897,0.86,201302010000
28899,1.71,201302010000
28900,2.17,201302010000
28901,1.1,201302010000
28902,0.59,201302010000
28905,0.8,201302010000
28912,0.73,201302010000
28960,0.84,201302010000
28969,0.78,201302010000
29004,0.58,201302010000
29012,0.59,201302010000
29026,2.75,201302010000
29068,1.61,201302010000
29076,0.81,201302010000
29088,0.63,201302010000
29094,2.52,201302010000
29136,1.54,201302010000
29137,0.69,201302010000
29138,2.71,201302010000
29139,1.95,201302010000
29140,2.84,201302010000
29141,2.08,201302010000
29142,0.91,201302010000
29143,1.32,201302010000
29144,2.72,201302010000
29146,2.92,201302010000
29147,1.72,201302010000
29148,2.45,201302010000
29149,1.75,201302010000
29151,1.15,201302010000
29158,2.05,201302010000
29165,0.67,201302010000
29171,1.81,201302010000
29190,2.36,201302010000
29247,2.18,201302010000
29387,2.61,201302010000
29388,2.78,201302010000
29389,2.44,201302010000
29390,1.4,201302010000
29391,1.76,201302010000
29392,0.69,201302010000
29393,2.43,201302010000
29394,0.83,201302010000
29395,2.89,201302010000
29396,2.12,201302010000
29397,1.97,201302010000
29398,1.8,201302010000
29399,0.52,201302010000
29401,1.82,201302010000
29402,1.7,201302010000
29403,1.76,201302010000
29405,1.9,201302010000
29409,0.83,201302010000
29425,2.0,201302010000
29429,2.53,201302010000
29495,2.86,201302010000
29498,2.05,201302010000
29533,0.58,201302010000
29556,0.77,201302010000
29638,2.11,201302010000
29639,1.79,201302010000
29640,0.94,201302010000
29641,0.8,201302010000
29642,0.86,201302010000
29643,1.93,201302010000
29644,1.7,201302010000
29645,1.14,201302010000
29648,2.72,201302010000
29649,2.16,201302010000
29650,2.87,201302010000
29654,0.77,201302010000
29663,1.14,201302010000
29670,2.27,201302010000
29710,0.84,201302010000
29730,1.18,201302010000
29733,2.88,201302010000
29736,1.71,201302010000
29766,2.71,201302010000
29891,1.28,201302010000
29892,2.08,201302010000
29893,2.44,201302010000
29894,2.47,201302010000
29895,0.83,201302010000
29896,2.56,201302010000
29897,1.44,201302010000
29898,1.76,201302010000
29900,1.61,201302010000
29903,2.98,201302010000
29906,1.06,201302010000
29909,2.28,201302010000
29912,2.1,201302010000
29917,1.17,201302010000
29925,0.8,201302010000
29966,1.27,201302010000
30021,1.63,201302010000
30026,1.72,201302010000
30036,2.0,201302010000
30142,1.1,201302010000
30143,1.08,201302010000
30144,0.73,201302010000
30145,0.95,201302010000
30146,2.48,201302010000
30147,2.17,201302010000
30148,1.45,201302010000
30152,0.56,201302010000
30154,0.84,201302010000
30157,0.74,201302010000
30158,2.85,201302010000
30181,2.74,201302010000
30242,0.62,201302010000
30243,2.36,201302010000
30244,1.35,201302010000
30261,1.59,201302010000
30300,2.25,201302010000
30322,1.78,201302010000
30393,1.58,201302010000
30394,1.22,201302010000
30395,1.31,201302010000
30396,2.87,201302010000
30397,2.77,201302010000
30398,2.08,201302010000
30400,2.9,201302010000
30401,0.94,201302010000
30403,2.68,201302010000
30407,0.95,201302010000
30410,2.24,201302010000
30420,0.81,201302010000
30430,1.43,201302010000
30434,1.7,201302010000
30439,2.78,201302010000
30481,1.9,201302010000
30489,1.31,201302010000
30494,2.6,201302010000
30495,2.83,201302010000
30496,0.95,201302010000
30645,2.75,201302010000
30646,1.98,201302010000
30647,2.85,201302010000
30648,2.48,201302010000
30649,0.55,201302010000
30650,1.99,201302010000
30651,2.94,201302010000
30652,2.2,201302010000
30653,1.52,201302010000
30654,0.58,201302010000
30661,1.71,201302010000
30664,2.9,201302010000
30666,2.61,201302010000
30669,1.27,201302010000
30673,0.92,201302010000
30683,1.13,201302010000
30745,2.23,201302010000
30750,1.28,201302010000
30777,1.2,201302010000
30780,2.43,201302010000
30812,0.6,201302010000
30897,1.61,201302010000
30898,2.7,201302010000
30899,2.61,201302010000
30900,1.7,201302010000
30901,1.0,201302010000
30902,0.62,201302010000
30903,0.61,201302010000
30904,1.41,201302010000
30908,1.66,201302010000
30909,2.7,201302010000
30912,0.59,201302010000
30913,1.24,201302010000
30928,0.73,201302010000
30953,1.56,201302010000
30979,1.86,201302010000
30994,1.08,201302010000
30995,2.68,201302010000
31027,1.69,201302010000
31028,2.29,201302010000
31029,0.54,201302010000
31082,0.83,201302010000
31148,0.6,201302010000
31149,0.78,201302010000
31150,0.95,201302010000
31151,1.14,201302010000
31152,1.02,201302010000
31156,2.56,201302010000
31157,2.15,201302010000
31161,0.82,201302010000
31166,2.94,201302010000
31172,0.95,201302010000
31274,1.47,201302010000
31281,2.97,201302010000
31369,1.48,201302010000
31398,0.91,201302010000
31401,2.89,201302010000
31407,2.63,201302010000
31408,0.51,201302010000
31409,1.51,201302010000
31410,1.16,201302010000
31413,2.84,201302010000
31419,1.73,201302010000
31427,2.96,201302010000
31457,1.67,201302010000
31466,2.04,201302010000
31651,2.57,201302010000
31652,0.65,201302010000
31656,1.9,201302010000
31660,2.4,201302010000
31663,1.02,201302010000
31666,1.27,201302010000
31675,2.27,201302010000
31738,2.58,201302010000
31754,0.75,201302010000
31782,2.64,201302010000
31903,1.96,201302010000
31904,1.31,201302010000
31905,2.86,201302010000
31906,2.96,201302010000
31908,1.98,201302010000
31912,1.65,201302010000
31921,2.18,201302010000
31928,1.55,201302010000
31949,0.66,201302010000
32028,2.58,201302010000
32032,2.56,201302010000
32045,2.97,201302010000
32150,2.12,201302010000
32155,2.23,201302010000
32157,1.29,201302010000
32161,1.54,201302010000
32162,2.82,201302010000
32167,1.91,201302010000
32169,1.12,201302010000
32175,2.26,201302010000
32182,2.35,201302010000
32185,0.62,201302010000
32195,1.09,201302010000
32235,1.91,201302010000
32404,2.63,201302010000
32405,1.12,201302010000
32410,2.81,201302010000
32411,0.59,201302010000
32415,2.45,201302010000
32449,1.63,201302010000
32490,2.89,201302010000
32558,2.67,201302010000
32622,2.15,201302010000
32656,0.55,201302010000
32658,1.53,201302010000
32660,0.84,201302010000
32662,1.43,201302010000
32668,2.86,201302010000
32682,0.61,201302010000
32697,0.68,201302010000
32712,2.64,201302010000
32729,1.59,201302010000
32739,1.69,201302010000
32742,2.78,201302010000
32744,0.95,201302010000
32802,0.7,201302010000
32834,2.0,201302010000
32905,1.91,201302010000
32907,2.78,201302010000
32912,0.75,201302010000
32916,1.37,201302010000
32922,0.69,201302010000
32924,2.86,201302010000
32926,2.08,201302010000
32929,2.79,201302010000
32977,0.58,201302010000
32978,0.77,201302010000
33154,2.13,201302010000
33158,3.0,201302010000
33160,1.53,201302010000
33165,1.21,201302010000
33170,1.18,201302010000
33186,1.14,201302010000
33286,2.94,201302010000
33405,1.86,201302010000
33409,2.91,201302010000
33412,2.79,201302010000
33418,2.84,201302010000
33420,0.88,201302010000
33424,2.31,201302010000
33435,2.37,201302010000
33442,1.49,201302010000
33519,2.11,201302010000
33594,1.3,201302010000
33656,1.4,201302010000
33659,1.89,201302010000
33662,2.61,201302010000
33664,1.23,201302010000
33666,1.6,201302010000
33669,2.96,201302010000
33673,1.24,201302010000
33675,2.17,201302010000
33694,2.87,201302010000
33724,2.04,201302010000
33742,2.26,201302010000
33812,1.15,201302010000
33909,2.56,201302010000
33911,1.15,201302010000
33912,1.59,201302010000
33913,2.05,201302010000
33922,2.02,201302010000
33923,2.67,201302010000
33924,0.92,201302010000
33931,0.59,201302010000
33935,1.45,201302010000
33986,1.42,201302010000
34013,1.12,201302010000
34160,2.05,201302010000
34161,1.42,201302010000
34162,0.99,201302010000
34163,2.77,201302010000
34167,1.1,201302010000
34190,1.67,201302010000
34211,1.92,201302010000
34303,2.46,201302010000
34380,1.0,201302010000
34407,2.36,201302010000
34413,2.43,201302010000
34423,0.86,201302010000
34424,1.52,201302010000
34427,2.77,201302010000
34430,1.42,201302010000
34437,1.27,201302010000
34440,2.23,201302010000
34486,1.37,201302010000
34495,2.14,201302010000
34510,1.17,201302010000
34520,0.99,201302010000
34528,2.03,201302010000
34563,1.44,201302010000
34662,2.15,201302010000
34667,2.36,201302010000
34668,2.08,201302010000
34670,1.41,201302010000
34672,0.95,201302010000
34673,2.79,201302010000
34676,1.8,201302010000
34679,2.4,201302010000
34682,1.07,201302010000
34695,1.06,201302010000
34710,2.11,201302010000
34714,1.65,201302010000
34720,2.12,201302010000
34882,2.88,201302010000
34913,2.49,201302010000
34914,1.95,201302010000
34915,1.29,201302010000
34924,1.41,201302010000
34925,0.62,201302010000
34934,1.63,201302010000
34939,0.94,201302010000
34959,0.79,201302010000
34990,2.92,201302010000
35102,2.6,201302010000
35164,1.3,201302010000
35166,2.86,201302010000
35173,0.55,201302010000
35178,2.83,201302010000
35183,0.99,201302010000
35185,1.8,201302010000
35187,1.64,201302010000
35193,2.34,201302010000
35203,1.96,201302010000
35218,2.57,201302010000
35237,1.82,201302010000
35244,2.01,201302010000
35249,2.27,201302010000
35295,1.87,201302010000
35368,2.77,201302010000
35410,0.7,201302010000
35414,0.84,201302010000
35415,0.6,201302010000
35417,1.46,201302010000
35421,2.93,201302010000
35440,0.93,201302010000
35455,2.6,201302010000
35492,2.95,201302010000
35515,2.12,201302010000
35665,2.79,201302010000
35675,2.37,201302010000
35683,2.65,201302010000
35686,1.12,201302010000
35700,2.53,201302010000
35745,0.75,201302010000
35755,1.43,201302010000
35769,2.35,201302010000
35916,2.05,201302010000
35917,2.92,201302010000
35918,1.81,201302010000
35919,1.26,201302010000
35921,2.44,201302010000
35929,1.58,201302010000
35931,1.79,201302010000
35941,1.8,201302010000
35944,2.87,201302010000
35971,2.04,201302010000
35981,1.8,201302010000
35992,0.53,201302010000
35994,1.23,201302010000
36067,1.05,201302010000
36162,2.01,201302010000
36167,1.92,201302010000
36169,0.78,201302010000
36170,0.77,201302010000
36173,2.25,201302010000
36176,0.97,201302010000
36177,1.36,201302010000
36205,1.72,201302010000
36237,2.5,201302010000
36245,2.28,201302010000
36246,1.58,201302010000
36293,2.96,201302010000
36311,2.67,201302010000
36417,1.79,201302010000
36420,1.92,201302010000
36421,1.62,201302010000
36441,2.3,201302010000
36448,1.49,201302010000
36494,1.73,201302010000
36498,0.77,201302010000
36502,1.32,201302010000
36510,0.9,201302010000
36513,0.95,201302010000
36519,0.53,201302010000
36524,2.36,201302010000
36576,2.33,201302010000
36668,2.17,201302010000
36673,2.98,201302010000
36675,2.26,201302010000
36677,2.41,201302010000
36679,1.63,201302010000
36682,2.14,201302010000
36688,0.94,201302010000
36690,1.36,201302010000
36711,1.81,201302010000
36717,1.57,201302010000
36758,2.53,201302010000
36889,2.15,201302010000
36915,2.18,201302010000
36918,2.09,201302010000
36933,0.97,201302010000
36934,2.5,201302010000
36953,2.87,201302010000
36959,2.36,201302010000
36996,0.99,201302010000
36999,1.97,201302010000
37001,1.41,201302010000
37167,1.23,201302010000
37168,2.75,201302010000
37169,0.55,201302010000
37172,1.44,201302010000
37176,0.82,201302010000
37178,2.15,201302010000
37179,0.88,201302010000
37182,1.02,201302010000
37192,1.01,201302010000
37200,1.14,201302010000
37206,1.9,201302010000
37232,2.05,201302010000
37239,2.59,201302010000
37270,2.53,201302010000
37298,2.12,201302010000
37304,0.68,201302010000
37419,1.99,201302010000
37421,1.18,201302010000
37423,1.53,201302010000
37425,2.74,201302010000
37446,1.45,201302010000
37454,2.87,201302010000
37477,0.87,201302010000
37487,1.27,201302010000
37501,2.58,201302010000
37503,0.54,201302010000
37513,0.68,201302010000
37523,1.47,201302010000
37562,0.7,201302010000
37609,2.77,201302010000
37642,0.98,201302010000
37643,2.86,201302010000
37670,1.74,201302010000
37671,2.06,201302010000
37672,2.07,201302010000
37676,1.15,201302010000
37688,2.83,201302010000
37689,1.51,201302010000
37690,2.06,201302010000
37695,2.91,201302010000
37701,0.9,201302010000
37710,0.64,201302010000
37711,1.63,201302010000
37754,2.7,201302010000
37874,2.48,201302010000
37891,2.16,201302010000
37893,2.98,201302010000
37894,1.3,201302010000
37926,1.54,201302010000
37928,2.66,201302010000
37929,2.59,201302010000
37932,1.14,201302010000
37936,2.95,201302010000
37943,1.13,201302010000
37952,1.51,201302010000
37962,1.7,201302010000
37968,2.91,201302010000
38003,1.5,201302010000
38060,0.79,201302010000
38145,1.64,201302010000
38172,1.75,201302010000
38173,0.71,201302010000
38178,1.84,201302010000
38200,1.78,201302010000
38204,2.7,201302010000
38209,1.9,201302010000
38215,2.01,201302010000
38220,2.25,201302010000
38225,1.26,201302010000
38228,2.43,201302010000
38230,0.8,201302010000
38243,2.14,201302010000
38247,0.84,201302010000
38255,1.72,201302010000
38263,2.85,201302010000
38268,1.32,201302010000
38272,1.98,201302010000
38367,0.61,201302010000
38381,2.45,201302010000
38423,2.33,201302010000
38425,2.54,201302010000
38426,2.87,201302010000
38431,1.46,201302010000
38440,2.87,201302010000
38479,1.84,201302010000
38481,2.25,201302010000
38483,0.81,201302010000
38488,2.9,201302010000
38490,1.84,201302010000
38498,2.3,201302010000
38499,1.58,201302010000
38500,2.56,201302010000
38505,1.2,201302010000
38506,0.92,201302010000
38508,1.57,201302010000
38517,1.5,201302010000
38534,1.59,201302010000
38648,1.25,201302010000
38674,1.49,201302010000
38676,2.68,201302010000
38679,0.56,201302010000
38684,2.62,201302010000
38693,0.91,201302010000
38697,2.9,201302010000
38716,1.46,201302010000
38722,1.32,201302010000
38736,2.32,201302010000
38738,1.87,201302010000
38752,1.93,201302010000
38753,0.61,201302010000
38758,1.78,201302010000
38760,2.84,201302010000
38761,2.03,201302010000
38762,2.57,201302010000
38766,2.33,201302010000
38769,0.82,201302010000
38778,2.12,201302010000
38812,0.54,201302010000
38939,1.79,201302010000
38953,2.4,201302010000
38958,2.12,201302010000
38967,2.99,201302010000
39006,2.51,201302010000
39008,2.19,201302010000
39010,1.67,201302010000
39011,1.34,201302010000
39017,2.86,201302010000
39113,1.18,201302010000
39148,2.1,201302010000
39149,2.18,201302010000
39176,0.76,201302010000
39178,0.95,201302010000
39191,1.64,201302010000
39201,0.75,201302010000
39230,2.11,201302010000
39236,0.66,201302010000
39246,0.68,201302010000
39252,2.79,201302010000
39255,1.87,201302010000
39260,1.86,201302010000
39262,2.09,201302010000
39263,1.74,201302010000
39268,1.82,201302010000
39269,2.19,201302010000
39271,2.99,201302010000
39274,2.59,201302010000
39275,2.42,201302010000
39375,2.82,201302010000
39391,2.15,201302010000
39427,2.0,201302010000
39428,1.07,201302010000
39430,2.99,201302010000
39433,1.65,201302010000
39446,0.59,201302010000
39457,1.35,201302010000
39514,0.98,201302010000
39515,0.92,201302010000
39516,0.99,201302010000
39517,2.99,201302010000
39535,1.07,201302010000
39554,0.89,201302010000
39559,2.85,201302010000
39631,2.45,201302010000
39632,1.38,201302010000
39633,1.88,201302010000
39652,1.33,201302010000
39683,2.24,201302010000
39687,2.78,201302010000
39706,1.22,201302010000
39710,1.18,201302010000
39722,1.11,201302010000
39731,1.09,201302010000
39750,1.74,201302010000
39755,2.45,201302010000
39759,0.76,201302010000
39762,1.87,201302010000
39764,1.99,201302010000
39765,0.61,201302010000
39766,2.86,201302010000
39767,2.59,201302010000
39769,2.25,201302010000
39772,2.45,201302010000
39776,2.19,201302010000
39777,0.56,201302010000
39790,1.99,201302010000
39791,1.61,201302010000
39796,2.95,201302010000
39832,1.06,201302010000
39883,2.16,201302010000
39930,1.72,201302010000
39932,0.69,201302010000
39941,1.09,201302010000
39948,0.82,201302010000
39969,0.9,201302010000
40018,2.29,201302010000
40031,1.77,201302010000
40133,1.15,201302010000
40180,1.35,201302010000
40188,1.61,201302010000
40196,2.83,201302010000
40242,2.98,201302010000
40246,1.74,201302010000
40259,2.79,201302010000
40264,0.67,201302010000
40267,0.65,201302010000
40268,1.72,201302010000
40270,1.6,201302010000
40276,1.08,201302010000
40286,1.28,201302010000
40295,2.59,201302010000
40431,2.44,201302010000
40432,1.51,201302010000
40442,2.31,201302010000
40447,2.45,201302010000
40448,2.47,201302010000
40451,1.12,201302010000
40457,1.3,201302010000
40500,1.02,201302010000
40512,1.29,201302010000
40518,1.72,201302010000
40519,1.2,201302010000
40522,1.97,201302010000
40524,0.54,201302010000
40525,1.98,201302010000
40532,1.95,201302010000
40560,1.24,201302010000
40566,2.53,201302010000
40633,0.61,201302010000
40687,2.88,201302010000
40713,2.54,201302010000
40719,1.93,201302010000
40732,0.63,201302010000
40733,1.24,201302010000
40766,0.82,201302010000
40810,2.86,201302010000
40894,1.18,201302010000
40933,0.77,201302010000
40936,2.99,201302010000
40939,0.69,201302010000
40954,1.9,201302010000
40982,2.25,201302010000
41021,1.24,201302010000
41024,0.83,201302010000
41061,2.56,201302010000
41145,2.07,201302010000
41157,2.12,201302010000
41183,0.84,201302010000
41200,1.74,201302010000
41262,0.82,201302010000
41265,2.71,201302010000
41270,1.7,201302010000
41277,2.54,201302010000
41318,0.69,201302010000
41401,1.97,201302010000
41407,1.4,201302010000
41437,2.47,201302010000
41459,2.4,201302010000
41465,2.58,201302010000
41469,2.75,201302010000
41508,0.58,201302010000
41520,0.97,201302010000
41522,2.12,201302010000
41526,1.18,201302010000
41532,0.9,201302010000
41558,0.72,201302010000
41635,1.37,201302010000
41653,0.94,201302010000
41658,2.48,201302010000
41692,1.25,201302010000
41696,2.14,201302010000
41764,2.67,201302010000
41772,0.55,201302010000
41893,0.87,201302010000
41904,2.91,201302010000
41905,0.52,201302010000
41936,2.5,201302010000
41941,1.93,201302010000
41958,2.36,201302010000
41990,2.45,201302010000
42023,1.76,201302010000
42026,2.58,201302010000
42029,1.31,201302010000
42074,2.15,201302010000
42085,2.27,201302010000
42095,1.3,201302010000
42147,2.48,201302010000
42160,1.29,201302010000
42200,2.23,201302010000
42213,2.95,201302010000
42267,1.86,201302010000
42271,2.57,201302010000
42274,1.68,201302010000
42283,0.96,201302010000
42291,2.88,201302010000
42342,0.9,201302010000
42411,1.37,201302010000
42438,2.91,201302010000
42454,1.6,201302010000
42471,1.68,201302010000
42478,0.77,201302010000
42487,0.52,201302010000
42503,1.59,201302010000
42514,2.19,201302010000
42521,2.11,201302010000
42533,2.48,201302010000
42644,1.83,201302010000
42661,1.76,201302010000
42695,1.88,201302010000
42744,1.51,201302010000
42750,2.39,201302010000
42846,2.46,201302010000
42905,1.43,201302010000
42912,1.65,201302010000
42939,2.47,201302010000
42940,0.85,201302010000
42944,0.9,201302010000
42949,1.24,201302010000
43011,1.94,201302010000
43021,2.09,201302010000
43030,1.18,201302010000
43151,2.5,201302010000
43160,0.75,201302010000
43162,2.74,201302010000
43213,1.65,201302010000
43220,2.33,201302010000
43261,2.92,201302010000
43412,1.95,201302010000
43413,1.88,201302010000
43440,1.64,201302010000
43443,2.51,201302010000
43449,2.85,201302010000
43483,2.05,201302010000
43484,2.58,201302010000
43494,1.56,201302010000
43518,1.63,201302010000
43523,0.6,201302010000
43526,2.26,201302010000
43530,1.44,201302010000
43571,2.81,201302010000
43642,2.33,201302010000
43662,2.78,201302010000
43738,1.29,201302010000
43760,2.46,201302010000
43779,1.32,201302010000
43914,2.24,201302010000
43957,1.19,201302010000
43980,1.44,201302010000
43984,1.85,201302010000
43992,0.83,201302010000
43995,1.63,201302010000
44002,0.7,201302010000
44039,1.58,201302010000
44194,0.75,201302010000
44197,1.97,201302010000
44204,1.81,201302010000
44215,2.47,201302010000
44226,2.53,201302010000
44247,1.11,201302010000
44255,1.38,201302010000
44282,2.69,201302010000
44284,1.55,201302010000
44356,0.87,201302010000
44470,1.17,201302010000
44486,0.55,201302010000
44503,0.71,201302010000
44504,0.69,201302010000
44510,2.12,201302010000
44517,1.42,201302010000
44534,0.91,201302010000
44578,2.99,201302010000
44666,2.14,201302010000
44694,0.78,201302010000
44697,1.68,201302010000
44716,1.39,201302010000
44724,1.47,201302010000
44743,2.27,201302010000
44755,1.74,201302010000
44756,0.82,201302010000
44757,1.83,201302010000
44758,2.38,201302010000
44786,1.05,201302010000
44787,2.19,201302010000
44911,0.57,201302010000
44963,2.09,201302010000
45005,2.95,201302010000
45006,1.8,201302010000
45007,1.11,201302010000
45008,2.08,201302010000
45039,2.37,201302010000
45114,0.86,201302010000
45168,2.62,201302010000
45200,2.79,201302010000
45203,2.02,201302010000
45208,2.57,201302010000
45237,0.66,201302010000
45254,1.75,201302010000
45256,2.58,201302010000
45258,2.6,201302010000
45261,2.52,201302010000
45265,2.08,201302010000
45266,1.26,201302010000
45401,0.93,201302010000
45479,1.52,201302010000
45502,2.35,201302010000
45507,1.36,201302010000
45509,2.12,201302010000
45526,0.94,201302010000
45538,0.82,201302010000
45582,1.0,201302010000
45661,2.98,201302010000
45701,0.88,201302010000
45703,1.11,201302010000
45716,2.83,201302010000
45720,0.64,201302010000
45725,2.38,201302010000
45735,0.52,201302010000
45747,0.86,201302010000
45766,1.49,201302010000
45793,0.82,201302010000
45795,1.05,201302010000
45919,1.46,201302010000
45948,2.62,201302010000
46008,2.64,201302010000
46036,2.12,201302010000
46041,1.94,201302010000
46052,2.72,201302010000
46074,1.42,201302010000
46145,2.31,201302010000
46202,1.16,201302010000
46209,1.19,201302010000
46242,0.55,201302010000
46265,0.66,201302010000
46372,1.79,201302010000
46384,2.82,201302010000
46455,2.18,201302010000
46508,2.84,201302010000
46523,2.27,201302010000
46538,0.73,201302010000
46565,2.9,201302010000
46574,2.51,201302010000
46626,1.34,201302010000
46700,1.83,201302010000
46738,0.5,201302010000
46770,2.33,201302010000
46778,1.43,201302010000
46787,1.02,201302010000
46803,0.99,201302010000
46954,1.19,201302010000
46964,0.57,201302010000
46972,2.39,201302010000
46976,2.62,201302010000
46981,1.37,201302010000
47011,2.29,201302010000
47015,1.83,201302010000
47047,2.41,201302010000
47253,1.36,201302010000
47288,2.91,201302010000
47295,2.09,201302010000
47342,2.0,201302010000
47454,0.65,201302010000
47535,1.76,201302010000
47543,1.89,201302010000
47705,2.83,201302010000
47709,1.67,201302010000
47711,1.13,201302010000
47758,2.42,201302010000
47806,0.8,201302010000
47889,0.81,201302010000
47926,2.35,201302010000
47968,2.51,201302010000
47972,2.21,201302010000
47977,2.02,201302010000
47982,0.87,201302010000
48032,0.74,201302010000
48209,0.67,201302010000
48239,2.9,201302010000
48244,2.25,201302010000
48278,0.59,201302010000
48420,2.86,201302010000
48427,2.75,201302010000
48499,1.42,201302010000
48503,2.23,201302010000
48552,0.96,201302010000
48584,1.2,201302010000
48713,1.41,201302010000
48759,2.06,201302010000
48848,2.4,201302010000
48898,0.57,201302010000
49017,1.37,201302010000
49049,0.8,201302010000
49229,1.89,201302010000
49241,0.72,201302010000
49472,2.59,201302010000
49483,0.84,201302010000
49542,2.32,201302010000
49555,1.64,201302010000
49679,2.81,201302010000
49750,2.68,201302010000
49760,0.58,201302010000
49777,0.51,201302010000
49968,0.96,201302010000
50053,2.54,201302010000
50103,2.47,201302010000
50180,1.7,201302010000
50285,1.56,201302010000
50430,2.25,201302010000
50470,1.16,201302010000
50494,1.02,201302010000
50511,2.01,201302010000
50549,0.63,201302010000
50680,0.98,201302010000
50682,2.68,201302010000
50731,2.74,201302010000
50812,1.46,201302010000
50872,2.51,201302010000
51029,2.96,201302010000
51046,1.28,201302010000
51053,2.19,201302010000
51056,2.54,201302010000
51162,2.77,201302010000
51177,0.98,201302010000
51182,0.62,201302010000
51228,2.9,201302010000
51258,1.3,201302010000
51430,0.9,201302010000
51431,2.33,201302010000
51432,0.93,201302010000
51520,1.16,201302010000
51681,2.08,201302010000
51682,1.17,201302010000
51725,2.11,201302010000
51790,1.54,201302010000
51832,0.6,201302010000
51857,1.71,201302010000
51931,0.8,201302010000
51932,2.23,201302010000
51986,2.73,201302010000
52003,0.93,201302010000
52182,1.85,201302010000
52244,0.91,201302010000
52259,0.63,201302010000
52280,1.62,201302010000
52319,1.46,201302010000
52473,0.66,201302010000
52518,0.79,201302010000
52631,0.95,201302010000
52679,0.74,201302010000
52729,2.23,201302010000
52811,0.96,201302010000
52983,1.85,201302010000
52988,1.88,201302010000
52993,1.01,201302010000
53000,1.01,201302010000
53016,0.67,201302010000
53027,1.68,201302010000
53072,0.65,201302010000
53090,2.07,201302010000
53177,2.75,201302010000
53178,1.93,201302010000
53381,2.6,201302010000
53427,1.67,201302010000
53429,0.94,201302010000
53761,1.34,201302010000
53774,1.52,201302010000
53797,1.68,201302010000
53810,1.63,201302010000
53822,0.69,201302010000
53864,1.82,201302010000
53927,2.72,201302010000
54038,0.57,201302010000
54071,1.28,201302010000
54234,2.15,201302010000
54281,2.55,201302010000
54284,2.3,201302010000
54327,2.79,201302010000
54334,1.0,201302010000
54349,2.59,201302010000
54427,0.96,201302010000
54503,1.87,201302010000
54510,2.25,201302010000
54520,0.81,201302010000
54550,1.73,201302010000
54578,0.74,201302010000
54678,1.8,201302010000
54828,0.67,201302010000
54983,1.46,201302010000
54996,1.69,201302010000
55070,1.82,201302010000
55329,2.47,201302010000
55331,2.12,201302010000
55535,0.98,201302010000
55633,2.18,201302010000
55680,2.27,201302010000
55761,2.9,201302010000
55831,2.21,201302010000
55832,1.2,201302010000
55838,1.61,201302010000
55845,1.91,201302010000
56106,2.86,201302010000
56493,2.57,201302010000
56571,1.62,201302010000
56586,1.27,201302010000
56587,1.42,201302010000
56591,0.67,201302010000
56738,0.99,201302010000
56835,1.12,201302010000
56882,2.26,201302010000
56887,2.38,201302010000
56888,1.74,201302010000
56933,2.01,201302010000
56934,0.99,201302010000
57042,2.17,201302010000
57062,0.52,201302010000
57189,1.48,201302010000
57261,0.65,201302010000
57329,1.03,201302010000
57342,1.71,201302010000
57376,2.92,201302010000
57378,2.16,201302010000
57380,0.73,201302010000
57397,1.52,201302010000
57440,2.73,201302010000
57495,1.1,201302010000
57523,2.48,201302010000
57555,2.9,201302010000
57597,2.34,201302010000
57613,1.12,201302010000
57615,1.4,201302010000
57628,1.89,201302010000
57631,2.69,201302010000
57823,1.49,201302010000
57837,1.45,201302010000
57851,1.46,201302010000
57852,2.56,201302010000
57906,1.86,201302010000
58179,1.99,201302010000
58251,1.13,201302010000
58421,1.0,201302010000
58511,1.69,201302010000
58632,0.72,201302010000
58744,2.8,201302010000
58802,0.53,201302010000
58814,2.0,201302010000
58879,1.44,201302010000
58892,0.83,201302010000
59010,2.07,201302010000
59043,1.46,201302010000
59104,0.51,201302010000
59125,2.13,201302010000
59134,2.13,201302010000
59285,1.81,201302010000
59329,1.28,201302010000
59555,1.54,201302010000
59635,1.87,201302010000
59745,1.31,201302010000
59927,0.59,201302010000
59941,1.55,201302010000
60008,1.24,201302010000
60011,0.9,201302010000
60114,1.46,201302010000
60141,1.37,201302010000
60147,1.85,201302010000
60331,1.26,201302010000
60344,2.07,201302010000
60350,1.12,201302010000
60578,1.48,201302010000
60593,1.07,201302010000
60613,0.8,201302010000
60630,1.55,201302010000
60635,2.19,201302010000
60649,0.86,201302010000
60750,2.75,201302010000
60774,2.15,201302010000
60819,0.68,201302010000
60880,1.94,201302010000
60888,1.53,201302010000
61062,1.28,201302010000
61110,2.06,201302010000
61263,2.66,201302010000
61343,2.55,201302010000
61591,2.12,201302010000
61597,1.51,201302010000
61654,1.82,201302010000
61818,2.5,201302010000
62077,1.5,201302010000
62104,1.29,201302010000
62135,1.49,201302010000
62140,1.75,201302010000
62252,2.07,201302010000
62558,2.24,201302010000
62589,0.86,201302010000
62757,1.38,201302010000
62772,2.09,201302010000
62850,1.89,201302010000
62926,1.09,201302010000
62948,0.59,201302010000
63044,2.74,201302010000
63153,0.56,201302010000
63383,1.23,201302010000
63397,2.7,201302010000
63398,2.25,201302010000
63407,2.82,201302010000
63574,1.96,201302010000
63586,1.76,201302010000
63816,1.56,201302010000
64102,2.8,201302010000
64150,2.56,201302010000
64200,2.44,201302010000
64515,0.71,201302010000
64529,2.95,201302010000
64573,1.41,201302010000
64581,0.74,201302010000
64815,2.22,201302010000
64915,2.78,201302010000
65059,1.24,201302010000
65144,2.2,201302010000
65320,1.96,201302010000
65375,2.37,201302010000
65454,1.29,201302010000
65528,0.75,201302010000
65607,0.78,201302010000
65774,1.86,201302010000
65838,0.8,201302010000
66068,2.87,201302010000
66084,2.06,201302010000
66151,1.68,201302010000
66353,2.92,201302010000
66538,1.81,201302010000
66575,2.95,201302010000
66637,1.11,201302010000
66827,2.02,201302010000
66870,2.17,201302010000
67110,0.72,201302010000
67207,1.76,201302010000
67335,2.19,201302010000
67385,2.3,201302010000
67599,2.48,201302010000
67601,1.43,201302010000
67602,2.76,201302010000
67698,1.88,201302010000
67824,1.88,201302010000
67842,0.52,201302010000
67854,1.94,201302010000
67855,1.29,201302010000
67918,1.77,201302010000
68103,1.53,201302010000
68104,2.7,201302010000
68110,1.37,201302010000
68111,2.23,201302010000
68349,1.35,201302010000
68354,0.55,201302010000
68356,1.17,201302010000
68454,2.43,201302010000
68455,1.43,201302010000
68587,1.84,201302010000
68857,2.69,201302010000
68858,2.6,201302010000
68897,1.96,201302010000
68924,1.79,201302010000
68930,1.15,201302010000
69106,0.52,201302010000
69190,1.56,201302010000
69206,1.41,201302010000
69359,0.66,201302010000
69371,1.56,201302010000
69455,2.49,201302010000
69582,2.58,201302010000
69613,2.94,201302010000
69676,2.0,201302010000
70115,2.54,201302010000
70132,1.41,201302010000
70181,0.9,201302010000
70342,2.16,201302010000
70352,2.27,201302010000
70360,0.73,201302010000
70374,1.08,201302010000
70440,0.94,201302010000
70462,1.91,201302010000
70619,2.17,201302010000
70659,1.06,201302010000
70715,1.9,201302010000
70903,2.46,201302010000
70934,0.72,201302010000
70961,1.7,201302010000
71122,2.14,201302010000
71187,2.59,201302010000
71399,2.64,201302010000
71601,2.15,201302010000
71629,0.55,201302010000
71888,2.38,201302010000
71961,2.24,201302010000
71964,1.19,201302010000
72201,2.73,201302010000
72218,2.52,201302010000
72345,0.73,201302010000
72367,2.97,201302010000
72407,2.61,201302010000
72416,1.45,201302010000
72706,1.02,201302010000
72894,1.67,201302010000
73104,2.34,201302010000
73135,0.64,201302010000
73211,1.4,201302010000
73223,0.81,201302010000
73451,1.08,201302010000
73460,1.76,201302010000
73461,0.98,201302010000
73557,1.57,201302010000
73669,2.4,201302010000
74158,0.8,201302010000
74216,2.62,201302010000
74388,2.39,201302010000
74396,0.58,201302010000
74466,1.94,201302010000
74467,0.56,201302010000
74638,1.04,201302010000
74677,2.49,201302010000
74678,2.42,201302010000
74711,1.38,201302010000
74721,2.2,201302010000
74962,2.44,201302010000
74968,1.37,201302010000
74973,1.44,201302010000
75224,1.99,201302010000
75329,1.48,201302010000
75386,2.08,201302010000
75424,2.87,201302010000
75436,1.73,201302010000
75475,1.13,201302010000
75619,2.71,201302010000
75721,1.27,201302010000
75722,1.04,201302010000
75724,1.38,201302010000
75725,2.97,201302010000
75726,0.68,201302010000
75727,2.13,201302010000
75974,0.83,201302010000
75975,2.37,201302010000
76133,1.14,201302010000
76227,1.39,201302010000
76393,2.73,201302010000
76473,0.93,201302010000
76477,2.55,201302010000
76654,1.71,201302010000
76728,1.4,201302010000
76959,2.51,201302010000
77169,1.7,201302010000
77230,0.77,201302010000
77381,0.77,201302010000
77458,1.81,201302010000
77641,2.54,201302010000
77942,1.56,201302010000
77981,0.8,201302010000
78205,1.24,201302010000
78418,2.53,201302010000
78654,2.52,201302010000
78733,1.74,201302010000
78881,2.67,201302010000
78896,2.44,201302010000
78909,2.38,201302010000
78983,2.69,201302010000
79234,0.94,201302010000
79379,1.2,201302010000
79394,2.36,201302010000
79484,2.97,201302010000
79712,0.76,201302010000
79911,2.46,201302010000
79915,1.5,201302010000
80160,1.58,201302010000
80161,1.73,201302010000
80193,2.57,201302010000
80352,1.53,201302010000
80397,1.42,201302010000
80406,2.04,201302010000
80411,2.93,201302010000
80412,1.91,201302010000
80413,2.68,201302010000
80420,2.1,201302010000
80485,2.6,201302010000
80635,1.52,201302010000
80659,0.73,201302010000
80663,0.75,201302010000
80664,2.37,201302010000
80703,2.3,201302010000
80877,2.37,201302010000
80916,1.32,201302010000
81163,1.22,201302010000
81164,2.48,201302010000
81354,1.71,201302010000
81363,1.78,201302010000
81390,1.33,201302010000
81625,0.76,201302010000
81651,2.84,201302010000
81899,2.83,201302010000
82135,1.76,201302010000
82168,2.94,201302010000
82169,1.05,201302010000
82237,1.69,201302010000
82613,1.27,201302010000
82622,1.69,201302010000
82664,1.48,201302010000
82892,0.65,201302010000
82951,1.93,201302010000
83410,1.0,201302010000
83489,2.97,201302010000
83735,0.77,201302010000
83865,2.26,201302010000
84123,2.92,201302010000
84179,2.31,201302010000
84207,2.86,201302010000
84212,0.97,201302010000
84221,1.22,201302010000
84366,2.28,201302010000
84689,2.5,201302010000
84712,2.24,201302010000
84902,1.32,201302010000
85474,0.82,201302010000
85487,1.07,201302010000
85620,2.56,201302010000
85705,2.47,201302010000
85715,2.51,201302010000
85738,2.21,201302010000
86440,1.84,201302010000
86622,2.32,201302010000
86623,2.06,201302010000
86672,2.28,201302010000
86873,2.85,201302010000
86895,1.93,201302010000
87121,0.74,201302010000
87227,0.73,201302010000
87460,1.86,201302010000
87690,0.95,201302010000
87873,1.79,201302010000
88242,2.09,201302010000
88463,1.02,201302010000
89120,2.79,201302010000
89152,0.73,201302010000
89175,2.54,201302010000
89198,2.26,201302010000
89615,1.86,201302010000
89625,2.86,201302010000
90116,1.62,201302010000
90183,2.58,201302010000
90497,1.4,201302010000
90699,1.18,201302010000
90719,0.84,201302010000
91200,1.32,201302010000
91432,2.32,201302010000
91434,1.45,201302010000
91684,0.73,201302010000
91713,2.75,201302010000
91744,1.83,201302010000
92233,1.97,201302010000
93205,2.99,201302010000
93244,2.85,201302010000
93252,1.34,201302010000
93463,2.69,201302010000
93675,1.24,201302010000
93944,1.71,201302010000
94431,0.59,201302010000
94710,0.92,201302010000
94755,1.6,201302010000
94997,2.86,201302010000
95000,0.92,201302010000
95707,0.71,201302010000
95949,0.77,201302010000
95998,2.69,201302010000
96188,1.09,201302010000
96225,2.81,201302010000
96249,0.94,201302010000
96468,1.68,201302010000
96486,0.53,201302010000
96718,1.04,201302010000
96972,2.25,201302010000
96995,1.78,201302010000
97251,1.2,201302010000
97440,1.11,201302010000
97471,0.92,201302010000
97969,1.93,201302010000
97990,1.56,201302010000
98224,0.74,201302010000
98229,2.38,201302010000
98450,1.96,201302010000
98475,0.87,201302010000
98739,2.4,201302010000
99256,0.77,201302010000
99468,2.25,201302010000
99730,1.29,201302010000
101215,1.83,201302010000
101911,2.22,201302010000
101912,0.92,201302010000
101989,2.01,201302010000
102999,1.08,201302010000
103242,2.33,201302010000
103431,2.25,201302010000
104177,2.48,201302010000
104221,1.9,201302010000
104239,0.7,201302010000
104701,2.48,201302010000
104984,2.75,201302010000
105196,0.59,201302010000
105219,1.01,201302010000
105460,2.25,201302010000
105461,1.73,201302010000
105481,0.69,201302010000
105489,2.75,201302010000
105709,2.0,201302010000
105710,2.91,201302010000
105711,2.52,201302010000
105712,2.91,201302010000
105713,1.74,201302010000
105715,2.81,201302010000
105726,0.98,201302010000
105727,2.45,201302010000
105736,1.41,201302010000
105960,1.75,201302010000
105961,1.17,201302010000
105962,1.59,201302010000
105963,1.57,201302010000
105964,1.24,201302010000
105975,2.19,201302010000
106195,0.55,201302010000
106213,2.6,201302010000
106214,2.79,201302010000
106215,2.06,201302010000
106221,2.66,201302010000
106231,0.94,201302010000
106232,1.29,201302010000
106234,1.27,201302010000
106235,1.72,201302010000
106237,1.24,201302010000
106446,2.36,201302010000
106447,1.99,201302010000
106462,1.74,201302010000
106463,2.95,201302010000
106465,2.58,201302010000
106466,2.54,201302010000
106467,1.25,201302010000
106480,1.99,201302010000
106712,2.63,201302010000
106717,0.92,201302010000
106718,0.5,201302010000
106741,1.97,201302010000
106958,2.26,201302010000
106964,1.28,201302010000
106965,1.34,201302010000
106966,0.84,201302010000
106967,1.87,201302010000
106971,1.31,201302010000
106983,2.66,201302010000
106997,2.61,201302010000
107200,2.98,201302010000
107212,1.06,201302010000
107219,0.56,201302010000
107240,1.23,201302010000
107460,1.86,201302010000
107465,0.63,201302010000
107466,0.57,201302010000
107468,0.72,201302010000
107491,1.64,201302010000
107711,2.23,201302010000
107725,2.19,201302010000
107726,2.23,201302010000
107954,2.87,201302010000
107966,1.7,201302010000
107971,2.9,201302010000
107979,1.54,201302010000
107993,0.95,201302010000
108205,2.71,201302010000
108211,0.8,201302010000
108214,0.59,201302010000
108215,0.57,201302010000
108217,1.5,201302010000
108219,0.82,201302010000
108220,1.31,201302010000
108222,1.39,201302010000
108225,1.52,201302010000
108230,2.68,201302010000
108454,2.32,201302010000
108463,1.1,201302010000
108499,2.36,201302010000
108717,2.46,201302010000
108722,2.19,201302010000
108724,2.23,201302010000
108733,0.54,201302010000
108968,1.05,201302010000
108975,2.91,201302010000
108984,1.75,201302010000
108985,1.17,201302010000
109216,1.81,201302010000
109219,2.36,201302010000
109222,1.94,201302010000
109227,1.84,201302010000
109231,2.05,201302010000
109236,0.95,201302010000
109245,1.52,201302010000
109473,0.92,201302010000
109487,2.22,201302010000
109494,1.92,201302010000
109495,2.36,201302010000
109496,1.0,201302010000
109497,0.73,201302010000
109742,1.66,201302010000
109744,1.58,201302010000
109748,2.89,201302010000
109750,1.79,201302010000
109980,1.61,201302010000
109991,0.81,201302010000
109994,2.03,201302010000
109998,2.98,201302010000
110001,2.74,201302010000
110243,2.88,201302010000
110247,0.95,201302010000
110249,1.42,201302010000
110251,1.47,201302010000
110253,2.8,201302010000
110254,2.86,201302010000
