cell,mobility,dtg
1610,1.14,201301310800
1846,1.05,201301310800
1851,1.93,201301310800
1853,2.79,201301310800
1856,2.16,201301310800
1857,1.13,201301310800
2103,1.5,201301310800
2105,2.38,201301310800
2106,0.75,201301310800
2107,1.37,201301310800
2114,0.85,201301310800
2342,1.27,201301310800
2347,1.89,201301310800
2351,0.97,201301310800
2354,1.87,201301310800
2357,2.19,201301310800
2372,2.15,201301310800
2374,0.82,201301310800
2591,2.97,201301310800
2595,1.34,201301310800
2605,0.53,201301310800
2611,2.88,201301310800
2615,2.56,201301310800
2620,1.44,201301310800
2627,2.28,201301310800
2839,2.45,201301310800
2847,0.81,201301310800
3086,1.61,201301310800
3094,1.18,201301310800
3100,1.13,201301310800
3124,1.32,201301310800
3128,1.74,201301310800
3334,0.59,201301310800
3337,2.31,201301310800
3375,1.62,201301310800
3614,2.0,201301310800
3619,2.33,201301310800
3632,2.77,201301310800
3635,1.34,201301310800
3830,1.06,201301310800
3831,2.94,201301310800
3833,1.34,201301310800
3837,2.46,201301310800
3845,0.51,201301310800
3856,0.98,201301310800
3860,1.68,201301310800
3865,2.62,201301310800
4078,1.85,201301310800
4081,2.73,201301310800
4137,0.99,201301310800
4141,1.61,201301310800
4142,2.62,201301310800
4328,2.13,201301310800
4329,1.99,201301310800
4341,2.33,201301310800
4345,2.59,201301310800
4348,0.54,201301310800
4354,0.58,201301310800
4372,1.15,201301310800
4577,2.63,201301310800
4578,1.52,201301310800
4580,2.49,201301310800
4582,0.66,201301310800
4605,1.73,201301310800
4608,0.7,201301310800
4631,1.73,201301310800
4636,1.02,201301310800
4637,2.25,201301310800
4829,2.62,201301310800
4830,0.56,201301310800
4831,2.76,201301310800
4834,1.41,201301310800
4837,2.76,201301310800
4852,0.52,201301310800
4863,1.06,201301310800
4868,1.13,201301310800
4890,2.96,201301310800
4891,0.57,201301310800
5078,2.79,201301310800
5081,1.06,201301310800
5084,2.57,201301310800
5127,1.0,201301310800
5153,2.27,201301310800
5327,1.94,201301310800
5329,2.08,201301310800
5333,1.67,201301310800
5334,0.8,201301310800
5339,0.94,201301310800
5369,2.19,201301310800
5402,1.59,201301310800
5410,1.6,201301310800
5577,1.77,201301310800
5581,1.46,201301310800
5592,1.07,201301310800
5612,0.95,201301310800
5623,2.96,201301310800
5876,1.94,201301310800
5893,1.47,201301310800
5898,2.36,201301310800
6078,1.18,201301310800
6118,1.59,201301310800
6136,2.42,201301310800
6158,2.3,201301310800
6159,1.85,201301310800
6333,1.77,201301310800
6353,1.74,201301310800
6365,1.57,201301310800
6366,0.93,201301310800
6414,2.92,201301310800
6588,2.81,201301310800
6609,2.82,201301310800
6635,1.35,201301310800
6668,2.85,201301310800
6841,1.29,201301310800
6849,2.58,201301310800
6896,1.75,201301310800
6924,0.81,201301310800
6928,1.97,201301310800
6935,0.92,201301310800
6939,1.96,201301310800
7077,2.11,201301310800
7078,2.41,201301310800
7085,0.83,201301310800
7088,0.68,201301310800
7113,2.68,201301310800
7114,1.6,201301310800
7129,1.27,201301310800
7133,1.85,201301310800
7165,2.11,201301310800
7192,2.48,201301310800
7354,1.11,201301310800
7375,0.62,201301310800
7379,1.68,201301310800
7401,1.99,201301310800
7410,1.71,201301310800
7436,1.07,201301310800
7584,2.49,201301310800
7646,2.56,201301310800
7849,1.31,201301310800
7871,1.03,201301310800
7927,0.93,201301310800
7948,1.49,201301310800
8080,0.75,201301310800
8170,2.01,201301310800
8182,1.04,201301310800
8195,2.13,201301310800
8342,0.94,201301310800
8582,1.94,201301310800
8602,2.37,201301310800
8609,0.59,201301310800
8638,2.41,201301310800
8656,1.17,201301310800
8830,1.78,201301310800
8839,2.97,201301310800
8876,1.39,201301310800
8897,2.72,201301310800
8912,1.47,201301310800
8918,0.68,201301310800
8929,1.98,201301310800
8940,0.5,201301310800
8954,1.34,201301310800
9140,2.23,201301310800
9333,1.19,201301310800
9468,2.07,201301310800
9473,0.96,201301310800
9589,2.1,201301310800
9601,0.85,201301310800
9607,1.75,201301310800
9658,0.96,201301310800
9724,2.46,201301310800
9833,2.76,201301310800
10084,2.69,201301310800
10089,1.99,201301310800
10096,2.35,201301310800
10144,2.86,201301310800
10170,1.93,201301310800
10181,1.82,201301310800
10189,1.02,201301310800
10201,1.55,201301310800
10334,1.52,201301310800
10335,1.11,201301310800
10383,1.27,201301310800
10414,1.42,201301310800
10444,2.96,201301310800
10458,1.33,201301310800
10477,2.88,201301310800
10586,2.2,201301310800
10601,1.22,201301310800
10609,2.89,201301310800
10616,1.94,201301310800
10633,1.22,201301310800
10655,0.72,201301310800
10665,2.3,201301310800
10681,2.82,201301310800
10717,0.55,201301310800
10835,2.32,201301310800
10837,1.41,201301310800
10847,0.85,201301310800
10903,0.68,201301310800
10911,1.75,201301310800
10918,2.06,201301310800
10973,0.9,201301310800
11087,2.82,201301310800
11092,2.67,201301310800
11128,1.26,201301310800
11222,2.12,201301310800
11223,2.22,201301310800
11225,0.8,201301310800
11238,1.31,201301310800
11361,0.63,201301310800
11393,1.87,201301310800
11424,2.39,201301310800
11601,0.54,201301310800
11682,2.06,201301310800
11704,2.93,201301310800
11858,1.41,201301310800
11884,1.98,201301310800
11901,2.62,201301310800
11946,2.92,201301310800
11960,2.56,201301310800
11972,1.62,201301310800
12089,1.8,201301310800
12090,2.59,201301310800
12096,1.39,201301310800
12120,1.48,201301310800
12157,2.06,201301310800
12230,2.54,201301310800
12383,2.9,201301310800
12431,0.84,201301310800
12601,1.41,201301310800
12625,1.65,201301310800
12632,1.95,201301310800
12842,1.91,201301310800
12875,1.59,201301310800
12901,2.86,201301310800
12913,1.87,201301310800
12933,1.23,201301310800
12934,0.7,201301310800
12985,0.55,201301310800
13099,0.94,201301310800
13114,2.22,201301310800
13150,0.88,201301310800
13175,1.98,201301310800
13183,2.83,201301310800
13222,1.14,201301310800
13358,2.92,201301310800
13444,0.72,201301310800
13455,1.01,201301310800
13456,1.46,201301310800
13670,2.24,201301310800
13694,2.22,201301310800
13845,2.12,201301310800
13849,0.64,201301310800
14011,2.15,201301310800
14095,0.97,201301310800
14133,2.2,201301310800
14161,1.26,201301310800
14167,2.07,201301310800
14184,0.63,201301310800
14241,2.77,201301310800
14255,0.53,201301310800
14349,2.86,201301310800
14350,0.73,201301310800
14375,0.65,201301310800
14452,2.72,201301310800
14475,1.75,201301310800
14620,2.07,201301310800
14673,1.69,201301310800
14745,2.47,201301310800
14859,1.92,201301310800
14936,1.41,201301310800
14995,2.5,201301310800
15097,1.45,201301310800
15098,2.26,201301310800
15246,3.0,201301310800
15349,0.94,201301310800
15440,1.83,201301310800
15600,1.67,201301310800
15656,2.8,201301310800
15672,2.32,201301310800
15699,1.28,201301310800
15714,0.95,201301310800
15725,1.76,201301310800
15744,1.89,201301310800
15849,1.06,201301310800
15850,1.51,201301310800
15851,0.91,201301310800
15853,1.36,201301310800
15871,1.47,201301310800
16100,2.72,201301310800
16105,1.59,201301310800
16114,0.54,201301310800
16171,0.78,201301310800
16184,2.02,201301310800
16400,1.51,201301310800
16414,0.96,201301310800
16601,2.58,201301310800
16604,2.51,201301310800
16625,2.61,201301310800
16670,2.87,201301310800
16853,0.71,201301310800
16868,2.78,201301310800
16932,1.1,201301310800
17232,2.51,201301310800
17355,0.82,201301310800
17358,0.79,201301310800
17367,1.7,201301310800
17635,0.81,201301310800
17673,0.61,201301310800
17681,2.34,201301310800
17884,2.12,201301310800
17984,2.07,201301310800
18108,1.15,201301310800
18115,1.44,201301310800
18118,2.73,201301310800
18123,2.79,201301310800
18139,0.76,201301310800
18154,0.61,201301310800
18160,2.66,201301310800
18177,2.7,201301310800
18185,0.64,201301310800
18383,1.57,201301310800
18404,2.37,201301310800
18427,1.6,201301310800
18466,1.79,201301310800
18616,1.7,201301310800
18629,2.08,201301310800
18861,1.02,201301310800
18866,1.35,201301310800
18925,0.79,201301310800
19110,1.03,201301310800
19112,1.73,201301310800
19114,1.09,201301310800
19122,2.32,201301310800
19360,1.19,201301310800
19443,1.0,201301310800
19481,2.75,201301310800
19611,2.85,201301310800
19612,1.75,201301310800
19618,1.8,201301310800
19633,2.95,201301310800
19678,0.59,201301310800
19878,1.76,201301310800
19913,2.46,201301310800
20113,2.81,201301310800
20114,2.72,201301310800
20116,1.14,201301310800
20170,0.53,201301310800
20363,2.52,201301310800
20387,1.97,201301310800
20396,1.53,201301310800
20436,0.51,201301310800
20616,2.07,201301310800
20621,1.76,201301310800
20628,1.85,201301310800
20651,2.09,201301310800
20671,2.82,201301310800
20682,1.87,201301310800
20864,1.49,201301310800
20882,2.14,201301310800
20931,1.98,201301310800
20995,2.27,201301310800
21115,1.2,201301310800
21118,2.03,201301310800
21201,1.55,201301310800
21373,0.78,201301310800
21377,1.2,201301310800
21392,0.98,201301310800
21407,2.66,201301310800
21428,1.01,201301310800
21448,1.25,201301310800
21617,1.17,201301310800
21619,2.02,201301310800
21639,2.92,201301310800
21658,2.37,201301310800
21663,2.36,201301310800
21701,2.0,201301310800
21721,2.49,201301310800
21868,1.06,201301310800
21871,1.64,201301310800
21999,1.72,201301310800
22126,0.8,201301310800
22133,2.47,201301310800
22174,1.89,201301310800
22176,0.95,201301310800
22205,0.71,201301310800
22368,1.91,201301310800
22395,1.71,201301310800
22419,1.67,201301310800
22420,1.2,201301310800
22421,1.06,201301310800
22422,0.54,201301310800
22619,0.63,201301310800
22630,2.07,201301310800
22634,0.57,201301310800
22671,1.07,201301310800
22673,2.32,201301310800
22700,2.81,201301310800
22751,2.84,201301310800
22768,0.72,201301310800
22869,0.56,201301310800
22877,1.98,201301310800
22928,2.25,201301310800
22940,2.46,201301310800
22955,2.84,201301310800
22963,1.4,201301310800
22966,0.99,201301310800
23120,2.28,201301310800
23124,1.98,201301310800
23125,2.51,201301310800
23131,1.34,201301310800
23138,2.35,201301310800
23169,1.99,201301310800
23194,1.1,201301310800
23216,1.66,201301310800
23370,1.04,201301310800
23371,2.65,201301310800
23379,2.06,201301310800
23386,1.93,201301310800
23388,2.84,201301310800
23427,1.64,201301310800
23621,0.6,201301310800
23627,1.55,201301310800
23635,1.82,201301310800
23641,1.87,201301310800
23662,1.2,201301310800
23669,0.99,201301310800
23690,0.87,201301310800
23744,1.97,201301310800
23750,1.05,201301310800
23872,2.7,201301310800
23873,0.97,201301310800
23875,2.76,201301310800
23881,1.84,201301310800
23894,2.79,201301310800
23896,2.03,201301310800
23907,1.62,201301310800
23925,1.89,201301310800
23973,1.81,201301310800
24005,1.37,201301310800
24009,1.06,201301310800
24032,0.83,201301310800
24122,2.59,201301310800
24123,1.97,201301310800
24149,2.01,201301310800
24247,1.15,201301310800
24251,2.34,201301310800
24265,0.78,201301310800
24266,2.57,201301310800
24373,0.89,201301310800
24374,1.23,201301310800
24380,1.33,201301310800
24381,1.7,201301310800
24383,1.3,201301310800
24387,2.6,201301310800
24402,0.6,201301310800
24405,1.87,201301310800
24423,1.86,201301310800
24623,2.53,201301310800
24626,0.88,201301310800
24643,1.09,201301310800
24732,2.01,201301310800
24734,0.95,201301310800
24739,2.52,201301310800
24774,1.05,201301310800
24775,1.17,201301310800
24781,1.6,201301310800
24837,2.02,201301310800
24874,2.74,201301310800
24877,0.89,201301310800
24879,1.73,201301310800
24880,2.38,201301310800
24895,1.85,201301310800
24920,2.34,201301310800
24990,2.91,201301310800
24991,2.53,201301310800
24993,0.86,201301310800
25124,0.79,201301310800
25125,1.05,201301310800
25126,0.92,201301310800
25129,2.93,201301310800
25130,1.89,201301310800
25132,1.79,201301310800
25136,2.69,201301310800
25138,0.69,201301310800
25141,2.23,201301310800
25179,2.56,201301310800
25187,2.8,201301310800
25375,0.61,201301310800
25376,1.44,201301310800
25377,2.94,201301310800
25379,2.62,201301310800
25385,0.96,201301310800
25395,1.63,201301310800
25400,2.92,201301310800
25405,2.67,201301310800
25412,1.46,201301310800
25427,2.71,201301310800
25626,1.58,201301310800
25627,2.08,201301310800
25628,2.88,201301310800
25629,2.05,201301310800
25632,2.98,201301310800
25633,2.55,201301310800
25642,1.24,201301310800
25715,1.29,201301310800
25747,0.8,201301310800
25763,2.02,201301310800
25876,1.2,201301310800
25877,0.53,201301310800
25878,1.01,201301310800
25881,2.98,201301310800
25882,1.42,201301310800
25886,1.79,201301310800
25888,2.79,201301310800
25926,2.69,201301310800
25997,2.69,201301310800
26005,2.19,201301310800
26035,1.22,201301310800
26127,0.57,201301310800
26129,1.48,201301310800
26130,2.73,201301310800
26133,1.3,201301310800
26135,0.54,201301310800
26136,1.93,201301310800
26138,1.67,201301310800
26139,1.84,201301310800
26141,0.8,201301310800
26148,1.0,201301310800
26168,2.44,201301310800
26378,2.71,201301310800
26379,0.89,201301310800
26380,2.55,201301310800
26381,2.64,201301310800
26382,0.56,201301310800
26383,1.01,201301310800
26385,1.48,201301310800
26386,2.23,201301310800
26387,1.66,201301310800
26389,2.51,201301310800
26391,0.82,201301310800
26392,1.83,201301310800
26393,0.77,201301310800
26396,1.84,201301310800
26403,2.77,201301310800
26408,2.32,201301310800
26427,2.45,201301310800
26450,1.63,201301310800
26492,1.34,201301310800
26546,2.98,201301310800
26563,2.63,201301310800
26564,1.12,201301310800
26628,0.64,201301310800
26629,1.79,201301310800
26630,0.78,201301310800
26631,0.79,201301310800
26633,0.71,201301310800
26634,2.34,201301310800
26656,0.72,201301310800
26674,1.29,201301310800
26708,2.71,201301310800
26752,1.88,201301310800
26754,1.43,201301310800
26755,2.79,201301310800
26782,1.62,201301310800
26846,1.5,201301310800
26879,0.55,201301310800
26880,2.72,201301310800
26881,1.55,201301310800
26882,1.51,201301310800
26883,2.43,201301310800
26884,2.45,201301310800
26885,1.79,201301310800
26886,2.86,201301310800
26887,2.94,201301310800
26889,1.8,201301310800
26890,1.98,201301310800
26891,2.76,201301310800
26892,1.36,201301310800
26893,1.92,201301310800
26894,0.77,201301310800
26895,1.95,201301310800
26897,1.48,201301310800
26905,0.76,201301310800
26938,0.66,201301310800
26964,2.91,201301310800
27006,2.87,201301310800
27042,1.29,201301310800
27098,2.23,201301310800
27130,1.01,201301310800
27131,2.08,201301310800
27132,1.18,201301310800
27133,0.65,201301310800
27134,2.76,201301310800
27135,0.69,201301310800
27136,2.68,201301310800
27137,1.36,201301310800
27138,2.25,201301310800
27142,2.49,201301310800
27143,1.72,201301310800
27145,1.23,201301310800
27148,2.01,201301310800
27149,1.53,201301310800
27152,2.65,201301310800
27155,2.57,201301310800
27175,1.99,201301310800
27209,0.93,201301310800
27247,0.78,201301310800
27381,2.9,201301310800
27382,2.67,201301310800
27383,2.87,201301310800
27384,0.84,201301310800
27386,0.57,201301310800
27387,2.23,201301310800
27388,1.29,201301310800
27389,0.61,201301310800
27390,1.6,201301310800
27392,1.7,201301310800
27395,2.26,201301310800
27404,1.2,201301310800
27415,1.06,201301310800
27427,0.95,201301310800
27489,1.73,201301310800
27494,2.02,201301310800
27498,0.89,201301310800
27518,0.65,201301310800
27632,2.25,201301310800
27633,1.28,201301310800
27634,2.5,201301310800
27635,2.62,201301310800
27636,2.46,201301310800
27637,2.64,201301310800
27638,2.2,201301310800
27639,2.47,201301310800
27640,2.6,201301310800
27642,1.76,201301310800
27643,0.69,201301310800
27645,1.36,201301310800
27646,2.72,201301310800
27647,1.46,201301310800
27649,2.98,201301310800
27654,1.1,201301310800
27763,1.05,201301310800
27764,0.94,201301310800
27796,2.22,201301310800
27797,2.36,201301310800
27883,2.85,201301310800
27884,2.56,201301310800
27885,2.6,201301310800
27886,2.01,201301310800
27887,1.92,201301310800
27888,2.11,201301310800
27889,1.74,201301310800
27890,1.01,201301310800
27891,2.31,201301310800
27892,2.71,201301310800
27894,0.76,201301310800
27895,2.38,201301310800
27897,1.4,201301310800
27902,1.65,201301310800
27908,2.86,201301310800
27911,0.5,201301310800
27930,1.71,201301310800
27971,1.65,201301310800
28004,2.4,201301310800
28015,1.91,201301310800
28049,1.38,201301310800
28102,0.58,201301310800
28134,1.78,201301310800
28135,2.1,201301310800
28136,1.92,201301310800
28137,1.65,201301310800
28138,2.26,201301310800
28139,2.45,201301310800
28140,1.18,201301310800
28142,1.12,201301310800
28143,0.65,201301310800
28144,1.54,201301310800
28146,1.49,201301310800
28154,2.97,201301310800
28156,0.81,201301310800
28216,0.77,201301310800
28239,1.69,201301310800
28384,0.66,201301310800
28385,2.42,201301310800
28386,1.58,201301310800
28387,1.47,201301310800
28388,2.45,201301310800
28389,2.57,201301310800
28390,1.02,201301310800
28391,1.38,201301310800
28392,1.38,201301310800
28393,2.86,201301310800
28394,2.4,201301310800
28396,1.53,201301310800
28397,2.02,201301310800
28400,2.1,201301310800
28401,1.93,201301310800
28405,2.82,201301310800
28427,2.22,201301310800
28467,0.97,201301310800
28496,1.14,201301310800
28497,2.07,201301310800
28519,1.49,201301310800
28535,1.76,201301310800
28539,2.3,201301310800
28545,2.77,201301310800
28557,2.72,201301310800
28635,1.7,201301310800
28636,0.71,201301310800
28637,2.43,201301310800
28638,1.83,201301310800
28639,1.1,201301310800
28640,1.52,201301310800
28641,1.63,201301310800
28642,1.12,201301310800
28643,2.14,201301310800
28644,1.29,201301310800
28645,1.21,201301310800
28646,1.53,201301310800
28649,2.9,201301310800
28658,2.92,201301310800
28667,0.84,201301310800
28675,2.26,201301310800
28751,2.81,201301310800
28753,1.77,201301310800
28754,0.95,201301310800
28788,1.18,201301310800
28812,0.78,201301310800
28823,2.44,201301310800
28886,1.37,201301310800
28887,2.46,201301310800
28888,0.69,201301310800
28889,1.65,201301310800
28890,2.47,201301310800
28891,1.41,201301310800
28892,0.66,201301310800
28893,2.45,201301310800
28894,1.07,201301310800
28895,2.1,201301310800
28896,2.52,201301310800
28897,2.89,201301310800
28899,1.66,201301310800
28900,2.29,201301310800
28901,1.34,201301310800
28902,2.79,201301310800
28905,2.59,201301310800
28912,1.97,201301310800
28960,1.89,201301310800
28969,1.11,201301310800
29004,2.86,201301310800
29012,2.43,201301310800
29026,1.93,201301310800
29068,2.95,201301310800
29076,1.37,201301310800
29088,2.47,201301310800
29094,2.76,201301310800
29136,1.04,201301310800
29137,2.31,201301310800
29138,1.33,201301310800
29139,0.85,201301310800
29140,2.74,201301310800
29141,2.68,201301310800
29142,2.51,201301310800
29143,2.67,201301310800
29144,0.74,201301310800
29146,2.39,201301310800
29147,1.75,201301310800
29148,2.06,201301310800
29149,2.18,201301310800
29151,1.02,201301310800
29158,2.32,201301310800
29165,0.94,201301310800
29171,0.89,201301310800
29190,2.66,201301310800
29247,1.3,201301310800
29387,1.33,201301310800
29388,2.84,201301310800
29389,1.78,201301310800
29390,2.74,201301310800
29391,0.78,201301310800
29392,0.75,201301310800
29393,1.29,201301310800
29394,2.6,201301310800
29395,1.48,201301310800
29396,2.13,201301310800
29397,0.59,201301310800
29398,2.34,201301310800
29399,1.84,201301310800
29401,1.87,201301310800
29402,2.27,201301310800
29403,1.48,201301310800
29405,1.95,201301310800
29409,2.06,201301310800
29425,1.04,201301310800
29429,2.64,201301310800
29495,1.2,201301310800
29498,2.16,201301310800
29533,1.56,201301310800
29556,1.75,201301310800
29638,0.93,201301310800
29639,1.61,201301310800
29640,2.04,201301310800
29641,1.61,201301310800
29642,1.45,201301310800
29643,2.34,201301310800
29644,2.21,201301310800
29645,0.54,201301310800
29648,1.66,201301310800
29649,0.9,201301310800
29650,2.52,201301310800
29654,2.4,201301310800
29663,2.25,201301310800
29670,0.57,201301310800
29710,1.3,201301310800
29730,2.3,201301310800
29733,2.6,201301310800
29736,2.21,201301310800
29766,1.89,201301310800
29891,0.93,201301310800
29892,2.94,201301310800
29893,0.61,201301310800
29894,0.93,201301310800
29895,2.61,201301310800
29896,0.98,201301310800
29897,2.58,201301310800
29898,2.73,201301310800
29900,1.98,201301310800
29903,1.77,201301310800
29906,0.99,201301310800
29909,0.55,201301310800
29912,1.96,201301310800
29917,1.23,201301310800
29925,0.98,201301310800
29966,0.87,201301310800
30021,2.65,201301310800
30026,2.0,201301310800
30036,1.95,201301310800
30142,2.39,201301310800
30143,1.12,201301310800
30144,2.75,201301310800
30145,2.79,201301310800
30146,1.89,201301310800
30147,0.99,201301310800
30148,0.79,201301310800
30152,2.54,201301310800
30154,1.67,201301310800
30157,2.93,201301310800
30158,1.1,201301310800
30181,2.95,201301310800
30242,1.44,201301310800
30243,1.2,201301310800
30244,0.66,201301310800
30261,1.68,201301310800
30300,2.36,201301310800
30322,0.7,201301310800
30393,2.2,201301310800
30394,1.8,201301310800
30395,2.34,201301310800
30396,1.08,201301310800
30397,1.15,201301310800
30398,0.98,201301310800
30400,2.13,201301310800
30401,2.63,201301310800
30403,2.01,201301310800
30407,1.59,201301310800
30410,0.54,201301310800
30420,2.65,201301310800
30430,0.99,201301310800
30434,2.74,201301310800
30439,1.55,201301310800
30481,2.21,201301310800
30489,1.42,201301310800
30494,1.09,201301310800
30495,2.41,201301310800
30496,0.94,201301310800
30645,2.7,201301310800
30646,2.73,201301310800
30647,2.28,201301310800
30648,1.8,201301310800
30649,0.89,201301310800
30650,1.04,201301310800
30651,1.51,201301310800
30652,2.01,201301310800
30653,2.5,201301310800
30654,2.6,201301310800
30661,2.83,201301310800
30664,2.07,201301310800
30666,1.57,201301310800
30669,2.06,201301310800
30673,2.23,201301310800
30683,2.48,201301310800
30745,2.0,201301310800
30750,1.74,201301310800
30777,2.69,201301310800
30780,2.25,201301310800
30812,1.44,201301310800
30897,2.43,201301310800
30898,0.65,201301310800
30899,2.79,201301310800
30900,1.5,201301310800
30901,1.13,201301310800
30902,2.31,201301310800
30903,2.62,201301310800
30904,1.04,201301310800
30908,2.64,201301310800
30909,2.33,201301310800
30912,2.45,201301310800
30913,2.21,201301310800
30928,1.73,201301310800
30953,2.7,201301310800
30979,1.67,201301310800
30994,0.51,201301310800
30995,2.14,201301310800
31027,1.1,201301310800
31028,2.78,201301310800
31029,0.88,201301310800
31082,0.6,201301310800
31148,0.52,201301310800
31149,2.46,201301310800
31150,1.78,201301310800
31151,1.49,201301310800
31152,2.47,201301310800
31156,0.88,201301310800
31157,1.98,201301310800
31161,1.67,201301310800
31166,2.02,201301310800
31172,0.71,201301310800
31274,2.84,201301310800
31281,0.8,201301310800
31369,1.68,201301310800
31398,1.14,201301310800
31401,2.3,201301310800
31407,2.37,201301310800
31408,2.12,201301310800
31409,1.36,201301310800
31410,1.87,201301310800
31413,0.87,201301310800
31419,1.66,201301310800
31427,2.79,201301310800
31457,1.12,201301310800
31466,1.36,201301310800
31651,2.09,201301310800
31652,2.2,201301310800
31656,0.86,201301310800
31660,1.15,201301310800
31663,0.97,201301310800
31666,2.78,201301310800
31675,1.86,201301310800
31738,0.84,201301310800
31754,2.33,201301310800
31782,2.93,201301310800
31903,2.8,201301310800
31904,1.88,201301310800
31905,1.54,201301310800
31906,2.39,201301310800
31908,1.06,201301310800
31912,0.84,201301310800
31921,2.49,201301310800
31928,0.9,201301310800
31949,1.43,201301310800
32028,1.33,201301310800
32032,1.8,201301310800
32045,1.28,201301310800
32150,2.39,201301310800
32155,2.57,201301310800
32157,0.6,201301310800
32161,1.93,201301310800
32162,2.71,201301310800
32167,2.5,201301310800
32169,2.36,201301310800
32175,1.95,201301310800
32182,2.18,201301310800
32185,1.6,201301310800
32195,1.28,201301310800
32235,1.64,201301310800
32404,2.34,201301310800
32405,2.2,201301310800
32410,1.41,201301310800
32411,2.31,201301310800
32415,2.62,201301310800
32449,2.05,201301310800
32490,1.63,201301310800
32558,1.39,201301310800
32622,2.86,201301310800
32656,1.19,201301310800
32658,2.49,201301310800
32660,0.77,201301310800
32662,0.75,201301310800
32668,1.56,201301310800
32682,1.61,201301310800
32697,2.0,201301310800
32712,2.72,201301310800
32729,2.68,201301310800
32739,2.13,201301310800
32742,2.1,201301310800
32744,1.48,201301310800
32802,2.14,201301310800
32834,1.01,201301310800
32905,2.72,201301310800
32907,2.55,201301310800
32912,2.75,201301310800
32916,1.66,201301310800
32922,2.42,201301310800
32924,2.28,201301310800
32926,0.61,201301310800
32929,2.21,201301310800
32977,1.98,201301310800
32978,2.67,201301310800
33154,2.93,201301310800
33158,2.12,201301310800
33160,2.24,201301310800
33165,1.94,201301310800
33170,2.43,201301310800
33186,0.55,201301310800
33286,1.15,201301310800
33405,0.91,201301310800
33409,2.52,201301310800
33412,0.56,201301310800
33418,2.06,201301310800
33420,1.57,201301310800
33424,2.27,201301310800
33435,0.95,201301310800
33442,1.28,201301310800
33519,0.8,201301310800
33594,2.52,201301310800
33656,1.08,201301310800
33659,1.19,201301310800
33662,1.97,201301310800
33664,2.11,201301310800
33666,0.64,201301310800
33669,0.9,201301310800
33673,2.29,201301310800
33675,2.69,201301310800
33694,2.82,201301310800
33724,2.89,201301310800
33742,2.92,201301310800
33812,1.69,201301310800
33909,1.8,201301310800
33911,1.01,201301310800
33912,1.5,201301310800
33913,0.78,201301310800
33922,2.48,201301310800
33923,0.71,201301310800
33924,2.51,201301310800
33931,1.32,201301310800
33935,1.79,201301310800
33986,1.04,201301310800
34013,1.52,201301310800
34160,0.56,201301310800
34161,0.5,201301310800
34162,0.65,201301310800
34163,2.6,201301310800
34167,1.04,201301310800
34190,2.27,201301310800
34211,1.22,201301310800
34303,0.58,201301310800
34380,1.36,201301310800
34407,2.13,201301310800
34413,1.4,201301310800
34423,1.62,201301310800
34424,2.46,201301310800
34427,2.45,201301310800
34430,2.26,201301310800
34437,2.18,201301310800
34440,1.21,201301310800
34486,1.93,201301310800
34495,2.7,201301310800
34510,1.85,201301310800
34520,1.82,201301310800
34528,2.69,201301310800
34563,1.85,201301310800
34662,0.94,201301310800
34667,2.84,201301310800
34668,0.62,201301310800
34670,0.53,201301310800
34672,2.98,201301310800
34673,1.9,201301310800
34676,1.2,201301310800
34679,1.61,201301310800
34682,1.52,201301310800
34695,1.51,201301310800
34710,1.87,201301310800
34714,1.82,201301310800
34720,2.43,201301310800
34882,0.82,201301310800
34913,1.62,201301310800
34914,1.17,201301310800
34915,1.98,201301310800
34924,1.46,201301310800
34925,2.85,201301310800
34934,0.87,201301310800
34939,1.61,201301310800
34959,2.64,201301310800
34990,1.76,201301310800
35102,2.98,201301310800
35164,1.14,201301310800
35166,2.05,201301310800
35173,1.4,201301310800
35178,0.56,201301310800
35183,1.1,201301310800
35185,1.86,201301310800
35187,2.56,201301310800
35193,0.63,201301310800
35203,0.87,201301310800
35218,1.73,201301310800
35237,0.58,201301310800
35244,2.9,201301310800
35249,2.89,201301310800
35295,2.04,201301310800
35368,2.38,201301310800
35410,0.56,201301310800
35414,2.17,201301310800
35415,1.81,201301310800
35417,2.11,201301310800
35421,2.82,201301310800
35440,1.28,201301310800
35455,0.78,201301310800
35492,0.6,201301310800
35515,1.04,201301310800
35665,2.22,201301310800
35675,1.97,201301310800
35683,0.94,201301310800
35686,2.64,201301310800
35700,0.91,201301310800
35745,1.08,201301310800
35755,1.03,201301310800
35769,1.06,201301310800
35916,1.88,201301310800
35917,1.35,201301310800
35918,0.62,201301310800
35919,0.86,201301310800
35921,0.66,201301310800
35929,2.01,201301310800
35931,2.15,201301310800
35941,0.5,201301310800
35944,1.05,201301310800
35971,2.06,201301310800
35981,0.92,201301310800
35992,1.89,201301310800
35994,1.71,201301310800
36067,1.29,201301310800
36162,1.41,201301310800
36167,2.2,201301310800
36169,0.88,201301310800
36170,1.77,201301310800
36173,0.93,201301310800
36176,2.24,201301310800
36177,1.35,201301310800
36205,2.43,201301310800
36237,0.9,201301310800
36245,2.74,201301310800
36246,1.9,201301310800
36293,1.82,201301310800
36311,0.89,201301310800
36417,2.85,201301310800
36420,1.96,201301310800
36421,1.12,201301310800
36441,0.83,201301310800
36448,2.31,201301310800
36494,1.46,201301310800
36498,2.87,201301310800
36502,2.4,201301310800
36510,1.3,201301310800
36513,1.98,201301310800
36519,1.85,201301310800
36524,1.74,201301310800
36576,1.63,201301310800
36668,2.63,201301310800
36673,2.2,201301310800
36675,2.64,201301310800
36677,1.4,201301310800
36679,2.23,201301310800
36682,2.05,201301310800
36688,1.18,201301310800
36690,1.72,201301310800
36711,1.54,201301310800
36717,2.4,201301310800
36758,2.38,201301310800
36889,0.87,201301310800
36915,2.77,201301310800
36918,2.39,201301310800
36933,0.83,201301310800
36934,0.67,201301310800
36953,1.28,201301310800
36959,2.51,201301310800
36996,2.51,201301310800
36999,2.83,201301310800
37001,2.81,201301310800
37167,1.72,201301310800
37168,1.08,201301310800
37169,1.67,201301310800
37172,1.55,201301310800
37176,2.97,201301310800
37178,2.75,201301310800
37179,2.8,201301310800
37182,2.51,201301310800
37192,1.53,201301310800
37200,2.75,201301310800
37206,2.57,201301310800
37232,2.66,201301310800
37239,2.44,201301310800
37270,2.32,201301310800
37298,0.59,201301310800
37304,2.82,201301310800
37419,2.27,201301310800
37421,0.91,201301310800
37423,0.67,201301310800
37425,0.53,201301310800
37446,1.56,201301310800
37454,2.96,201301310800
37477,2.06,201301310800
37487,2.96,201301310800
37501,0.65,201301310800
37503,2.6,201301310800
37513,2.56,201301310800
37523,2.01,201301310800
37562,1.53,201301310800
37609,2.84,201301310800
37642,2.03,201301310800
37643,0.85,201301310800
37670,2.83,201301310800
37671,1.75,201301310800
37672,0.79,201301310800
37676,2.22,201301310800
37688,1.57,201301310800
37689,0.63,201301310800
37690,2.21,201301310800
37695,2.96,201301310800
37701,0.69,201301310800
37710,1.23,201301310800
37711,1.86,201301310800
37754,1.05,201301310800
37874,1.68,201301310800
37891,0.65,201301310800
37893,1.1,201301310800
37894,2.91,201301310800
37926,2.99,201301310800
37928,1.39,201301310800
37929,2.64,201301310800
37932,2.62,201301310800
37936,2.5,201301310800
37943,2.62,201301310800
37952,1.56,201301310800
37962,1.05,201301310800
37968,1.8,201301310800
38003,2.95,201301310800
38060,1.35,201301310800
38145,2.56,201301310800
38172,1.37,201301310800
38173,1.58,201301310800
38178,1.32,201301310800
38200,2.36,201301310800
38204,1.41,201301310800
38209,1.93,201301310800
38215,0.57,201301310800
38220,2.48,201301310800
38225,2.31,201301310800
38228,2.24,201301310800
38230,1.75,201301310800
38243,1.68,201301310800
38247,0.71,201301310800
38255,2.91,201301310800
38263,0.6,201301310800
38268,1.32,201301310800
38272,2.22,201301310800
38367,1.05,201301310800
38381,2.31,201301310800
38423,1.82,201301310800
38425,1.49,201301310800
38426,1.6,201301310800
38431,1.76,201301310800
38440,0.62,201301310800
38479,0.53,201301310800
38481,0.52,201301310800
38483,1.04,201301310800
38488,2.25,201301310800
38490,1.64,201301310800
38498,0.69,201301310800
38499,2.98,201301310800
38500,2.35,201301310800
38505,1.28,201301310800
38506,2.99,201301310800
38508,2.0,201301310800
38517,2.73,201301310800
38534,0.64,201301310800
38648,0.77,201301310800
38674,0.96,201301310800
38676,0.89,201301310800
38679,0.74,201301310800
38684,0.97,201301310800
38693,1.3,201301310800
38697,1.86,201301310800
38716,1.76,201301310800
38722,0.66,201301310800
38736,1.67,201301310800
38738,2.61,201301310800
38752,0.53,201301310800
38753,2.63,201301310800
38758,2.21,201301310800
38760,1.58,201301310800
38761,2.06,201301310800
38762,1.02,201301310800
38766,2.77,201301310800
38769,2.63,201301310800
38778,1.99,201301310800
38812,1.18,201301310800
38939,1.03,201301310800
38953,2.25,201301310800
38958,1.33,201301310800
38967,2.97,201301310800
39006,1.61,201301310800
39008,0.66,201301310800
39010,1.96,201301310800
39011,2.21,201301310800
39017,2.45,201301310800
39113,1.32,201301310800
39148,1.75,201301310800
39149,0.98,201301310800
39176,0.63,201301310800
39178,1.64,201301310800
39191,2.27,201301310800
39201,1.93,201301310800
39230,2.36,201301310800
39236,2.99,201301310800
39246,1.06,201301310800
39252,1.08,201301310800
39255,1.04,201301310800
39260,1.15,201301310800
39262,2.08,201301310800
39263,1.57,201301310800
39268,2.59,201301310800
39269,1.36,201301310800
39271,1.74,201301310800
39274,1.72,201301310800
39275,2.03,201301310800
39375,2.2,201301310800
39391,2.65,201301310800
39427,2.69,201301310800
39428,2.84,201301310800
39430,0.68,201301310800
39433,0.8,201301310800
39446,2.04,201301310800
39457,2.92,201301310800
39514,1.27,201301310800
39515,1.06,201301310800
39516,1.98,201301310800
39517,1.26,201301310800
39535,0.55,201301310800
39554,2.89,201301310800
39559,2.27,201301310800
39631,1.77,201301310800
39632,2.31,201301310800
39633,2.36,201301310800
39652,2.16,201301310800
39683,2.26,201301310800
39687,2.22,201301310800
39706,2.98,201301310800
39710,1.35,201301310800
39722,1.12,201301310800
39731,2.68,201301310800
39750,0.89,201301310800
39755,0.63,201301310800
39759,0.93,201301310800
39762,2.78,201301310800
39764,2.24,201301310800
39765,0.75,201301310800
39766,1.01,201301310800
39767,1.06,201301310800
39769,1.67,201301310800
39772,0.59,201301310800
39776,1.5,201301310800
39777,2.65,201301310800
39790,2.78,201301310800
39791,1.79,201301310800
39796,1.44,201301310800
39832,0.98,201301310800
39883,2.4,201301310800
39930,1.89,201301310800
39932,0.67,201301310800
39941,1.24,201301310800
39948,1.37,201301310800
39969,1.67,201301310800
40018,0.68,201301310800
40031,2.8,201301310800
40133,1.75,201301310800
40180,2.57,201301310800
40188,1.34,201301310800
40196,0.64,201301310800
40242,2.34,201301310800
40246,1.65,201301310800
40259,1.28,201301310800
40264,1.5,201301310800
40267,0.92,201301310800
40268,2.23,201301310800
40270,2.75,201301310800
40276,2.08,201301310800
40286,2.02,201301310800
40295,2.37,201301310800
40431,1.5,201301310800
40432,1.6,201301310800
40442,0.71,201301310800
40447,1.69,201301310800
40448,2.66,201301310800
40451,2.48,201301310800
40457,2.12,201301310800
40500,0.54,201301310800
40512,2.98,201301310800
40518,1.26,201301310800
40519,0.68,201301310800
40522,1.56,201301310800
40524,1.1,201301310800
40525,2.82,201301310800
40532,1.73,201301310800
40560,1.49,201301310800
40566,2.06,201301310800
40633,2.35,201301310800
40687,1.23,201301310800
40713,1.54,201301310800
40719,2.04,201301310800
40732,0.69,201301310800
40733,1.07,201301310800
40766,2.96,201301310800
40810,0.97,201301310800
40894,2.36,201301310800
40933,0.59,201301310800
40936,2.7,201301310800
40939,1.95,201301310800
40954,1.79,201301310800
40982,1.25,201301310800
41021,2.2,201301310800
41024,2.76,201301310800
41061,1.05,201301310800
41145,0.75,201301310800
41157,1.58,201301310800
41183,2.23,201301310800
41200,0.74,201301310800
41262,1.77,201301310800
41265,1.02,201301310800
41270,2.18,201301310800
41277,1.63,201301310800
41318,0.72,201301310800
41401,0.73,201301310800
41407,2.64,201301310800
41437,2.68,201301310800
41459,2.39,201301310800
41465,2.74,201301310800
41469,0.85,201301310800
41508,1.9,201301310800
41520,1.32,201301310800
41522,1.9,201301310800
41526,2.77,201301310800
41532,1.43,201301310800
41558,2.94,201301310800
41635,2.18,201301310800
41653,1.56,201301310800
41658,0.54,201301310800
41692,0.79,201301310800
41696,2.51,201301310800
41764,2.37,201301310800
41772,0.92,201301310800
41893,1.5,201301310800
41904,0.76,201301310800
41905,2.44,201301310800
41936,1.05,201301310800
41941,1.97,201301310800
41958,1.89,201301310800
41990,1.81,201301310800
42023,2.42,201301310800
42026,1.17,201301310800
42029,2.02,201301310800
42074,1.41,201301310800
42085,1.0,201301310800
42095,2.29,201301310800
42147,0.92,201301310800
42160,1.27,201301310800
42200,1.27,201301310800
42213,1.71,201301310800
42267,1.96,201301310800
42271,0.97,201301310800
42274,0.79,201301310800
42283,0.52,201301310800
42291,0.84,201301310800
42342,1.8,201301310800
42411,2.44,201301310800
42438,1.54,201301310800
42454,1.01,201301310800
42471,1.45,201301310800
42478,2.51,201301310800
42487,2.88,201301310800
42503,1.82,201301310800
42514,2.86,201301310800
42521,1.83,201301310800
42533,0.76,201301310800
42644,0.7,201301310800
42661,0.53,201301310800
42695,2.04,201301310800
42744,2.22,201301310800
42750,2.78,201301310800
42846,0.62,201301310800
42905,1.59,201301310800
42912,1.14,201301310800
42939,2.0,201301310800
42940,1.64,201301310800
42944,1.04,201301310800
42949,2.49,201301310800
43011,0.87,201301310800
43021,2.74,201301310800
43030,1.17,201301310800
43151,1.79,201301310800
43160,2.31,201301310800
43162,1.84,201301310800
43213,1.54,201301310800
43220,2.35,201301310800
43261,0.67,201301310800
43412,1.28,201301310800
43413,0.57,201301310800
43440,1.11,201301310800
43443,2.98,201301310800
43449,0.86,201301310800
43483,0.61,201301310800
43484,1.46,201301310800
43494,2.54,201301310800
43518,0.67,201301310800
43523,2.63,201301310800
43526,1.41,201301310800
43530,1.74,201301310800
43571,0.55,201301310800
43642,0.92,201301310800
43662,2.68,201301310800
43738,2.23,201301310800
43760,0.61,201301310800
43779,1.18,201301310800
43914,1.11,201301310800
43957,1.57,201301310800
43980,2.87,201301310800
43984,2.14,201301310800
43992,1.65,201301310800
43995,2.77,201301310800
44002,2.22,201301310800
44039,1.03,201301310800
44194,1.71,201301310800
44197,1.49,201301310800
44204,1.31,201301310800
44215,2.16,201301310800
44226,2.36,201301310800
44247,1.94,201301310800
44255,2.96,201301310800
44282,1.61,201301310800
44284,2.93,201301310800
44356,2.24,201301310800
44470,2.22,201301310800
44486,1.79,201301310800
44503,2.21,201301310800
44504,1.76,201301310800
44510,0.97,201301310800
44517,1.88,201301310800
44534,1.79,201301310800
44578,2.14,201301310800
44666,2.32,201301310800
44694,0.62,201301310800
44697,1.22,201301310800
44716,2.99,201301310800
44724,2.56,201301310800
44743,1.79,201301310800
44755,0.84,201301310800
44756,2.64,201301310800
44757,2.0,201301310800
44758,2.97,201301310800
44786,1.58,201301310800
44787,0.74,201301310800
44911,1.26,201301310800
44963,1.11,201301310800
45005,1.7,201301310800
45006,2.86,201301310800
45007,2.37,201301310800
45008,0.59,201301310800
45039,2.08,201301310800
45114,0.53,201301310800
45168,1.75,201301310800
45200,1.75,201301310800
45203,2.5,201301310800
45208,1.57,201301310800
45237,2.84,201301310800
45254,1.43,201301310800
45256,1.55,201301310800
45258,2.71,201301310800
45261,2.37,201301310800
45265,1.04,201301310800
45266,2.28,201301310800
45401,0.85,201301310800
45479,2.17,201301310800
45502,0.94,201301310800
45507,1.46,201301310800
45509,1.59,201301310800
45526,1.92,201301310800
45538,1.31,201301310800
45582,0.51,201301310800
45661,2.92,201301310800
45701,1.1,201301310800
45703,0.64,201301310800
45716,2.2,201301310800
45720,1.77,201301310800
45725,2.58,201301310800
45735,0.7,201301310800
45747,2.27,201301310800
45766,1.34,201301310800
45793,0.96,201301310800
45795,1.87,201301310800
45919,1.33,201301310800
45948,1.62,201301310800
46008,1.29,201301310800
46036,2.72,201301310800
46041,2.43,201301310800
46052,2.53,201301310800
46074,2.21,201301310800
46145,1.46,201301310800
46202,1.42,201301310800
46209,2.07,201301310800
46242,1.4,201301310800
46265,2.24,201301310800
46372,0.66,201301310800
46384,1.96,201301310800
46455,1.27,201301310800
46508,1.03,201301310800
46523,2.43,201301310800
46538,0.81,201301310800
46565,2.04,201301310800
46574,2.52,201301310800
46626,1.83,201301310800
46700,1.54,201301310800
46738,1.14,201301310800
46770,2.13,201301310800
46778,0.82,201301310800
46787,1.5,201301310800
46803,1.46,201301310800
46954,2.41,201301310800
46964,2.21,201301310800
46972,1.22,201301310800
46976,0.95,201301310800
46981,1.39,201301310800
47011,1.21,201301310800
47015,2.87,201301310800
47047,1.9,201301310800
47253,2.07,201301310800
47288,1.27,201301310800
47295,2.26,201301310800
47342,1.67,201301310800
47454,2.07,201301310800
47535,2.81,201301310800
47543,2.78,201301310800
47705,0.68,201301310800
47709,2.74,201301310800
47711,2.72,201301310800
47758,0.51,201301310800
47806,2.77,201301310800
47889,1.76,201301310800
47926,2.61,201301310800
47968,1.28,201301310800
47972,1.18,201301310800
47977,1.9,201301310800
47982,1.94,201301310800
48032,0.77,201301310800
48209,1.21,201301310800
48239,1.58,201301310800
48244,2.0,201301310800
48278,1.1,201301310800
48420,1.57,201301310800
48427,2.31,201301310800
48499,2.72,201301310800
48503,0.86,201301310800
48552,1.23,201301310800
48584,0.71,201301310800
48713,2.16,201301310800
48759,1.82,201301310800
48848,2.76,201301310800
48898,2.15,201301310800
49017,2.51,201301310800
49049,1.94,201301310800
49229,2.01,201301310800
49241,0.92,201301310800
49472,1.97,201301310800
49483,2.57,201301310800
49542,2.81,201301310800
49555,1.05,201301310800
49679,2.61,201301310800
49750,2.1,201301310800
49760,1.18,201301310800
49777,2.49,201301310800
49968,1.15,201301310800
50053,2.51,201301310800
50103,1.03,201301310800
50180,2.32,201301310800
50285,2.83,201301310800
50430,1.48,201301310800
50470,0.97,201301310800
50494,1.67,201301310800
50511,2.26,201301310800
50549,2.71,201301310800
50680,1.04,201301310800
50682,2.74,201301310800
50731,2.05,201301310800
50812,0.6,201301310800
50872,2.63,201301310800
51029,2.45,201301310800
51046,2.64,201301310800
51053,2.94,201301310800
51056,0.67,201301310800
51162,1.36,201301310800
51177,0.93,201301310800
51182,1.07,201301310800
51228,1.73,201301310800
51258,1.28,201301310800
51430,2.41,201301310800
51431,1.88,201301310800
51432,2.41,201301310800
51520,2.06,201301310800
51681,0.9,201301310800
51682,1.06,201301310800
51725,2.97,201301310800
51790,2.95,201301310800
51832,1.81,201301310800
51857,0.54,201301310800
51931,1.09,201301310800
51932,2.93,201301310800
51986,1.63,201301310800
52003,2.81,201301310800
52182,0.89,201301310800
52244,1.67,201301310800
52259,1.57,201301310800
52280,2.27,201301310800
52319,1.33,201301310800
52473,2.88,201301310800
52518,1.01,201301310800
52631,1.34,201301310800
52679,0.78,201301310800
52729,1.36,201301310800
52811,1.75,201301310800
52983,2.92,201301310800
52988,1.83,201301310800
52993,0.93,201301310800
53000,0.62,201301310800
53016,1.33,201301310800
53027,2.38,201301310800
53072,2.09,201301310800
53090,1.82,201301310800
53177,2.92,201301310800
53178,0.63,201301310800
53381,0.56,201301310800
53427,1.7,201301310800
53429,0.6,201301310800
53761,0.64,201301310800
53774,0.88,201301310800
53797,1.99,201301310800
53810,1.17,201301310800
53822,2.36,201301310800
53864,1.62,201301310800
53927,1.35,201301310800
54038,2.31,201301310800
54071,2.52,201301310800
54234,2.63,201301310800
54281,1.76,201301310800
54284,1.27,201301310800
54327,2.81,201301310800
54334,2.66,201301310800
54349,0.82,201301310800
54427,2.23,201301310800
54503,2.99,201301310800
54510,1.82,201301310800
54520,1.01,201301310800
54550,1.75,201301310800
54578,1.52,201301310800
54678,2.94,201301310800
54828,1.28,201301310800
54983,1.58,201301310800
54996,0.88,201301310800
55070,2.4,201301310800
55329,1.23,201301310800
55331,1.97,201301310800
55535,2.51,201301310800
55633,2.8,201301310800
55680,2.71,201301310800
55761,1.78,201301310800
55831,1.53,201301310800
55832,1.09,201301310800
55838,1.69,201301310800
55845,0.74,201301310800
56106,2.83,201301310800
56493,2.25,201301310800
56571,2.23,201301310800
56586,1.36,201301310800
56587,2.5,201301310800
56591,2.97,201301310800
56738,2.59,201301310800
56835,2.08,201301310800
56882,1.18,201301310800
56887,2.85,201301310800
56888,1.26,201301310800
56933,0.78,201301310800
56934,2.78,201301310800
57042,2.53,201301310800
57062,1.95,201301310800
57189,2.09,201301310800
57261,2.74,201301310800
57329,2.61,201301310800
57342,2.87,201301310800
57376,2.11,201301310800
57378,1.72,201301310800
57380,1.34,201301310800
57397,2.03,201301310800
57440,2.71,201301310800
57495,2.86,201301310800
57523,0.64,201301310800
57555,3.0,201301310800
57597,1.25,201301310800
57613,1.78,201301310800
57615,0.85,201301310800
57628,2.94,201301310800
57631,2.52,201301310800
57823,0.82,201301310800
57837,1.39,201301310800
57851,2.88,201301310800
57852,1.27,201301310800
57906,1.14,201301310800
58179,2.32,201301310800
58251,2.42,201301310800
58421,0.62,201301310800
58511,3.0,201301310800
58632,1.66,201301310800
58744,0.76,201301310800
58802,2.1,201301310800
58814,1.44,201301310800
58879,0.64,201301310800
58892,1.6,201301310800
59010,2.35,201301310800
59043,2.06,201301310800
59104,1.93,201301310800
59125,1.9,201301310800
59134,2.9,201301310800
59285,0.95,201301310800
59329,2.67,201301310800
59555,0.51,201301310800
59635,1.53,201301310800
59745,2.69,201301310800
59927,2.68,201301310800
59941,1.81,201301310800
60008,1.03,201301310800
60011,0.81,201301310800
60114,1.83,201301310800
60141,2.41,201301310800
60147,2.28,201301310800
60331,0.91,201301310800
60344,0.59,201301310800
60350,2.85,201301310800
60578,1.52,201301310800
60593,1.03,201301310800
60613,1.72,201301310800
60630,1.95,201301310800
60635,2.52,201301310800
60649,2.02,201301310800
60750,1.14,201301310800
60774,2.16,201301310800
60819,1.84,201301310800
60880,2.36,201301310800
60888,0.71,201301310800
61062,2.94,201301310800
61110,1.87,201301310800
61263,1.16,201301310800
61343,2.39,201301310800
61591,0.62,201301310800
61597,2.56,201301310800
61654,1.15,201301310800
61818,1.61,201301310800
62077,1.17,201301310800
62104,2.42,201301310800
62135,2.82,201301310800
62140,1.71,201301310800
62252,1.77,201301310800
62558,1.34,201301310800
62589,1.55,201301310800
62757,0.52,201301310800
62772,2.37,201301310800
62850,1.95,201301310800
62926,2.85,201301310800
62948,2.99,201301310800
63044,2.19,201301310800
63153,2.21,201301310800
63383,2.79,201301310800
63397,2.7,201301310800
63398,2.34,201301310800
63407,2.47,201301310800
63574,2.57,201301310800
63586,2.72,201301310800
63816,0.92,201301310800
64102,2.17,201301310800
64150,0.64,201301310800
64200,1.96,201301310800
64515,0.85,201301310800
64529,2.53,201301310800
64573,2.06,201301310800
64581,1.7,201301310800
64815,2.65,201301310800
64915,0.9,201301310800
65059,2.3,201301310800
65144,0.75,201301310800
65320,2.49,201301310800
65375,2.9,201301310800
65454,1.64,201301310800
65528,1.72,201301310800
65607,1.39,201301310800
65774,1.67,201301310800
65838,2.1,201301310800
66068,2.6,201301310800
66084,2.84,201301310800
66151,0.75,201301310800
66353,2.93,201301310800
66538,1.48,201301310800
66575,0.69,201301310800
66637,2.55,201301310800
66827,1.65,201301310800
66870,1.0,201301310800
67110,2.43,201301310800
67207,0.97,201301310800
67335,2.38,201301310800
67385,1.18,201301310800
67599,0.5,201301310800
67601,1.75,201301310800
67602,1.22,201301310800
67698,1.92,201301310800
67824,2.96,201301310800
67842,0.63,201301310800
67854,1.01,201301310800
67855,2.5,201301310800
67918,2.5,201301310800
68103,2.52,201301310800
68104,2.03,201301310800
68110,1.71,201301310800
68111,2.6,201301310800
68349,2.55,201301310800
68354,0.78,201301310800
68356,1.41,201301310800
68454,2.11,201301310800
68455,0.53,201301310800
68587,0.78,201301310800
68857,1.56,201301310800
68858,1.61,201301310800
68897,1.97,201301310800
68924,2.97,201301310800
68930,1.9,201301310800
69106,0.56,201301310800
69190,2.67,201301310800
69206,2.2,201301310800
69359,0.81,201301310800
69371,2.57,201301310800
69455,0.82,201301310800
69582,1.92,201301310800
69613,2.4,201301310800
69676,0.51,201301310800
70115,2.71,201301310800
70132,1.99,201301310800
70181,1.36,201301310800
70342,2.13,201301310800
70352,2.1,201301310800
70360,0.86,201301310800
70374,2.02,201301310800
70440,1.47,201301310800
70462,1.56,201301310800
70619,1.93,201301310800
70659,2.07,201301310800
70715,1.68,201301310800
70903,2.82,201301310800
70934,1.25,201301310800
70961,1.45,201301310800
71122,1.42,201301310800
71187,1.36,201301310800
71399,1.71,201301310800
71601,1.16,201301310800
71629,0.75,201301310800
71888,0.83,201301310800
71961,1.36,201301310800
71964,1.09,201301310800
72201,0.56,201301310800
72218,2.11,201301310800
72345,0.59,201301310800
72367,0.62,201301310800
72407,2.6,201301310800
72416,0.92,201301310800
72706,1.37,201301310800
72894,2.21,201301310800
73104,0.8,201301310800
73135,2.09,201301310800
73211,2.54,201301310800
73223,1.92,201301310800
73451,2.64,201301310800
73460,0.96,201301310800
73461,1.54,201301310800
73557,2.68,201301310800
73669,2.25,201301310800
74158,2.63,201301310800
74216,2.16,201301310800
74388,0.6,201301310800
74396,0.95,201301310800
74466,0.79,201301310800
74467,0.51,201301310800
74638,1.5,201301310800
74677,2.27,201301310800
74678,2.34,201301310800
74711,0.95,201301310800
74721,2.56,201301310800
74962,2.86,201301310800
74968,2.2,201301310800
74973,1.37,201301310800
75224,2.4,201301310800
75329,1.56,201301310800
75386,1.78,201301310800
75424,1.77,201301310800
75436,1.36,201301310800
75475,2.05,201301310800
75619,2.17,201301310800
75721,1.51,201301310800
75722,1.53,201301310800
75724,0.92,201301310800
75725,2.62,201301310800
75726,0.59,201301310800
75727,0.52,201301310800
75974,1.2,201301310800
75975,2.23,201301310800
76133,2.54,201301310800
76227,2.54,201301310800
76393,2.77,201301310800
76473,2.59,201301310800
76477,2.97,201301310800
76654,2.03,201301310800
76728,1.47,201301310800
76959,0.53,201301310800
77169,2.2,201301310800
77230,1.11,201301310800
77381,1.07,201301310800
77458,2.6,201301310800
77641,0.86,201301310800
77942,1.47,201301310800
77981,1.22,201301310800
78205,1.64,201301310800
78418,1.55,201301310800
78654,0.54,201301310800
78733,1.15,201301310800
78881,0.8,201301310800
78896,1.63,201301310800
78909,0.83,201301310800
78983,1.9,201301310800
79234,1.13,201301310800
79379,2.6,201301310800
79394,2.19,201301310800
79484,2.26,201301310800
79712,0.51,201301310800
79911,2.52,201301310800
79915,0.64,201301310800
80160,2.85,201301310800
80161,1.99,201301310800
80193,1.19,201301310800
80352,2.68,201301310800
80397,2.92,201301310800
80406,1.24,201301310800
80411,2.38,201301310800
80412,1.89,201301310800
80413,1.11,201301310800
80420,1.14,201301310800
80485,0.5,201301310800
80635,0.85,201301310800
80659,1.96,201301310800
80663,2.34,201301310800
80664,1.29,201301310800
80703,0.74,201301310800
80877,1.28,201301310800
80916,2.44,201301310800
81163,0.82,201301310800
81164,2.45,201301310800
81354,2.57,201301310800
81363,1.61,201301310800
81390,1.55,201301310800
81625,1.96,201301310800
81651,1.1,201301310800
81899,2.55,201301310800
82135,0.72,201301310800
82168,0.87,201301310800
82169,1.97,201301310800
82237,1.97,201301310800
82613,0.56,201301310800
82622,1.92,201301310800
82664,1.56,201301310800
82892,2.45,201301310800
82951,0.88,201301310800
83410,1.34,201301310800
83489,1.45,201301310800
83735,2.01,201301310800
83865,1.12,201301310800
84123,2.17,201301310800
84179,2.53,201301310800
84207,2.98,201301310800
84212,1.46,201301310800
84221,2.48,201301310800
84366,2.99,201301310800
84689,0.8,201301310800
84712,0.78,201301310800
84902,2.54,201301310800
85474,0.77,201301310800
85487,2.77,201301310800
85620,0.79,201301310800
85705,1.5,201301310800
85715,2.11,201301310800
85738,2.64,201301310800
86440,2.69,201301310800
86622,2.48,201301310800
86623,0.96,201301310800
86672,1.41,201301310800
86873,2.41,201301310800
86895,0.79,201301310800
87121,2.94,201301310800
87227,2.05,201301310800
87460,1.27,201301310800
87690,1.23,201301310800
87873,1.89,201301310800
88242,1.23,201301310800
88463,1.37,201301310800
89120,2.22,201301310800
89152,1.65,201301310800
89175,1.98,201301310800
89198,1.07,201301310800
89615,1.57,201301310800
89625,2.79,201301310800
90116,0.62,201301310800
90183,1.8,201301310800
90497,2.0,201301310800
90699,2.33,201301310800
90719,2.35,201301310800
91200,0.85,201301310800
91432,2.24,201301310800
91434,1.59,201301310800
91684,1.27,201301310800
91713,2.59,201301310800
91744,2.03,201301310800
92233,2.78,201301310800
93205,1.96,201301310800
93244,0.97,201301310800
93252,2.13,201301310800
93463,1.37,201301310800
93675,0.7,201301310800
93944,2.79,201301310800
94431,2.1,201301310800
94710,0.7,201301310800
94755,1.64,201301310800
94997,1.52,201301310800
95000,2.59,201301310800
95707,0.67,201301310800
95949,2.1,201301310800
95998,0.72,201301310800
96188,0.84,201301310800
96225,1.46,201301310800
96249,2.03,201301310800
96468,2.59,201301310800
96486,1.79,201301310800
96718,0.66,201301310800
96972,2.89,201301310800
96995,2.06,201301310800
97251,2.59,201301310800
97440,2.43,201301310800
97471,2.78,201301310800
97969,2.2,201301310800
97990,2.85,201301310800
98224,2.42,201301310800
98229,2.37,201301310800
98450,0.9,201301310800
98475,0.94,201301310800
98739,2.4,201301310800
99256,1.21,201301310800
99468,2.28,201301310800
99730,1.65,201301310800
101215,2.5,201301310800
101911,2.82,201301310800
101912,1.82,201301310800
101989,2.29,201301310800
102999,1.43,201301310800
103242,1.34,201301310800
103431,2.8,201301310800
104177,0.74,201301310800
104221,1.78,201301310800
104239,2.56,201301310800
104701,0.94,201301310800
104984,0.94,201301310800
105196,1.0,201301310800
105219,2.27,201301310800
105460,0.99,201301310800
105461,1.19,201301310800
105481,2.13,201301310800
105489,2.12,201301310800
105709,1.95,201301310800
105710,2.56,201301310800
105711,2.93,201301310800
105712,2.82,201301310800
105713,2.3,201301310800
105715,1.98,201301310800
105726,1.97,201301310800
105727,0.98,201301310800
105736,2.43,201301310800
105960,0.91,201301310800
105961,2.61,201301310800
105962,1.18,201301310800
105963,1.82,201301310800
105964,2.27,201301310800
105975,0.73,201301310800
106195,1.66,201301310800
106213,0.64,201301310800
106214,1.01,201301310800
106215,1.66,201301310800
106221,1.19,201301310800
106231,2.29,201301310800
106232,1.5,201301310800
106234,0.74,201301310800
106235,2.52,201301310800
106237,1.5,201301310800
106446,2.16,201301310800
106447,1.24,201301310800
106462,1.72,201301310800
106463,1.47,201301310800
106465,1.58,201301310800
106466,1.62,201301310800
106467,2.58,201301310800
106480,1.22,201301310800
106712,2.5,201301310800
106717,0.91,201301310800
106718,1.49,201301310800
106741,1.77,201301310800
106958,2.7,201301310800
106964,2.36,201301310800
106965,2.34,201301310800
106966,0.81,201301310800
106967,1.46,201301310800
106971,1.35,201301310800
106983,2.1,201301310800
106997,2.39,201301310800
107200,2.55,201301310800
107212,0.51,201301310800
107219,2.98,201301310800
107240,2.63,201301310800
107460,2.71,201301310800
107465,2.97,201301310800
107466,2.2,201301310800
107468,1.4,201301310800
107491,2.88,201301310800
107711,1.98,201301310800
107725,1.11,201301310800
107726,1.5,201301310800
107954,1.8,201301310800
107966,1.45,201301310800
107971,0.91,201301310800
107979,2.48,201301310800
107993,1.37,201301310800
108205,1.19,201301310800
108211,0.79,201301310800
108214,1.08,201301310800
108215,2.34,201301310800
108217,2.24,201301310800
108219,1.1,201301310800
108220,0.81,201301310800
108222,2.35,201301310800
108225,1.23,201301310800
108230,0.56,201301310800
108454,2.07,201301310800
108463,2.22,201301310800
108499,0.87,201301310800
108717,1.41,201301310800
108722,2.88,201301310800
108724,2.54,201301310800
108733,3.0,201301310800
108968,1.45,201301310800
108975,1.68,201301310800
108984,2.41,201301310800
108985,2.94,201301310800
109216,1.09,201301310800
109219,0.76,201301310800
109222,1.33,201301310800
109227,2.0,201301310800
109231,0.6,201301310800
109236,2.31,201301310800
109245,0.88,201301310800
109473,1.35,201301310800
109487,0.92,201301310800
109494,2.97,201301310800
109495,1.09,201301310800
109496,2.46,201301310800
109497,1.03,201301310800
109742,2.05,201301310800
109744,1.4,201301310800
109748,0.56,201301310800
109750,2.18,201301310800
109980,1.53,201301310800
109991,1.31,201301310800
109994,2.94,201301310800
109998,2.27,201301310800
110001,2.46,201301310800
110243,1.46,201301310800
110247,0.84,201301310800
110249,1.37,201301310800
110251,2.26,201301310800
110253,2.71,201301310800
110254,1.65,201301310800
