cell,mobility,dtg
1610,1.19,201301290000
1846,2.03,201301290000
1851,1.59,201301290000
1853,1.08,201301290000
1856,2.52,201301290000
1857,1.81,201301290000
2103,1.06,201301290000
2105,0.74,201301290000
2106,2.02,201301290000
2107,1.19,201301290000
2114,1.04,201301290000
2342,0.84,201301290000
2347,1.74,201301290000
2351,1.47,201301290000
2354,0.88,201301290000
2357,2.44,201301290000
2372,0.64,201301290000
2374,2.58,201301290000
2591,2.28,201301290000
2595,2.58,201301290000
2605,2.45,201301290000
2611,1.94,201301290000
2615,2.62,201301290000
2620,1.53,201301290000
2627,2.16,201301290000
2839,1.65,201301290000
2847,1.28,201301290000
3086,2.52,201301290000
3094,2.19,201301290000
3100,0.59,201301290000
3124,1.16,201301290000
3128,0.58,201301290000
3334,1.94,201301290000
3337,1.87,201301290000
3375,0.7,201301290000
3614,2.27,201301290000
3619,2.43,201301290000
3632,2.6,201301290000
3635,1.18,201301290000
3830,0.73,201301290000
3831,2.65,201301290000
3833,1.95,201301290000
3837,2.29,201301290000
3845,1.81,201301290000
3856,2.65,201301290000
3860,2.58,201301290000
3865,2.84,201301290000
4078,1.66,201301290000
4081,1.05,201301290000
4137,1.63,201301290000
4141,2.31,201301290000
4142,1.19,201301290000
4328,1.71,201301290000
4329,2.97,201301290000
4341,0.84,201301290000
4345,1.77,201301290000
4348,1.17,201301290000
4354,1.76,201301290000
4372,2.06,201301290000
4577,1.06,201301290000
4578,1.47,201301290000
4580,1.79,201301290000
4582,1.68,201301290000
4605,1.38,201301290000
4608,0.66,201301290000
4631,0.95,201301290000
4636,2.87,201301290000
4637,1.63,201301290000
4829,2.94,201301290000
4830,1.24,201301290000
4831,2.59,201301290000
4834,2.08,201301290000
4837,2.24,201301290000
4852,2.07,201301290000
4863,1.31,201301290000
4868,1.75,201301290000
4890,1.15,201301290000
4891,1.12,201301290000
5078,0.6,201301290000
5081,1.93,201301290000
5084,2.0,201301290000
5127,2.26,201301290000
5153,1.61,201301290000
5327,2.06,201301290000
5329,0.86,201301290000
5333,1.69,201301290000
5334,0.63,201301290000
5339,1.78,201301290000
5369,2.87,201301290000
5402,0.97,201301290000
5410,1.97,201301290000
5577,1.41,201301290000
5581,2.78,201301290000
5592,1.62,201301290000
5612,2.95,201301290000
5623,1.92,201301290000
5876,1.54,201301290000
5893,0.6,201301290000
5898,2.33,201301290000
6078,2.15,201301290000
6118,1.97,201301290000
6136,2.27,201301290000
6158,2.35,201301290000
6159,0.56,201301290000
6333,1.46,201301290000
6353,1.81,201301290000
6365,1.21,201301290000
6366,0.9,201301290000
6414,2.31,201301290000
6588,0.94,201301290000
6609,2.27,201301290000
6635,1.2,201301290000
6668,2.66,201301290000
6841,2.84,201301290000
6849,1.69,201301290000
6896,2.89,201301290000
6924,2.37,201301290000
6928,1.05,201301290000
6935,0.54,201301290000
6939,2.43,201301290000
7077,1.86,201301290000
7078,0.55,201301290000
7085,1.14,201301290000
7088,0.76,201301290000
7113,0.69,201301290000
7114,0.71,201301290000
7129,0.7,201301290000
7133,1.39,201301290000
7165,2.24,201301290000
7192,2.77,201301290000
7354,1.52,201301290000
7375,1.7,201301290000
7379,1.07,201301290000
7401,1.43,201301290000
7410,2.82,201301290000
7436,2.69,201301290000
7584,2.36,201301290000
7646,0.82,201301290000
7849,2.59,201301290000
7871,2.36,201301290000
7927,1.91,201301290000
7948,2.87,201301290000
8080,1.68,201301290000
8170,1.36,201301290000
8182,2.77,201301290000
8195,2.47,201301290000
8342,1.0,201301290000
8582,2.35,201301290000
8602,2.19,201301290000
8609,1.28,201301290000
8638,0.85,201301290000
8656,0.89,201301290000
8830,0.83,201301290000
8839,0.86,201301290000
8876,1.83,201301290000
8897,1.69,201301290000
8912,1.98,201301290000
8918,2.29,201301290000
8929,1.05,201301290000
8940,1.17,201301290000
8954,0.59,201301290000
9140,2.52,201301290000
9333,2.87,201301290000
9468,0.87,201301290000
9473,2.05,201301290000
9589,1.22,201301290000
9601,1.42,201301290000
9607,2.47,201301290000
9658,1.33,201301290000
9724,2.66,201301290000
9833,0.68,201301290000
10084,0.57,201301290000
10089,1.81,201301290000
10096,0.51,201301290000
10144,1.38,201301290000
10170,2.32,201301290000
10181,2.15,201301290000
10189,0.55,201301290000
10201,0.8,201301290000
10334,2.34,201301290000
10335,2.5,201301290000
10383,1.95,201301290000
10414,0.57,201301290000
10444,1.68,201301290000
10458,1.54,201301290000
10477,0.76,201301290000
10586,0.74,201301290000
10601,2.36,201301290000
10609,2.3,201301290000
10616,1.19,201301290000
10633,1.35,201301290000
10655,2.3,201301290000
10665,1.11,201301290000
10681,0.73,201301290000
10717,2.98,201301290000
10835,2.36,201301290000
10837,0.93,201301290000
10847,1.3,201301290000
10903,2.74,201301290000
10911,2.23,201301290000
10918,1.39,201301290000
10973,1.26,201301290000
11087,2.83,201301290000
11092,0.68,201301290000
11128,2.94,201301290000
11222,1.94,201301290000
11223,2.07,201301290000
11225,2.07,201301290000
11238,2.77,201301290000
11361,1.94,201301290000
11393,2.79,201301290000
11424,1.31,201301290000
11601,2.07,201301290000
11682,1.28,201301290000
11704,0.73,201301290000
11858,1.31,201301290000
11884,0.51,201301290000
11901,1.11,201301290000
11946,1.36,201301290000
11960,2.56,201301290000
11972,1.52,201301290000
12089,2.91,201301290000
12090,2.06,201301290000
12096,2.7,201301290000
12120,0.65,201301290000
12157,1.04,201301290000
12230,1.56,201301290000
12383,2.94,201301290000
12431,1.93,201301290000
12601,2.02,201301290000
12625,0.72,201301290000
12632,1.61,201301290000
12842,0.65,201301290000
12875,2.28,201301290000
12901,2.98,201301290000
12913,2.95,201301290000
12933,0.7,201301290000
12934,2.4,201301290000
12985,2.44,201301290000
13099,0.82,201301290000
13114,2.77,201301290000
13150,1.74,201301290000
13175,0.9,201301290000
13183,1.06,201301290000
13222,0.69,201301290000
13358,2.7,201301290000
13444,2.64,201301290000
13455,2.59,201301290000
13456,0.58,201301290000
13670,2.93,201301290000
13694,2.56,201301290000
13845,1.86,201301290000
13849,1.97,201301290000
14011,2.72,201301290000
14095,0.62,201301290000
14133,1.25,201301290000
14161,1.76,201301290000
14167,0.73,201301290000
14184,1.0,201301290000
14241,2.12,201301290000
14255,2.54,201301290000
14349,1.33,201301290000
14350,2.61,201301290000
14375,2.48,201301290000
14452,0.75,201301290000
14475,2.78,201301290000
14620,2.06,201301290000
14673,1.28,201301290000
14745,1.68,201301290000
14859,2.88,201301290000
14936,1.87,201301290000
14995,2.75,201301290000
15097,2.32,201301290000
15098,2.71,201301290000
15246,1.18,201301290000
15349,1.69,201301290000
15440,1.57,201301290000
15600,1.8,201301290000
15656,2.98,201301290000
15672,0.63,201301290000
15699,2.65,201301290000
15714,1.28,201301290000
15725,0.7,201301290000
15744,1.44,201301290000
15849,2.72,201301290000
15850,0.82,201301290000
15851,0.63,201301290000
15853,1.02,201301290000
15871,1.68,201301290000
16100,2.45,201301290000
16105,0.89,201301290000
16114,0.88,201301290000
16171,2.99,201301290000
16184,0.56,201301290000
16400,0.93,201301290000
16414,1.86,201301290000
16601,2.58,201301290000
16604,2.13,201301290000
16625,0.94,201301290000
16670,2.17,201301290000
16853,1.99,201301290000
16868,1.98,201301290000
16932,0.85,201301290000
17232,1.81,201301290000
17355,0.53,201301290000
17358,2.66,201301290000
17367,2.35,201301290000
17635,2.57,201301290000
17673,1.83,201301290000
17681,1.97,201301290000
17884,2.19,201301290000
17984,2.35,201301290000
18108,1.61,201301290000
18115,2.1,201301290000
18118,2.24,201301290000
18123,0.56,201301290000
18139,1.46,201301290000
18154,1.84,201301290000
18160,2.85,201301290000
18177,1.15,201301290000
18185,2.3,201301290000
18383,1.01,201301290000
18404,0.8,201301290000
18427,1.84,201301290000
18466,0.76,201301290000
18616,0.75,201301290000
18629,1.64,201301290000
18861,1.0,201301290000
18866,1.2,201301290000
18925,1.33,201301290000
19110,0.57,201301290000
19112,1.08,201301290000
19114,0.77,201301290000
19122,2.6,201301290000
19360,2.66,201301290000
19443,0.65,201301290000
19481,1.18,201301290000
19611,1.05,201301290000
19612,0.99,201301290000
19618,1.19,201301290000
19633,2.59,201301290000
19678,2.54,201301290000
19878,2.32,201301290000
19913,2.57,201301290000
20113,1.36,201301290000
20114,2.34,201301290000
20116,2.69,201301290000
20170,1.58,201301290000
20363,1.61,201301290000
20387,2.89,201301290000
20396,1.68,201301290000
20436,1.26,201301290000
20616,0.65,201301290000
20621,1.69,201301290000
20628,1.59,201301290000
20651,2.0,201301290000
20671,2.29,201301290000
20682,1.79,201301290000
20864,2.24,201301290000
20882,2.75,201301290000
20931,1.7,201301290000
20995,1.78,201301290000
21115,1.9,201301290000
21118,2.6,201301290000
21201,2.06,201301290000
21373,1.76,201301290000
21377,1.62,201301290000
21392,2.65,201301290000
21407,2.89,201301290000
21428,1.02,201301290000
21448,1.52,201301290000
21617,1.66,201301290000
21619,2.41,201301290000
21639,1.23,201301290000
21658,1.57,201301290000
21663,1.85,201301290000
21701,2.83,201301290000
21721,1.59,201301290000
21868,2.05,201301290000
21871,2.91,201301290000
21999,1.19,201301290000
22126,1.56,201301290000
22133,1.81,201301290000
22174,2.84,201301290000
22176,0.68,201301290000
22205,1.69,201301290000
22368,0.81,201301290000
22395,2.64,201301290000
22419,1.29,201301290000
22420,2.23,201301290000
22421,0.57,201301290000
22422,2.63,201301290000
22619,1.23,201301290000
22630,1.36,201301290000
22634,1.97,201301290000
22671,2.86,201301290000
22673,2.73,201301290000
22700,1.28,201301290000
22751,1.72,201301290000
22768,1.0,201301290000
22869,1.76,201301290000
22877,0.92,201301290000
22928,0.67,201301290000
22940,2.28,201301290000
22955,2.96,201301290000
22963,1.48,201301290000
22966,1.35,201301290000
23120,2.96,201301290000
23124,1.46,201301290000
23125,1.24,201301290000
23131,0.83,201301290000
23138,2.7,201301290000
23169,1.01,201301290000
23194,1.64,201301290000
23216,1.59,201301290000
23370,1.69,201301290000
23371,0.9,201301290000
23379,2.34,201301290000
23386,1.05,201301290000
23388,0.66,201301290000
23427,1.93,201301290000
23621,2.66,201301290000
23627,2.41,201301290000
23635,2.4,201301290000
23641,1.91,201301290000
23662,1.12,201301290000
23669,0.57,201301290000
23690,1.43,201301290000
23744,2.23,201301290000
23750,2.16,201301290000
23872,1.95,201301290000
23873,2.28,201301290000
23875,1.63,201301290000
23881,2.79,201301290000
23894,1.85,201301290000
23896,2.17,201301290000
23907,1.67,201301290000
23925,1.27,201301290000
23973,1.9,201301290000
24005,2.1,201301290000
24009,0.87,201301290000
24032,1.13,201301290000
24122,1.67,201301290000
24123,2.84,201301290000
24149,2.36,201301290000
24247,2.36,201301290000
24251,1.35,201301290000
24265,2.67,201301290000
24266,1.37,201301290000
24373,1.63,201301290000
24374,1.95,201301290000
24380,2.18,201301290000
24381,2.33,201301290000
24383,0.5,201301290000
24387,0.82,201301290000
24402,2.71,201301290000
24405,0.87,201301290000
24423,0.56,201301290000
24623,2.85,201301290000
24626,2.89,201301290000
24643,2.08,201301290000
24732,1.93,201301290000
24734,0.57,201301290000
24739,0.59,201301290000
24774,2.17,201301290000
24775,1.18,201301290000
24781,2.96,201301290000
24837,0.56,201301290000
24874,2.1,201301290000
24877,0.81,201301290000
24879,0.75,201301290000
24880,2.23,201301290000
24895,1.45,201301290000
24920,2.39,201301290000
24990,1.62,201301290000
24991,0.74,201301290000
24993,1.47,201301290000
25124,2.29,201301290000
25125,2.15,201301290000
25126,1.05,201301290000
25129,2.5,201301290000
25130,0.69,201301290000
25132,1.22,201301290000
25136,1.48,201301290000
25138,1.88,201301290000
25141,1.51,201301290000
25179,2.87,201301290000
25187,2.41,201301290000
25375,1.51,201301290000
25376,1.1,201301290000
25377,2.45,201301290000
25379,2.54,201301290000
25385,0.62,201301290000
25395,1.22,201301290000
25400,1.03,201301290000
25405,1.24,201301290000
25412,0.67,201301290000
25427,0.89,201301290000
25626,1.29,201301290000
25627,1.12,201301290000
25628,1.74,201301290000
25629,2.07,201301290000
25632,1.36,201301290000
25633,1.6,201301290000
25642,1.53,201301290000
25715,2.09,201301290000
25747,0.62,201301290000
25763,1.49,201301290000
25876,2.32,201301290000
25877,2.85,201301290000
25878,1.08,201301290000
25881,1.02,201301290000
25882,2.99,201301290000
25886,2.12,201301290000
25888,2.4,201301290000
25926,2.64,201301290000
25997,1.06,201301290000
26005,2.73,201301290000
26035,2.06,201301290000
26127,2.84,201301290000
26129,2.46,201301290000
26130,0.89,201301290000
26133,2.45,201301290000
26135,2.76,201301290000
26136,1.23,201301290000
26138,1.34,201301290000
26139,1.92,201301290000
26141,1.93,201301290000
26148,0.97,201301290000
26168,1.01,201301290000
26378,2.1,201301290000
26379,1.04,201301290000
26380,1.25,201301290000
26381,2.29,201301290000
26382,1.08,201301290000
26383,1.73,201301290000
26385,1.6,201301290000
26386,1.92,201301290000
26387,2.41,201301290000
26389,2.19,201301290000
26391,1.01,201301290000
26392,2.3,201301290000
26393,2.57,201301290000
26396,1.64,201301290000
26403,1.48,201301290000
26408,1.17,201301290000
26427,0.87,201301290000
26450,2.44,201301290000
26492,0.86,201301290000
26546,2.67,201301290000
26563,2.65,201301290000
26564,2.59,201301290000
26628,0.72,201301290000
26629,1.87,201301290000
26630,2.07,201301290000
26631,1.57,201301290000
26633,2.67,201301290000
26634,0.86,201301290000
26656,1.18,201301290000
26674,1.52,201301290000
26708,0.9,201301290000
26752,2.44,201301290000
26754,1.22,201301290000
26755,2.82,201301290000
26782,0.58,201301290000
26846,2.39,201301290000
26879,2.56,201301290000
26880,1.2,201301290000
26881,1.22,201301290000
26882,2.85,201301290000
26883,0.73,201301290000
26884,2.52,201301290000
26885,2.76,201301290000
26886,1.44,201301290000
26887,0.9,201301290000
26889,2.91,201301290000
26890,2.27,201301290000
26891,1.82,201301290000
26892,2.37,201301290000
26893,2.0,201301290000
26894,2.71,201301290000
26895,0.91,201301290000
26897,0.94,201301290000
26905,0.59,201301290000
26938,1.34,201301290000
26964,1.81,201301290000
27006,0.52,201301290000
27042,2.73,201301290000
27098,1.05,201301290000
27130,1.51,201301290000
27131,2.91,201301290000
27132,0.97,201301290000
27133,1.53,201301290000
27134,2.48,201301290000
27135,2.49,201301290000
27136,1.03,201301290000
27137,2.51,201301290000
27138,2.45,201301290000
27142,2.12,201301290000
27143,1.74,201301290000
27145,1.22,201301290000
27148,0.92,201301290000
27149,1.17,201301290000
27152,0.94,201301290000
27155,2.5,201301290000
27175,1.04,201301290000
27209,1.03,201301290000
27247,1.69,201301290000
27381,0.88,201301290000
27382,2.97,201301290000
27383,2.09,201301290000
27384,2.1,201301290000
27386,2.13,201301290000
27387,1.5,201301290000
27388,1.96,201301290000
27389,2.37,201301290000
27390,0.68,201301290000
27392,1.44,201301290000
27395,1.96,201301290000
27404,2.23,201301290000
27415,0.88,201301290000
27427,0.76,201301290000
27489,1.35,201301290000
27494,2.72,201301290000
27498,2.81,201301290000
27518,1.71,201301290000
27632,1.12,201301290000
27633,0.83,201301290000
27634,0.72,201301290000
27635,0.79,201301290000
27636,0.71,201301290000
27637,1.89,201301290000
27638,0.61,201301290000
27639,2.46,201301290000
27640,2.85,201301290000
27642,0.71,201301290000
27643,0.78,201301290000
27645,2.89,201301290000
27646,1.5,201301290000
27647,2.17,201301290000
27649,1.2,201301290000
27654,2.49,201301290000
27763,1.83,201301290000
27764,0.51,201301290000
27796,2.15,201301290000
27797,1.1,201301290000
27883,0.63,201301290000
27884,2.29,201301290000
27885,2.56,201301290000
27886,0.86,201301290000
27887,2.55,201301290000
27888,0.54,201301290000
27889,1.51,201301290000
27890,1.09,201301290000
27891,2.4,201301290000
27892,1.27,201301290000
27894,2.84,201301290000
27895,2.65,201301290000
27897,1.61,201301290000
27902,0.8,201301290000
27908,1.83,201301290000
27911,2.76,201301290000
27930,1.78,201301290000
27971,0.76,201301290000
28004,1.87,201301290000
28015,1.65,201301290000
28049,1.19,201301290000
28102,1.72,201301290000
28134,1.62,201301290000
28135,1.18,201301290000
28136,1.97,201301290000
28137,1.04,201301290000
28138,2.76,201301290000
28139,2.84,201301290000
28140,1.2,201301290000
28142,2.26,201301290000
28143,0.69,201301290000
28144,1.17,201301290000
28146,2.29,201301290000
28154,2.2,201301290000
28156,2.98,201301290000
28216,2.29,201301290000
28239,0.92,201301290000
28384,2.8,201301290000
28385,2.99,201301290000
28386,1.88,201301290000
28387,2.74,201301290000
28388,2.85,201301290000
28389,1.45,201301290000
28390,2.48,201301290000
28391,2.43,201301290000
28392,1.05,201301290000
28393,1.77,201301290000
28394,2.99,201301290000
28396,2.12,201301290000
28397,1.06,201301290000
28400,2.04,201301290000
28401,0.87,201301290000
28405,2.61,201301290000
28427,1.89,201301290000
28467,1.53,201301290000
28496,0.54,201301290000
28497,1.04,201301290000
28519,2.16,201301290000
28535,1.7,201301290000
28539,1.09,201301290000
28545,2.75,201301290000
28557,0.62,201301290000
28635,2.87,201301290000
28636,2.4,201301290000
28637,2.53,201301290000
28638,2.28,201301290000
28639,1.31,201301290000
28640,2.79,201301290000
28641,2.93,201301290000
28642,2.59,201301290000
28643,2.16,201301290000
28644,2.99,201301290000
28645,2.92,201301290000
28646,1.82,201301290000
28649,1.94,201301290000
28658,1.16,201301290000
28667,1.01,201301290000
28675,1.26,201301290000
28751,2.58,201301290000
28753,2.69,201301290000
28754,1.13,201301290000
28788,2.9,201301290000
28812,2.65,201301290000
28823,2.25,201301290000
28886,2.96,201301290000
28887,0.51,201301290000
28888,0.57,201301290000
28889,0.94,201301290000
28890,2.57,201301290000
28891,0.74,201301290000
28892,1.67,201301290000
28893,2.82,201301290000
28894,1.64,201301290000
28895,2.33,201301290000
28896,2.27,201301290000
28897,2.98,201301290000
28899,2.19,201301290000
28900,2.55,201301290000
28901,2.65,201301290000
28902,2.14,201301290000
28905,0.76,201301290000
28912,2.99,201301290000
28960,2.62,201301290000
28969,2.78,201301290000
29004,0.97,201301290000
29012,0.68,201301290000
29026,2.58,201301290000
29068,1.12,201301290000
29076,1.7,201301290000
29088,0.97,201301290000
29094,0.94,201301290000
29136,2.75,201301290000
29137,2.81,201301290000
29138,1.64,201301290000
29139,2.86,201301290000
29140,2.83,201301290000
29141,1.25,201301290000
29142,1.31,201301290000
29143,1.87,201301290000
29144,1.55,201301290000
29146,2.67,201301290000
29147,2.89,201301290000
29148,2.21,201301290000
29149,1.3,201301290000
29151,0.68,201301290000
29158,2.61,201301290000
29165,1.91,201301290000
29171,2.94,201301290000
29190,1.56,201301290000
29247,1.85,201301290000
29387,2.09,201301290000
29388,2.57,201301290000
29389,2.38,201301290000
29390,2.56,201301290000
29391,0.92,201301290000
29392,2.67,201301290000
29393,2.97,201301290000
29394,2.76,201301290000
29395,2.74,201301290000
29396,0.86,201301290000
29397,0.88,201301290000
29398,1.54,201301290000
29399,2.85,201301290000
29401,3.0,201301290000
29402,2.62,201301290000
29403,2.71,201301290000
29405,2.25,201301290000
29409,2.58,201301290000
29425,0.86,201301290000
29429,2.83,201301290000
29495,2.5,201301290000
29498,1.05,201301290000
29533,1.38,201301290000
29556,1.65,201301290000
29638,0.78,201301290000
29639,2.83,201301290000
29640,1.08,201301290000
29641,2.66,201301290000
29642,1.83,201301290000
29643,2.56,201301290000
29644,2.87,201301290000
29645,2.67,201301290000
29648,1.19,201301290000
29649,2.03,201301290000
29650,0.86,201301290000
29654,2.9,201301290000
29663,2.54,201301290000
29670,1.81,201301290000
29710,1.8,201301290000
29730,1.56,201301290000
29733,0.99,201301290000
29736,2.1,201301290000
29766,2.61,201301290000
29891,1.13,201301290000
29892,0.63,201301290000
29893,2.21,201301290000
29894,0.72,201301290000
29895,2.17,201301290000
29896,2.84,201301290000
29897,1.1,201301290000
29898,1.62,201301290000
29900,2.87,201301290000
29903,1.65,201301290000
29906,2.17,201301290000
29909,2.74,201301290000
29912,1.99,201301290000
29917,1.66,201301290000
29925,2.05,201301290000
29966,2.54,201301290000
30021,0.86,201301290000
30026,0.99,201301290000
30036,1.19,201301290000
30142,0.7,201301290000
30143,1.4,201301290000
30144,1.95,201301290000
30145,2.83,201301290000
30146,2.34,201301290000
30147,2.43,201301290000
30148,1.94,201301290000
30152,0.8,201301290000
30154,2.05,201301290000
30157,2.47,201301290000
30158,1.47,201301290000
30181,0.65,201301290000
30242,2.28,201301290000
30243,1.35,201301290000
30244,1.1,201301290000
30261,0.86,201301290000
30300,1.07,201301290000
30322,1.59,201301290000
30393,1.85,201301290000
30394,1.53,201301290000
30395,1.71,201301290000
30396,2.01,201301290000
30397,1.28,201301290000
30398,2.38,201301290000
30400,1.21,201301290000
30401,1.62,201301290000
30403,1.26,201301290000
30407,1.51,201301290000
30410,2.8,201301290000
30420,0.91,201301290000
30430,0.96,201301290000
30434,1.34,201301290000
30439,1.52,201301290000
30481,1.31,201301290000
30489,0.71,201301290000
30494,2.17,201301290000
30495,1.37,201301290000
30496,0.95,201301290000
30645,2.65,201301290000
30646,0.93,201301290000
30647,1.12,201301290000
30648,1.32,201301290000
30649,0.94,201301290000
30650,2.99,201301290000
30651,2.83,201301290000
30652,2.08,201301290000
30653,0.87,201301290000
30654,1.3,201301290000
30661,2.13,201301290000
30664,1.46,201301290000
30666,0.78,201301290000
30669,0.61,201301290000
30673,1.01,201301290000
30683,2.93,201301290000
30745,2.14,201301290000
30750,1.87,201301290000
30777,2.23,201301290000
30780,2.11,201301290000
30812,2.6,201301290000
30897,2.7,201301290000
30898,2.09,201301290000
30899,2.02,201301290000
30900,2.34,201301290000
30901,1.66,201301290000
30902,2.87,201301290000
30903,2.34,201301290000
30904,1.1,201301290000
30908,0.72,201301290000
30909,1.77,201301290000
30912,1.46,201301290000
30913,1.66,201301290000
30928,2.45,201301290000
30953,2.96,201301290000
30979,0.62,201301290000
30994,1.06,201301290000
30995,2.23,201301290000
31027,0.5,201301290000
31028,2.36,201301290000
31029,1.1,201301290000
31082,2.83,201301290000
31148,0.82,201301290000
31149,0.72,201301290000
31150,2.54,201301290000
31151,2.64,201301290000
31152,2.91,201301290000
31156,2.48,201301290000
31157,2.1,201301290000
31161,1.98,201301290000
31166,0.85,201301290000
31172,0.76,201301290000
31274,1.34,201301290000
31281,2.05,201301290000
31369,1.22,201301290000
31398,2.35,201301290000
31401,2.2,201301290000
31407,0.52,201301290000
31408,1.05,201301290000
31409,0.67,201301290000
31410,1.98,201301290000
31413,2.43,201301290000
31419,0.89,201301290000
31427,0.99,201301290000
31457,2.97,201301290000
31466,2.45,201301290000
31651,2.6,201301290000
31652,2.72,201301290000
31656,0.52,201301290000
31660,2.34,201301290000
31663,2.18,201301290000
31666,1.97,201301290000
31675,0.63,201301290000
31738,1.35,201301290000
31754,1.68,201301290000
31782,0.78,201301290000
31903,0.67,201301290000
31904,1.19,201301290000
31905,2.55,201301290000
31906,1.83,201301290000
31908,2.61,201301290000
31912,1.71,201301290000
31921,0.59,201301290000
31928,1.35,201301290000
31949,2.68,201301290000
32028,1.89,201301290000
32032,1.04,201301290000
32045,2.44,201301290000
32150,2.47,201301290000
32155,2.66,201301290000
32157,1.25,201301290000
32161,2.04,201301290000
32162,1.3,201301290000
32167,0.87,201301290000
32169,2.25,201301290000
32175,1.55,201301290000
32182,1.5,201301290000
32185,1.13,201301290000
32195,2.2,201301290000
32235,1.82,201301290000
32404,1.43,201301290000
32405,2.61,201301290000
32410,0.52,201301290000
32411,1.73,201301290000
32415,1.47,201301290000
32449,2.01,201301290000
32490,0.93,201301290000
32558,2.7,201301290000
32622,0.73,201301290000
32656,0.65,201301290000
32658,1.6,201301290000
32660,1.74,201301290000
32662,0.58,201301290000
32668,2.65,201301290000
32682,1.98,201301290000
32697,0.68,201301290000
32712,2.15,201301290000
32729,2.8,201301290000
32739,1.87,201301290000
32742,1.56,201301290000
32744,2.59,201301290000
32802,2.17,201301290000
32834,1.6,201301290000
32905,1.27,201301290000
32907,2.44,201301290000
32912,2.07,201301290000
32916,1.9,201301290000
32922,2.01,201301290000
32924,1.17,201301290000
32926,1.43,201301290000
32929,2.62,201301290000
32977,1.72,201301290000
32978,2.15,201301290000
33154,1.97,201301290000
33158,2.25,201301290000
33160,2.27,201301290000
33165,1.74,201301290000
33170,2.87,201301290000
33186,1.66,201301290000
33286,2.55,201301290000
33405,2.84,201301290000
33409,2.35,201301290000
33412,1.81,201301290000
33418,1.31,201301290000
33420,2.84,201301290000
33424,1.26,201301290000
33435,1.84,201301290000
33442,1.53,201301290000
33519,2.38,201301290000
33594,2.32,201301290000
33656,2.83,201301290000
33659,2.88,201301290000
33662,0.55,201301290000
33664,2.73,201301290000
33666,1.62,201301290000
33669,1.39,201301290000
33673,2.79,201301290000
33675,0.56,201301290000
33694,2.9,201301290000
33724,0.57,201301290000
33742,1.42,201301290000
33812,2.55,201301290000
33909,2.37,201301290000
33911,2.7,201301290000
33912,1.43,201301290000
33913,1.18,201301290000
33922,1.35,201301290000
33923,2.34,201301290000
33924,0.64,201301290000
33931,2.4,201301290000
33935,2.37,201301290000
33986,1.04,201301290000
34013,2.81,201301290000
34160,2.41,201301290000
34161,1.43,201301290000
34162,2.25,201301290000
34163,0.69,201301290000
34167,2.13,201301290000
34190,1.93,201301290000
34211,0.83,201301290000
34303,1.06,201301290000
34380,2.77,201301290000
34407,2.96,201301290000
34413,0.76,201301290000
34423,2.12,201301290000
34424,0.8,201301290000
34427,2.13,201301290000
34430,2.8,201301290000
34437,1.31,201301290000
34440,1.63,201301290000
34486,1.25,201301290000
34495,0.98,201301290000
34510,2.56,201301290000
34520,2.87,201301290000
34528,1.43,201301290000
34563,2.53,201301290000
34662,2.52,201301290000
34667,2.65,201301290000
34668,0.87,201301290000
34670,1.78,201301290000
34672,2.95,201301290000
34673,1.42,201301290000
34676,1.13,201301290000
34679,0.82,201301290000
34682,1.14,201301290000
34695,2.53,201301290000
34710,2.37,201301290000
34714,2.69,201301290000
34720,0.74,201301290000
34882,1.96,201301290000
34913,1.03,201301290000
34914,2.84,201301290000
34915,2.46,201301290000
34924,2.12,201301290000
34925,2.63,201301290000
34934,1.0,201301290000
34939,2.59,201301290000
34959,1.41,201301290000
34990,2.11,201301290000
35102,2.85,201301290000
35164,2.08,201301290000
35166,1.92,201301290000
35173,1.32,201301290000
35178,2.54,201301290000
35183,1.22,201301290000
35185,0.51,201301290000
35187,2.68,201301290000
35193,2.14,201301290000
35203,2.35,201301290000
35218,1.33,201301290000
35237,2.34,201301290000
35244,1.71,201301290000
35249,1.5,201301290000
35295,2.17,201301290000
35368,0.86,201301290000
35410,2.77,201301290000
35414,1.18,201301290000
35415,0.89,201301290000
35417,1.26,201301290000
35421,1.81,201301290000
35440,1.67,201301290000
35455,1.31,201301290000
35492,2.93,201301290000
35515,0.58,201301290000
35665,2.84,201301290000
35675,2.61,201301290000
35683,1.68,201301290000
35686,2.36,201301290000
35700,2.98,201301290000
35745,0.82,201301290000
35755,2.25,201301290000
35769,0.93,201301290000
35916,2.83,201301290000
35917,1.25,201301290000
35918,1.23,201301290000
35919,2.29,201301290000
35921,0.62,201301290000
35929,2.02,201301290000
35931,2.05,201301290000
35941,1.02,201301290000
35944,2.98,201301290000
35971,2.17,201301290000
35981,2.66,201301290000
35992,1.68,201301290000
35994,0.57,201301290000
36067,2.04,201301290000
36162,1.85,201301290000
36167,2.38,201301290000
36169,2.73,201301290000
36170,2.12,201301290000
36173,2.5,201301290000
36176,1.06,201301290000
36177,2.9,201301290000
36205,2.25,201301290000
36237,0.64,201301290000
36245,2.99,201301290000
36246,0.58,201301290000
36293,2.13,201301290000
36311,0.78,201301290000
36417,2.0,201301290000
36420,2.51,201301290000
36421,1.43,201301290000
36441,0.7,201301290000
36448,2.92,201301290000
36494,2.99,201301290000
36498,1.4,201301290000
36502,0.85,201301290000
36510,1.91,201301290000
36513,2.15,201301290000
36519,1.52,201301290000
36524,2.39,201301290000
36576,0.99,201301290000
36668,2.66,201301290000
36673,2.92,201301290000
36675,1.18,201301290000
36677,2.14,201301290000
36679,0.82,201301290000
36682,2.86,201301290000
36688,1.52,201301290000
36690,2.72,201301290000
36711,1.26,201301290000
36717,0.59,201301290000
36758,1.68,201301290000
36889,2.71,201301290000
36915,1.19,201301290000
36918,0.91,201301290000
36933,2.4,201301290000
36934,1.97,201301290000
36953,0.6,201301290000
36959,2.35,201301290000
36996,2.93,201301290000
36999,2.36,201301290000
37001,2.05,201301290000
37167,2.04,201301290000
37168,2.26,201301290000
37169,0.93,201301290000
37172,0.76,201301290000
37176,2.9,201301290000
37178,2.1,201301290000
37179,2.48,201301290000
37182,2.61,201301290000
37192,1.42,201301290000
37200,0.97,201301290000
37206,1.06,201301290000
37232,1.45,201301290000
37239,2.6,201301290000
37270,0.82,201301290000
37298,2.51,201301290000
37304,0.59,201301290000
37419,1.81,201301290000
37421,2.96,201301290000
37423,0.93,201301290000
37425,2.34,201301290000
37446,1.95,201301290000
37454,1.12,201301290000
37477,1.58,201301290000
37487,2.01,201301290000
37501,2.93,201301290000
37503,0.89,201301290000
37513,2.75,201301290000
37523,2.81,201301290000
37562,1.58,201301290000
37609,0.76,201301290000
37642,1.51,201301290000
37643,1.02,201301290000
37670,1.71,201301290000
37671,0.57,201301290000
37672,2.86,201301290000
37676,1.41,201301290000
37688,2.82,201301290000
37689,2.15,201301290000
37690,2.17,201301290000
37695,0.98,201301290000
37701,2.02,201301290000
37710,2.82,201301290000
37711,2.09,201301290000
37754,2.84,201301290000
37874,2.16,201301290000
37891,2.95,201301290000
37893,0.81,201301290000
37894,1.83,201301290000
37926,1.62,201301290000
37928,0.6,201301290000
37929,1.21,201301290000
37932,0.74,201301290000
37936,2.64,201301290000
37943,2.4,201301290000
37952,1.43,201301290000
37962,1.92,201301290000
37968,0.91,201301290000
38003,0.76,201301290000
38060,2.51,201301290000
38145,1.76,201301290000
38172,0.55,201301290000
38173,2.12,201301290000
38178,1.32,201301290000
38200,1.77,201301290000
38204,1.32,201301290000
38209,1.41,201301290000
38215,2.15,201301290000
38220,1.55,201301290000
38225,0.87,201301290000
38228,1.08,201301290000
38230,2.07,201301290000
38243,2.42,201301290000
38247,2.32,201301290000
38255,2.89,201301290000
38263,2.25,201301290000
38268,1.27,201301290000
38272,2.83,201301290000
38367,0.91,201301290000
38381,1.74,201301290000
38423,0.87,201301290000
38425,2.11,201301290000
38426,1.22,201301290000
38431,2.97,201301290000
38440,1.14,201301290000
38479,2.17,201301290000
38481,2.51,201301290000
38483,2.42,201301290000
38488,2.7,201301290000
38490,2.77,201301290000
38498,1.91,201301290000
38499,0.51,201301290000
38500,1.2,201301290000
38505,1.99,201301290000
38506,0.94,201301290000
38508,0.88,201301290000
38517,0.95,201301290000
38534,2.78,201301290000
38648,2.06,201301290000
38674,1.69,201301290000
38676,1.77,201301290000
38679,1.41,201301290000
38684,1.21,201301290000
38693,0.91,201301290000
38697,1.07,201301290000
38716,0.5,201301290000
38722,1.47,201301290000
38736,1.59,201301290000
38738,2.04,201301290000
38752,2.47,201301290000
38753,0.59,201301290000
38758,1.67,201301290000
38760,2.24,201301290000
38761,0.53,201301290000
38762,0.92,201301290000
38766,0.92,201301290000
38769,1.09,201301290000
38778,2.98,201301290000
38812,2.11,201301290000
38939,2.8,201301290000
38953,1.23,201301290000
38958,1.64,201301290000
38967,2.84,201301290000
39006,2.83,201301290000
39008,0.85,201301290000
39010,2.22,201301290000
39011,1.13,201301290000
39017,1.45,201301290000
39113,0.98,201301290000
39148,0.93,201301290000
39149,1.24,201301290000
39176,2.73,201301290000
39178,2.04,201301290000
39191,1.22,201301290000
39201,2.63,201301290000
39230,1.73,201301290000
39236,1.81,201301290000
39246,0.52,201301290000
39252,2.88,201301290000
39255,0.96,201301290000
39260,2.84,201301290000
39262,0.67,201301290000
39263,1.3,201301290000
39268,2.51,201301290000
39269,1.96,201301290000
39271,1.87,201301290000
39274,2.17,201301290000
39275,1.68,201301290000
39375,2.42,201301290000
39391,1.41,201301290000
39427,1.55,201301290000
39428,2.19,201301290000
39430,0.92,201301290000
39433,2.12,201301290000
39446,1.93,201301290000
39457,2.27,201301290000
39514,1.7,201301290000
39515,1.66,201301290000
39516,2.72,201301290000
39517,1.19,201301290000
39535,1.72,201301290000
39554,0.69,201301290000
39559,1.42,201301290000
39631,1.2,201301290000
39632,2.62,201301290000
39633,0.76,201301290000
39652,2.19,201301290000
39683,2.66,201301290000
39687,1.4,201301290000
39706,1.46,201301290000
39710,1.14,201301290000
39722,2.1,201301290000
39731,1.18,201301290000
39750,1.66,201301290000
39755,2.53,201301290000
39759,1.33,201301290000
39762,0.66,201301290000
39764,2.04,201301290000
39765,1.75,201301290000
39766,1.12,201301290000
39767,1.82,201301290000
39769,1.27,201301290000
39772,1.99,201301290000
39776,0.84,201301290000
39777,2.16,201301290000
39790,1.87,201301290000
39791,1.05,201301290000
39796,1.76,201301290000
39832,1.93,201301290000
39883,2.47,201301290000
39930,0.69,201301290000
39932,0.53,201301290000
39941,1.01,201301290000
39948,2.42,201301290000
39969,2.52,201301290000
40018,2.27,201301290000
40031,2.97,201301290000
40133,1.93,201301290000
40180,1.46,201301290000
40188,1.46,201301290000
40196,2.94,201301290000
40242,1.34,201301290000
40246,1.63,201301290000
40259,1.8,201301290000
40264,1.28,201301290000
40267,0.5,201301290000
40268,2.65,201301290000
40270,1.99,201301290000
40276,1.33,201301290000
40286,2.5,201301290000
40295,1.11,201301290000
40431,0.66,201301290000
40432,0.83,201301290000
40442,1.75,201301290000
40447,2.73,201301290000
40448,0.6,201301290000
40451,2.63,201301290000
40457,1.25,201301290000
40500,2.51,201301290000
40512,2.52,201301290000
40518,0.74,201301290000
40519,0.52,201301290000
40522,2.39,201301290000
40524,1.18,201301290000
40525,2.1,201301290000
40532,2.61,201301290000
40560,2.8,201301290000
40566,1.49,201301290000
40633,2.05,201301290000
40687,1.16,201301290000
40713,1.11,201301290000
40719,2.16,201301290000
40732,2.31,201301290000
40733,0.82,201301290000
40766,1.14,201301290000
40810,1.2,201301290000
40894,1.56,201301290000
40933,0.77,201301290000
40936,2.51,201301290000
40939,2.24,201301290000
40954,1.63,201301290000
40982,0.78,201301290000
41021,0.63,201301290000
41024,0.74,201301290000
41061,2.71,201301290000
41145,1.09,201301290000
41157,1.94,201301290000
41183,2.12,201301290000
41200,0.72,201301290000
41262,1.11,201301290000
41265,2.35,201301290000
41270,2.19,201301290000
41277,1.71,201301290000
41318,1.68,201301290000
41401,2.79,201301290000
41407,0.81,201301290000
41437,1.07,201301290000
41459,1.56,201301290000
41465,1.22,201301290000
41469,2.28,201301290000
41508,0.59,201301290000
41520,0.68,201301290000
41522,0.77,201301290000
41526,0.71,201301290000
41532,1.43,201301290000
41558,1.71,201301290000
41635,0.62,201301290000
41653,1.18,201301290000
41658,2.93,201301290000
41692,0.82,201301290000
41696,1.33,201301290000
41764,2.57,201301290000
41772,2.84,201301290000
41893,1.1,201301290000
41904,0.7,201301290000
41905,2.47,201301290000
41936,0.86,201301290000
41941,0.72,201301290000
41958,1.33,201301290000
41990,1.93,201301290000
42023,1.12,201301290000
42026,1.16,201301290000
42029,2.11,201301290000
42074,2.87,201301290000
42085,1.26,201301290000
42095,2.22,201301290000
42147,2.66,201301290000
42160,1.19,201301290000
42200,1.23,201301290000
42213,2.24,201301290000
42267,1.08,201301290000
42271,2.56,201301290000
42274,2.98,201301290000
42283,0.66,201301290000
42291,1.99,201301290000
42342,1.17,201301290000
42411,2.56,201301290000
42438,2.83,201301290000
42454,2.71,201301290000
42471,1.19,201301290000
42478,2.18,201301290000
42487,1.01,201301290000
42503,1.1,201301290000
42514,1.69,201301290000
42521,2.48,201301290000
42533,1.0,201301290000
42644,0.67,201301290000
42661,2.81,201301290000
42695,0.65,201301290000
42744,2.01,201301290000
42750,2.83,201301290000
42846,1.28,201301290000
42905,2.13,201301290000
42912,0.9,201301290000
42939,0.52,201301290000
42940,2.39,201301290000
42944,0.56,201301290000
42949,2.07,201301290000
43011,2.05,201301290000
43021,1.14,201301290000
43030,1.36,201301290000
43151,1.35,201301290000
43160,0.6,201301290000
43162,0.63,201301290000
43213,2.28,201301290000
43220,2.75,201301290000
43261,1.24,201301290000
43412,2.0,201301290000
43413,2.22,201301290000
43440,0.75,201301290000
43443,1.95,201301290000
43449,2.44,201301290000
43483,1.36,201301290000
43484,1.56,201301290000
43494,1.72,201301290000
43518,1.17,201301290000
43523,1.66,201301290000
43526,2.47,201301290000
43530,2.6,201301290000
43571,1.48,201301290000
43642,1.8,201301290000
43662,1.4,201301290000
43738,1.7,201301290000
43760,2.81,201301290000
43779,2.93,201301290000
43914,0.85,201301290000
43957,1.51,201301290000
43980,0.83,201301290000
43984,1.27,201301290000
43992,1.9,201301290000
43995,0.51,201301290000
44002,1.36,201301290000
44039,2.2,201301290000
44194,0.63,201301290000
44197,1.17,201301290000
44204,0.68,201301290000
44215,1.61,201301290000
44226,1.57,201301290000
44247,1.24,201301290000
44255,0.73,201301290000
44282,2.71,201301290000
44284,2.26,201301290000
44356,1.3,201301290000
44470,1.28,201301290000
44486,2.45,201301290000
44503,1.55,201301290000
44504,2.05,201301290000
44510,2.88,201301290000
44517,1.44,201301290000
44534,2.53,201301290000
44578,0.96,201301290000
44666,1.54,201301290000
44694,1.35,201301290000
44697,2.35,201301290000
44716,0.87,201301290000
44724,1.31,201301290000
44743,1.52,201301290000
44755,1.5,201301290000
44756,2.04,201301290000
44757,1.49,201301290000
44758,1.58,201301290000
44786,1.44,201301290000
44787,0.57,201301290000
44911,1.05,201301290000
44963,2.95,201301290000
45005,1.47,201301290000
45006,1.45,201301290000
45007,0.96,201301290000
45008,0.57,201301290000
45039,1.87,201301290000
45114,1.86,201301290000
45168,1.38,201301290000
45200,2.52,201301290000
45203,0.64,201301290000
45208,1.97,201301290000
45237,1.62,201301290000
45254,1.12,201301290000
45256,0.99,201301290000
45258,2.7,201301290000
45261,2.81,201301290000
45265,2.24,201301290000
45266,0.82,201301290000
45401,2.11,201301290000
45479,0.72,201301290000
45502,2.5,201301290000
45507,2.84,201301290000
45509,2.95,201301290000
45526,1.8,201301290000
45538,1.33,201301290000
45582,1.05,201301290000
45661,2.94,201301290000
45701,0.74,201301290000
45703,0.51,201301290000
45716,1.98,201301290000
45720,1.51,201301290000
45725,0.89,201301290000
45735,2.45,201301290000
45747,2.21,201301290000
45766,2.14,201301290000
45793,0.82,201301290000
45795,1.57,201301290000
45919,2.5,201301290000
45948,1.87,201301290000
46008,2.56,201301290000
46036,1.41,201301290000
46041,0.63,201301290000
46052,1.58,201301290000
46074,1.76,201301290000
46145,0.58,201301290000
46202,1.47,201301290000
46209,1.49,201301290000
46242,0.84,201301290000
46265,1.82,201301290000
46372,2.2,201301290000
46384,2.39,201301290000
46455,1.86,201301290000
46508,1.44,201301290000
46523,1.47,201301290000
46538,1.27,201301290000
46565,0.64,201301290000
46574,1.38,201301290000
46626,2.8,201301290000
46700,1.85,201301290000
46738,2.5,201301290000
46770,1.43,201301290000
46778,2.32,201301290000
46787,2.97,201301290000
46803,2.03,201301290000
46954,1.97,201301290000
46964,0.83,201301290000
46972,2.63,201301290000
46976,1.12,201301290000
46981,0.5,201301290000
47011,1.45,201301290000
47015,1.4,201301290000
47047,1.02,201301290000
47253,2.56,201301290000
47288,2.65,201301290000
47295,2.72,201301290000
47342,1.25,201301290000
47454,1.18,201301290000
47535,2.31,201301290000
47543,2.92,201301290000
47705,0.5,201301290000
47709,2.96,201301290000
47711,1.2,201301290000
47758,1.09,201301290000
47806,0.58,201301290000
47889,0.82,201301290000
47926,2.21,201301290000
47968,2.46,201301290000
47972,2.91,201301290000
47977,0.75,201301290000
47982,0.92,201301290000
48032,0.61,201301290000
48209,1.26,201301290000
48239,1.46,201301290000
48244,1.89,201301290000
48278,0.58,201301290000
48420,2.25,201301290000
48427,1.91,201301290000
48499,2.85,201301290000
48503,1.55,201301290000
48552,2.57,201301290000
48584,2.79,201301290000
48713,0.57,201301290000
48759,2.7,201301290000
48848,2.17,201301290000
48898,1.16,201301290000
49017,1.11,201301290000
49049,1.4,201301290000
49229,2.84,201301290000
49241,2.63,201301290000
49472,2.34,201301290000
49483,1.52,201301290000
49542,2.55,201301290000
49555,2.92,201301290000
49679,1.86,201301290000
49750,2.51,201301290000
49760,0.57,201301290000
49777,1.52,201301290000
49968,1.26,201301290000
50053,1.27,201301290000
50103,2.67,201301290000
50180,2.14,201301290000
50285,0.63,201301290000
50430,2.3,201301290000
50470,2.24,201301290000
50494,0.67,201301290000
50511,1.95,201301290000
50549,2.78,201301290000
50680,2.63,201301290000
50682,1.48,201301290000
50731,2.56,201301290000
50812,1.77,201301290000
50872,0.89,201301290000
51029,2.41,201301290000
51046,1.69,201301290000
51053,1.77,201301290000
51056,0.96,201301290000
51162,1.63,201301290000
51177,0.64,201301290000
51182,0.92,201301290000
51228,2.39,201301290000
51258,1.98,201301290000
51430,2.56,201301290000
51431,1.05,201301290000
51432,1.51,201301290000
51520,2.1,201301290000
51681,2.61,201301290000
51682,0.89,201301290000
51725,1.39,201301290000
51790,2.23,201301290000
51832,1.27,201301290000
51857,1.66,201301290000
51931,2.94,201301290000
51932,2.4,201301290000
51986,1.76,201301290000
52003,1.97,201301290000
52182,2.46,201301290000
52244,2.36,201301290000
52259,1.4,201301290000
52280,0.7,201301290000
52319,2.19,201301290000
52473,1.88,201301290000
52518,0.6,201301290000
52631,1.68,201301290000
52679,1.26,201301290000
52729,2.18,201301290000
52811,1.85,201301290000
52983,1.41,201301290000
52988,2.89,201301290000
52993,0.74,201301290000
53000,1.72,201301290000
53016,1.6,201301290000
53027,2.1,201301290000
53072,1.19,201301290000
53090,2.41,201301290000
53177,2.86,201301290000
53178,2.44,201301290000
53381,1.62,201301290000
53427,1.36,201301290000
53429,1.92,201301290000
53761,1.66,201301290000
53774,0.57,201301290000
53797,2.93,201301290000
53810,1.93,201301290000
53822,1.96,201301290000
53864,0.92,201301290000
53927,0.76,201301290000
54038,0.62,201301290000
54071,0.69,201301290000
54234,1.67,201301290000
54281,1.77,201301290000
54284,1.21,201301290000
54327,2.07,201301290000
54334,0.82,201301290000
54349,1.56,201301290000
54427,1.6,201301290000
54503,2.39,201301290000
54510,2.36,201301290000
54520,2.33,201301290000
54550,1.97,201301290000
54578,2.75,201301290000
54678,2.34,201301290000
54828,2.01,201301290000
54983,1.03,201301290000
54996,1.34,201301290000
55070,0.67,201301290000
55329,2.64,201301290000
55331,2.81,201301290000
55535,0.69,201301290000
55633,1.86,201301290000
55680,1.53,201301290000
55761,1.4,201301290000
55831,0.75,201301290000
55832,1.2,201301290000
55838,1.23,201301290000
55845,2.77,201301290000
56106,0.86,201301290000
56493,1.52,201301290000
56571,2.45,201301290000
56586,1.1,201301290000
56587,0.67,201301290000
56591,2.74,201301290000
56738,1.5,201301290000
56835,0.52,201301290000
56882,2.28,201301290000
56887,0.62,201301290000
56888,2.55,201301290000
56933,2.07,201301290000
56934,2.48,201301290000
57042,0.71,201301290000
57062,2.66,201301290000
57189,0.93,201301290000
57261,2.12,201301290000
57329,2.79,201301290000
57342,2.43,201301290000
57376,1.89,201301290000
57378,2.35,201301290000
57380,0.98,201301290000
57397,2.97,201301290000
57440,0.58,201301290000
57495,0.87,201301290000
57523,1.29,201301290000
57555,1.02,201301290000
57597,1.7,201301290000
57613,2.03,201301290000
57615,1.17,201301290000
57628,2.07,201301290000
57631,1.55,201301290000
57823,1.29,201301290000
57837,0.59,201301290000
57851,1.1,201301290000
57852,1.35,201301290000
57906,0.72,201301290000
58179,2.25,201301290000
58251,1.29,201301290000
58421,1.4,201301290000
58511,1.84,201301290000
58632,1.95,201301290000
58744,0.79,201301290000
58802,2.26,201301290000
58814,1.93,201301290000
58879,0.83,201301290000
58892,2.04,201301290000
59010,1.43,201301290000
59043,0.9,201301290000
59104,1.81,201301290000
59125,2.38,201301290000
59134,2.18,201301290000
59285,0.79,201301290000
59329,1.3,201301290000
59555,2.53,201301290000
59635,1.15,201301290000
59745,2.8,201301290000
59927,1.68,201301290000
59941,2.21,201301290000
60008,2.55,201301290000
60011,1.39,201301290000
60114,1.29,201301290000
60141,2.83,201301290000
60147,2.84,201301290000
60331,0.78,201301290000
60344,0.66,201301290000
60350,2.92,201301290000
60578,2.21,201301290000
60593,1.16,201301290000
60613,0.86,201301290000
60630,1.88,201301290000
60635,1.55,201301290000
60649,0.96,201301290000
60750,2.73,201301290000
60774,1.08,201301290000
60819,2.82,201301290000
60880,1.07,201301290000
60888,2.83,201301290000
61062,2.05,201301290000
61110,1.85,201301290000
61263,2.33,201301290000
61343,2.41,201301290000
61591,2.64,201301290000
61597,0.64,201301290000
61654,2.63,201301290000
61818,0.94,201301290000
62077,0.56,201301290000
62104,1.96,201301290000
62135,2.93,201301290000
62140,2.81,201301290000
62252,1.22,201301290000
62558,1.34,201301290000
62589,1.1,201301290000
62757,2.35,201301290000
62772,2.46,201301290000
62850,1.58,201301290000
62926,1.99,201301290000
62948,2.97,201301290000
63044,1.61,201301290000
63153,2.76,201301290000
63383,1.95,201301290000
63397,0.88,201301290000
63398,1.45,201301290000
63407,1.02,201301290000
63574,1.91,201301290000
63586,1.78,201301290000
63816,2.33,201301290000
64102,2.09,201301290000
64150,1.45,201301290000
64200,2.39,201301290000
64515,2.34,201301290000
64529,2.55,201301290000
64573,1.84,201301290000
64581,1.96,201301290000
64815,2.41,201301290000
64915,2.78,201301290000
65059,0.6,201301290000
65144,1.73,201301290000
65320,2.8,201301290000
65375,1.07,201301290000
65454,0.92,201301290000
65528,0.79,201301290000
65607,0.93,201301290000
65774,1.28,201301290000
65838,2.13,201301290000
66068,0.94,201301290000
66084,1.39,201301290000
66151,2.46,201301290000
66353,2.07,201301290000
66538,2.04,201301290000
66575,1.13,201301290000
66637,0.82,201301290000
66827,0.92,201301290000
66870,0.93,201301290000
67110,2.83,201301290000
67207,0.78,201301290000
67335,1.57,201301290000
67385,0.65,201301290000
67599,2.22,201301290000
67601,2.27,201301290000
67602,2.5,201301290000
67698,2.66,201301290000
67824,0.65,201301290000
67842,2.49,201301290000
67854,0.77,201301290000
67855,1.82,201301290000
67918,0.72,201301290000
68103,1.04,201301290000
68104,2.39,201301290000
68110,1.55,201301290000
68111,0.59,201301290000
68349,1.54,201301290000
68354,2.93,201301290000
68356,2.84,201301290000
68454,2.91,201301290000
68455,1.57,201301290000
68587,1.42,201301290000
68857,1.11,201301290000
68858,2.96,201301290000
68897,1.91,201301290000
68924,1.99,201301290000
68930,2.67,201301290000
69106,1.1,201301290000
69190,1.7,201301290000
69206,0.65,201301290000
69359,2.69,201301290000
69371,1.07,201301290000
69455,1.42,201301290000
69582,1.95,201301290000
69613,1.99,201301290000
69676,1.01,201301290000
70115,1.06,201301290000
70132,2.81,201301290000
70181,1.78,201301290000
70342,1.0,201301290000
70352,2.43,201301290000
70360,0.64,201301290000
70374,2.36,201301290000
70440,1.36,201301290000
70462,2.59,201301290000
70619,2.5,201301290000
70659,2.43,201301290000
70715,0.95,201301290000
70903,2.99,201301290000
70934,2.1,201301290000
70961,2.01,201301290000
71122,2.41,201301290000
71187,0.51,201301290000
71399,1.92,201301290000
71601,1.57,201301290000
71629,2.32,201301290000
71888,2.14,201301290000
71961,1.87,201301290000
71964,2.49,201301290000
72201,2.58,201301290000
72218,0.58,201301290000
72345,1.7,201301290000
72367,2.73,201301290000
72407,1.44,201301290000
72416,1.15,201301290000
72706,2.82,201301290000
72894,2.48,201301290000
73104,0.73,201301290000
73135,2.31,201301290000
73211,2.2,201301290000
73223,1.43,201301290000
73451,2.88,201301290000
73460,2.88,201301290000
73461,1.48,201301290000
73557,1.09,201301290000
73669,2.4,201301290000
74158,1.17,201301290000
74216,0.77,201301290000
74388,0.88,201301290000
74396,2.23,201301290000
74466,0.62,201301290000
74467,2.68,201301290000
74638,0.64,201301290000
74677,0.74,201301290000
74678,1.42,201301290000
74711,1.61,201301290000
74721,2.25,201301290000
74962,1.13,201301290000
74968,1.24,201301290000
74973,2.28,201301290000
75224,2.14,201301290000
75329,2.52,201301290000
75386,1.27,201301290000
75424,1.81,201301290000
75436,1.11,201301290000
75475,1.27,201301290000
75619,1.22,201301290000
75721,2.22,201301290000
75722,1.22,201301290000
75724,2.82,201301290000
75725,1.76,201301290000
75726,0.89,201301290000
75727,1.41,201301290000
75974,2.12,201301290000
75975,2.96,201301290000
76133,0.91,201301290000
76227,2.43,201301290000
76393,1.87,201301290000
76473,2.39,201301290000
76477,1.41,201301290000
76654,1.27,201301290000
76728,0.99,201301290000
76959,0.93,201301290000
77169,1.42,201301290000
77230,0.63,201301290000
77381,2.41,201301290000
77458,2.86,201301290000
77641,2.71,201301290000
77942,0.76,201301290000
77981,1.4,201301290000
78205,0.78,201301290000
78418,0.98,201301290000
78654,2.73,201301290000
78733,1.13,201301290000
78881,0.56,201301290000
78896,2.83,201301290000
78909,2.74,201301290000
78983,2.53,201301290000
79234,2.53,201301290000
79379,2.47,201301290000
79394,0.71,201301290000
79484,1.18,201301290000
79712,1.2,201301290000
79911,2.45,201301290000
79915,2.07,201301290000
80160,2.11,201301290000
80161,1.41,201301290000
80193,2.5,201301290000
80352,0.72,201301290000
80397,2.89,201301290000
80406,1.47,201301290000
80411,1.21,201301290000
80412,0.66,201301290000
80413,2.51,201301290000
80420,2.35,201301290000
80485,0.97,201301290000
80635,1.85,201301290000
80659,2.71,201301290000
80663,1.66,201301290000
80664,2.56,201301290000
80703,0.66,201301290000
80877,2.31,201301290000
80916,2.68,201301290000
81163,1.92,201301290000
81164,1.49,201301290000
81354,2.43,201301290000
81363,2.53,201301290000
81390,2.58,201301290000
81625,2.66,201301290000
81651,1.47,201301290000
81899,0.81,201301290000
82135,2.74,201301290000
82168,2.98,201301290000
82169,2.61,201301290000
82237,1.52,201301290000
82613,0.65,201301290000
82622,0.96,201301290000
82664,0.95,201301290000
82892,1.65,201301290000
82951,2.61,201301290000
83410,1.79,201301290000
83489,1.54,201301290000
83735,1.57,201301290000
83865,2.3,201301290000
84123,1.94,201301290000
84179,2.41,201301290000
84207,1.62,201301290000
84212,0.53,201301290000
84221,2.81,201301290000
84366,1.46,201301290000
84689,0.52,201301290000
84712,1.14,201301290000
84902,0.77,201301290000
85474,2.09,201301290000
85487,1.73,201301290000
85620,0.94,201301290000
85705,2.35,201301290000
85715,1.09,201301290000
85738,1.62,201301290000
86440,2.88,201301290000
86622,2.71,201301290000
86623,1.64,201301290000
86672,1.09,201301290000
86873,1.34,201301290000
86895,2.8,201301290000
87121,2.83,201301290000
87227,0.8,201301290000
87460,1.22,201301290000
87690,1.83,201301290000
87873,0.52,201301290000
88242,1.41,201301290000
88463,1.38,201301290000
89120,1.06,201301290000
89152,0.82,201301290000
89175,2.72,201301290000
89198,1.13,201301290000
89615,0.51,201301290000
89625,1.65,201301290000
90116,2.13,201301290000
90183,2.23,201301290000
90497,2.25,201301290000
90699,2.64,201301290000
90719,1.93,201301290000
91200,0.53,201301290000
91432,2.22,201301290000
91434,1.09,201301290000
91684,1.19,201301290000
91713,0.91,201301290000
91744,1.46,201301290000
92233,2.02,201301290000
93205,1.77,201301290000
93244,1.34,201301290000
93252,2.11,201301290000
93463,1.54,201301290000
93675,1.38,201301290000
93944,1.49,201301290000
94431,1.57,201301290000
94710,2.68,201301290000
94755,2.45,201301290000
94997,2.53,201301290000
95000,2.51,201301290000
95707,2.96,201301290000
95949,2.01,201301290000
95998,2.43,201301290000
96188,1.96,201301290000
96225,1.32,201301290000
96249,1.8,201301290000
96468,0.82,201301290000
96486,0.52,201301290000
96718,1.23,201301290000
96972,1.63,201301290000
96995,2.36,201301290000
97251,1.76,201301290000
97440,1.6,201301290000
97471,2.37,201301290000
97969,1.1,201301290000
97990,1.56,201301290000
98224,2.55,201301290000
98229,1.39,201301290000
98450,2.4,201301290000
98475,1.14,201301290000
98739,1.37,201301290000
99256,1.71,201301290000
99468,2.37,201301290000
99730,0.74,201301290000
101215,1.64,201301290000
101911,2.11,201301290000
101912,0.52,201301290000
101989,1.37,201301290000
102999,1.98,201301290000
103242,2.66,201301290000
103431,0.55,201301290000
104177,2.19,201301290000
104221,0.85,201301290000
104239,2.44,201301290000
104701,2.06,201301290000
104984,2.39,201301290000
105196,2.44,201301290000
105219,2.51,201301290000
105460,2.69,201301290000
105461,2.29,201301290000
105481,2.57,201301290000
105489,0.65,201301290000
105709,0.81,201301290000
105710,1.62,201301290000
105711,1.9,201301290000
105712,2.63,201301290000
105713,1.67,201301290000
105715,2.76,201301290000
105726,1.28,201301290000
105727,0.67,201301290000
105736,2.71,201301290000
105960,1.34,201301290000
105961,0.83,201301290000
105962,2.18,201301290000
105963,1.36,201301290000
105964,0.87,201301290000
105975,2.6,201301290000
106195,2.81,201301290000
106213,1.98,201301290000
106214,0.73,201301290000
106215,1.54,201301290000
106221,0.52,201301290000
106231,1.31,201301290000
106232,2.04,201301290000
106234,1.53,201301290000
106235,1.82,201301290000
106237,2.18,201301290000
106446,2.38,201301290000
106447,2.75,201301290000
106462,0.96,201301290000
106463,2.89,201301290000
106465,1.4,201301290000
106466,2.25,201301290000
106467,1.78,201301290000
106480,2.75,201301290000
106712,1.07,201301290000
106717,1.82,201301290000
106718,1.69,201301290000
106741,1.49,201301290000
106958,0.54,201301290000
106964,2.28,201301290000
106965,1.26,201301290000
106966,2.75,201301290000
106967,2.55,201301290000
106971,2.08,201301290000
106983,1.39,201301290000
106997,1.01,201301290000
107200,0.71,201301290000
107212,1.22,201301290000
107219,2.79,201301290000
107240,2.55,201301290000
107460,2.05,201301290000
107465,1.2,201301290000
107466,1.82,201301290000
107468,1.92,201301290000
107491,2.42,201301290000
107711,2.17,201301290000
107725,1.96,201301290000
107726,2.36,201301290000
107954,0.69,201301290000
107966,2.62,201301290000
107971,2.27,201301290000
107979,2.73,201301290000
107993,2.04,201301290000
108205,0.74,201301290000
108211,2.75,201301290000
108214,1.01,201301290000
108215,0.84,201301290000
108217,1.03,201301290000
108219,1.87,201301290000
108220,1.4,201301290000
108222,0.65,201301290000
108225,2.53,201301290000
108230,2.63,201301290000
108454,0.66,201301290000
108463,2.72,201301290000
108499,0.88,201301290000
108717,2.76,201301290000
108722,1.99,201301290000
108724,1.57,201301290000
108733,1.36,201301290000
108968,0.67,201301290000
108975,0.94,201301290000
108984,0.7,201301290000
108985,1.91,201301290000
109216,2.47,201301290000
109219,1.84,201301290000
109222,2.5,201301290000
109227,2.76,201301290000
109231,1.31,201301290000
109236,1.99,201301290000
109245,2.68,201301290000
109473,2.06,201301290000
109487,0.9,201301290000
109494,2.3,201301290000
109495,2.31,201301290000
109496,1.66,201301290000
109497,0.83,201301290000
109742,1.38,201301290000
109744,1.08,201301290000
109748,1.65,201301290000
109750,2.73,201301290000
109980,1.39,201301290000
109991,1.73,201301290000
109994,1.1,201301290000
109998,0.6,201301290000
110001,0.74,201301290000
110243,1.12,201301290000
110247,0.8,201301290000
110249,1.51,201301290000
110251,1.93,201301290000
110253,2.33,201301290000
110254,2.09,201301290000
