cell,mobility,dtg
1610,2.03,201301250800
1846,1.63,201301250800
1851,1.49,201301250800
1853,0.56,201301250800
1856,1.05,201301250800
1857,1.1,201301250800
2103,2.57,201301250800
2105,1.96,201301250800
2106,1.41,201301250800
2107,1.63,201301250800
2114,1.1,201301250800
2342,1.61,201301250800
2347,2.25,201301250800
2351,1.4,201301250800
2354,2.03,201301250800
2357,1.89,201301250800
2372,2.13,201301250800
2374,2.99,201301250800
2591,0.72,201301250800
2595,1.66,201301250800
2605,0.8,201301250800
2611,1.93,201301250800
2615,2.62,201301250800
2620,2.48,201301250800
2627,2.41,201301250800
2839,1.3,201301250800
2847,2.3,201301250800
3086,2.24,201301250800
3094,2.42,201301250800
3100,2.16,201301250800
3124,2.53,201301250800
3128,2.83,201301250800
3334,1.92,201301250800
3337,2.34,201301250800
3375,2.24,201301250800
3614,0.63,201301250800
3619,0.9,201301250800
3632,2.59,201301250800
3635,2.4,201301250800
3830,0.99,201301250800
3831,1.05,201301250800
3833,0.57,201301250800
3837,2.85,201301250800
3845,0.66,201301250800
3856,2.01,201301250800
3860,1.07,201301250800
3865,1.27,201301250800
4078,2.38,201301250800
4081,1.78,201301250800
4137,0.86,201301250800
4141,1.77,201301250800
4142,1.71,201301250800
4328,1.44,201301250800
4329,1.23,201301250800
4341,2.1,201301250800
4345,0.98,201301250800
4348,2.27,201301250800
4354,1.17,201301250800
4372,1.79,201301250800
4577,0.89,201301250800
4578,2.08,201301250800
4580,2.87,201301250800
4582,1.88,201301250800
4605,2.8,201301250800
4608,1.3,201301250800
4631,0.68,201301250800
4636,0.54,201301250800
4637,2.82,201301250800
4829,2.52,201301250800
4830,1.6,201301250800
4831,1.08,201301250800
4834,0.55,201301250800
4837,2.59,201301250800
4852,2.81,201301250800
4863,2.07,201301250800
4868,1.75,201301250800
4890,1.85,201301250800
4891,1.9,201301250800
5078,1.65,201301250800
5081,0.95,201301250800
5084,1.27,201301250800
5127,1.51,201301250800
5153,0.69,201301250800
5327,2.06,201301250800
5329,0.54,201301250800
5333,1.56,201301250800
5334,1.19,201301250800
5339,1.28,201301250800
5369,1.38,201301250800
5402,1.98,201301250800
5410,1.52,201301250800
5577,0.95,201301250800
5581,2.1,201301250800
5592,2.09,201301250800
5612,2.48,201301250800
5623,2.53,201301250800
5876,2.36,201301250800
5893,2.62,201301250800
5898,2.57,201301250800
6078,2.95,201301250800
6118,1.17,201301250800
6136,2.18,201301250800
6158,2.52,201301250800
6159,0.81,201301250800
6333,1.0,201301250800
6353,1.26,201301250800
6365,1.83,201301250800
6366,2.14,201301250800
6414,1.57,201301250800
6588,0.6,201301250800
6609,1.26,201301250800
6635,2.47,201301250800
6668,2.09,201301250800
6841,1.1,201301250800
6849,2.54,201301250800
6896,2.21,201301250800
6924,2.11,201301250800
6928,2.5,201301250800
6935,0.78,201301250800
6939,2.12,201301250800
7077,1.73,201301250800
7078,0.77,201301250800
7085,0.9,201301250800
7088,1.88,201301250800
7113,1.83,201301250800
7114,2.11,201301250800
7129,2.65,201301250800
7133,2.56,201301250800
7165,1.91,201301250800
7192,2.54,201301250800
7354,2.31,201301250800
7375,1.54,201301250800
7379,1.63,201301250800
7401,2.56,201301250800
7410,2.02,201301250800
7436,2.83,201301250800
7584,2.51,201301250800
7646,1.02,201301250800
7849,1.55,201301250800
7871,1.33,201301250800
7927,2.41,201301250800
7948,2.39,201301250800
8080,2.7,201301250800
8170,0.79,201301250800
8182,1.86,201301250800
8195,2.12,201301250800
8342,1.06,201301250800
8582,1.33,201301250800
8602,2.94,201301250800
8609,2.81,201301250800
8638,0.69,201301250800
8656,2.19,201301250800
8830,1.02,201301250800
8839,1.95,201301250800
8876,2.2,201301250800
8897,0.97,201301250800
8912,1.43,201301250800
8918,1.04,201301250800
8929,1.11,201301250800
8940,1.26,201301250800
8954,1.76,201301250800
9140,2.06,201301250800
9333,0.88,201301250800
9468,2.3,201301250800
9473,1.15,201301250800
9589,1.22,201301250800
9601,1.9,201301250800
9607,2.43,201301250800
9658,1.75,201301250800
9724,1.22,201301250800
9833,2.32,201301250800
10084,1.52,201301250800
10089,0.88,201301250800
10096,1.12,201301250800
10144,1.64,201301250800
10170,2.11,201301250800
10181,2.2,201301250800
10189,2.42,201301250800
10201,0.95,201301250800
10334,2.99,201301250800
10335,2.57,201301250800
10383,2.34,201301250800
10414,1.52,201301250800
10444,0.83,201301250800
10458,1.24,201301250800
10477,2.29,201301250800
10586,0.91,201301250800
10601,0.62,201301250800
10609,1.98,201301250800
10616,0.89,201301250800
10633,1.73,201301250800
10655,1.54,201301250800
10665,2.95,201301250800
10681,2.0,201301250800
10717,1.38,201301250800
10835,2.86,201301250800
10837,2.36,201301250800
10847,2.6,201301250800
10903,0.74,201301250800
10911,0.97,201301250800
10918,2.71,201301250800
10973,2.51,201301250800
11087,1.76,201301250800
11092,2.87,201301250800
11128,1.39,201301250800
11222,2.67,201301250800
11223,1.0,201301250800
11225,2.52,201301250800
11238,2.56,201301250800
11361,2.06,201301250800
11393,0.53,201301250800
11424,1.31,201301250800
11601,2.81,201301250800
11682,2.22,201301250800
11704,3.0,201301250800
11858,0.89,201301250800
11884,2.12,201301250800
11901,2.47,201301250800
11946,1.3,201301250800
11960,2.05,201301250800
11972,1.32,201301250800
12089,2.79,201301250800
12090,0.64,201301250800
12096,1.58,201301250800
12120,1.27,201301250800
12157,2.25,201301250800
12230,2.88,201301250800
12383,2.27,201301250800
12431,2.66,201301250800
12601,2.89,201301250800
12625,1.89,201301250800
12632,1.07,201301250800
12842,2.42,201301250800
12875,0.51,201301250800
12901,0.92,201301250800
12913,1.11,201301250800
12933,2.89,201301250800
12934,2.47,201301250800
12985,2.06,201301250800
13099,2.95,201301250800
13114,2.77,201301250800
13150,1.81,201301250800
13175,1.9,201301250800
13183,0.51,201301250800
13222,2.41,201301250800
13358,1.42,201301250800
13444,1.33,201301250800
13455,0.63,201301250800
13456,1.24,201301250800
13670,2.0,201301250800
13694,1.71,201301250800
13845,2.81,201301250800
13849,0.84,201301250800
14011,1.86,201301250800
14095,1.14,201301250800
14133,2.81,201301250800
14161,2.32,201301250800
14167,2.16,201301250800
14184,0.64,201301250800
14241,1.54,201301250800
14255,1.78,201301250800
14349,0.63,201301250800
14350,1.38,201301250800
14375,2.84,201301250800
14452,0.75,201301250800
14475,1.01,201301250800
14620,1.89,201301250800
14673,0.74,201301250800
14745,1.7,201301250800
14859,0.61,201301250800
14936,1.33,201301250800
14995,2.11,201301250800
15097,2.64,201301250800
15098,2.75,201301250800
15246,2.71,201301250800
15349,0.78,201301250800
15440,0.74,201301250800
15600,2.65,201301250800
15656,2.52,201301250800
15672,0.55,201301250800
15699,1.63,201301250800
15714,1.76,201301250800
15725,2.45,201301250800
15744,1.04,201301250800
15849,2.01,201301250800
15850,1.09,201301250800
15851,2.73,201301250800
15853,1.42,201301250800
15871,1.76,201301250800
16100,2.94,201301250800
16105,1.82,201301250800
16114,2.1,201301250800
16171,2.11,201301250800
16184,2.78,201301250800
16400,0.77,201301250800
16414,1.93,201301250800
16601,1.86,201301250800
16604,1.56,201301250800
16625,1.58,201301250800
16670,1.79,201301250800
16853,1.1,201301250800
16868,1.49,201301250800
16932,1.09,201301250800
17232,2.0,201301250800
17355,1.5,201301250800
17358,1.86,201301250800
17367,2.0,201301250800
17635,1.35,201301250800
17673,1.41,201301250800
17681,2.43,201301250800
17884,2.45,201301250800
17984,1.35,201301250800
18108,0.57,201301250800
18115,2.89,201301250800
18118,1.25,201301250800
18123,1.04,201301250800
18139,2.29,201301250800
18154,1.71,201301250800
18160,1.94,201301250800
18177,2.24,201301250800
18185,2.63,201301250800
18383,1.11,201301250800
18404,2.27,201301250800
18427,1.64,201301250800
18466,0.61,201301250800
18616,0.87,201301250800
18629,1.64,201301250800
18861,2.95,201301250800
18866,1.03,201301250800
18925,0.52,201301250800
19110,2.02,201301250800
19112,0.7,201301250800
19114,0.6,201301250800
19122,2.79,201301250800
19360,2.49,201301250800
19443,2.84,201301250800
19481,1.11,201301250800
19611,1.2,201301250800
19612,0.55,201301250800
19618,2.4,201301250800
19633,2.92,201301250800
19678,2.36,201301250800
19878,1.38,201301250800
19913,2.76,201301250800
20113,2.35,201301250800
20114,1.26,201301250800
20116,0.74,201301250800
20170,1.05,201301250800
20363,2.99,201301250800
20387,1.29,201301250800
20396,1.21,201301250800
20436,1.8,201301250800
20616,2.24,201301250800
20621,1.89,201301250800
20628,0.94,201301250800
20651,1.99,201301250800
20671,0.52,201301250800
20682,2.13,201301250800
20864,1.65,201301250800
20882,0.67,201301250800
20931,1.99,201301250800
20995,0.78,201301250800
21115,1.26,201301250800
21118,1.99,201301250800
21201,1.06,201301250800
21373,2.56,201301250800
21377,1.62,201301250800
21392,2.81,201301250800
21407,0.81,201301250800
21428,2.22,201301250800
21448,1.03,201301250800
21617,1.25,201301250800
21619,1.45,201301250800
21639,1.87,201301250800
21658,1.75,201301250800
21663,2.73,201301250800
21701,2.68,201301250800
21721,2.08,201301250800
21868,1.39,201301250800
21871,1.98,201301250800
21999,0.99,201301250800
22126,1.34,201301250800
22133,2.11,201301250800
22174,2.15,201301250800
22176,2.92,201301250800
22205,1.28,201301250800
22368,2.03,201301250800
22395,2.71,201301250800
22419,2.18,201301250800
22420,0.68,201301250800
22421,0.84,201301250800
22422,1.22,201301250800
22619,1.91,201301250800
22630,0.91,201301250800
22634,1.83,201301250800
22671,3.0,201301250800
22673,2.08,201301250800
22700,0.6,201301250800
22751,0.55,201301250800
22768,2.82,201301250800
22869,2.84,201301250800
22877,0.71,201301250800
22928,2.86,201301250800
22940,2.14,201301250800
22955,0.97,201301250800
22963,0.65,201301250800
22966,1.12,201301250800
23120,2.92,201301250800
23124,2.59,201301250800
23125,1.09,201301250800
23131,1.83,201301250800
23138,1.61,201301250800
23169,2.2,201301250800
23194,2.62,201301250800
23216,2.77,201301250800
23370,2.58,201301250800
23371,2.77,201301250800
23379,2.54,201301250800
23386,2.18,201301250800
23388,2.07,201301250800
23427,2.04,201301250800
23621,2.55,201301250800
23627,2.27,201301250800
23635,1.67,201301250800
23641,1.43,201301250800
23662,2.17,201301250800
23669,2.98,201301250800
23690,2.51,201301250800
23744,2.87,201301250800
23750,1.25,201301250800
23872,1.46,201301250800
23873,2.75,201301250800
23875,2.74,201301250800
23881,1.27,201301250800
23894,2.93,201301250800
23896,2.07,201301250800
23907,1.87,201301250800
23925,2.88,201301250800
23973,0.8,201301250800
24005,1.93,201301250800
24009,1.8,201301250800
24032,2.86,201301250800
24122,2.34,201301250800
24123,1.1,201301250800
24149,1.77,201301250800
24247,2.95,201301250800
24251,2.49,201301250800
24265,1.95,201301250800
24266,0.67,201301250800
24373,1.56,201301250800
24374,1.14,201301250800
24380,0.52,201301250800
24381,0.79,201301250800
24383,1.18,201301250800
24387,0.58,201301250800
24402,1.83,201301250800
24405,0.96,201301250800
24423,2.96,201301250800
24623,2.75,201301250800
24626,0.85,201301250800
24643,0.89,201301250800
24732,0.92,201301250800
24734,2.5,201301250800
24739,2.24,201301250800
24774,1.34,201301250800
24775,1.46,201301250800
24781,2.82,201301250800
24837,0.78,201301250800
24874,1.22,201301250800
24877,1.22,201301250800
24879,1.63,201301250800
24880,0.98,201301250800
24895,1.47,201301250800
24920,1.38,201301250800
24990,1.36,201301250800
24991,0.54,201301250800
24993,1.34,201301250800
25124,1.02,201301250800
25125,1.37,201301250800
25126,1.07,201301250800
25129,2.88,201301250800
25130,1.61,201301250800
25132,1.9,201301250800
25136,2.58,201301250800
25138,0.6,201301250800
25141,2.74,201301250800
25179,2.43,201301250800
25187,1.13,201301250800
25375,2.75,201301250800
25376,2.25,201301250800
25377,1.36,201301250800
25379,2.57,201301250800
25385,1.14,201301250800
25395,2.78,201301250800
25400,2.94,201301250800
25405,0.56,201301250800
25412,2.02,201301250800
25427,2.37,201301250800
25626,0.89,201301250800
25627,1.2,201301250800
25628,1.55,201301250800
25629,2.92,201301250800
25632,1.16,201301250800
25633,2.62,201301250800
25642,1.62,201301250800
25715,0.97,201301250800
25747,1.15,201301250800
25763,2.32,201301250800
25876,1.58,201301250800
25877,0.63,201301250800
25878,0.93,201301250800
25881,0.56,201301250800
25882,2.59,201301250800
25886,2.75,201301250800
25888,1.34,201301250800
25926,1.75,201301250800
25997,1.3,201301250800
26005,1.92,201301250800
26035,2.67,201301250800
26127,1.84,201301250800
26129,0.55,201301250800
26130,2.54,201301250800
26133,2.59,201301250800
26135,2.58,201301250800
26136,1.7,201301250800
26138,2.82,201301250800
26139,1.71,201301250800
26141,2.04,201301250800
26148,2.87,201301250800
26168,1.06,201301250800
26378,0.8,201301250800
26379,2.44,201301250800
26380,2.25,201301250800
26381,2.15,201301250800
26382,0.57,201301250800
26383,2.09,201301250800
26385,1.11,201301250800
26386,1.06,201301250800
26387,2.48,201301250800
26389,1.87,201301250800
26391,1.93,201301250800
26392,1.84,201301250800
26393,1.66,201301250800
26396,1.89,201301250800
26403,2.19,201301250800
26408,0.96,201301250800
26427,2.03,201301250800
26450,1.24,201301250800
26492,0.56,201301250800
26546,1.53,201301250800
26563,2.73,201301250800
26564,2.36,201301250800
26628,1.83,201301250800
26629,1.22,201301250800
26630,1.21,201301250800
26631,0.76,201301250800
26633,2.48,201301250800
26634,1.39,201301250800
26656,1.2,201301250800
26674,1.82,201301250800
26708,2.83,201301250800
26752,0.95,201301250800
26754,2.38,201301250800
26755,2.34,201301250800
26782,1.28,201301250800
26846,1.64,201301250800
26879,1.13,201301250800
26880,2.24,201301250800
26881,2.33,201301250800
26882,1.67,201301250800
26883,0.91,201301250800
26884,2.29,201301250800
26885,1.02,201301250800
26886,1.39,201301250800
26887,1.91,201301250800
26889,1.47,201301250800
26890,2.33,201301250800
26891,2.81,201301250800
26892,2.13,201301250800
26893,2.47,201301250800
26894,0.69,201301250800
26895,0.77,201301250800
26897,1.22,201301250800
26905,0.78,201301250800
26938,1.11,201301250800
26964,2.63,201301250800
27006,2.26,201301250800
27042,0.52,201301250800
27098,1.55,201301250800
27130,1.26,201301250800
27131,2.61,201301250800
27132,2.34,201301250800
27133,2.45,201301250800
27134,1.22,201301250800
27135,2.21,201301250800
27136,2.03,201301250800
27137,2.35,201301250800
27138,1.0,201301250800
27142,1.96,201301250800
27143,0.93,201301250800
27145,2.75,201301250800
27148,2.55,201301250800
27149,2.04,201301250800
27152,2.53,201301250800
27155,0.52,201301250800
27175,2.62,201301250800
27209,1.07,201301250800
27247,2.18,201301250800
27381,2.2,201301250800
27382,1.04,201301250800
27383,2.4,201301250800
27384,1.04,201301250800
27386,0.63,201301250800
27387,0.97,201301250800
27388,1.05,201301250800
27389,3.0,201301250800
27390,2.52,201301250800
27392,1.85,201301250800
27395,1.76,201301250800
27404,0.87,201301250800
27415,1.95,201301250800
27427,1.58,201301250800
27489,0.76,201301250800
27494,1.15,201301250800
27498,1.63,201301250800
27518,1.85,201301250800
27632,2.75,201301250800
27633,1.2,201301250800
27634,2.37,201301250800
27635,1.9,201301250800
27636,1.05,201301250800
27637,0.57,201301250800
27638,1.93,201301250800
27639,2.92,201301250800
27640,2.46,201301250800
27642,1.18,201301250800
27643,2.21,201301250800
27645,0.88,201301250800
27646,1.35,201301250800
27647,1.84,201301250800
27649,2.12,201301250800
27654,1.52,201301250800
27763,2.23,201301250800
27764,1.03,201301250800
27796,0.63,201301250800
27797,2.3,201301250800
27883,1.89,201301250800
27884,1.7,201301250800
27885,2.82,201301250800
27886,0.6,201301250800
27887,0.59,201301250800
27888,2.6,201301250800
27889,1.23,201301250800
27890,2.54,201301250800
27891,2.44,201301250800
27892,1.5,201301250800
27894,0.95,201301250800
27895,1.99,201301250800
27897,0.54,201301250800
27902,1.84,201301250800
27908,2.04,201301250800
27911,2.27,201301250800
27930,1.51,201301250800
27971,2.22,201301250800
28004,2.46,201301250800
28015,0.77,201301250800
28049,1.54,201301250800
28102,1.54,201301250800
28134,0.74,201301250800
28135,0.94,201301250800
28136,2.94,201301250800
28137,0.52,201301250800
28138,0.87,201301250800
28139,2.39,201301250800
28140,2.49,201301250800
28142,1.69,201301250800
28143,1.91,201301250800
28144,2.16,201301250800
28146,1.39,201301250800
28154,2.92,201301250800
28156,2.71,201301250800
28216,2.08,201301250800
28239,2.7,201301250800
28384,1.66,201301250800
28385,1.63,201301250800
28386,1.62,201301250800
28387,2.46,201301250800
28388,1.78,201301250800
28389,1.31,201301250800
28390,1.76,201301250800
28391,1.15,201301250800
28392,1.6,201301250800
28393,1.69,201301250800
28394,1.09,201301250800
28396,1.76,201301250800
28397,2.82,201301250800
28400,1.67,201301250800
28401,1.03,201301250800
28405,1.54,201301250800
28427,1.42,201301250800
28467,1.91,201301250800
28496,2.1,201301250800
28497,1.1,201301250800
28519,0.93,201301250800
28535,1.11,201301250800
28539,1.33,201301250800
28545,2.58,201301250800
28557,1.25,201301250800
28635,1.72,201301250800
28636,0.56,201301250800
28637,2.21,201301250800
28638,1.07,201301250800
28639,0.55,201301250800
28640,2.59,201301250800
28641,1.19,201301250800
28642,2.21,201301250800
28643,1.97,201301250800
28644,0.66,201301250800
28645,1.6,201301250800
28646,0.68,201301250800
28649,1.1,201301250800
28658,2.19,201301250800
28667,1.6,201301250800
28675,1.48,201301250800
28751,0.53,201301250800
28753,2.1,201301250800
28754,1.62,201301250800
28788,0.57,201301250800
28812,0.79,201301250800
28823,0.94,201301250800
28886,2.76,201301250800
28887,2.64,201301250800
28888,0.83,201301250800
28889,1.81,201301250800
28890,0.71,201301250800
28891,2.1,201301250800
28892,2.09,201301250800
28893,0.71,201301250800
28894,0.55,201301250800
28895,2.21,201301250800
28896,1.23,201301250800
28897,2.4,201301250800
28899,0.76,201301250800
28900,2.02,201301250800
28901,0.69,201301250800
28902,1.98,201301250800
28905,1.28,201301250800
28912,1.88,201301250800
28960,1.15,201301250800
28969,0.52,201301250800
29004,2.69,201301250800
29012,2.72,201301250800
29026,2.89,201301250800
29068,2.15,201301250800
29076,2.4,201301250800
29088,2.8,201301250800
29094,1.85,201301250800
29136,2.17,201301250800
29137,0.88,201301250800
29138,1.26,201301250800
29139,0.59,201301250800
29140,0.83,201301250800
29141,2.65,201301250800
29142,2.42,201301250800
29143,1.16,201301250800
29144,2.78,201301250800
29146,0.69,201301250800
29147,2.7,201301250800
29148,2.55,201301250800
29149,2.22,201301250800
29151,0.84,201301250800
29158,2.73,201301250800
29165,2.95,201301250800
29171,2.07,201301250800
29190,1.45,201301250800
29247,1.75,201301250800
29387,2.79,201301250800
29388,1.85,201301250800
29389,1.04,201301250800
29390,0.99,201301250800
29391,2.78,201301250800
29392,1.93,201301250800
29393,0.67,201301250800
29394,2.07,201301250800
29395,2.46,201301250800
29396,1.79,201301250800
29397,2.4,201301250800
29398,2.12,201301250800
29399,2.58,201301250800
29401,1.33,201301250800
29402,2.89,201301250800
29403,2.63,201301250800
29405,2.42,201301250800
29409,2.81,201301250800
29425,1.72,201301250800
29429,1.54,201301250800
29495,0.97,201301250800
29498,2.58,201301250800
29533,2.45,201301250800
29556,2.8,201301250800
29638,2.2,201301250800
29639,1.67,201301250800
29640,1.78,201301250800
29641,2.96,201301250800
29642,1.31,201301250800
29643,1.17,201301250800
29644,0.77,201301250800
29645,2.58,201301250800
29648,1.14,201301250800
29649,2.35,201301250800
29650,1.58,201301250800
29654,1.97,201301250800
29663,2.57,201301250800
29670,0.73,201301250800
29710,0.74,201301250800
29730,2.04,201301250800
29733,2.59,201301250800
29736,2.02,201301250800
29766,0.67,201301250800
29891,1.35,201301250800
29892,0.78,201301250800
29893,1.06,201301250800
29894,1.73,201301250800
29895,2.54,201301250800
29896,0.87,201301250800
29897,2.2,201301250800
29898,2.11,201301250800
29900,2.43,201301250800
29903,2.13,201301250800
29906,1.62,201301250800
29909,1.67,201301250800
29912,1.91,201301250800
29917,2.57,201301250800
29925,0.61,201301250800
29966,2.71,201301250800
30021,2.21,201301250800
30026,2.91,201301250800
30036,1.7,201301250800
30142,0.99,201301250800
30143,0.86,201301250800
30144,2.64,201301250800
30145,2.94,201301250800
30146,2.12,201301250800
30147,1.46,201301250800
30148,0.97,201301250800
30152,1.9,201301250800
30154,2.55,201301250800
30157,1.04,201301250800
30158,2.69,201301250800
30181,0.81,201301250800
30242,2.27,201301250800
30243,0.85,201301250800
30244,1.56,201301250800
30261,0.75,201301250800
30300,2.58,201301250800
30322,1.33,201301250800
30393,0.85,201301250800
30394,0.99,201301250800
30395,1.88,201301250800
30396,1.52,201301250800
30397,2.0,201301250800
30398,2.91,201301250800
30400,0.52,201301250800
30401,1.55,201301250800
30403,2.18,201301250800
30407,1.65,201301250800
30410,2.05,201301250800
30420,1.87,201301250800
30430,1.93,201301250800
30434,0.62,201301250800
30439,2.42,201301250800
30481,0.64,201301250800
30489,2.93,201301250800
30494,2.49,201301250800
30495,2.95,201301250800
30496,1.29,201301250800
30645,2.38,201301250800
30646,1.73,201301250800
30647,0.88,201301250800
30648,1.12,201301250800
30649,1.72,201301250800
30650,1.32,201301250800
30651,2.9,201301250800
30652,0.9,201301250800
30653,1.87,201301250800
30654,2.57,201301250800
30661,2.09,201301250800
30664,1.32,201301250800
30666,1.5,201301250800
30669,1.73,201301250800
30673,1.07,201301250800
30683,2.34,201301250800
30745,0.52,201301250800
30750,2.93,201301250800
30777,1.95,201301250800
30780,1.4,201301250800
30812,0.82,201301250800
30897,0.62,201301250800
30898,0.59,201301250800
30899,1.83,201301250800
30900,0.79,201301250800
30901,2.35,201301250800
30902,0.65,201301250800
30903,0.85,201301250800
30904,2.99,201301250800
30908,2.47,201301250800
30909,0.85,201301250800
30912,0.96,201301250800
30913,0.72,201301250800
30928,2.27,201301250800
30953,1.91,201301250800
30979,1.44,201301250800
30994,2.08,201301250800
30995,1.71,201301250800
31027,2.48,201301250800
31028,2.88,201301250800
31029,2.08,201301250800
31082,2.8,201301250800
31148,0.97,201301250800
31149,1.49,201301250800
31150,0.99,201301250800
31151,1.39,201301250800
31152,0.54,201301250800
31156,1.17,201301250800
31157,0.55,201301250800
31161,2.28,201301250800
31166,1.25,201301250800
31172,0.87,201301250800
31274,2.33,201301250800
31281,0.74,201301250800
31369,2.48,201301250800
31398,0.7,201301250800
31401,2.14,201301250800
31407,2.71,201301250800
31408,0.72,201301250800
31409,1.15,201301250800
31410,1.84,201301250800
31413,1.4,201301250800
31419,1.62,201301250800
31427,2.62,201301250800
31457,2.64,201301250800
31466,1.72,201301250800
31651,1.96,201301250800
31652,1.62,201301250800
31656,1.3,201301250800
31660,2.22,201301250800
31663,1.37,201301250800
31666,2.37,201301250800
31675,1.14,201301250800
31738,1.69,201301250800
31754,0.53,201301250800
31782,1.49,201301250800
31903,0.6,201301250800
31904,0.87,201301250800
31905,1.89,201301250800
31906,1.58,201301250800
31908,2.97,201301250800
31912,1.99,201301250800
31921,2.36,201301250800
31928,2.46,201301250800
31949,2.51,201301250800
32028,2.47,201301250800
32032,1.81,201301250800
32045,2.23,201301250800
32150,2.25,201301250800
32155,2.9,201301250800
32157,2.33,201301250800
32161,0.85,201301250800
32162,0.79,201301250800
32167,2.22,201301250800
32169,2.29,201301250800
32175,2.38,201301250800
32182,2.76,201301250800
32185,2.29,201301250800
32195,1.29,201301250800
32235,1.93,201301250800
32404,1.32,201301250800
32405,1.67,201301250800
32410,0.9,201301250800
32411,2.14,201301250800
32415,1.47,201301250800
32449,2.01,201301250800
32490,2.59,201301250800
32558,0.74,201301250800
32622,2.54,201301250800
32656,0.51,201301250800
32658,1.95,201301250800
32660,1.7,201301250800
32662,0.88,201301250800
32668,2.79,201301250800
32682,1.15,201301250800
32697,2.46,201301250800
32712,2.86,201301250800
32729,2.86,201301250800
32739,2.83,201301250800
32742,0.7,201301250800
32744,2.19,201301250800
32802,1.69,201301250800
32834,2.85,201301250800
32905,2.45,201301250800
32907,2.73,201301250800
32912,2.39,201301250800
32916,2.07,201301250800
32922,1.88,201301250800
32924,1.88,201301250800
32926,2.67,201301250800
32929,1.24,201301250800
32977,2.57,201301250800
32978,1.49,201301250800
33154,0.9,201301250800
33158,1.46,201301250800
33160,1.24,201301250800
33165,1.14,201301250800
33170,1.55,201301250800
33186,1.01,201301250800
33286,1.44,201301250800
33405,1.27,201301250800
33409,2.2,201301250800
33412,2.09,201301250800
33418,1.73,201301250800
33420,2.9,201301250800
33424,2.33,201301250800
33435,1.18,201301250800
33442,2.06,201301250800
33519,1.46,201301250800
33594,1.13,201301250800
33656,2.42,201301250800
33659,2.6,201301250800
33662,0.88,201301250800
33664,2.76,201301250800
33666,1.5,201301250800
33669,1.39,201301250800
33673,1.97,201301250800
33675,2.71,201301250800
33694,0.85,201301250800
33724,0.83,201301250800
33742,0.71,201301250800
33812,2.26,201301250800
33909,1.56,201301250800
33911,2.0,201301250800
33912,2.99,201301250800
33913,0.93,201301250800
33922,2.85,201301250800
33923,1.52,201301250800
33924,2.51,201301250800
33931,2.03,201301250800
33935,1.19,201301250800
33986,0.85,201301250800
34013,1.24,201301250800
34160,2.49,201301250800
34161,2.89,201301250800
34162,2.63,201301250800
34163,1.3,201301250800
34167,1.57,201301250800
34190,1.41,201301250800
34211,0.78,201301250800
34303,2.32,201301250800
34380,1.46,201301250800
34407,2.83,201301250800
34413,2.49,201301250800
34423,1.41,201301250800
34424,2.22,201301250800
34427,1.91,201301250800
34430,0.9,201301250800
34437,2.55,201301250800
34440,1.62,201301250800
34486,0.92,201301250800
34495,2.72,201301250800
34510,1.13,201301250800
34520,2.47,201301250800
34528,2.76,201301250800
34563,2.13,201301250800
34662,1.56,201301250800
34667,1.54,201301250800
34668,0.75,201301250800
34670,2.98,201301250800
34672,0.75,201301250800
34673,1.15,201301250800
34676,0.99,201301250800
34679,1.32,201301250800
34682,2.39,201301250800
34695,2.86,201301250800
34710,1.34,201301250800
34714,2.29,201301250800
34720,1.26,201301250800
34882,2.09,201301250800
34913,0.96,201301250800
34914,1.27,201301250800
34915,0.77,201301250800
34924,1.49,201301250800
34925,1.11,201301250800
34934,0.57,201301250800
34939,0.67,201301250800
34959,2.97,201301250800
34990,1.68,201301250800
35102,0.67,201301250800
35164,1.76,201301250800
35166,1.24,201301250800
35173,2.69,201301250800
35178,1.97,201301250800
35183,2.22,201301250800
35185,2.61,201301250800
35187,1.21,201301250800
35193,0.76,201301250800
35203,1.85,201301250800
35218,0.63,201301250800
35237,2.29,201301250800
35244,2.7,201301250800
35249,1.65,201301250800
35295,2.42,201301250800
35368,2.41,201301250800
35410,1.12,201301250800
35414,1.36,201301250800
35415,0.58,201301250800
35417,1.65,201301250800
35421,2.58,201301250800
35440,1.94,201301250800
35455,1.4,201301250800
35492,0.89,201301250800
35515,0.62,201301250800
35665,2.8,201301250800
35675,0.63,201301250800
35683,1.15,201301250800
35686,1.11,201301250800
35700,1.51,201301250800
35745,1.13,201301250800
35755,2.22,201301250800
35769,2.07,201301250800
35916,2.13,201301250800
35917,0.9,201301250800
35918,0.91,201301250800
35919,1.43,201301250800
35921,2.34,201301250800
35929,1.73,201301250800
35931,1.87,201301250800
35941,1.88,201301250800
35944,2.99,201301250800
35971,2.07,201301250800
35981,2.76,201301250800
35992,0.63,201301250800
35994,1.77,201301250800
36067,2.14,201301250800
36162,2.94,201301250800
36167,2.12,201301250800
36169,2.68,201301250800
36170,2.84,201301250800
36173,0.72,201301250800
36176,1.1,201301250800
36177,0.75,201301250800
36205,2.31,201301250800
36237,0.89,201301250800
36245,0.96,201301250800
36246,2.53,201301250800
36293,1.61,201301250800
36311,2.71,201301250800
36417,1.77,201301250800
36420,0.68,201301250800
36421,0.93,201301250800
36441,2.31,201301250800
36448,2.79,201301250800
36494,0.79,201301250800
36498,2.67,201301250800
36502,2.39,201301250800
36510,2.4,201301250800
36513,2.94,201301250800
36519,1.49,201301250800
36524,1.63,201301250800
36576,2.83,201301250800
36668,2.75,201301250800
36673,2.55,201301250800
36675,1.32,201301250800
36677,1.75,201301250800
36679,0.82,201301250800
36682,0.51,201301250800
36688,1.58,201301250800
36690,1.04,201301250800
36711,1.88,201301250800
36717,1.25,201301250800
36758,1.61,201301250800
36889,2.38,201301250800
36915,2.94,201301250800
36918,2.92,201301250800
36933,1.17,201301250800
36934,1.02,201301250800
36953,2.81,201301250800
36959,1.67,201301250800
36996,0.95,201301250800
36999,1.44,201301250800
37001,2.27,201301250800
37167,2.29,201301250800
37168,2.34,201301250800
37169,2.57,201301250800
37172,2.02,201301250800
37176,2.89,201301250800
37178,2.87,201301250800
37179,2.79,201301250800
37182,2.26,201301250800
37192,1.45,201301250800
37200,1.17,201301250800
37206,0.82,201301250800
37232,2.47,201301250800
37239,1.15,201301250800
37270,2.26,201301250800
37298,2.37,201301250800
37304,0.83,201301250800
37419,0.53,201301250800
37421,0.8,201301250800
37423,2.41,201301250800
37425,0.99,201301250800
37446,2.38,201301250800
37454,1.51,201301250800
37477,1.39,201301250800
37487,1.16,201301250800
37501,0.58,201301250800
37503,0.86,201301250800
37513,2.36,201301250800
37523,2.76,201301250800
37562,0.89,201301250800
37609,1.02,201301250800
37642,2.0,201301250800
37643,1.05,201301250800
37670,1.91,201301250800
37671,0.88,201301250800
37672,1.04,201301250800
37676,1.99,201301250800
37688,2.76,201301250800
37689,1.64,201301250800
37690,0.72,201301250800
37695,1.29,201301250800
37701,0.75,201301250800
37710,2.37,201301250800
37711,2.04,201301250800
37754,2.02,201301250800
37874,2.95,201301250800
37891,0.77,201301250800
37893,2.54,201301250800
37894,2.52,201301250800
37926,1.24,201301250800
37928,1.05,201301250800
37929,2.66,201301250800
37932,0.86,201301250800
37936,1.36,201301250800
37943,0.93,201301250800
37952,2.83,201301250800
37962,0.78,201301250800
37968,2.28,201301250800
38003,0.63,201301250800
38060,2.59,201301250800
38145,2.1,201301250800
38172,0.54,201301250800
38173,0.61,201301250800
38178,1.19,201301250800
38200,0.88,201301250800
38204,1.32,201301250800
38209,1.11,201301250800
38215,1.65,201301250800
38220,2.37,201301250800
38225,1.11,201301250800
38228,0.74,201301250800
38230,1.62,201301250800
38243,1.58,201301250800
38247,1.54,201301250800
38255,1.83,201301250800
38263,0.99,201301250800
38268,1.4,201301250800
38272,2.32,201301250800
38367,1.08,201301250800
38381,2.23,201301250800
38423,1.15,201301250800
38425,1.67,201301250800
38426,1.59,201301250800
38431,2.9,201301250800
38440,0.6,201301250800
38479,1.57,201301250800
38481,0.68,201301250800
38483,1.29,201301250800
38488,2.89,201301250800
38490,2.87,201301250800
38498,0.81,201301250800
38499,2.47,201301250800
38500,2.43,201301250800
38505,1.81,201301250800
38506,2.77,201301250800
38508,1.64,201301250800
38517,1.45,201301250800
38534,1.0,201301250800
38648,2.0,201301250800
38674,1.97,201301250800
38676,1.59,201301250800
38679,0.83,201301250800
38684,1.19,201301250800
38693,0.96,201301250800
38697,2.9,201301250800
38716,0.65,201301250800
38722,2.16,201301250800
38736,1.16,201301250800
38738,1.17,201301250800
38752,2.76,201301250800
38753,1.4,201301250800
38758,2.2,201301250800
38760,1.34,201301250800
38761,0.56,201301250800
38762,2.86,201301250800
38766,2.37,201301250800
38769,1.88,201301250800
38778,0.92,201301250800
38812,0.93,201301250800
38939,1.53,201301250800
38953,2.26,201301250800
38958,0.96,201301250800
38967,0.51,201301250800
39006,2.16,201301250800
39008,1.96,201301250800
39010,2.32,201301250800
39011,1.46,201301250800
39017,1.79,201301250800
39113,1.64,201301250800
39148,2.37,201301250800
39149,1.24,201301250800
39176,1.78,201301250800
39178,1.02,201301250800
39191,2.72,201301250800
39201,0.52,201301250800
39230,2.29,201301250800
39236,1.57,201301250800
39246,2.93,201301250800
39252,2.59,201301250800
39255,1.25,201301250800
39260,2.22,201301250800
39262,1.74,201301250800
39263,1.39,201301250800
39268,1.45,201301250800
39269,1.39,201301250800
39271,1.67,201301250800
39274,2.99,201301250800
39275,0.79,201301250800
39375,1.5,201301250800
39391,2.56,201301250800
39427,2.91,201301250800
39428,2.02,201301250800
39430,2.4,201301250800
39433,2.57,201301250800
39446,2.84,201301250800
39457,1.28,201301250800
39514,1.87,201301250800
39515,1.95,201301250800
39516,1.84,201301250800
39517,2.08,201301250800
39535,2.91,201301250800
39554,0.71,201301250800
39559,2.17,201301250800
39631,2.01,201301250800
39632,2.95,201301250800
39633,2.31,201301250800
39652,2.25,201301250800
39683,2.39,201301250800
39687,0.74,201301250800
39706,1.0,201301250800
39710,1.46,201301250800
39722,1.75,201301250800
39731,2.75,201301250800
39750,1.69,201301250800
39755,2.81,201301250800
39759,1.71,201301250800
39762,1.14,201301250800
39764,1.11,201301250800
39765,1.2,201301250800
39766,1.25,201301250800
39767,1.06,201301250800
39769,1.68,201301250800
39772,0.58,201301250800
39776,1.0,201301250800
39777,2.76,201301250800
39790,1.41,201301250800
39791,1.62,201301250800
39796,1.82,201301250800
39832,2.29,201301250800
39883,0.75,201301250800
39930,2.18,201301250800
39932,1.55,201301250800
39941,1.26,201301250800
39948,0.93,201301250800
39969,0.7,201301250800
40018,2.8,201301250800
40031,1.56,201301250800
40133,2.89,201301250800
40180,1.27,201301250800
40188,0.89,201301250800
40196,2.02,201301250800
40242,1.62,201301250800
40246,0.74,201301250800
40259,2.02,201301250800
40264,1.65,201301250800
40267,0.85,201301250800
40268,1.36,201301250800
40270,1.59,201301250800
40276,1.18,201301250800
40286,2.45,201301250800
40295,2.46,201301250800
40431,0.78,201301250800
40432,2.1,201301250800
40442,1.64,201301250800
40447,1.18,201301250800
40448,0.91,201301250800
40451,1.77,201301250800
40457,0.53,201301250800
40500,2.12,201301250800
40512,0.58,201301250800
40518,2.21,201301250800
40519,1.74,201301250800
40522,0.76,201301250800
40524,2.87,201301250800
40525,1.43,201301250800
40532,2.98,201301250800
40560,2.98,201301250800
40566,2.42,201301250800
40633,2.4,201301250800
40687,2.26,201301250800
40713,1.78,201301250800
40719,2.93,201301250800
40732,1.36,201301250800
40733,1.02,201301250800
40766,2.14,201301250800
40810,2.02,201301250800
40894,2.98,201301250800
40933,2.39,201301250800
40936,1.7,201301250800
40939,1.06,201301250800
40954,0.88,201301250800
40982,1.36,201301250800
41021,1.48,201301250800
41024,1.35,201301250800
41061,2.98,201301250800
41145,2.9,201301250800
41157,2.97,201301250800
41183,1.12,201301250800
41200,2.93,201301250800
41262,2.21,201301250800
41265,1.8,201301250800
41270,0.72,201301250800
41277,2.99,201301250800
41318,2.36,201301250800
41401,2.02,201301250800
41407,1.65,201301250800
41437,2.5,201301250800
41459,2.24,201301250800
41465,1.68,201301250800
41469,1.38,201301250800
41508,0.87,201301250800
41520,0.8,201301250800
41522,1.47,201301250800
41526,1.06,201301250800
41532,1.98,201301250800
41558,2.19,201301250800
41635,1.05,201301250800
41653,0.84,201301250800
41658,1.06,201301250800
41692,1.78,201301250800
41696,2.79,201301250800
41764,2.43,201301250800
41772,1.97,201301250800
41893,0.83,201301250800
41904,1.04,201301250800
41905,2.02,201301250800
41936,2.51,201301250800
41941,1.12,201301250800
41958,2.25,201301250800
41990,1.88,201301250800
42023,2.34,201301250800
42026,1.5,201301250800
42029,0.88,201301250800
42074,1.38,201301250800
42085,0.75,201301250800
42095,2.71,201301250800
42147,1.16,201301250800
42160,2.27,201301250800
42200,1.77,201301250800
42213,2.06,201301250800
42267,1.28,201301250800
42271,2.95,201301250800
42274,1.96,201301250800
42283,0.76,201301250800
42291,1.9,201301250800
42342,0.67,201301250800
42411,2.3,201301250800
42438,1.78,201301250800
42454,0.84,201301250800
42471,1.24,201301250800
42478,0.8,201301250800
42487,1.79,201301250800
42503,1.26,201301250800
42514,0.63,201301250800
42521,2.46,201301250800
42533,2.89,201301250800
42644,2.64,201301250800
42661,2.74,201301250800
42695,2.96,201301250800
42744,1.2,201301250800
42750,0.59,201301250800
42846,1.09,201301250800
42905,2.06,201301250800
42912,1.16,201301250800
42939,1.96,201301250800
42940,2.67,201301250800
42944,0.52,201301250800
42949,1.24,201301250800
43011,0.73,201301250800
43021,2.74,201301250800
43030,1.36,201301250800
43151,1.4,201301250800
43160,1.41,201301250800
43162,0.65,201301250800
43213,1.81,201301250800
43220,2.39,201301250800
43261,2.91,201301250800
43412,1.9,201301250800
43413,0.66,201301250800
43440,2.2,201301250800
43443,1.05,201301250800
43449,2.07,201301250800
43483,2.64,201301250800
43484,2.21,201301250800
43494,2.28,201301250800
43518,1.03,201301250800
43523,2.64,201301250800
43526,2.92,201301250800
43530,1.44,201301250800
43571,1.2,201301250800
43642,1.19,201301250800
43662,1.04,201301250800
43738,1.7,201301250800
43760,2.56,201301250800
43779,0.63,201301250800
43914,1.46,201301250800
43957,2.72,201301250800
43980,0.69,201301250800
43984,2.82,201301250800
43992,1.98,201301250800
43995,2.97,201301250800
44002,2.5,201301250800
44039,2.37,201301250800
44194,0.59,201301250800
44197,2.58,201301250800
44204,2.6,201301250800
44215,1.32,201301250800
44226,1.55,201301250800
44247,1.97,201301250800
44255,0.68,201301250800
44282,1.52,201301250800
44284,2.15,201301250800
44356,2.56,201301250800
44470,1.97,201301250800
44486,1.36,201301250800
44503,1.6,201301250800
44504,0.57,201301250800
44510,1.78,201301250800
44517,1.58,201301250800
44534,0.7,201301250800
44578,2.45,201301250800
44666,1.97,201301250800
44694,2.37,201301250800
44697,0.83,201301250800
44716,2.2,201301250800
44724,1.96,201301250800
44743,2.21,201301250800
44755,1.83,201301250800
44756,1.48,201301250800
44757,1.55,201301250800
44758,1.4,201301250800
44786,2.72,201301250800
44787,1.07,201301250800
44911,0.73,201301250800
44963,0.88,201301250800
45005,2.55,201301250800
45006,2.38,201301250800
45007,1.07,201301250800
45008,1.02,201301250800
45039,0.96,201301250800
45114,1.15,201301250800
45168,2.25,201301250800
45200,0.79,201301250800
45203,1.16,201301250800
45208,1.24,201301250800
45237,0.61,201301250800
45254,1.79,201301250800
45256,2.39,201301250800
45258,2.44,201301250800
45261,1.03,201301250800
45265,1.88,201301250800
45266,1.48,201301250800
45401,1.67,201301250800
45479,0.5,201301250800
45502,2.35,201301250800
45507,1.54,201301250800
45509,2.8,201301250800
45526,1.55,201301250800
45538,1.24,201301250800
45582,1.99,201301250800
45661,2.81,201301250800
45701,1.09,201301250800
45703,2.01,201301250800
45716,1.9,201301250800
45720,2.31,201301250800
45725,1.13,201301250800
45735,1.2,201301250800
45747,0.67,201301250800
45766,2.95,201301250800
45793,2.8,201301250800
45795,2.43,201301250800
45919,1.02,201301250800
45948,1.08,201301250800
46008,1.15,201301250800
46036,1.55,201301250800
46041,2.32,201301250800
46052,2.73,201301250800
46074,1.53,201301250800
46145,2.76,201301250800
46202,1.48,201301250800
46209,0.96,201301250800
46242,0.98,201301250800
46265,0.78,201301250800
46372,0.71,201301250800
46384,1.21,201301250800
46455,0.92,201301250800
46508,1.95,201301250800
46523,1.75,201301250800
46538,0.86,201301250800
46565,1.01,201301250800
46574,0.82,201301250800
46626,0.8,201301250800
46700,0.9,201301250800
46738,2.62,201301250800
46770,2.12,201301250800
46778,2.7,201301250800
46787,1.28,201301250800
46803,1.72,201301250800
46954,0.65,201301250800
46964,1.12,201301250800
46972,2.6,201301250800
46976,1.05,201301250800
46981,1.76,201301250800
47011,0.87,201301250800
47015,2.99,201301250800
47047,1.84,201301250800
47253,1.42,201301250800
47288,1.44,201301250800
47295,2.24,201301250800
47342,1.37,201301250800
47454,2.87,201301250800
47535,1.69,201301250800
47543,2.66,201301250800
47705,1.22,201301250800
47709,1.12,201301250800
47711,1.83,201301250800
47758,1.08,201301250800
47806,0.72,201301250800
47889,0.99,201301250800
47926,1.49,201301250800
47968,2.47,201301250800
47972,2.16,201301250800
47977,2.72,201301250800
47982,1.56,201301250800
48032,0.76,201301250800
48209,1.34,201301250800
48239,1.53,201301250800
48244,2.73,201301250800
48278,1.11,201301250800
48420,2.39,201301250800
48427,2.15,201301250800
48499,1.26,201301250800
48503,2.52,201301250800
48552,2.53,201301250800
48584,0.58,201301250800
48713,1.17,201301250800
48759,2.73,201301250800
48848,1.49,201301250800
48898,1.7,201301250800
49017,0.72,201301250800
49049,2.07,201301250800
49229,1.08,201301250800
49241,2.73,201301250800
49472,0.55,201301250800
49483,1.51,201301250800
49542,1.67,201301250800
49555,2.34,201301250800
49679,1.92,201301250800
49750,1.35,201301250800
49760,2.57,201301250800
49777,2.55,201301250800
49968,2.44,201301250800
50053,1.33,201301250800
50103,2.7,201301250800
50180,1.27,201301250800
50285,2.0,201301250800
50430,1.4,201301250800
50470,2.61,201301250800
50494,2.48,201301250800
50511,0.7,201301250800
50549,1.12,201301250800
50680,2.07,201301250800
50682,1.18,201301250800
50731,1.86,201301250800
50812,2.24,201301250800
50872,1.25,201301250800
51029,1.69,201301250800
51046,1.49,201301250800
51053,1.71,201301250800
51056,0.83,201301250800
51162,2.97,201301250800
51177,2.11,201301250800
51182,2.92,201301250800
51228,0.84,201301250800
51258,1.57,201301250800
51430,2.73,201301250800
51431,2.51,201301250800
51432,1.8,201301250800
51520,0.8,201301250800
51681,1.57,201301250800
51682,1.34,201301250800
51725,2.82,201301250800
51790,2.99,201301250800
51832,2.98,201301250800
51857,2.54,201301250800
51931,0.84,201301250800
51932,2.01,201301250800
51986,2.92,201301250800
52003,2.14,201301250800
52182,2.71,201301250800
52244,2.95,201301250800
52259,2.09,201301250800
52280,0.89,201301250800
52319,1.54,201301250800
52473,2.67,201301250800
52518,1.21,201301250800
52631,2.24,201301250800
52679,2.34,201301250800
52729,1.65,201301250800
52811,2.63,201301250800
52983,1.56,201301250800
52988,1.56,201301250800
52993,2.66,201301250800
53000,0.98,201301250800
53016,2.13,201301250800
53027,1.77,201301250800
53072,1.43,201301250800
53090,2.96,201301250800
53177,1.98,201301250800
53178,1.32,201301250800
53381,1.71,201301250800
53427,0.57,201301250800
53429,1.4,201301250800
53761,1.87,201301250800
53774,1.53,201301250800
53797,1.56,201301250800
53810,2.79,201301250800
53822,1.75,201301250800
53864,2.55,201301250800
53927,1.6,201301250800
54038,1.73,201301250800
54071,2.93,201301250800
54234,2.35,201301250800
54281,0.65,201301250800
54284,2.1,201301250800
54327,1.64,201301250800
54334,1.3,201301250800
54349,2.33,201301250800
54427,1.25,201301250800
54503,1.08,201301250800
54510,0.57,201301250800
54520,0.97,201301250800
54550,1.44,201301250800
54578,1.46,201301250800
54678,1.17,201301250800
54828,1.08,201301250800
54983,2.26,201301250800
54996,2.96,201301250800
55070,0.59,201301250800
55329,1.65,201301250800
55331,0.68,201301250800
55535,2.23,201301250800
55633,1.2,201301250800
55680,2.06,201301250800
55761,1.51,201301250800
55831,2.72,201301250800
55832,0.76,201301250800
55838,1.02,201301250800
55845,1.43,201301250800
56106,2.62,201301250800
56493,1.95,201301250800
56571,1.16,201301250800
56586,2.55,201301250800
56587,0.55,201301250800
56591,2.63,201301250800
56738,0.82,201301250800
56835,2.98,201301250800
56882,2.26,201301250800
56887,2.11,201301250800
56888,1.5,201301250800
56933,2.65,201301250800
56934,1.89,201301250800
57042,0.98,201301250800
57062,2.78,201301250800
57189,0.61,201301250800
57261,1.7,201301250800
57329,1.17,201301250800
57342,1.75,201301250800
57376,1.65,201301250800
57378,1.96,201301250800
57380,1.52,201301250800
57397,2.39,201301250800
57440,2.8,201301250800
57495,1.96,201301250800
57523,0.52,201301250800
57555,0.74,201301250800
57597,1.34,201301250800
57613,2.34,201301250800
57615,1.46,201301250800
57628,1.19,201301250800
57631,0.91,201301250800
57823,1.9,201301250800
57837,1.42,201301250800
57851,2.64,201301250800
57852,2.36,201301250800
57906,2.84,201301250800
58179,2.77,201301250800
58251,0.97,201301250800
58421,2.88,201301250800
58511,2.91,201301250800
58632,0.88,201301250800
58744,1.34,201301250800
58802,2.09,201301250800
58814,1.2,201301250800
58879,1.72,201301250800
58892,1.03,201301250800
59010,1.52,201301250800
59043,1.39,201301250800
59104,1.51,201301250800
59125,0.64,201301250800
59134,0.6,201301250800
59285,0.93,201301250800
59329,0.99,201301250800
59555,1.9,201301250800
59635,1.25,201301250800
59745,1.37,201301250800
59927,0.74,201301250800
59941,1.63,201301250800
60008,2.29,201301250800
60011,1.82,201301250800
60114,1.3,201301250800
60141,2.58,201301250800
60147,2.84,201301250800
60331,2.62,201301250800
60344,1.96,201301250800
60350,0.84,201301250800
60578,0.58,201301250800
60593,2.38,201301250800
60613,2.85,201301250800
60630,1.47,201301250800
60635,1.06,201301250800
60649,0.79,201301250800
60750,0.99,201301250800
60774,2.5,201301250800
60819,2.22,201301250800
60880,2.44,201301250800
60888,2.36,201301250800
61062,1.51,201301250800
61110,2.28,201301250800
61263,0.75,201301250800
61343,1.72,201301250800
61591,2.42,201301250800
61597,0.54,201301250800
61654,2.72,201301250800
61818,1.88,201301250800
62077,0.86,201301250800
62104,0.8,201301250800
62135,1.78,201301250800
62140,2.26,201301250800
62252,2.69,201301250800
62558,1.61,201301250800
62589,2.82,201301250800
62757,2.66,201301250800
62772,0.73,201301250800
62850,2.02,201301250800
62926,2.82,201301250800
62948,2.68,201301250800
63044,1.63,201301250800
63153,0.53,201301250800
63383,2.91,201301250800
63397,3.0,201301250800
63398,0.51,201301250800
63407,1.18,201301250800
63574,1.2,201301250800
63586,0.57,201301250800
63816,0.91,201301250800
64102,2.47,201301250800
64150,2.35,201301250800
64200,0.52,201301250800
64515,2.08,201301250800
64529,1.36,201301250800
64573,2.33,201301250800
64581,1.75,201301250800
64815,1.78,201301250800
64915,1.41,201301250800
65059,2.26,201301250800
65144,1.82,201301250800
65320,2.53,201301250800
65375,0.95,201301250800
65454,2.4,201301250800
65528,1.98,201301250800
65607,1.73,201301250800
65774,1.18,201301250800
65838,1.69,201301250800
66068,2.72,201301250800
66084,2.91,201301250800
66151,1.62,201301250800
66353,0.62,201301250800
66538,0.58,201301250800
66575,2.0,201301250800
66637,1.07,201301250800
66827,2.99,201301250800
66870,2.08,201301250800
67110,1.91,201301250800
67207,1.7,201301250800
67335,1.35,201301250800
67385,1.19,201301250800
67599,0.62,201301250800
67601,2.31,201301250800
67602,1.82,201301250800
67698,0.92,201301250800
67824,1.14,201301250800
67842,1.71,201301250800
67854,2.32,201301250800
67855,0.96,201301250800
67918,2.96,201301250800
68103,2.67,201301250800
68104,1.2,201301250800
68110,2.71,201301250800
68111,1.59,201301250800
68349,2.41,201301250800
68354,1.35,201301250800
68356,2.68,201301250800
68454,0.74,201301250800
68455,2.31,201301250800
68587,1.45,201301250800
68857,1.77,201301250800
68858,1.21,201301250800
68897,0.72,201301250800
68924,1.24,201301250800
68930,2.11,201301250800
69106,2.56,201301250800
69190,2.63,201301250800
69206,1.68,201301250800
69359,2.8,201301250800
69371,1.23,201301250800
69455,0.91,201301250800
69582,0.64,201301250800
69613,2.04,201301250800
69676,2.45,201301250800
70115,0.83,201301250800
70132,2.24,201301250800
70181,1.28,201301250800
70342,1.38,201301250800
70352,2.25,201301250800
70360,1.87,201301250800
70374,2.87,201301250800
70440,2.27,201301250800
70462,2.25,201301250800
70619,1.53,201301250800
70659,1.19,201301250800
70715,0.87,201301250800
70903,1.92,201301250800
70934,2.62,201301250800
70961,1.84,201301250800
71122,2.17,201301250800
71187,2.65,201301250800
71399,1.31,201301250800
71601,0.56,201301250800
71629,2.47,201301250800
71888,2.61,201301250800
71961,1.61,201301250800
71964,2.48,201301250800
72201,2.21,201301250800
72218,2.01,201301250800
72345,1.22,201301250800
72367,1.07,201301250800
72407,1.69,201301250800
72416,0.66,201301250800
72706,0.86,201301250800
72894,1.44,201301250800
73104,2.37,201301250800
73135,1.27,201301250800
73211,0.51,201301250800
73223,1.98,201301250800
73451,2.93,201301250800
73460,1.52,201301250800
73461,0.72,201301250800
73557,2.21,201301250800
73669,1.25,201301250800
74158,2.34,201301250800
74216,0.85,201301250800
74388,1.64,201301250800
74396,1.6,201301250800
74466,2.83,201301250800
74467,1.76,201301250800
74638,2.31,201301250800
74677,1.54,201301250800
74678,2.82,201301250800
74711,2.5,201301250800
74721,2.69,201301250800
74962,2.43,201301250800
74968,1.66,201301250800
74973,2.04,201301250800
75224,1.09,201301250800
75329,0.86,201301250800
75386,0.64,201301250800
75424,1.17,201301250800
75436,1.27,201301250800
75475,1.16,201301250800
75619,1.64,201301250800
75721,1.7,201301250800
75722,0.74,201301250800
75724,0.77,201301250800
75725,0.62,201301250800
75726,2.22,201301250800
75727,0.59,201301250800
75974,2.29,201301250800
75975,2.16,201301250800
76133,2.27,201301250800
76227,2.55,201301250800
76393,2.33,201301250800
76473,1.29,201301250800
76477,1.32,201301250800
76654,1.81,201301250800
76728,2.82,201301250800
76959,0.81,201301250800
77169,1.88,201301250800
77230,0.67,201301250800
77381,1.96,201301250800
77458,1.95,201301250800
77641,1.16,201301250800
77942,0.59,201301250800
77981,1.26,201301250800
78205,2.68,201301250800
78418,2.72,201301250800
78654,2.47,201301250800
78733,2.31,201301250800
78881,2.01,201301250800
78896,1.83,201301250800
78909,1.42,201301250800
78983,2.2,201301250800
79234,2.18,201301250800
79379,2.38,201301250800
79394,2.21,201301250800
79484,2.08,201301250800
79712,2.03,201301250800
79911,1.38,201301250800
79915,0.73,201301250800
80160,2.62,201301250800
80161,1.23,201301250800
80193,2.89,201301250800
80352,1.12,201301250800
80397,0.98,201301250800
80406,2.91,201301250800
80411,1.54,201301250800
80412,0.75,201301250800
80413,2.92,201301250800
80420,2.66,201301250800
80485,2.82,201301250800
80635,2.09,201301250800
80659,2.82,201301250800
80663,1.19,201301250800
80664,1.66,201301250800
80703,2.73,201301250800
80877,2.9,201301250800
80916,1.67,201301250800
81163,2.72,201301250800
81164,2.84,201301250800
81354,2.25,201301250800
81363,2.75,201301250800
81390,1.63,201301250800
81625,1.56,201301250800
81651,1.89,201301250800
81899,0.82,201301250800
82135,1.31,201301250800
82168,1.49,201301250800
82169,1.57,201301250800
82237,2.6,201301250800
82613,0.69,201301250800
82622,1.62,201301250800
82664,1.31,201301250800
82892,0.59,201301250800
82951,0.52,201301250800
83410,2.08,201301250800
83489,2.71,201301250800
83735,1.35,201301250800
83865,1.86,201301250800
84123,1.17,201301250800
84179,2.52,201301250800
84207,2.79,201301250800
84212,2.26,201301250800
84221,2.49,201301250800
84366,2.62,201301250800
84689,1.45,201301250800
84712,0.85,201301250800
84902,0.7,201301250800
85474,1.02,201301250800
85487,1.6,201301250800
85620,1.84,201301250800
85705,2.57,201301250800
85715,1.09,201301250800
85738,0.61,201301250800
86440,2.89,201301250800
86622,0.91,201301250800
86623,1.87,201301250800
86672,0.63,201301250800
86873,0.9,201301250800
86895,1.63,201301250800
87121,1.37,201301250800
87227,0.69,201301250800
87460,1.14,201301250800
87690,1.87,201301250800
87873,2.24,201301250800
88242,0.76,201301250800
88463,2.22,201301250800
89120,2.9,201301250800
89152,2.75,201301250800
89175,2.55,201301250800
89198,2.15,201301250800
89615,1.19,201301250800
89625,1.57,201301250800
90116,1.67,201301250800
90183,1.94,201301250800
90497,1.62,201301250800
90699,2.45,201301250800
90719,2.87,201301250800
91200,2.76,201301250800
91432,1.84,201301250800
91434,0.78,201301250800
91684,0.68,201301250800
91713,1.37,201301250800
91744,1.1,201301250800
92233,1.3,201301250800
93205,2.79,201301250800
93244,0.51,201301250800
93252,0.94,201301250800
93463,1.71,201301250800
93675,2.97,201301250800
93944,2.1,201301250800
94431,0.93,201301250800
94710,1.67,201301250800
94755,1.94,201301250800
94997,0.73,201301250800
95000,1.2,201301250800
95707,2.33,201301250800
95949,2.5,201301250800
95998,2.96,201301250800
96188,0.94,201301250800
96225,1.3,201301250800
96249,1.42,201301250800
96468,2.94,201301250800
96486,2.49,201301250800
96718,2.37,201301250800
96972,0.9,201301250800
96995,1.5,201301250800
97251,1.86,201301250800
97440,1.57,201301250800
97471,2.56,201301250800
97969,2.31,201301250800
97990,3.0,201301250800
98224,1.33,201301250800
98229,0.8,201301250800
98450,2.36,201301250800
98475,1.03,201301250800
98739,1.25,201301250800
99256,1.38,201301250800
99468,0.75,201301250800
99730,1.28,201301250800
101215,1.27,201301250800
101911,2.5,201301250800
101912,1.69,201301250800
101989,2.44,201301250800
102999,1.89,201301250800
103242,1.6,201301250800
103431,1.64,201301250800
104177,2.94,201301250800
104221,2.94,201301250800
104239,2.97,201301250800
104701,2.63,201301250800
104984,1.88,201301250800
105196,0.82,201301250800
105219,2.19,201301250800
105460,0.98,201301250800
105461,1.97,201301250800
105481,2.56,201301250800
105489,0.56,201301250800
105709,0.69,201301250800
105710,0.59,201301250800
105711,2.16,201301250800
105712,1.76,201301250800
105713,0.99,201301250800
105715,0.83,201301250800
105726,2.58,201301250800
105727,2.25,201301250800
105736,2.73,201301250800
105960,0.96,201301250800
105961,1.16,201301250800
105962,2.89,201301250800
105963,1.4,201301250800
105964,1.56,201301250800
105975,1.85,201301250800
106195,0.81,201301250800
106213,1.84,201301250800
106214,1.5,201301250800
106215,1.61,201301250800
106221,2.94,201301250800
106231,0.59,201301250800
106232,0.86,201301250800
106234,0.71,201301250800
106235,1.48,201301250800
106237,2.16,201301250800
106446,1.8,201301250800
106447,0.65,201301250800
106462,1.32,201301250800
106463,1.12,201301250800
106465,1.17,201301250800
106466,1.53,201301250800
106467,2.32,201301250800
106480,0.73,201301250800
106712,1.73,201301250800
106717,0.51,201301250800
106718,2.53,201301250800
106741,2.1,201301250800
106958,2.15,201301250800
106964,1.85,201301250800
106965,1.9,201301250800
106966,1.23,201301250800
106967,1.26,201301250800
106971,1.86,201301250800
106983,2.05,201301250800
106997,1.05,201301250800
107200,1.41,201301250800
107212,0.54,201301250800
107219,1.37,201301250800
107240,1.03,201301250800
107460,0.76,201301250800
107465,2.04,201301250800
107466,1.9,201301250800
107468,0.8,201301250800
107491,1.98,201301250800
107711,2.7,201301250800
107725,2.99,201301250800
107726,2.11,201301250800
107954,0.75,201301250800
107966,0.66,201301250800
107971,2.31,201301250800
107979,1.14,201301250800
107993,1.29,201301250800
108205,0.69,201301250800
108211,2.86,201301250800
108214,0.53,201301250800
108215,1.22,201301250800
108217,2.47,201301250800
108219,1.45,201301250800
108220,2.89,201301250800
108222,2.81,201301250800
108225,0.68,201301250800
108230,1.34,201301250800
108454,2.09,201301250800
108463,0.89,201301250800
108499,2.79,201301250800
108717,2.64,201301250800
108722,2.93,201301250800
108724,0.74,201301250800
108733,0.54,201301250800
108968,0.53,201301250800
108975,0.67,201301250800
108984,2.99,201301250800
108985,0.74,201301250800
109216,2.11,201301250800
109219,2.76,201301250800
109222,2.5,201301250800
109227,2.64,201301250800
109231,0.84,201301250800
109236,0.8,201301250800
109245,2.3,201301250800
109473,1.03,201301250800
109487,2.14,201301250800
109494,2.0,201301250800
109495,1.29,201301250800
109496,1.94,201301250800
109497,2.53,201301250800
109742,0.58,201301250800
109744,0.66,201301250800
109748,2.52,201301250800
109750,1.25,201301250800
109980,0.79,201301250800
109991,1.56,201301250800
109994,2.6,201301250800
109998,0.95,201301250800
110001,2.01,201301250800
110243,0.98,201301250800
110247,2.58,201301250800
110249,0.9,201301250800
110251,1.68,201301250800
110253,2.77,201301250800
110254,1.3,201301250800
