cell,mobility,dtg
1610,1.38,201301130000
1846,2.65,201301130000
1851,0.97,201301130000
1853,2.52,201301130000
1856,1.82,201301130000
1857,2.92,201301130000
2103,0.74,201301130000
2105,2.65,201301130000
2106,2.72,201301130000
2107,2.04,201301130000
2114,1.13,201301130000
2342,0.59,201301130000
2347,2.75,201301130000
2351,1.92,201301130000
2354,2.34,201301130000
2357,2.79,201301130000
2372,2.86,201301130000
2374,1.92,201301130000
2591,0.82,201301130000
2595,1.97,201301130000
2605,2.18,201301130000
2611,1.75,201301130000
2615,2.52,201301130000
2620,0.85,201301130000
2627,2.97,201301130000
2839,1.89,201301130000
2847,1.36,201301130000
3086,2.33,201301130000
3094,0.97,201301130000
3100,2.07,201301130000
3124,0.55,201301130000
3128,2.26,201301130000
3334,1.35,201301130000
3337,2.1,201301130000
3375,2.61,201301130000
3614,2.0,201301130000
3619,2.77,201301130000
3632,1.92,201301130000
3635,1.87,201301130000
3830,2.56,201301130000
3831,2.72,201301130000
3833,2.7,201301130000
3837,1.7,201301130000
3845,1.02,201301130000
3856,1.97,201301130000
3860,1.02,201301130000
3865,2.25,201301130000
4078,0.58,201301130000
4081,0.93,201301130000
4137,1.89,201301130000
4141,1.27,201301130000
4142,2.78,201301130000
4328,1.57,201301130000
4329,2.18,201301130000
4341,1.81,201301130000
4345,2.72,201301130000
4348,0.72,201301130000
4354,2.43,201301130000
4372,1.82,201301130000
4577,2.81,201301130000
4578,0.6,201301130000
4580,1.46,201301130000
4582,1.67,201301130000
4605,0.69,201301130000
4608,0.84,201301130000
4631,1.55,201301130000
4636,2.9,201301130000
4637,0.92,201301130000
4829,2.84,201301130000
4830,1.1,201301130000
4831,2.07,201301130000
4834,1.83,201301130000
4837,2.14,201301130000
4852,1.92,201301130000
4863,1.7,201301130000
4868,2.08,201301130000
4890,1.45,201301130000
4891,2.98,201301130000
5078,0.56,201301130000
5081,1.77,201301130000
5084,2.91,201301130000
5127,0.78,201301130000
5153,2.65,201301130000
5327,0.69,201301130000
5329,2.01,201301130000
5333,2.09,201301130000
5334,0.54,201301130000
5339,1.59,201301130000
5369,1.91,201301130000
5402,2.72,201301130000
5410,2.38,201301130000
5577,1.21,201301130000
5581,1.52,201301130000
5592,2.12,201301130000
5612,1.31,201301130000
5623,1.41,201301130000
5876,2.21,201301130000
5893,1.43,201301130000
5898,2.97,201301130000
6078,0.88,201301130000
6118,2.46,201301130000
6136,1.48,201301130000
6158,2.92,201301130000
6159,0.65,201301130000
6333,0.72,201301130000
6353,1.5,201301130000
6365,2.92,201301130000
6366,2.61,201301130000
6414,1.42,201301130000
6588,1.99,201301130000
6609,2.95,201301130000
6635,1.86,201301130000
6668,2.21,201301130000
6841,2.77,201301130000
6849,1.07,201301130000
6896,0.51,201301130000
6924,2.92,201301130000
6928,0.8,201301130000
6935,0.8,201301130000
6939,2.9,201301130000
7077,2.31,201301130000
7078,0.95,201301130000
7085,0.51,201301130000
7088,2.25,201301130000
7113,1.13,201301130000
7114,2.12,201301130000
7129,2.65,201301130000
7133,2.95,201301130000
7165,2.8,201301130000
7192,0.92,201301130000
7354,2.57,201301130000
7375,1.77,201301130000
7379,1.02,201301130000
7401,2.76,201301130000
7410,1.83,201301130000
7436,0.89,201301130000
7584,1.92,201301130000
7646,2.93,201301130000
7849,1.26,201301130000
7871,2.45,201301130000
7927,0.52,201301130000
7948,1.25,201301130000
8080,0.8,201301130000
8170,0.63,201301130000
8182,1.45,201301130000
8195,1.22,201301130000
8342,2.52,201301130000
8582,0.74,201301130000
8602,2.77,201301130000
8609,2.08,201301130000
8638,2.0,201301130000
8656,2.31,201301130000
8830,1.94,201301130000
8839,1.6,201301130000
8876,0.51,201301130000
8897,2.67,201301130000
8912,2.2,201301130000
8918,0.64,201301130000
8929,2.47,201301130000
8940,2.6,201301130000
8954,2.14,201301130000
9140,1.57,201301130000
9333,1.42,201301130000
9468,0.7,201301130000
9473,0.68,201301130000
9589,1.87,201301130000
9601,2.91,201301130000
9607,2.0,201301130000
9658,2.24,201301130000
9724,0.81,201301130000
9833,2.28,201301130000
10084,2.72,201301130000
10089,1.74,201301130000
10096,1.09,201301130000
10144,2.83,201301130000
10170,2.33,201301130000
10181,2.38,201301130000
10189,1.85,201301130000
10201,1.89,201301130000
10334,1.01,201301130000
10335,1.61,201301130000
10383,1.01,201301130000
10414,2.95,201301130000
10444,2.57,201301130000
10458,2.48,201301130000
10477,1.83,201301130000
10586,2.32,201301130000
10601,1.24,201301130000
10609,2.91,201301130000
10616,2.1,201301130000
10633,2.63,201301130000
10655,2.44,201301130000
10665,2.19,201301130000
10681,2.61,201301130000
10717,2.75,201301130000
10835,2.16,201301130000
10837,1.97,201301130000
10847,1.57,201301130000
10903,2.07,201301130000
10911,2.79,201301130000
10918,0.68,201301130000
10973,0.78,201301130000
11087,1.51,201301130000
11092,2.51,201301130000
11128,0.83,201301130000
11222,2.88,201301130000
11223,2.07,201301130000
11225,1.75,201301130000
11238,2.94,201301130000
11361,2.28,201301130000
11393,2.15,201301130000
11424,1.22,201301130000
11601,1.44,201301130000
11682,1.75,201301130000
11704,2.92,201301130000
11858,2.53,201301130000
11884,2.88,201301130000
11901,2.59,201301130000
11946,1.17,201301130000
11960,2.3,201301130000
11972,1.69,201301130000
12089,2.92,201301130000
12090,0.58,201301130000
12096,1.16,201301130000
12120,2.79,201301130000
12157,2.68,201301130000
12230,2.65,201301130000
12383,2.45,201301130000
12431,0.81,201301130000
12601,1.54,201301130000
12625,1.57,201301130000
12632,1.96,201301130000
12842,0.51,201301130000
12875,1.64,201301130000
12901,0.77,201301130000
12913,0.82,201301130000
12933,2.21,201301130000
12934,2.1,201301130000
12985,0.89,201301130000
13099,0.65,201301130000
13114,0.89,201301130000
13150,2.68,201301130000
13175,0.89,201301130000
13183,2.28,201301130000
13222,1.1,201301130000
13358,1.46,201301130000
13444,1.93,201301130000
13455,2.17,201301130000
13456,0.88,201301130000
13670,1.3,201301130000
13694,1.17,201301130000
13845,1.36,201301130000
13849,1.03,201301130000
14011,2.4,201301130000
14095,1.69,201301130000
14133,2.93,201301130000
14161,0.9,201301130000
14167,1.39,201301130000
14184,2.3,201301130000
14241,1.83,201301130000
14255,0.84,201301130000
14349,0.83,201301130000
14350,2.41,201301130000
14375,0.88,201301130000
14452,2.25,201301130000
14475,1.22,201301130000
14620,1.88,201301130000
14673,1.67,201301130000
14745,1.79,201301130000
14859,1.26,201301130000
14936,1.91,201301130000
14995,1.63,201301130000
15097,1.54,201301130000
15098,1.57,201301130000
15246,1.67,201301130000
15349,2.42,201301130000
15440,0.81,201301130000
15600,0.78,201301130000
15656,1.77,201301130000
15672,2.25,201301130000
15699,2.31,201301130000
15714,2.32,201301130000
15725,2.99,201301130000
15744,2.41,201301130000
15849,2.25,201301130000
15850,1.99,201301130000
15851,1.17,201301130000
15853,1.86,201301130000
15871,2.16,201301130000
16100,1.05,201301130000
16105,1.07,201301130000
16114,1.33,201301130000
16171,1.41,201301130000
16184,1.38,201301130000
16400,2.87,201301130000
16414,2.35,201301130000
16601,1.19,201301130000
16604,2.0,201301130000
16625,2.19,201301130000
16670,1.83,201301130000
16853,2.26,201301130000
16868,0.88,201301130000
16932,2.86,201301130000
17232,0.75,201301130000
17355,0.77,201301130000
17358,2.61,201301130000
17367,1.93,201301130000
17635,2.35,201301130000
17673,1.34,201301130000
17681,2.99,201301130000
17884,2.39,201301130000
17984,1.51,201301130000
18108,0.54,201301130000
18115,2.34,201301130000
18118,1.86,201301130000
18123,2.39,201301130000
18139,1.68,201301130000
18154,0.92,201301130000
18160,1.12,201301130000
18177,2.39,201301130000
18185,0.96,201301130000
18383,2.56,201301130000
18404,0.93,201301130000
18427,2.92,201301130000
18466,1.96,201301130000
18616,2.94,201301130000
18629,0.57,201301130000
18861,2.0,201301130000
18866,1.97,201301130000
18925,1.17,201301130000
19110,2.86,201301130000
19112,1.8,201301130000
19114,2.73,201301130000
19122,2.65,201301130000
19360,1.16,201301130000
19443,1.58,201301130000
19481,2.86,201301130000
19611,1.74,201301130000
19612,0.9,201301130000
19618,2.76,201301130000
19633,1.21,201301130000
19678,1.62,201301130000
19878,2.36,201301130000
19913,2.85,201301130000
20113,1.75,201301130000
20114,1.37,201301130000
20116,0.55,201301130000
20170,0.55,201301130000
20363,1.17,201301130000
20387,1.34,201301130000
20396,2.73,201301130000
20436,0.63,201301130000
20616,1.48,201301130000
20621,2.58,201301130000
20628,0.79,201301130000
20651,2.34,201301130000
20671,2.04,201301130000
20682,1.25,201301130000
20864,2.72,201301130000
20882,2.2,201301130000
20931,0.85,201301130000
20995,2.75,201301130000
21115,1.37,201301130000
21118,1.52,201301130000
21201,1.77,201301130000
21373,0.79,201301130000
21377,0.65,201301130000
21392,2.59,201301130000
21407,1.53,201301130000
21428,0.84,201301130000
21448,1.81,201301130000
21617,0.83,201301130000
21619,2.35,201301130000
21639,0.74,201301130000
21658,1.89,201301130000
21663,1.41,201301130000
21701,2.93,201301130000
21721,2.75,201301130000
21868,0.57,201301130000
21871,2.53,201301130000
21999,1.31,201301130000
22126,1.09,201301130000
22133,2.39,201301130000
22174,2.19,201301130000
22176,2.89,201301130000
22205,0.7,201301130000
22368,2.56,201301130000
22395,1.59,201301130000
22419,2.7,201301130000
22420,2.28,201301130000
22421,0.89,201301130000
22422,1.41,201301130000
22619,0.53,201301130000
22630,2.21,201301130000
22634,1.24,201301130000
22671,1.39,201301130000
22673,1.62,201301130000
22700,0.65,201301130000
22751,1.41,201301130000
22768,2.41,201301130000
22869,2.52,201301130000
22877,1.4,201301130000
22928,0.78,201301130000
22940,1.02,201301130000
22955,0.53,201301130000
22963,1.98,201301130000
22966,1.84,201301130000
23120,1.13,201301130000
23124,2.81,201301130000
23125,0.71,201301130000
23131,2.43,201301130000
23138,1.0,201301130000
23169,2.66,201301130000
23194,1.14,201301130000
23216,1.67,201301130000
23370,2.59,201301130000
23371,1.3,201301130000
23379,2.03,201301130000
23386,1.51,201301130000
23388,1.65,201301130000
23427,1.31,201301130000
23621,2.45,201301130000
23627,1.34,201301130000
23635,1.55,201301130000
23641,0.69,201301130000
23662,2.8,201301130000
23669,2.62,201301130000
23690,2.31,201301130000
23744,1.12,201301130000
23750,1.83,201301130000
23872,1.13,201301130000
23873,2.97,201301130000
23875,2.74,201301130000
23881,1.11,201301130000
23894,0.96,201301130000
23896,0.8,201301130000
23907,1.52,201301130000
23925,1.83,201301130000
23973,0.82,201301130000
24005,0.63,201301130000
24009,2.62,201301130000
24032,0.63,201301130000
24122,1.94,201301130000
24123,0.56,201301130000
24149,0.96,201301130000
24247,2.8,201301130000
24251,1.46,201301130000
24265,2.17,201301130000
24266,2.84,201301130000
24373,1.41,201301130000
24374,2.16,201301130000
24380,2.8,201301130000
24381,0.88,201301130000
24383,0.85,201301130000
24387,1.2,201301130000
24402,2.09,201301130000
24405,0.98,201301130000
24423,1.31,201301130000
24623,0.73,201301130000
24626,1.74,201301130000
24643,2.47,201301130000
24732,1.07,201301130000
24734,0.83,201301130000
24739,1.68,201301130000
24774,2.0,201301130000
24775,2.93,201301130000
24781,1.4,201301130000
24837,0.76,201301130000
24874,2.42,201301130000
24877,0.73,201301130000
24879,2.05,201301130000
24880,1.49,201301130000
24895,1.42,201301130000
24920,1.01,201301130000
24990,2.9,201301130000
24991,1.3,201301130000
24993,0.56,201301130000
25124,2.78,201301130000
25125,0.79,201301130000
25126,2.73,201301130000
25129,1.84,201301130000
25130,1.64,201301130000
25132,1.84,201301130000
25136,1.72,201301130000
25138,1.42,201301130000
25141,1.28,201301130000
25179,1.9,201301130000
25187,1.87,201301130000
25375,2.21,201301130000
25376,2.51,201301130000
25377,2.98,201301130000
25379,1.49,201301130000
25385,1.27,201301130000
25395,2.14,201301130000
25400,1.37,201301130000
25405,2.3,201301130000
25412,1.33,201301130000
25427,0.96,201301130000
25626,1.31,201301130000
25627,2.57,201301130000
25628,1.86,201301130000
25629,2.62,201301130000
25632,0.71,201301130000
25633,2.71,201301130000
25642,1.54,201301130000
25715,1.65,201301130000
25747,2.97,201301130000
25763,1.05,201301130000
25876,1.65,201301130000
25877,2.28,201301130000
25878,1.28,201301130000
25881,2.75,201301130000
25882,1.25,201301130000
25886,2.52,201301130000
25888,0.86,201301130000
25926,1.95,201301130000
25997,2.3,201301130000
26005,0.93,201301130000
26035,1.1,201301130000
26127,2.31,201301130000
26129,2.73,201301130000
26130,1.78,201301130000
26133,2.68,201301130000
26135,2.82,201301130000
26136,1.24,201301130000
26138,0.56,201301130000
26139,2.59,201301130000
26141,0.58,201301130000
26148,2.35,201301130000
26168,1.49,201301130000
26378,2.18,201301130000
26379,1.91,201301130000
26380,2.49,201301130000
26381,2.3,201301130000
26382,2.78,201301130000
26383,2.68,201301130000
26385,0.57,201301130000
26386,1.69,201301130000
26387,1.44,201301130000
26389,1.03,201301130000
26391,1.42,201301130000
26392,1.49,201301130000
26393,1.58,201301130000
26396,0.98,201301130000
26403,2.33,201301130000
26408,1.28,201301130000
26427,0.83,201301130000
26450,0.66,201301130000
26492,2.08,201301130000
26546,0.78,201301130000
26563,2.45,201301130000
26564,1.2,201301130000
26628,1.97,201301130000
26629,2.63,201301130000
26630,0.73,201301130000
26631,2.87,201301130000
26633,2.27,201301130000
26634,2.05,201301130000
26656,1.7,201301130000
26674,2.21,201301130000
26708,1.38,201301130000
26752,2.85,201301130000
26754,1.58,201301130000
26755,1.52,201301130000
26782,2.47,201301130000
26846,2.42,201301130000
26879,1.34,201301130000
26880,1.41,201301130000
26881,2.76,201301130000
26882,0.57,201301130000
26883,2.11,201301130000
26884,2.92,201301130000
26885,1.78,201301130000
26886,1.95,201301130000
26887,2.23,201301130000
26889,0.59,201301130000
26890,0.91,201301130000
26891,1.3,201301130000
26892,1.78,201301130000
26893,2.96,201301130000
26894,2.03,201301130000
26895,1.23,201301130000
26897,1.0,201301130000
26905,1.06,201301130000
26938,1.5,201301130000
26964,1.94,201301130000
27006,1.94,201301130000
27042,0.6,201301130000
27098,2.86,201301130000
27130,1.28,201301130000
27131,2.38,201301130000
27132,0.7,201301130000
27133,1.75,201301130000
27134,2.71,201301130000
27135,2.54,201301130000
27136,2.28,201301130000
27137,1.17,201301130000
27138,0.7,201301130000
27142,1.52,201301130000
27143,1.73,201301130000
27145,2.0,201301130000
27148,2.91,201301130000
27149,1.62,201301130000
27152,1.15,201301130000
27155,1.18,201301130000
27175,1.87,201301130000
27209,1.9,201301130000
27247,2.13,201301130000
27381,1.56,201301130000
27382,2.35,201301130000
27383,1.96,201301130000
27384,1.97,201301130000
27386,2.24,201301130000
27387,1.73,201301130000
27388,1.45,201301130000
27389,2.08,201301130000
27390,1.36,201301130000
27392,0.66,201301130000
27395,1.38,201301130000
27404,0.96,201301130000
27415,0.52,201301130000
27427,2.04,201301130000
27489,2.89,201301130000
27494,1.62,201301130000
27498,1.61,201301130000
27518,0.82,201301130000
27632,1.89,201301130000
27633,0.95,201301130000
27634,1.48,201301130000
27635,2.8,201301130000
27636,0.88,201301130000
27637,2.76,201301130000
27638,0.78,201301130000
27639,0.81,201301130000
27640,1.71,201301130000
27642,0.88,201301130000
27643,2.47,201301130000
27645,1.48,201301130000
27646,2.09,201301130000
27647,0.52,201301130000
27649,2.01,201301130000
27654,2.65,201301130000
27763,2.76,201301130000
27764,2.33,201301130000
27796,2.87,201301130000
27797,2.82,201301130000
27883,2.02,201301130000
27884,0.84,201301130000
27885,1.22,201301130000
27886,1.39,201301130000
27887,2.67,201301130000
27888,0.76,201301130000
27889,2.58,201301130000
27890,2.64,201301130000
27891,2.02,201301130000
27892,0.8,201301130000
27894,2.1,201301130000
27895,2.42,201301130000
27897,1.58,201301130000
27902,0.65,201301130000
27908,2.57,201301130000
27911,1.23,201301130000
27930,2.18,201301130000
27971,1.99,201301130000
28004,2.69,201301130000
28015,1.15,201301130000
28049,1.03,201301130000
28102,2.72,201301130000
28134,0.83,201301130000
28135,0.51,201301130000
28136,2.33,201301130000
28137,2.25,201301130000
28138,2.91,201301130000
28139,1.77,201301130000
28140,1.98,201301130000
28142,2.44,201301130000
28143,2.36,201301130000
28144,2.66,201301130000
28146,1.33,201301130000
28154,2.46,201301130000
28156,2.05,201301130000
28216,1.87,201301130000
28239,1.9,201301130000
28384,2.53,201301130000
28385,0.61,201301130000
28386,0.83,201301130000
28387,1.87,201301130000
28388,2.04,201301130000
28389,1.15,201301130000
28390,2.6,201301130000
28391,2.68,201301130000
28392,0.92,201301130000
28393,2.51,201301130000
28394,2.05,201301130000
28396,2.79,201301130000
28397,0.78,201301130000
28400,1.2,201301130000
28401,0.86,201301130000
28405,2.91,201301130000
28427,1.48,201301130000
28467,2.03,201301130000
28496,2.92,201301130000
28497,2.8,201301130000
28519,2.98,201301130000
28535,0.75,201301130000
28539,1.97,201301130000
28545,2.41,201301130000
28557,0.75,201301130000
28635,1.33,201301130000
28636,2.03,201301130000
28637,1.94,201301130000
28638,2.54,201301130000
28639,1.7,201301130000
28640,1.22,201301130000
28641,1.64,201301130000
28642,1.4,201301130000
28643,2.56,201301130000
28644,1.04,201301130000
28645,2.07,201301130000
28646,1.96,201301130000
28649,1.23,201301130000
28658,0.64,201301130000
28667,1.88,201301130000
28675,1.34,201301130000
28751,1.62,201301130000
28753,1.19,201301130000
28754,1.52,201301130000
28788,2.98,201301130000
28812,1.27,201301130000
28823,2.09,201301130000
28886,2.91,201301130000
28887,1.86,201301130000
28888,0.84,201301130000
28889,0.88,201301130000
28890,2.91,201301130000
28891,1.18,201301130000
28892,1.78,201301130000
28893,1.2,201301130000
28894,2.35,201301130000
28895,2.28,201301130000
28896,1.2,201301130000
28897,2.29,201301130000
28899,2.51,201301130000
28900,2.28,201301130000
28901,2.89,201301130000
28902,2.58,201301130000
28905,1.25,201301130000
28912,1.6,201301130000
28960,0.91,201301130000
28969,1.66,201301130000
29004,2.98,201301130000
29012,2.45,201301130000
29026,2.08,201301130000
29068,2.39,201301130000
29076,0.73,201301130000
29088,1.27,201301130000
29094,2.81,201301130000
29136,0.62,201301130000
29137,2.63,201301130000
29138,0.84,201301130000
29139,2.22,201301130000
29140,1.26,201301130000
29141,2.8,201301130000
29142,0.93,201301130000
29143,2.51,201301130000
29144,2.32,201301130000
29146,1.52,201301130000
29147,2.93,201301130000
29148,2.74,201301130000
29149,2.02,201301130000
29151,2.26,201301130000
29158,1.82,201301130000
29165,0.98,201301130000
29171,0.56,201301130000
29190,2.37,201301130000
29247,2.7,201301130000
29387,2.73,201301130000
29388,1.6,201301130000
29389,1.61,201301130000
29390,1.01,201301130000
29391,0.54,201301130000
29392,1.26,201301130000
29393,1.69,201301130000
29394,2.83,201301130000
29395,1.27,201301130000
29396,2.51,201301130000
29397,2.08,201301130000
29398,1.59,201301130000
29399,2.22,201301130000
29401,1.84,201301130000
29402,2.96,201301130000
29403,2.03,201301130000
29405,1.54,201301130000
29409,1.65,201301130000
29425,1.62,201301130000
29429,1.21,201301130000
29495,1.22,201301130000
29498,0.84,201301130000
29533,1.61,201301130000
29556,0.58,201301130000
29638,1.02,201301130000
29639,0.68,201301130000
29640,1.82,201301130000
29641,2.12,201301130000
29642,1.28,201301130000
29643,1.62,201301130000
29644,1.02,201301130000
29645,1.24,201301130000
29648,0.78,201301130000
29649,2.22,201301130000
29650,0.87,201301130000
29654,2.92,201301130000
29663,2.96,201301130000
29670,2.14,201301130000
29710,2.28,201301130000
29730,0.88,201301130000
29733,0.54,201301130000
29736,1.04,201301130000
29766,0.52,201301130000
29891,0.82,201301130000
29892,2.21,201301130000
29893,0.92,201301130000
29894,2.16,201301130000
29895,2.38,201301130000
29896,1.86,201301130000
29897,1.95,201301130000
29898,2.76,201301130000
29900,1.96,201301130000
29903,0.95,201301130000
29906,1.75,201301130000
29909,0.58,201301130000
29912,0.92,201301130000
29917,1.12,201301130000
29925,1.86,201301130000
29966,2.98,201301130000
30021,1.69,201301130000
30026,1.85,201301130000
30036,1.99,201301130000
30142,2.75,201301130000
30143,1.44,201301130000
30144,2.89,201301130000
30145,1.19,201301130000
30146,1.78,201301130000
30147,2.34,201301130000
30148,1.53,201301130000
30152,1.81,201301130000
30154,1.23,201301130000
30157,0.91,201301130000
30158,1.36,201301130000
30181,0.94,201301130000
30242,0.55,201301130000
30243,1.29,201301130000
30244,0.97,201301130000
30261,2.03,201301130000
30300,2.24,201301130000
30322,1.51,201301130000
30393,2.37,201301130000
30394,2.49,201301130000
30395,1.6,201301130000
30396,2.79,201301130000
30397,1.91,201301130000
30398,1.34,201301130000
30400,2.83,201301130000
30401,1.58,201301130000
30403,1.82,201301130000
30407,0.85,201301130000
30410,2.95,201301130000
30420,2.04,201301130000
30430,1.0,201301130000
30434,2.84,201301130000
30439,2.03,201301130000
30481,2.43,201301130000
30489,0.56,201301130000
30494,1.57,201301130000
30495,2.55,201301130000
30496,1.7,201301130000
30645,1.3,201301130000
30646,1.65,201301130000
30647,1.65,201301130000
30648,1.36,201301130000
30649,1.6,201301130000
30650,1.23,201301130000
30651,2.85,201301130000
30652,2.36,201301130000
30653,0.64,201301130000
30654,1.63,201301130000
30661,1.95,201301130000
30664,2.64,201301130000
30666,0.54,201301130000
30669,2.31,201301130000
30673,2.84,201301130000
30683,1.5,201301130000
30745,1.24,201301130000
30750,0.9,201301130000
30777,2.1,201301130000
30780,0.56,201301130000
30812,2.25,201301130000
30897,2.03,201301130000
30898,2.17,201301130000
30899,1.3,201301130000
30900,2.56,201301130000
30901,2.25,201301130000
30902,1.11,201301130000
30903,2.2,201301130000
30904,0.73,201301130000
30908,2.79,201301130000
30909,0.91,201301130000
30912,2.49,201301130000
30913,0.59,201301130000
30928,0.5,201301130000
30953,0.93,201301130000
30979,1.32,201301130000
30994,1.15,201301130000
30995,0.76,201301130000
31027,0.77,201301130000
31028,2.31,201301130000
31029,2.33,201301130000
31082,1.16,201301130000
31148,2.85,201301130000
31149,0.53,201301130000
31150,1.7,201301130000
31151,2.61,201301130000
31152,0.84,201301130000
31156,2.36,201301130000
31157,1.37,201301130000
31161,0.94,201301130000
31166,1.93,201301130000
31172,2.8,201301130000
31274,1.68,201301130000
31281,1.9,201301130000
31369,2.27,201301130000
31398,1.84,201301130000
31401,2.37,201301130000
31407,2.39,201301130000
31408,1.56,201301130000
31409,2.96,201301130000
31410,1.68,201301130000
31413,2.45,201301130000
31419,1.47,201301130000
31427,1.5,201301130000
31457,0.74,201301130000
31466,1.22,201301130000
31651,1.73,201301130000
31652,2.31,201301130000
31656,1.14,201301130000
31660,0.96,201301130000
31663,1.53,201301130000
31666,1.51,201301130000
31675,0.96,201301130000
31738,1.0,201301130000
31754,2.19,201301130000
31782,0.7,201301130000
31903,0.86,201301130000
31904,1.84,201301130000
31905,0.77,201301130000
31906,1.84,201301130000
31908,1.2,201301130000
31912,1.47,201301130000
31921,1.22,201301130000
31928,1.12,201301130000
31949,2.73,201301130000
32028,2.26,201301130000
32032,1.04,201301130000
32045,2.95,201301130000
32150,2.19,201301130000
32155,2.8,201301130000
32157,2.33,201301130000
32161,0.75,201301130000
32162,2.39,201301130000
32167,0.98,201301130000
32169,1.08,201301130000
32175,2.17,201301130000
32182,1.41,201301130000
32185,0.51,201301130000
32195,2.19,201301130000
32235,1.0,201301130000
32404,0.61,201301130000
32405,1.05,201301130000
32410,1.44,201301130000
32411,0.51,201301130000
32415,2.72,201301130000
32449,2.7,201301130000
32490,1.4,201301130000
32558,2.02,201301130000
32622,2.63,201301130000
32656,1.49,201301130000
32658,2.52,201301130000
32660,2.0,201301130000
32662,2.58,201301130000
32668,1.15,201301130000
32682,1.02,201301130000
32697,2.19,201301130000
32712,1.98,201301130000
32729,2.12,201301130000
32739,2.24,201301130000
32742,2.02,201301130000
32744,2.95,201301130000
32802,1.35,201301130000
32834,2.33,201301130000
32905,1.41,201301130000
32907,1.98,201301130000
32912,0.68,201301130000
32916,1.53,201301130000
32922,2.94,201301130000
32924,2.38,201301130000
32926,2.27,201301130000
32929,2.9,201301130000
32977,1.18,201301130000
32978,0.56,201301130000
33154,1.39,201301130000
33158,1.12,201301130000
33160,1.11,201301130000
33165,2.5,201301130000
33170,0.61,201301130000
33186,1.75,201301130000
33286,2.31,201301130000
33405,1.39,201301130000
33409,2.46,201301130000
33412,1.45,201301130000
33418,1.47,201301130000
33420,1.06,201301130000
33424,1.58,201301130000
33435,0.57,201301130000
33442,1.95,201301130000
33519,1.65,201301130000
33594,0.7,201301130000
33656,1.55,201301130000
33659,2.6,201301130000
33662,1.54,201301130000
33664,1.21,201301130000
33666,2.44,201301130000
33669,1.26,201301130000
33673,2.78,201301130000
33675,2.11,201301130000
33694,1.32,201301130000
33724,1.53,201301130000
33742,0.62,201301130000
33812,0.97,201301130000
33909,0.99,201301130000
33911,2.34,201301130000
33912,2.37,201301130000
33913,1.5,201301130000
33922,1.01,201301130000
33923,2.3,201301130000
33924,1.52,201301130000
33931,1.74,201301130000
33935,1.05,201301130000
33986,2.73,201301130000
34013,1.46,201301130000
34160,1.86,201301130000
34161,2.11,201301130000
34162,0.53,201301130000
34163,2.47,201301130000
34167,2.98,201301130000
34190,0.51,201301130000
34211,1.06,201301130000
34303,0.77,201301130000
34380,0.99,201301130000
34407,2.78,201301130000
34413,2.78,201301130000
34423,1.01,201301130000
34424,0.65,201301130000
34427,2.36,201301130000
34430,2.54,201301130000
34437,2.02,201301130000
34440,2.96,201301130000
34486,2.84,201301130000
34495,2.47,201301130000
34510,2.99,201301130000
34520,0.9,201301130000
34528,1.19,201301130000
34563,2.71,201301130000
34662,2.53,201301130000
34667,2.43,201301130000
34668,1.49,201301130000
34670,0.61,201301130000
34672,2.85,201301130000
34673,2.28,201301130000
34676,0.87,201301130000
34679,0.86,201301130000
34682,2.86,201301130000
34695,1.36,201301130000
34710,2.47,201301130000
34714,0.69,201301130000
34720,1.35,201301130000
34882,0.94,201301130000
34913,1.3,201301130000
34914,2.16,201301130000
34915,1.89,201301130000
34924,1.06,201301130000
34925,1.09,201301130000
34934,2.13,201301130000
34939,2.56,201301130000
34959,2.33,201301130000
34990,2.26,201301130000
35102,1.36,201301130000
35164,1.81,201301130000
35166,1.2,201301130000
35173,1.83,201301130000
35178,1.81,201301130000
35183,1.71,201301130000
35185,2.52,201301130000
35187,2.89,201301130000
35193,2.01,201301130000
35203,0.54,201301130000
35218,2.29,201301130000
35237,2.02,201301130000
35244,1.46,201301130000
35249,1.82,201301130000
35295,1.89,201301130000
35368,0.96,201301130000
35410,2.03,201301130000
35414,2.16,201301130000
35415,2.02,201301130000
35417,2.77,201301130000
35421,2.59,201301130000
35440,2.38,201301130000
35455,1.77,201301130000
35492,0.92,201301130000
35515,1.51,201301130000
35665,1.01,201301130000
35675,0.67,201301130000
35683,1.25,201301130000
35686,2.86,201301130000
35700,1.07,201301130000
35745,1.28,201301130000
35755,1.91,201301130000
35769,1.29,201301130000
35916,2.61,201301130000
35917,2.62,201301130000
35918,2.36,201301130000
35919,1.39,201301130000
35921,1.06,201301130000
35929,1.8,201301130000
35931,1.18,201301130000
35941,2.77,201301130000
35944,1.13,201301130000
35971,2.33,201301130000
35981,1.44,201301130000
35992,1.21,201301130000
35994,2.96,201301130000
36067,1.21,201301130000
36162,1.99,201301130000
36167,1.93,201301130000
36169,1.87,201301130000
36170,1.44,201301130000
36173,1.0,201301130000
36176,1.04,201301130000
36177,2.26,201301130000
36205,1.64,201301130000
36237,2.16,201301130000
36245,2.23,201301130000
36246,2.68,201301130000
36293,2.53,201301130000
36311,1.38,201301130000
36417,2.54,201301130000
36420,0.62,201301130000
36421,2.73,201301130000
36441,1.9,201301130000
36448,1.5,201301130000
36494,1.45,201301130000
36498,0.76,201301130000
36502,2.45,201301130000
36510,1.59,201301130000
36513,2.93,201301130000
36519,2.61,201301130000
36524,1.41,201301130000
36576,2.84,201301130000
36668,2.58,201301130000
36673,2.12,201301130000
36675,0.92,201301130000
36677,0.55,201301130000
36679,1.58,201301130000
36682,2.55,201301130000
36688,0.75,201301130000
36690,0.53,201301130000
36711,1.11,201301130000
36717,1.99,201301130000
36758,2.53,201301130000
36889,0.68,201301130000
36915,2.32,201301130000
36918,2.15,201301130000
36933,2.16,201301130000
36934,1.43,201301130000
36953,0.64,201301130000
36959,2.73,201301130000
36996,2.87,201301130000
36999,1.97,201301130000
37001,1.81,201301130000
37167,2.5,201301130000
37168,2.09,201301130000
37169,0.51,201301130000
37172,1.41,201301130000
37176,2.04,201301130000
37178,0.53,201301130000
37179,0.8,201301130000
37182,0.89,201301130000
37192,2.15,201301130000
37200,1.76,201301130000
37206,1.4,201301130000
37232,1.31,201301130000
37239,2.25,201301130000
37270,2.86,201301130000
37298,1.97,201301130000
37304,1.95,201301130000
37419,1.91,201301130000
37421,2.27,201301130000
37423,2.98,201301130000
37425,1.13,201301130000
37446,2.31,201301130000
37454,1.86,201301130000
37477,2.34,201301130000
37487,0.58,201301130000
37501,1.54,201301130000
37503,2.9,201301130000
37513,2.91,201301130000
37523,1.79,201301130000
37562,2.84,201301130000
37609,2.9,201301130000
37642,0.83,201301130000
37643,2.79,201301130000
37670,0.61,201301130000
37671,1.28,201301130000
37672,1.64,201301130000
37676,1.81,201301130000
37688,1.12,201301130000
37689,1.16,201301130000
37690,2.97,201301130000
37695,2.26,201301130000
37701,2.56,201301130000
37710,2.42,201301130000
37711,1.66,201301130000
37754,1.38,201301130000
37874,1.96,201301130000
37891,2.08,201301130000
37893,0.74,201301130000
37894,1.42,201301130000
37926,2.74,201301130000
37928,2.87,201301130000
37929,2.75,201301130000
37932,1.52,201301130000
37936,2.61,201301130000
37943,1.89,201301130000
37952,1.54,201301130000
37962,1.08,201301130000
37968,1.72,201301130000
38003,2.7,201301130000
38060,2.9,201301130000
38145,2.03,201301130000
38172,1.75,201301130000
38173,2.29,201301130000
38178,2.9,201301130000
38200,2.63,201301130000
38204,0.88,201301130000
38209,1.88,201301130000
38215,1.56,201301130000
38220,1.28,201301130000
38225,0.53,201301130000
38228,1.87,201301130000
38230,1.83,201301130000
38243,0.56,201301130000
38247,1.07,201301130000
38255,2.07,201301130000
38263,2.97,201301130000
38268,2.75,201301130000
38272,1.46,201301130000
38367,1.73,201301130000
38381,1.61,201301130000
38423,0.67,201301130000
38425,0.93,201301130000
38426,1.12,201301130000
38431,0.81,201301130000
38440,2.49,201301130000
38479,1.0,201301130000
38481,2.38,201301130000
38483,2.07,201301130000
38488,2.75,201301130000
38490,0.78,201301130000
38498,1.64,201301130000
38499,1.87,201301130000
38500,0.81,201301130000
38505,2.14,201301130000
38506,1.32,201301130000
38508,2.83,201301130000
38517,1.09,201301130000
38534,2.42,201301130000
38648,1.6,201301130000
38674,2.44,201301130000
38676,1.67,201301130000
38679,0.64,201301130000
38684,1.84,201301130000
38693,2.55,201301130000
38697,0.65,201301130000
38716,1.79,201301130000
38722,2.16,201301130000
38736,2.92,201301130000
38738,0.8,201301130000
38752,1.92,201301130000
38753,2.28,201301130000
38758,1.05,201301130000
38760,2.41,201301130000
38761,1.56,201301130000
38762,1.34,201301130000
38766,2.75,201301130000
38769,2.41,201301130000
38778,0.74,201301130000
38812,1.59,201301130000
38939,2.3,201301130000
38953,2.99,201301130000
38958,2.49,201301130000
38967,1.52,201301130000
39006,1.2,201301130000
39008,2.06,201301130000
39010,2.02,201301130000
39011,1.54,201301130000
39017,0.76,201301130000
39113,1.07,201301130000
39148,1.45,201301130000
39149,1.61,201301130000
39176,2.2,201301130000
39178,1.94,201301130000
39191,1.43,201301130000
39201,1.03,201301130000
39230,1.21,201301130000
39236,1.83,201301130000
39246,2.48,201301130000
39252,2.87,201301130000
39255,0.84,201301130000
39260,1.52,201301130000
39262,2.9,201301130000
39263,2.99,201301130000
39268,1.3,201301130000
39269,2.66,201301130000
39271,2.0,201301130000
39274,1.11,201301130000
39275,1.03,201301130000
39375,1.26,201301130000
39391,2.43,201301130000
39427,2.48,201301130000
39428,2.16,201301130000
39430,2.73,201301130000
39433,1.24,201301130000
39446,1.89,201301130000
39457,2.72,201301130000
39514,0.77,201301130000
39515,1.55,201301130000
39516,1.08,201301130000
39517,1.99,201301130000
39535,1.73,201301130000
39554,2.75,201301130000
39559,2.38,201301130000
39631,0.73,201301130000
39632,1.07,201301130000
39633,1.73,201301130000
39652,1.8,201301130000
39683,1.15,201301130000
39687,1.4,201301130000
39706,2.85,201301130000
39710,1.34,201301130000
39722,2.4,201301130000
39731,1.22,201301130000
39750,2.31,201301130000
39755,2.05,201301130000
39759,2.38,201301130000
39762,2.44,201301130000
39764,0.79,201301130000
39765,0.81,201301130000
39766,1.86,201301130000
39767,2.5,201301130000
39769,1.8,201301130000
39772,0.61,201301130000
39776,1.09,201301130000
39777,1.37,201301130000
39790,2.73,201301130000
39791,1.3,201301130000
39796,1.6,201301130000
39832,2.72,201301130000
39883,2.53,201301130000
39930,2.75,201301130000
39932,1.14,201301130000
39941,2.03,201301130000
39948,1.45,201301130000
39969,2.99,201301130000
40018,2.65,201301130000
40031,0.63,201301130000
40133,1.01,201301130000
40180,2.4,201301130000
40188,2.74,201301130000
40196,2.25,201301130000
40242,2.64,201301130000
40246,2.67,201301130000
40259,2.39,201301130000
40264,2.67,201301130000
40267,0.88,201301130000
40268,1.65,201301130000
40270,0.95,201301130000
40276,0.55,201301130000
40286,2.3,201301130000
40295,2.97,201301130000
40431,1.72,201301130000
40432,1.64,201301130000
40442,1.72,201301130000
40447,0.54,201301130000
40448,1.93,201301130000
40451,2.09,201301130000
40457,1.86,201301130000
40500,0.64,201301130000
40512,2.16,201301130000
40518,0.68,201301130000
40519,1.0,201301130000
40522,0.7,201301130000
40524,1.03,201301130000
40525,1.53,201301130000
40532,0.54,201301130000
40560,2.92,201301130000
40566,1.04,201301130000
40633,1.95,201301130000
40687,1.2,201301130000
40713,0.77,201301130000
40719,2.34,201301130000
40732,2.42,201301130000
40733,1.74,201301130000
40766,1.12,201301130000
40810,2.42,201301130000
40894,1.9,201301130000
40933,1.75,201301130000
40936,1.87,201301130000
40939,1.7,201301130000
40954,1.93,201301130000
40982,1.49,201301130000
41021,0.74,201301130000
41024,2.34,201301130000
41061,2.72,201301130000
41145,2.59,201301130000
41157,1.49,201301130000
41183,1.13,201301130000
41200,2.85,201301130000
41262,2.96,201301130000
41265,2.83,201301130000
41270,2.57,201301130000
41277,0.81,201301130000
41318,1.51,201301130000
41401,2.6,201301130000
41407,2.32,201301130000
41437,1.57,201301130000
41459,2.47,201301130000
41465,2.46,201301130000
41469,1.53,201301130000
41508,1.26,201301130000
41520,0.6,201301130000
41522,1.11,201301130000
41526,2.17,201301130000
41532,1.18,201301130000
41558,0.73,201301130000
41635,2.67,201301130000
41653,2.82,201301130000
41658,1.75,201301130000
41692,2.27,201301130000
41696,0.5,201301130000
41764,1.06,201301130000
41772,2.9,201301130000
41893,2.09,201301130000
41904,1.45,201301130000
41905,1.95,201301130000
41936,0.86,201301130000
41941,1.51,201301130000
41958,0.68,201301130000
41990,1.93,201301130000
42023,1.89,201301130000
42026,1.4,201301130000
42029,2.82,201301130000
42074,1.69,201301130000
42085,1.39,201301130000
42095,0.69,201301130000
42147,2.69,201301130000
42160,1.69,201301130000
42200,1.21,201301130000
42213,2.84,201301130000
42267,1.94,201301130000
42271,0.76,201301130000
42274,1.7,201301130000
42283,2.28,201301130000
42291,1.65,201301130000
42342,0.56,201301130000
42411,1.31,201301130000
42438,1.05,201301130000
42454,1.22,201301130000
42471,2.95,201301130000
42478,2.35,201301130000
42487,1.57,201301130000
42503,1.35,201301130000
42514,0.61,201301130000
42521,1.26,201301130000
42533,0.56,201301130000
42644,2.16,201301130000
42661,2.22,201301130000
42695,0.74,201301130000
42744,0.53,201301130000
42750,0.86,201301130000
42846,0.7,201301130000
42905,0.63,201301130000
42912,2.84,201301130000
42939,0.52,201301130000
42940,1.31,201301130000
42944,2.48,201301130000
42949,2.05,201301130000
43011,0.71,201301130000
43021,1.41,201301130000
43030,0.77,201301130000
43151,2.65,201301130000
43160,0.63,201301130000
43162,2.07,201301130000
43213,1.98,201301130000
43220,1.74,201301130000
43261,0.7,201301130000
43412,1.52,201301130000
43413,1.57,201301130000
43440,1.36,201301130000
43443,1.49,201301130000
43449,1.13,201301130000
43483,1.34,201301130000
43484,1.19,201301130000
43494,2.22,201301130000
43518,1.46,201301130000
43523,1.53,201301130000
43526,1.74,201301130000
43530,2.01,201301130000
43571,2.29,201301130000
43642,2.41,201301130000
43662,0.87,201301130000
43738,0.55,201301130000
43760,2.0,201301130000
43779,0.66,201301130000
43914,0.69,201301130000
43957,2.02,201301130000
43980,2.87,201301130000
43984,1.82,201301130000
43992,2.32,201301130000
43995,0.61,201301130000
44002,2.16,201301130000
44039,1.18,201301130000
44194,1.81,201301130000
44197,1.52,201301130000
44204,1.63,201301130000
44215,2.1,201301130000
44226,2.33,201301130000
44247,1.14,201301130000
44255,0.52,201301130000
44282,2.88,201301130000
44284,0.52,201301130000
44356,2.66,201301130000
44470,2.46,201301130000
44486,0.69,201301130000
44503,0.66,201301130000
44504,2.6,201301130000
44510,1.99,201301130000
44517,0.94,201301130000
44534,0.97,201301130000
44578,1.25,201301130000
44666,1.3,201301130000
44694,2.14,201301130000
44697,1.51,201301130000
44716,0.88,201301130000
44724,1.95,201301130000
44743,1.96,201301130000
44755,1.36,201301130000
44756,1.5,201301130000
44757,1.25,201301130000
44758,2.92,201301130000
44786,1.16,201301130000
44787,0.8,201301130000
44911,2.14,201301130000
44963,0.61,201301130000
45005,0.87,201301130000
45006,2.59,201301130000
45007,1.51,201301130000
45008,0.85,201301130000
45039,2.69,201301130000
45114,1.19,201301130000
45168,2.46,201301130000
45200,2.87,201301130000
45203,1.01,201301130000
45208,1.15,201301130000
45237,1.26,201301130000
45254,1.84,201301130000
45256,0.66,201301130000
45258,1.8,201301130000
45261,2.13,201301130000
45265,2.19,201301130000
45266,0.66,201301130000
45401,1.42,201301130000
45479,2.03,201301130000
45502,3.0,201301130000
45507,0.99,201301130000
45509,0.53,201301130000
45526,2.81,201301130000
45538,1.66,201301130000
45582,0.93,201301130000
45661,2.92,201301130000
45701,1.01,201301130000
45703,2.17,201301130000
45716,2.03,201301130000
45720,0.52,201301130000
45725,0.63,201301130000
45735,0.52,201301130000
45747,1.61,201301130000
45766,1.88,201301130000
45793,1.44,201301130000
45795,2.3,201301130000
45919,2.02,201301130000
45948,1.32,201301130000
46008,1.21,201301130000
46036,2.57,201301130000
46041,0.58,201301130000
46052,1.54,201301130000
46074,0.7,201301130000
46145,1.01,201301130000
46202,0.71,201301130000
46209,2.85,201301130000
46242,1.01,201301130000
46265,1.96,201301130000
46372,1.82,201301130000
46384,0.54,201301130000
46455,0.76,201301130000
46508,2.0,201301130000
46523,1.87,201301130000
46538,1.7,201301130000
46565,0.62,201301130000
46574,2.45,201301130000
46626,1.87,201301130000
46700,0.65,201301130000
46738,2.27,201301130000
46770,2.58,201301130000
46778,1.26,201301130000
46787,1.15,201301130000
46803,2.8,201301130000
46954,2.51,201301130000
46964,2.72,201301130000
46972,0.88,201301130000
46976,2.49,201301130000
46981,1.81,201301130000
47011,1.58,201301130000
47015,1.1,201301130000
47047,0.52,201301130000
47253,1.85,201301130000
47288,2.02,201301130000
47295,2.06,201301130000
47342,1.36,201301130000
47454,1.47,201301130000
47535,0.95,201301130000
47543,2.46,201301130000
47705,2.61,201301130000
47709,2.41,201301130000
47711,2.32,201301130000
47758,1.67,201301130000
47806,0.66,201301130000
47889,0.65,201301130000
47926,2.58,201301130000
47968,1.28,201301130000
47972,2.86,201301130000
47977,1.44,201301130000
47982,2.67,201301130000
48032,2.77,201301130000
48209,2.73,201301130000
48239,1.32,201301130000
48244,2.72,201301130000
48278,2.52,201301130000
48420,2.44,201301130000
48427,0.88,201301130000
48499,2.51,201301130000
48503,1.51,201301130000
48552,2.59,201301130000
48584,1.82,201301130000
48713,1.88,201301130000
48759,1.26,201301130000
48848,2.32,201301130000
48898,1.1,201301130000
49017,1.07,201301130000
49049,1.64,201301130000
49229,2.18,201301130000
49241,2.82,201301130000
49472,1.95,201301130000
49483,2.82,201301130000
49542,0.66,201301130000
49555,1.62,201301130000
49679,2.58,201301130000
49750,0.65,201301130000
49760,0.92,201301130000
49777,1.94,201301130000
49968,1.22,201301130000
50053,2.78,201301130000
50103,2.14,201301130000
50180,1.44,201301130000
50285,1.02,201301130000
50430,2.97,201301130000
50470,2.91,201301130000
50494,1.25,201301130000
50511,0.79,201301130000
50549,1.93,201301130000
50680,2.06,201301130000
50682,1.76,201301130000
50731,1.22,201301130000
50812,2.16,201301130000
50872,2.57,201301130000
51029,2.28,201301130000
51046,1.62,201301130000
51053,2.98,201301130000
51056,2.31,201301130000
51162,2.04,201301130000
51177,2.91,201301130000
51182,0.91,201301130000
51228,1.82,201301130000
51258,2.41,201301130000
51430,2.3,201301130000
51431,2.7,201301130000
51432,1.35,201301130000
51520,0.83,201301130000
51681,1.99,201301130000
51682,1.73,201301130000
51725,2.79,201301130000
51790,1.6,201301130000
51832,2.26,201301130000
51857,0.98,201301130000
51931,2.26,201301130000
51932,1.84,201301130000
51986,1.74,201301130000
52003,2.08,201301130000
52182,2.68,201301130000
52244,2.92,201301130000
52259,1.14,201301130000
52280,2.87,201301130000
52319,2.36,201301130000
52473,2.94,201301130000
52518,1.71,201301130000
52631,2.02,201301130000
52679,2.75,201301130000
52729,2.5,201301130000
52811,1.58,201301130000
52983,1.06,201301130000
52988,2.93,201301130000
52993,0.59,201301130000
53000,2.61,201301130000
53016,0.99,201301130000
53027,2.08,201301130000
53072,2.43,201301130000
53090,2.93,201301130000
53177,2.94,201301130000
53178,2.41,201301130000
53381,2.01,201301130000
53427,2.92,201301130000
53429,2.55,201301130000
53761,1.85,201301130000
53774,1.45,201301130000
53797,1.46,201301130000
53810,1.69,201301130000
53822,1.62,201301130000
53864,0.73,201301130000
53927,0.66,201301130000
54038,0.83,201301130000
54071,1.29,201301130000
54234,1.32,201301130000
54281,1.94,201301130000
54284,1.72,201301130000
54327,1.5,201301130000
54334,0.96,201301130000
54349,0.62,201301130000
54427,1.94,201301130000
54503,1.81,201301130000
54510,0.92,201301130000
54520,2.68,201301130000
54550,2.82,201301130000
54578,1.87,201301130000
54678,2.87,201301130000
54828,0.54,201301130000
54983,2.82,201301130000
54996,1.99,201301130000
55070,2.43,201301130000
55329,1.03,201301130000
55331,2.78,201301130000
55535,2.09,201301130000
55633,1.66,201301130000
55680,0.78,201301130000
55761,2.99,201301130000
55831,1.08,201301130000
55832,2.85,201301130000
55838,1.43,201301130000
55845,1.77,201301130000
56106,0.74,201301130000
56493,0.94,201301130000
56571,1.07,201301130000
56586,0.53,201301130000
56587,1.81,201301130000
56591,0.79,201301130000
56738,1.71,201301130000
56835,1.54,201301130000
56882,0.93,201301130000
56887,2.18,201301130000
56888,1.5,201301130000
56933,2.21,201301130000
56934,1.15,201301130000
57042,1.14,201301130000
57062,2.9,201301130000
57189,0.99,201301130000
57261,2.43,201301130000
57329,2.6,201301130000
57342,2.49,201301130000
57376,1.55,201301130000
57378,1.86,201301130000
57380,0.66,201301130000
57397,0.57,201301130000
57440,1.01,201301130000
57495,2.24,201301130000
57523,1.69,201301130000
57555,2.7,201301130000
57597,2.42,201301130000
57613,1.11,201301130000
57615,1.93,201301130000
57628,1.75,201301130000
57631,2.84,201301130000
57823,2.68,201301130000
57837,1.46,201301130000
57851,0.93,201301130000
57852,1.83,201301130000
57906,2.38,201301130000
58179,0.56,201301130000
58251,2.12,201301130000
58421,2.36,201301130000
58511,2.96,201301130000
58632,1.4,201301130000
58744,1.82,201301130000
58802,1.74,201301130000
58814,1.74,201301130000
58879,2.9,201301130000
58892,0.77,201301130000
59010,1.89,201301130000
59043,2.75,201301130000
59104,2.91,201301130000
59125,2.33,201301130000
59134,2.85,201301130000
59285,0.59,201301130000
59329,2.7,201301130000
59555,0.82,201301130000
59635,2.64,201301130000
59745,2.75,201301130000
59927,1.06,201301130000
59941,1.23,201301130000
60008,2.45,201301130000
60011,2.97,201301130000
60114,0.93,201301130000
60141,0.52,201301130000
60147,1.03,201301130000
60331,2.3,201301130000
60344,2.5,201301130000
60350,2.78,201301130000
60578,1.95,201301130000
60593,0.51,201301130000
60613,1.28,201301130000
60630,2.69,201301130000
60635,0.51,201301130000
60649,1.91,201301130000
60750,2.24,201301130000
60774,2.77,201301130000
60819,2.71,201301130000
60880,2.58,201301130000
60888,0.81,201301130000
61062,0.62,201301130000
61110,1.67,201301130000
61263,2.01,201301130000
61343,2.79,201301130000
61591,1.8,201301130000
61597,1.47,201301130000
61654,2.47,201301130000
61818,1.84,201301130000
62077,1.98,201301130000
62104,1.08,201301130000
62135,2.2,201301130000
62140,1.68,201301130000
62252,0.98,201301130000
62558,0.74,201301130000
62589,1.53,201301130000
62757,0.79,201301130000
62772,2.09,201301130000
62850,2.29,201301130000
62926,1.62,201301130000
62948,0.87,201301130000
63044,2.63,201301130000
63153,1.67,201301130000
63383,0.95,201301130000
63397,2.97,201301130000
63398,2.03,201301130000
63407,2.63,201301130000
63574,1.22,201301130000
63586,0.65,201301130000
63816,1.99,201301130000
64102,1.3,201301130000
64150,1.99,201301130000
64200,1.32,201301130000
64515,2.54,201301130000
64529,2.44,201301130000
64573,2.63,201301130000
64581,0.51,201301130000
64815,1.26,201301130000
64915,2.39,201301130000
65059,0.74,201301130000
65144,0.71,201301130000
65320,1.64,201301130000
65375,2.84,201301130000
65454,1.51,201301130000
65528,2.71,201301130000
65607,1.89,201301130000
65774,1.17,201301130000
65838,1.01,201301130000
66068,1.65,201301130000
66084,1.86,201301130000
66151,2.96,201301130000
66353,2.4,201301130000
66538,1.82,201301130000
66575,1.0,201301130000
66637,1.36,201301130000
66827,2.75,201301130000
66870,2.93,201301130000
67110,2.12,201301130000
67207,0.51,201301130000
67335,1.68,201301130000
67385,2.51,201301130000
67599,1.06,201301130000
67601,1.31,201301130000
67602,2.96,201301130000
67698,1.99,201301130000
67824,2.87,201301130000
67842,1.15,201301130000
67854,1.25,201301130000
67855,2.6,201301130000
67918,1.78,201301130000
68103,2.01,201301130000
68104,1.6,201301130000
68110,1.93,201301130000
68111,2.41,201301130000
68349,1.41,201301130000
68354,1.05,201301130000
68356,1.22,201301130000
68454,1.6,201301130000
68455,2.55,201301130000
68587,2.84,201301130000
68857,1.08,201301130000
68858,1.76,201301130000
68897,2.01,201301130000
68924,1.87,201301130000
68930,0.82,201301130000
69106,2.04,201301130000
69190,1.92,201301130000
69206,0.87,201301130000
69359,1.56,201301130000
69371,2.26,201301130000
69455,0.85,201301130000
69582,1.57,201301130000
69613,2.8,201301130000
69676,1.8,201301130000
70115,1.17,201301130000
70132,1.84,201301130000
70181,0.75,201301130000
70342,0.99,201301130000
70352,2.62,201301130000
70360,1.24,201301130000
70374,2.26,201301130000
70440,1.72,201301130000
70462,1.57,201301130000
70619,1.42,201301130000
70659,1.6,201301130000
70715,2.53,201301130000
70903,0.56,201301130000
70934,2.1,201301130000
70961,2.27,201301130000
71122,2.31,201301130000
71187,2.26,201301130000
71399,1.44,201301130000
71601,0.62,201301130000
71629,1.87,201301130000
71888,0.68,201301130000
71961,0.87,201301130000
71964,1.54,201301130000
72201,0.55,201301130000
72218,1.36,201301130000
72345,0.87,201301130000
72367,2.7,201301130000
72407,1.61,201301130000
72416,0.72,201301130000
72706,2.28,201301130000
72894,1.9,201301130000
73104,2.4,201301130000
73135,1.83,201301130000
73211,1.7,201301130000
73223,2.21,201301130000
73451,2.87,201301130000
73460,0.73,201301130000
73461,0.99,201301130000
73557,1.33,201301130000
73669,1.02,201301130000
74158,0.94,201301130000
74216,0.66,201301130000
74388,1.0,201301130000
74396,1.37,201301130000
74466,1.76,201301130000
74467,1.2,201301130000
74638,1.97,201301130000
74677,2.7,201301130000
74678,1.48,201301130000
74711,1.76,201301130000
74721,2.98,201301130000
74962,1.84,201301130000
74968,1.12,201301130000
74973,2.97,201301130000
75224,1.32,201301130000
75329,0.72,201301130000
75386,1.54,201301130000
75424,0.6,201301130000
75436,0.78,201301130000
75475,1.03,201301130000
75619,2.17,201301130000
75721,2.74,201301130000
75722,2.46,201301130000
75724,0.76,201301130000
75725,2.34,201301130000
75726,2.5,201301130000
75727,1.99,201301130000
75974,2.05,201301130000
75975,2.94,201301130000
76133,2.95,201301130000
76227,2.35,201301130000
76393,2.49,201301130000
76473,0.73,201301130000
76477,2.75,201301130000
76654,2.34,201301130000
76728,2.84,201301130000
76959,2.53,201301130000
77169,2.56,201301130000
77230,2.61,201301130000
77381,1.56,201301130000
77458,2.32,201301130000
77641,2.52,201301130000
77942,0.73,201301130000
77981,1.95,201301130000
78205,1.93,201301130000
78418,1.9,201301130000
78654,2.69,201301130000
78733,1.86,201301130000
78881,1.9,201301130000
78896,0.86,201301130000
78909,1.13,201301130000
78983,2.21,201301130000
79234,1.93,201301130000
79379,2.77,201301130000
79394,0.79,201301130000
79484,1.47,201301130000
79712,0.62,201301130000
79911,1.71,201301130000
79915,0.74,201301130000
80160,2.33,201301130000
80161,1.36,201301130000
80193,0.75,201301130000
80352,2.39,201301130000
80397,2.63,201301130000
80406,2.34,201301130000
80411,2.71,201301130000
80412,1.34,201301130000
80413,2.88,201301130000
80420,1.45,201301130000
80485,1.71,201301130000
80635,2.71,201301130000
80659,2.31,201301130000
80663,2.66,201301130000
80664,0.95,201301130000
80703,0.89,201301130000
80877,2.29,201301130000
80916,0.72,201301130000
81163,2.07,201301130000
81164,2.52,201301130000
81354,2.05,201301130000
81363,2.13,201301130000
81390,2.48,201301130000
81625,2.8,201301130000
81651,0.99,201301130000
81899,2.99,201301130000
82135,1.62,201301130000
82168,1.31,201301130000
82169,1.57,201301130000
82237,1.59,201301130000
82613,2.83,201301130000
82622,1.82,201301130000
82664,1.93,201301130000
82892,2.55,201301130000
82951,1.79,201301130000
83410,2.05,201301130000
83489,1.49,201301130000
83735,2.67,201301130000
83865,0.87,201301130000
84123,2.17,201301130000
84179,2.75,201301130000
84207,1.59,201301130000
84212,0.64,201301130000
84221,0.59,201301130000
84366,0.56,201301130000
84689,1.34,201301130000
84712,1.12,201301130000
84902,1.55,201301130000
85474,1.22,201301130000
85487,1.13,201301130000
85620,2.6,201301130000
85705,1.72,201301130000
85715,0.78,201301130000
85738,2.02,201301130000
86440,0.75,201301130000
86622,2.69,201301130000
86623,1.04,201301130000
86672,1.81,201301130000
86873,1.85,201301130000
86895,2.8,201301130000
87121,0.74,201301130000
87227,2.51,201301130000
87460,2.61,201301130000
87690,0.57,201301130000
87873,1.2,201301130000
88242,1.13,201301130000
88463,1.83,201301130000
89120,2.4,201301130000
89152,2.51,201301130000
89175,2.61,201301130000
89198,1.42,201301130000
89615,2.8,201301130000
89625,1.75,201301130000
90116,2.35,201301130000
90183,2.06,201301130000
90497,2.25,201301130000
90699,1.46,201301130000
90719,1.73,201301130000
91200,1.33,201301130000
91432,2.73,201301130000
91434,1.45,201301130000
91684,2.53,201301130000
91713,1.38,201301130000
91744,2.99,201301130000
92233,1.86,201301130000
93205,1.52,201301130000
93244,0.69,201301130000
93252,2.12,201301130000
93463,0.99,201301130000
93675,2.63,201301130000
93944,1.81,201301130000
94431,0.92,201301130000
94710,0.65,201301130000
94755,2.07,201301130000
94997,1.56,201301130000
95000,1.68,201301130000
95707,2.34,201301130000
95949,1.6,201301130000
95998,2.12,201301130000
96188,0.98,201301130000
96225,2.5,201301130000
96249,2.77,201301130000
96468,0.55,201301130000
96486,1.86,201301130000
96718,2.37,201301130000
96972,2.65,201301130000
96995,1.06,201301130000
97251,1.43,201301130000
97440,2.59,201301130000
97471,2.32,201301130000
97969,1.87,201301130000
97990,0.84,201301130000
98224,1.69,201301130000
98229,1.3,201301130000
98450,1.43,201301130000
98475,2.27,201301130000
98739,1.43,201301130000
99256,2.96,201301130000
99468,1.07,201301130000
99730,1.57,201301130000
101215,1.15,201301130000
101911,1.33,201301130000
101912,0.61,201301130000
101989,0.96,201301130000
102999,2.77,201301130000
103242,1.63,201301130000
103431,1.19,201301130000
104177,2.97,201301130000
104221,1.27,201301130000
104239,2.99,201301130000
104701,0.57,201301130000
104984,2.09,201301130000
105196,0.84,201301130000
105219,1.67,201301130000
105460,2.71,201301130000
105461,1.22,201301130000
105481,2.72,201301130000
105489,1.2,201301130000
105709,1.51,201301130000
105710,2.32,201301130000
105711,0.6,201301130000
105712,2.31,201301130000
105713,0.89,201301130000
105715,2.75,201301130000
105726,1.6,201301130000
105727,1.37,201301130000
105736,2.51,201301130000
105960,1.73,201301130000
105961,1.65,201301130000
105962,0.92,201301130000
105963,1.29,201301130000
105964,0.94,201301130000
105975,2.67,201301130000
106195,2.42,201301130000
106213,1.29,201301130000
106214,2.49,201301130000
106215,0.84,201301130000
106221,2.89,201301130000
106231,0.78,201301130000
106232,0.71,201301130000
106234,0.68,201301130000
106235,1.25,201301130000
106237,2.94,201301130000
106446,1.32,201301130000
106447,1.2,201301130000
106462,2.37,201301130000
106463,1.64,201301130000
106465,1.08,201301130000
106466,1.98,201301130000
106467,2.44,201301130000
106480,2.97,201301130000
106712,1.41,201301130000
106717,2.11,201301130000
106718,1.59,201301130000
106741,0.89,201301130000
106958,0.97,201301130000
106964,2.78,201301130000
106965,2.76,201301130000
106966,2.42,201301130000
106967,2.4,201301130000
106971,2.01,201301130000
106983,1.97,201301130000
106997,1.48,201301130000
107200,1.0,201301130000
107212,2.36,201301130000
107219,2.33,201301130000
107240,2.28,201301130000
107460,0.97,201301130000
107465,2.42,201301130000
107466,0.5,201301130000
107468,1.18,201301130000
107491,0.51,201301130000
107711,1.54,201301130000
107725,0.55,201301130000
107726,1.12,201301130000
107954,2.98,201301130000
107966,0.61,201301130000
107971,2.15,201301130000
107979,1.82,201301130000
107993,2.47,201301130000
108205,1.71,201301130000
108211,0.72,201301130000
108214,0.91,201301130000
108215,2.22,201301130000
108217,0.57,201301130000
108219,1.95,201301130000
108220,1.08,201301130000
108222,2.86,201301130000
108225,2.9,201301130000
108230,1.82,201301130000
108454,2.39,201301130000
108463,1.24,201301130000
108499,1.49,201301130000
108717,2.72,201301130000
108722,0.62,201301130000
108724,1.11,201301130000
108733,0.91,201301130000
108968,0.92,201301130000
108975,2.56,201301130000
108984,1.9,201301130000
108985,2.58,201301130000
109216,1.87,201301130000
109219,1.67,201301130000
109222,0.58,201301130000
109227,1.59,201301130000
109231,1.9,201301130000
109236,2.02,201301130000
109245,2.59,201301130000
109473,1.68,201301130000
109487,1.48,201301130000
109494,2.09,201301130000
109495,0.59,201301130000
109496,0.69,201301130000
109497,2.85,201301130000
109742,2.85,201301130000
109744,1.62,201301130000
109748,0.57,201301130000
109750,1.94,201301130000
109980,0.58,201301130000
109991,0.76,201301130000
109994,1.79,201301130000
109998,1.76,201301130000
110001,2.96,201301130000
110243,0.75,201301130000
110247,2.61,201301130000
110249,0.6,201301130000
110251,1.79,201301130000
110253,0.88,201301130000
110254,2.07,201301130000
