cell,mobility,dtg
1610,0.66,201301201600
1846,1.01,201301201600
1851,0.57,201301201600
1853,1.04,201301201600
1856,2.95,201301201600
1857,0.62,201301201600
2103,1.49,201301201600
2105,2.97,201301201600
2106,1.92,201301201600
2107,2.83,201301201600
2114,0.85,201301201600
2342,1.27,201301201600
2347,0.51,201301201600
2351,2.51,201301201600
2354,2.12,201301201600
2357,1.56,201301201600
2372,2.62,201301201600
2374,1.59,201301201600
2591,1.16,201301201600
2595,1.38,201301201600
2605,2.62,201301201600
2611,1.11,201301201600
2615,0.6,201301201600
2620,2.32,201301201600
2627,2.98,201301201600
2839,2.17,201301201600
2847,2.08,201301201600
3086,1.71,201301201600
3094,2.03,201301201600
3100,1.03,201301201600
3124,1.33,201301201600
3128,2.12,201301201600
3334,1.32,201301201600
3337,0.66,201301201600
3375,2.95,201301201600
3614,2.01,201301201600
3619,2.92,201301201600
3632,0.85,201301201600
3635,0.83,201301201600
3830,1.99,201301201600
3831,0.53,201301201600
3833,2.68,201301201600
3837,2.26,201301201600
3845,0.94,201301201600
3856,1.0,201301201600
3860,2.79,201301201600
3865,0.86,201301201600
4078,1.8,201301201600
4081,2.52,201301201600
4137,2.17,201301201600
4141,1.59,201301201600
4142,2.39,201301201600
4328,1.21,201301201600
4329,2.31,201301201600
4341,2.44,201301201600
4345,1.68,201301201600
4348,1.5,201301201600
4354,2.84,201301201600
4372,2.36,201301201600
4577,1.97,201301201600
4578,1.76,201301201600
4580,0.74,201301201600
4582,1.52,201301201600
4605,1.89,201301201600
4608,1.33,201301201600
4631,2.89,201301201600
4636,0.9,201301201600
4637,1.91,201301201600
4829,0.58,201301201600
4830,1.32,201301201600
4831,2.99,201301201600
4834,1.55,201301201600
4837,1.13,201301201600
4852,2.78,201301201600
4863,1.12,201301201600
4868,2.7,201301201600
4890,2.86,201301201600
4891,2.64,201301201600
5078,2.42,201301201600
5081,1.53,201301201600
5084,2.36,201301201600
5127,2.61,201301201600
5153,2.99,201301201600
5327,2.16,201301201600
5329,1.35,201301201600
5333,2.38,201301201600
5334,2.97,201301201600
5339,1.86,201301201600
5369,2.16,201301201600
5402,0.57,201301201600
5410,2.65,201301201600
5577,1.15,201301201600
5581,1.76,201301201600
5592,2.04,201301201600
5612,0.86,201301201600
5623,1.27,201301201600
5876,1.02,201301201600
5893,1.34,201301201600
5898,2.54,201301201600
6078,2.02,201301201600
6118,1.69,201301201600
6136,1.14,201301201600
6158,1.69,201301201600
6159,1.25,201301201600
6333,0.61,201301201600
6353,2.66,201301201600
6365,1.3,201301201600
6366,0.67,201301201600
6414,1.6,201301201600
6588,1.38,201301201600
6609,2.93,201301201600
6635,1.19,201301201600
6668,1.84,201301201600
6841,2.06,201301201600
6849,1.69,201301201600
6896,1.35,201301201600
6924,0.56,201301201600
6928,1.01,201301201600
6935,2.54,201301201600
6939,2.49,201301201600
7077,2.55,201301201600
7078,1.86,201301201600
7085,0.95,201301201600
7088,2.2,201301201600
7113,0.96,201301201600
7114,0.83,201301201600
7129,2.96,201301201600
7133,1.83,201301201600
7165,2.51,201301201600
7192,2.79,201301201600
7354,2.67,201301201600
7375,0.96,201301201600
7379,2.55,201301201600
7401,2.9,201301201600
7410,2.64,201301201600
7436,2.47,201301201600
7584,2.43,201301201600
7646,1.41,201301201600
7849,0.56,201301201600
7871,0.69,201301201600
7927,2.45,201301201600
7948,0.63,201301201600
8080,2.29,201301201600
8170,0.84,201301201600
8182,1.89,201301201600
8195,0.54,201301201600
8342,2.86,201301201600
8582,2.39,201301201600
8602,0.52,201301201600
8609,1.41,201301201600
8638,2.62,201301201600
8656,0.96,201301201600
8830,1.27,201301201600
8839,1.72,201301201600
8876,2.15,201301201600
8897,2.73,201301201600
8912,1.29,201301201600
8918,1.86,201301201600
8929,1.29,201301201600
8940,2.88,201301201600
8954,1.53,201301201600
9140,2.38,201301201600
9333,1.49,201301201600
9468,2.82,201301201600
9473,1.71,201301201600
9589,2.89,201301201600
9601,0.92,201301201600
9607,2.22,201301201600
9658,1.52,201301201600
9724,1.11,201301201600
9833,0.53,201301201600
10084,1.76,201301201600
10089,2.12,201301201600
10096,0.79,201301201600
10144,2.68,201301201600
10170,2.11,201301201600
10181,0.51,201301201600
10189,1.74,201301201600
10201,1.26,201301201600
10334,1.98,201301201600
10335,2.89,201301201600
10383,0.56,201301201600
10414,2.15,201301201600
10444,1.25,201301201600
10458,1.79,201301201600
10477,2.57,201301201600
10586,2.28,201301201600
10601,1.64,201301201600
10609,1.47,201301201600
10616,1.98,201301201600
10633,1.47,201301201600
10655,1.49,201301201600
10665,0.52,201301201600
10681,2.28,201301201600
10717,1.59,201301201600
10835,0.98,201301201600
10837,2.16,201301201600
10847,2.05,201301201600
10903,2.84,201301201600
10911,2.28,201301201600
10918,1.59,201301201600
10973,2.0,201301201600
11087,2.32,201301201600
11092,2.74,201301201600
11128,1.42,201301201600
11222,1.29,201301201600
11223,2.56,201301201600
11225,0.96,201301201600
11238,2.53,201301201600
11361,1.93,201301201600
11393,0.99,201301201600
11424,1.19,201301201600
11601,2.67,201301201600
11682,0.87,201301201600
11704,0.92,201301201600
11858,1.66,201301201600
11884,1.98,201301201600
11901,2.96,201301201600
11946,1.76,201301201600
11960,2.92,201301201600
11972,2.55,201301201600
12089,2.71,201301201600
12090,2.73,201301201600
12096,0.99,201301201600
12120,0.91,201301201600
12157,2.92,201301201600
12230,2.86,201301201600
12383,2.26,201301201600
12431,0.56,201301201600
12601,2.69,201301201600
12625,0.81,201301201600
12632,1.68,201301201600
12842,0.95,201301201600
12875,2.53,201301201600
12901,1.43,201301201600
12913,1.45,201301201600
12933,1.53,201301201600
12934,2.01,201301201600
12985,1.81,201301201600
13099,1.15,201301201600
13114,0.67,201301201600
13150,1.54,201301201600
13175,2.49,201301201600
13183,1.23,201301201600
13222,2.27,201301201600
13358,1.67,201301201600
13444,2.67,201301201600
13455,2.86,201301201600
13456,1.93,201301201600
13670,1.04,201301201600
13694,2.98,201301201600
13845,0.51,201301201600
13849,0.76,201301201600
14011,1.53,201301201600
14095,2.24,201301201600
14133,2.54,201301201600
14161,1.38,201301201600
14167,1.51,201301201600
14184,2.24,201301201600
14241,1.53,201301201600
14255,0.67,201301201600
14349,1.45,201301201600
14350,1.3,201301201600
14375,2.62,201301201600
14452,0.66,201301201600
14475,2.29,201301201600
14620,1.71,201301201600
14673,2.6,201301201600
14745,2.59,201301201600
14859,1.88,201301201600
14936,2.13,201301201600
14995,2.4,201301201600
15097,2.66,201301201600
15098,1.44,201301201600
15246,1.46,201301201600
15349,0.57,201301201600
15440,2.14,201301201600
15600,1.96,201301201600
15656,2.48,201301201600
15672,1.72,201301201600
15699,1.43,201301201600
15714,0.53,201301201600
15725,1.6,201301201600
15744,2.38,201301201600
15849,1.35,201301201600
15850,1.21,201301201600
15851,2.84,201301201600
15853,1.06,201301201600
15871,1.77,201301201600
16100,2.25,201301201600
16105,0.54,201301201600
16114,1.09,201301201600
16171,1.92,201301201600
16184,2.93,201301201600
16400,1.96,201301201600
16414,1.96,201301201600
16601,1.18,201301201600
16604,2.71,201301201600
16625,0.63,201301201600
16670,1.34,201301201600
16853,1.3,201301201600
16868,1.73,201301201600
16932,2.77,201301201600
17232,0.99,201301201600
17355,2.98,201301201600
17358,2.18,201301201600
17367,0.58,201301201600
17635,2.46,201301201600
17673,1.35,201301201600
17681,2.21,201301201600
17884,2.43,201301201600
17984,2.71,201301201600
18108,0.55,201301201600
18115,1.64,201301201600
18118,0.73,201301201600
18123,2.82,201301201600
18139,1.02,201301201600
18154,0.52,201301201600
18160,2.67,201301201600
18177,1.51,201301201600
18185,2.08,201301201600
18383,2.98,201301201600
18404,2.27,201301201600
18427,1.54,201301201600
18466,2.64,201301201600
18616,2.76,201301201600
18629,1.95,201301201600
18861,0.9,201301201600
18866,1.71,201301201600
18925,2.93,201301201600
19110,1.46,201301201600
19112,2.72,201301201600
19114,0.66,201301201600
19122,2.23,201301201600
19360,1.1,201301201600
19443,1.64,201301201600
19481,2.61,201301201600
19611,2.8,201301201600
19612,2.69,201301201600
19618,1.54,201301201600
19633,2.52,201301201600
19678,1.74,201301201600
19878,2.96,201301201600
19913,2.04,201301201600
20113,0.72,201301201600
20114,2.07,201301201600
20116,2.48,201301201600
20170,0.62,201301201600
20363,0.8,201301201600
20387,0.73,201301201600
20396,2.9,201301201600
20436,1.88,201301201600
20616,0.91,201301201600
20621,0.85,201301201600
20628,2.43,201301201600
20651,2.57,201301201600
20671,0.97,201301201600
20682,2.73,201301201600
20864,1.89,201301201600
20882,2.9,201301201600
20931,0.87,201301201600
20995,2.87,201301201600
21115,0.99,201301201600
21118,2.47,201301201600
21201,2.4,201301201600
21373,1.2,201301201600
21377,2.73,201301201600
21392,1.51,201301201600
21407,1.36,201301201600
21428,0.57,201301201600
21448,2.03,201301201600
21617,2.43,201301201600
21619,1.31,201301201600
21639,1.98,201301201600
21658,0.62,201301201600
21663,1.38,201301201600
21701,1.07,201301201600
21721,2.31,201301201600
21868,0.59,201301201600
21871,1.31,201301201600
21999,2.01,201301201600
22126,1.31,201301201600
22133,2.45,201301201600
22174,2.11,201301201600
22176,2.75,201301201600
22205,1.76,201301201600
22368,2.08,201301201600
22395,0.85,201301201600
22419,0.65,201301201600
22420,2.67,201301201600
22421,1.64,201301201600
22422,0.95,201301201600
22619,1.97,201301201600
22630,1.86,201301201600
22634,2.09,201301201600
22671,2.97,201301201600
22673,1.89,201301201600
22700,1.98,201301201600
22751,1.69,201301201600
22768,2.58,201301201600
22869,2.11,201301201600
22877,0.85,201301201600
22928,2.8,201301201600
22940,2.46,201301201600
22955,1.47,201301201600
22963,0.84,201301201600
22966,1.45,201301201600
23120,2.87,201301201600
23124,0.62,201301201600
23125,2.35,201301201600
23131,2.17,201301201600
23138,1.14,201301201600
23169,2.33,201301201600
23194,2.11,201301201600
23216,2.67,201301201600
23370,0.53,201301201600
23371,2.62,201301201600
23379,1.43,201301201600
23386,1.42,201301201600
23388,0.73,201301201600
23427,2.96,201301201600
23621,2.83,201301201600
23627,1.94,201301201600
23635,0.95,201301201600
23641,1.47,201301201600
23662,1.4,201301201600
23669,2.84,201301201600
23690,1.3,201301201600
23744,2.55,201301201600
23750,1.68,201301201600
23872,2.78,201301201600
23873,2.7,201301201600
23875,1.28,201301201600
23881,0.58,201301201600
23894,2.29,201301201600
23896,0.51,201301201600
23907,1.38,201301201600
23925,2.64,201301201600
23973,0.62,201301201600
24005,1.79,201301201600
24009,0.96,201301201600
24032,2.93,201301201600
24122,1.29,201301201600
24123,0.58,201301201600
24149,2.64,201301201600
24247,2.23,201301201600
24251,2.95,201301201600
24265,1.65,201301201600
24266,2.23,201301201600
24373,2.0,201301201600
24374,0.53,201301201600
24380,1.04,201301201600
24381,2.13,201301201600
24383,0.87,201301201600
24387,2.63,201301201600
24402,1.64,201301201600
24405,0.99,201301201600
24423,1.17,201301201600
24623,2.78,201301201600
24626,2.75,201301201600
24643,2.37,201301201600
24732,0.61,201301201600
24734,0.89,201301201600
24739,1.5,201301201600
24774,2.72,201301201600
24775,0.76,201301201600
24781,1.29,201301201600
24837,2.09,201301201600
24874,2.41,201301201600
24877,2.17,201301201600
24879,0.53,201301201600
24880,0.96,201301201600
24895,2.09,201301201600
24920,1.85,201301201600
24990,1.06,201301201600
24991,1.48,201301201600
24993,0.83,201301201600
25124,2.34,201301201600
25125,1.73,201301201600
25126,2.35,201301201600
25129,0.61,201301201600
25130,2.71,201301201600
25132,1.26,201301201600
25136,2.53,201301201600
25138,2.86,201301201600
25141,1.75,201301201600
25179,1.22,201301201600
25187,1.46,201301201600
25375,1.3,201301201600
25376,2.37,201301201600
25377,0.77,201301201600
25379,2.59,201301201600
25385,2.61,201301201600
25395,2.69,201301201600
25400,0.54,201301201600
25405,2.72,201301201600
25412,0.65,201301201600
25427,2.29,201301201600
25626,0.7,201301201600
25627,1.3,201301201600
25628,2.13,201301201600
25629,0.57,201301201600
25632,2.63,201301201600
25633,0.66,201301201600
25642,1.84,201301201600
25715,0.59,201301201600
25747,1.18,201301201600
25763,0.68,201301201600
25876,1.42,201301201600
25877,1.23,201301201600
25878,1.68,201301201600
25881,0.92,201301201600
25882,1.69,201301201600
25886,2.58,201301201600
25888,1.27,201301201600
25926,1.89,201301201600
25997,1.52,201301201600
26005,0.89,201301201600
26035,1.72,201301201600
26127,1.28,201301201600
26129,2.39,201301201600
26130,1.97,201301201600
26133,2.12,201301201600
26135,1.14,201301201600
26136,0.77,201301201600
26138,1.12,201301201600
26139,1.9,201301201600
26141,2.17,201301201600
26148,0.96,201301201600
26168,1.95,201301201600
26378,2.53,201301201600
26379,1.84,201301201600
26380,2.75,201301201600
26381,0.81,201301201600
26382,0.57,201301201600
26383,0.91,201301201600
26385,0.71,201301201600
26386,2.59,201301201600
26387,2.24,201301201600
26389,1.66,201301201600
26391,1.45,201301201600
26392,1.01,201301201600
26393,2.2,201301201600
26396,1.08,201301201600
26403,0.55,201301201600
26408,1.61,201301201600
26427,0.78,201301201600
26450,2.83,201301201600
26492,1.44,201301201600
26546,2.03,201301201600
26563,2.84,201301201600
26564,1.36,201301201600
26628,1.93,201301201600
26629,2.39,201301201600
26630,2.42,201301201600
26631,2.6,201301201600
26633,1.1,201301201600
26634,1.86,201301201600
26656,2.69,201301201600
26674,1.87,201301201600
26708,1.91,201301201600
26752,2.39,201301201600
26754,2.04,201301201600
26755,2.97,201301201600
26782,2.73,201301201600
26846,0.53,201301201600
26879,2.31,201301201600
26880,1.76,201301201600
26881,1.11,201301201600
26882,1.95,201301201600
26883,0.75,201301201600
26884,2.57,201301201600
26885,2.13,201301201600
26886,1.89,201301201600
26887,0.5,201301201600
26889,2.79,201301201600
26890,2.93,201301201600
26891,2.87,201301201600
26892,1.38,201301201600
26893,2.92,201301201600
26894,2.12,201301201600
26895,1.23,201301201600
26897,1.06,201301201600
26905,1.0,201301201600
26938,0.8,201301201600
26964,0.72,201301201600
27006,2.5,201301201600
27042,0.89,201301201600
27098,0.79,201301201600
27130,2.7,201301201600
27131,1.34,201301201600
27132,0.74,201301201600
27133,0.94,201301201600
27134,0.91,201301201600
27135,2.38,201301201600
27136,2.6,201301201600
27137,0.75,201301201600
27138,2.83,201301201600
27142,2.74,201301201600
27143,0.94,201301201600
27145,1.1,201301201600
27148,1.61,201301201600
27149,2.9,201301201600
27152,2.73,201301201600
27155,0.56,201301201600
27175,1.91,201301201600
27209,1.18,201301201600
27247,2.36,201301201600
27381,0.97,201301201600
27382,0.97,201301201600
27383,0.91,201301201600
27384,1.77,201301201600
27386,1.17,201301201600
27387,2.71,201301201600
27388,2.19,201301201600
27389,1.31,201301201600
27390,2.75,201301201600
27392,1.34,201301201600
27395,2.9,201301201600
27404,2.77,201301201600
27415,2.66,201301201600
27427,2.39,201301201600
27489,2.15,201301201600
27494,1.06,201301201600
27498,1.35,201301201600
27518,0.51,201301201600
27632,2.06,201301201600
27633,0.57,201301201600
27634,1.07,201301201600
27635,1.3,201301201600
27636,1.77,201301201600
27637,2.79,201301201600
27638,1.96,201301201600
27639,2.58,201301201600
27640,1.54,201301201600
27642,2.71,201301201600
27643,1.65,201301201600
27645,1.21,201301201600
27646,1.98,201301201600
27647,2.67,201301201600
27649,2.07,201301201600
27654,0.85,201301201600
27763,1.42,201301201600
27764,2.71,201301201600
27796,1.14,201301201600
27797,2.13,201301201600
27883,2.21,201301201600
27884,1.99,201301201600
27885,1.82,201301201600
27886,1.29,201301201600
27887,1.58,201301201600
27888,1.82,201301201600
27889,0.66,201301201600
27890,1.78,201301201600
27891,1.06,201301201600
27892,1.09,201301201600
27894,1.59,201301201600
27895,2.57,201301201600
27897,1.02,201301201600
27902,1.1,201301201600
27908,2.35,201301201600
27911,1.69,201301201600
27930,1.0,201301201600
27971,2.47,201301201600
28004,0.63,201301201600
28015,2.49,201301201600
28049,0.79,201301201600
28102,2.95,201301201600
28134,2.22,201301201600
28135,0.95,201301201600
28136,1.04,201301201600
28137,0.64,201301201600
28138,2.9,201301201600
28139,1.41,201301201600
28140,0.63,201301201600
28142,2.24,201301201600
28143,0.53,201301201600
28144,1.35,201301201600
28146,1.76,201301201600
28154,1.71,201301201600
28156,1.32,201301201600
28216,2.27,201301201600
28239,2.88,201301201600
28384,2.57,201301201600
28385,1.9,201301201600
28386,1.02,201301201600
28387,0.95,201301201600
28388,2.92,201301201600
28389,2.21,201301201600
28390,0.77,201301201600
28391,2.13,201301201600
28392,2.95,201301201600
28393,1.27,201301201600
28394,1.65,201301201600
28396,2.94,201301201600
28397,2.23,201301201600
28400,1.19,201301201600
28401,2.93,201301201600
28405,0.74,201301201600
28427,0.94,201301201600
28467,2.75,201301201600
28496,1.03,201301201600
28497,2.7,201301201600
28519,1.34,201301201600
28535,2.15,201301201600
28539,0.79,201301201600
28545,2.05,201301201600
28557,2.03,201301201600
28635,1.56,201301201600
28636,0.77,201301201600
28637,1.7,201301201600
28638,2.45,201301201600
28639,1.32,201301201600
28640,0.95,201301201600
28641,2.38,201301201600
28642,0.75,201301201600
28643,2.19,201301201600
28644,2.34,201301201600
28645,1.28,201301201600
28646,1.63,201301201600
28649,1.13,201301201600
28658,0.93,201301201600
28667,1.91,201301201600
28675,2.14,201301201600
28751,1.65,201301201600
28753,0.6,201301201600
28754,0.86,201301201600
28788,1.53,201301201600
28812,2.05,201301201600
28823,1.0,201301201600
28886,1.5,201301201600
28887,1.05,201301201600
28888,1.42,201301201600
28889,1.02,201301201600
28890,1.54,201301201600
28891,1.66,201301201600
28892,2.84,201301201600
28893,1.11,201301201600
28894,2.94,201301201600
28895,0.61,201301201600
28896,2.26,201301201600
28897,1.62,201301201600
28899,1.85,201301201600
28900,2.77,201301201600
28901,0.68,201301201600
28902,1.89,201301201600
28905,0.98,201301201600
28912,1.02,201301201600
28960,0.53,201301201600
28969,2.64,201301201600
29004,2.3,201301201600
29012,0.82,201301201600
29026,1.34,201301201600
29068,1.71,201301201600
29076,1.37,201301201600
29088,0.75,201301201600
29094,1.99,201301201600
29136,2.88,201301201600
29137,0.79,201301201600
29138,1.29,201301201600
29139,0.92,201301201600
29140,0.74,201301201600
29141,1.87,201301201600
29142,2.63,201301201600
29143,1.55,201301201600
29144,0.52,201301201600
29146,2.8,201301201600
29147,2.59,201301201600
29148,2.67,201301201600
29149,2.98,201301201600
29151,2.49,201301201600
29158,2.2,201301201600
29165,2.69,201301201600
29171,2.01,201301201600
29190,2.15,201301201600
29247,1.99,201301201600
29387,1.63,201301201600
29388,2.66,201301201600
29389,1.74,201301201600
29390,1.86,201301201600
29391,1.75,201301201600
29392,0.78,201301201600
29393,1.43,201301201600
29394,1.8,201301201600
29395,1.18,201301201600
29396,1.41,201301201600
29397,2.6,201301201600
29398,2.53,201301201600
29399,2.96,201301201600
29401,2.28,201301201600
29402,1.37,201301201600
29403,2.81,201301201600
29405,1.83,201301201600
29409,1.95,201301201600
29425,2.28,201301201600
29429,0.69,201301201600
29495,1.1,201301201600
29498,1.08,201301201600
29533,2.0,201301201600
29556,2.92,201301201600
29638,2.09,201301201600
29639,0.82,201301201600
29640,2.67,201301201600
29641,2.7,201301201600
29642,1.38,201301201600
29643,2.66,201301201600
29644,2.27,201301201600
29645,1.9,201301201600
29648,2.61,201301201600
29649,0.8,201301201600
29650,1.74,201301201600
29654,0.93,201301201600
29663,0.84,201301201600
29670,2.16,201301201600
29710,2.35,201301201600
29730,1.88,201301201600
29733,1.58,201301201600
29736,2.43,201301201600
29766,2.89,201301201600
29891,0.61,201301201600
29892,0.59,201301201600
29893,1.03,201301201600
29894,2.1,201301201600
29895,0.59,201301201600
29896,2.14,201301201600
29897,1.03,201301201600
29898,2.52,201301201600
29900,0.82,201301201600
29903,2.9,201301201600
29906,1.67,201301201600
29909,0.87,201301201600
29912,0.56,201301201600
29917,0.98,201301201600
29925,2.33,201301201600
29966,2.58,201301201600
30021,0.52,201301201600
30026,2.77,201301201600
30036,0.96,201301201600
30142,1.57,201301201600
30143,2.6,201301201600
30144,2.53,201301201600
30145,2.18,201301201600
30146,1.13,201301201600
30147,2.06,201301201600
30148,2.61,201301201600
30152,0.61,201301201600
30154,1.42,201301201600
30157,2.39,201301201600
30158,1.32,201301201600
30181,1.29,201301201600
30242,2.93,201301201600
30243,2.52,201301201600
30244,1.26,201301201600
30261,0.89,201301201600
30300,0.62,201301201600
30322,2.49,201301201600
30393,2.07,201301201600
30394,2.64,201301201600
30395,0.59,201301201600
30396,1.42,201301201600
30397,2.41,201301201600
30398,0.96,201301201600
30400,2.31,201301201600
30401,2.03,201301201600
30403,1.9,201301201600
30407,0.68,201301201600
30410,2.6,201301201600
30420,1.82,201301201600
30430,2.51,201301201600
30434,1.24,201301201600
30439,2.85,201301201600
30481,1.2,201301201600
30489,1.85,201301201600
30494,1.09,201301201600
30495,2.98,201301201600
30496,0.88,201301201600
30645,2.54,201301201600
30646,1.78,201301201600
30647,0.72,201301201600
30648,1.97,201301201600
30649,2.76,201301201600
30650,1.94,201301201600
30651,1.79,201301201600
30652,2.75,201301201600
30653,2.23,201301201600
30654,0.61,201301201600
30661,0.81,201301201600
30664,2.0,201301201600
30666,0.71,201301201600
30669,1.2,201301201600
30673,1.84,201301201600
30683,1.78,201301201600
30745,0.98,201301201600
30750,0.62,201301201600
30777,2.35,201301201600
30780,2.85,201301201600
30812,2.08,201301201600
30897,2.44,201301201600
30898,2.03,201301201600
30899,1.85,201301201600
30900,2.21,201301201600
30901,1.61,201301201600
30902,2.51,201301201600
30903,1.44,201301201600
30904,2.67,201301201600
30908,0.81,201301201600
30909,1.9,201301201600
30912,2.65,201301201600
30913,2.88,201301201600
30928,2.68,201301201600
30953,2.99,201301201600
30979,0.95,201301201600
30994,1.56,201301201600
30995,0.74,201301201600
31027,1.49,201301201600
31028,1.47,201301201600
31029,1.48,201301201600
31082,1.55,201301201600
31148,2.82,201301201600
31149,0.94,201301201600
31150,0.88,201301201600
31151,1.96,201301201600
31152,2.51,201301201600
31156,1.53,201301201600
31157,1.63,201301201600
31161,1.33,201301201600
31166,2.36,201301201600
31172,2.95,201301201600
31274,1.57,201301201600
31281,1.6,201301201600
31369,0.84,201301201600
31398,2.68,201301201600
31401,0.68,201301201600
31407,1.02,201301201600
31408,1.44,201301201600
31409,2.9,201301201600
31410,2.07,201301201600
31413,1.46,201301201600
31419,1.22,201301201600
31427,2.61,201301201600
31457,0.83,201301201600
31466,1.34,201301201600
31651,2.89,201301201600
31652,1.72,201301201600
31656,2.31,201301201600
31660,2.78,201301201600
31663,3.0,201301201600
31666,1.99,201301201600
31675,2.14,201301201600
31738,0.69,201301201600
31754,0.6,201301201600
31782,2.74,201301201600
31903,1.68,201301201600
31904,1.0,201301201600
31905,2.69,201301201600
31906,0.59,201301201600
31908,1.05,201301201600
31912,1.07,201301201600
31921,1.3,201301201600
31928,2.32,201301201600
31949,2.7,201301201600
32028,2.06,201301201600
32032,2.5,201301201600
32045,0.5,201301201600
32150,2.36,201301201600
32155,2.93,201301201600
32157,0.76,201301201600
32161,1.72,201301201600
32162,2.18,201301201600
32167,1.02,201301201600
32169,2.97,201301201600
32175,0.87,201301201600
32182,0.53,201301201600
32185,0.71,201301201600
32195,1.02,201301201600
32235,1.38,201301201600
32404,0.83,201301201600
32405,1.65,201301201600
32410,2.74,201301201600
32411,0.55,201301201600
32415,1.16,201301201600
32449,2.99,201301201600
32490,0.66,201301201600
32558,1.37,201301201600
32622,1.12,201301201600
32656,1.79,201301201600
32658,0.87,201301201600
32660,2.35,201301201600
32662,1.72,201301201600
32668,1.42,201301201600
32682,2.63,201301201600
32697,2.22,201301201600
32712,2.38,201301201600
32729,2.04,201301201600
32739,2.85,201301201600
32742,0.72,201301201600
32744,0.53,201301201600
32802,0.64,201301201600
32834,2.93,201301201600
32905,1.4,201301201600
32907,1.77,201301201600
32912,1.81,201301201600
32916,1.32,201301201600
32922,1.37,201301201600
32924,1.93,201301201600
32926,1.82,201301201600
32929,1.38,201301201600
32977,1.74,201301201600
32978,2.66,201301201600
33154,2.27,201301201600
33158,1.98,201301201600
33160,2.43,201301201600
33165,1.43,201301201600
33170,0.68,201301201600
33186,1.02,201301201600
33286,2.9,201301201600
33405,0.72,201301201600
33409,1.71,201301201600
33412,0.67,201301201600
33418,1.13,201301201600
33420,2.09,201301201600
33424,1.08,201301201600
33435,1.97,201301201600
33442,1.84,201301201600
33519,0.73,201301201600
33594,2.65,201301201600
33656,1.48,201301201600
33659,2.0,201301201600
33662,2.4,201301201600
33664,0.88,201301201600
33666,1.72,201301201600
33669,2.1,201301201600
33673,1.45,201301201600
33675,2.89,201301201600
33694,3.0,201301201600
33724,2.56,201301201600
33742,1.72,201301201600
33812,0.8,201301201600
33909,0.5,201301201600
33911,2.47,201301201600
33912,1.02,201301201600
33913,2.93,201301201600
33922,1.12,201301201600
33923,2.95,201301201600
33924,0.93,201301201600
33931,0.68,201301201600
33935,2.92,201301201600
33986,1.16,201301201600
34013,1.98,201301201600
34160,2.61,201301201600
34161,1.44,201301201600
34162,2.88,201301201600
34163,1.29,201301201600
34167,2.12,201301201600
34190,2.77,201301201600
34211,2.31,201301201600
34303,2.67,201301201600
34380,2.32,201301201600
34407,1.71,201301201600
34413,2.66,201301201600
34423,0.68,201301201600
34424,1.08,201301201600
34427,2.77,201301201600
34430,2.8,201301201600
34437,2.55,201301201600
34440,2.97,201301201600
34486,1.9,201301201600
34495,2.92,201301201600
34510,1.6,201301201600
34520,2.71,201301201600
34528,2.17,201301201600
34563,2.39,201301201600
34662,1.68,201301201600
34667,2.01,201301201600
34668,2.99,201301201600
34670,0.62,201301201600
34672,1.46,201301201600
34673,2.3,201301201600
34676,2.94,201301201600
34679,0.69,201301201600
34682,1.5,201301201600
34695,1.91,201301201600
34710,1.76,201301201600
34714,2.16,201301201600
34720,2.12,201301201600
34882,0.56,201301201600
34913,0.53,201301201600
34914,2.1,201301201600
34915,0.81,201301201600
34924,1.94,201301201600
34925,0.73,201301201600
34934,1.82,201301201600
34939,1.58,201301201600
34959,2.16,201301201600
34990,0.58,201301201600
35102,2.25,201301201600
35164,1.1,201301201600
35166,2.53,201301201600
35173,2.83,201301201600
35178,2.34,201301201600
35183,0.88,201301201600
35185,2.37,201301201600
35187,2.83,201301201600
35193,2.98,201301201600
35203,1.63,201301201600
35218,2.11,201301201600
35237,1.49,201301201600
35244,2.0,201301201600
35249,2.17,201301201600
35295,1.77,201301201600
35368,0.53,201301201600
35410,1.86,201301201600
35414,0.98,201301201600
35415,1.32,201301201600
35417,1.37,201301201600
35421,1.08,201301201600
35440,1.81,201301201600
35455,2.44,201301201600
35492,2.17,201301201600
35515,0.51,201301201600
35665,2.08,201301201600
35675,1.64,201301201600
35683,2.78,201301201600
35686,1.03,201301201600
35700,2.57,201301201600
35745,2.73,201301201600
35755,1.15,201301201600
35769,0.87,201301201600
35916,1.55,201301201600
35917,0.69,201301201600
35918,0.91,201301201600
35919,0.94,201301201600
35921,1.34,201301201600
35929,0.5,201301201600
35931,1.16,201301201600
35941,1.93,201301201600
35944,1.6,201301201600
35971,0.71,201301201600
35981,1.37,201301201600
35992,1.06,201301201600
35994,1.81,201301201600
36067,1.37,201301201600
36162,2.2,201301201600
36167,1.21,201301201600
36169,1.54,201301201600
36170,0.62,201301201600
36173,0.73,201301201600
36176,0.97,201301201600
36177,2.26,201301201600
36205,1.85,201301201600
36237,1.9,201301201600
36245,1.2,201301201600
36246,2.51,201301201600
36293,0.54,201301201600
36311,1.45,201301201600
36417,2.07,201301201600
36420,1.03,201301201600
36421,0.75,201301201600
36441,1.77,201301201600
36448,2.63,201301201600
36494,1.09,201301201600
36498,1.27,201301201600
36502,1.56,201301201600
36510,1.52,201301201600
36513,0.7,201301201600
36519,2.65,201301201600
36524,2.64,201301201600
36576,2.86,201301201600
36668,1.51,201301201600
36673,1.73,201301201600
36675,0.82,201301201600
36677,2.98,201301201600
36679,0.53,201301201600
36682,2.43,201301201600
36688,1.24,201301201600
36690,1.17,201301201600
36711,1.72,201301201600
36717,2.82,201301201600
36758,0.73,201301201600
36889,2.33,201301201600
36915,1.93,201301201600
36918,1.73,201301201600
36933,2.85,201301201600
36934,0.7,201301201600
36953,0.52,201301201600
36959,1.11,201301201600
36996,1.31,201301201600
36999,1.08,201301201600
37001,2.82,201301201600
37167,1.42,201301201600
37168,0.83,201301201600
37169,0.51,201301201600
37172,0.59,201301201600
37176,1.92,201301201600
37178,2.63,201301201600
37179,0.85,201301201600
37182,1.39,201301201600
37192,1.82,201301201600
37200,2.7,201301201600
37206,1.63,201301201600
37232,2.1,201301201600
37239,1.61,201301201600
37270,2.9,201301201600
37298,1.31,201301201600
37304,0.98,201301201600
37419,2.77,201301201600
37421,2.07,201301201600
37423,2.32,201301201600
37425,2.8,201301201600
37446,1.28,201301201600
37454,1.95,201301201600
37477,2.11,201301201600
37487,2.38,201301201600
37501,2.99,201301201600
37503,1.43,201301201600
37513,2.55,201301201600
37523,2.96,201301201600
37562,1.31,201301201600
37609,1.28,201301201600
37642,1.07,201301201600
37643,2.04,201301201600
37670,1.09,201301201600
37671,2.13,201301201600
37672,1.15,201301201600
37676,2.46,201301201600
37688,1.78,201301201600
37689,1.58,201301201600
37690,2.17,201301201600
37695,0.54,201301201600
37701,2.37,201301201600
37710,2.58,201301201600
37711,1.14,201301201600
37754,2.14,201301201600
37874,2.95,201301201600
37891,1.77,201301201600
37893,2.39,201301201600
37894,2.14,201301201600
37926,2.62,201301201600
37928,2.89,201301201600
37929,2.52,201301201600
37932,1.29,201301201600
37936,0.87,201301201600
37943,2.43,201301201600
37952,1.12,201301201600
37962,0.83,201301201600
37968,0.95,201301201600
38003,2.03,201301201600
38060,2.67,201301201600
38145,1.64,201301201600
38172,1.07,201301201600
38173,0.98,201301201600
38178,0.55,201301201600
38200,1.87,201301201600
38204,1.97,201301201600
38209,2.35,201301201600
38215,1.57,201301201600
38220,2.93,201301201600
38225,2.96,201301201600
38228,2.74,201301201600
38230,1.12,201301201600
38243,1.93,201301201600
38247,2.09,201301201600
38255,1.26,201301201600
38263,1.54,201301201600
38268,0.51,201301201600
38272,2.29,201301201600
38367,2.56,201301201600
38381,1.55,201301201600
38423,2.34,201301201600
38425,2.19,201301201600
38426,0.69,201301201600
38431,2.51,201301201600
38440,1.43,201301201600
38479,1.54,201301201600
38481,0.79,201301201600
38483,1.76,201301201600
38488,2.28,201301201600
38490,0.57,201301201600
38498,1.21,201301201600
38499,2.2,201301201600
38500,0.89,201301201600
38505,1.54,201301201600
38506,0.54,201301201600
38508,2.06,201301201600
38517,2.35,201301201600
38534,1.22,201301201600
38648,1.52,201301201600
38674,2.43,201301201600
38676,2.68,201301201600
38679,1.43,201301201600
38684,2.15,201301201600
38693,2.82,201301201600
38697,2.0,201301201600
38716,1.05,201301201600
38722,1.67,201301201600
38736,2.65,201301201600
38738,0.7,201301201600
38752,0.63,201301201600
38753,1.47,201301201600
38758,0.73,201301201600
38760,2.81,201301201600
38761,2.04,201301201600
38762,1.88,201301201600
38766,2.44,201301201600
38769,2.08,201301201600
38778,1.2,201301201600
38812,2.67,201301201600
38939,2.96,201301201600
38953,2.79,201301201600
38958,2.07,201301201600
38967,2.36,201301201600
39006,1.53,201301201600
39008,1.79,201301201600
39010,2.93,201301201600
39011,1.15,201301201600
39017,1.85,201301201600
39113,2.03,201301201600
39148,1.95,201301201600
39149,1.6,201301201600
39176,2.45,201301201600
39178,1.34,201301201600
39191,2.61,201301201600
39201,1.85,201301201600
39230,1.48,201301201600
39236,2.57,201301201600
39246,2.6,201301201600
39252,1.96,201301201600
39255,2.82,201301201600
39260,1.0,201301201600
39262,2.24,201301201600
39263,1.52,201301201600
39268,0.84,201301201600
39269,1.84,201301201600
39271,1.13,201301201600
39274,2.61,201301201600
39275,2.65,201301201600
39375,1.89,201301201600
39391,1.77,201301201600
39427,2.02,201301201600
39428,1.66,201301201600
39430,2.0,201301201600
39433,0.99,201301201600
39446,2.01,201301201600
39457,0.77,201301201600
39514,2.7,201301201600
39515,1.83,201301201600
39516,2.44,201301201600
39517,1.13,201301201600
39535,2.63,201301201600
39554,1.72,201301201600
39559,2.19,201301201600
39631,1.0,201301201600
39632,2.22,201301201600
39633,2.5,201301201600
39652,1.33,201301201600
39683,1.36,201301201600
39687,2.44,201301201600
39706,1.63,201301201600
39710,0.96,201301201600
39722,0.64,201301201600
39731,2.71,201301201600
39750,1.89,201301201600
39755,2.72,201301201600
39759,1.73,201301201600
39762,1.92,201301201600
39764,0.5,201301201600
39765,2.8,201301201600
39766,0.79,201301201600
39767,1.03,201301201600
39769,2.01,201301201600
39772,2.19,201301201600
39776,0.68,201301201600
39777,0.61,201301201600
39790,0.87,201301201600
39791,2.51,201301201600
39796,2.11,201301201600
39832,1.6,201301201600
39883,1.56,201301201600
39930,2.3,201301201600
39932,2.84,201301201600
39941,0.69,201301201600
39948,1.7,201301201600
39969,1.78,201301201600
40018,0.59,201301201600
40031,0.76,201301201600
40133,1.44,201301201600
40180,1.56,201301201600
40188,1.16,201301201600
40196,2.66,201301201600
40242,1.53,201301201600
40246,1.7,201301201600
40259,1.18,201301201600
40264,1.53,201301201600
40267,1.16,201301201600
40268,0.99,201301201600
40270,0.62,201301201600
40276,1.62,201301201600
40286,2.67,201301201600
40295,2.82,201301201600
40431,2.44,201301201600
40432,2.94,201301201600
40442,2.38,201301201600
40447,2.64,201301201600
40448,1.37,201301201600
40451,1.25,201301201600
40457,1.38,201301201600
40500,1.13,201301201600
40512,2.77,201301201600
40518,1.85,201301201600
40519,0.61,201301201600
40522,1.43,201301201600
40524,1.43,201301201600
40525,0.55,201301201600
40532,0.62,201301201600
40560,0.72,201301201600
40566,1.61,201301201600
40633,2.62,201301201600
40687,1.82,201301201600
40713,2.89,201301201600
40719,1.02,201301201600
40732,0.88,201301201600
40733,1.4,201301201600
40766,1.08,201301201600
40810,1.25,201301201600
40894,2.31,201301201600
40933,2.45,201301201600
40936,0.66,201301201600
40939,2.35,201301201600
40954,1.39,201301201600
40982,1.02,201301201600
41021,1.12,201301201600
41024,2.35,201301201600
41061,2.99,201301201600
41145,2.04,201301201600
41157,1.55,201301201600
41183,0.64,201301201600
41200,2.82,201301201600
41262,0.7,201301201600
41265,2.17,201301201600
41270,1.64,201301201600
41277,2.36,201301201600
41318,1.91,201301201600
41401,2.21,201301201600
41407,2.07,201301201600
41437,2.01,201301201600
41459,1.14,201301201600
41465,0.51,201301201600
41469,2.08,201301201600
41508,1.83,201301201600
41520,1.49,201301201600
41522,2.84,201301201600
41526,1.16,201301201600
41532,1.18,201301201600
41558,1.97,201301201600
41635,0.72,201301201600
41653,0.66,201301201600
41658,2.11,201301201600
41692,2.13,201301201600
41696,1.86,201301201600
41764,2.71,201301201600
41772,2.85,201301201600
41893,2.48,201301201600
41904,2.27,201301201600
41905,2.05,201301201600
41936,1.75,201301201600
41941,0.84,201301201600
41958,2.27,201301201600
41990,1.59,201301201600
42023,0.94,201301201600
42026,0.71,201301201600
42029,1.75,201301201600
42074,1.42,201301201600
42085,1.39,201301201600
42095,1.33,201301201600
42147,2.52,201301201600
42160,1.31,201301201600
42200,2.71,201301201600
42213,1.48,201301201600
42267,1.93,201301201600
42271,2.09,201301201600
42274,1.83,201301201600
42283,1.17,201301201600
42291,2.34,201301201600
42342,2.13,201301201600
42411,2.98,201301201600
42438,1.27,201301201600
42454,1.55,201301201600
42471,0.83,201301201600
42478,2.96,201301201600
42487,2.42,201301201600
42503,1.52,201301201600
42514,1.33,201301201600
42521,0.79,201301201600
42533,2.03,201301201600
42644,0.87,201301201600
42661,0.54,201301201600
42695,2.99,201301201600
42744,1.97,201301201600
42750,1.69,201301201600
42846,1.63,201301201600
42905,2.09,201301201600
42912,1.93,201301201600
42939,1.08,201301201600
42940,0.68,201301201600
42944,2.52,201301201600
42949,1.43,201301201600
43011,1.18,201301201600
43021,1.55,201301201600
43030,1.1,201301201600
43151,1.8,201301201600
43160,0.82,201301201600
43162,2.37,201301201600
43213,2.88,201301201600
43220,0.86,201301201600
43261,2.93,201301201600
43412,1.75,201301201600
43413,1.49,201301201600
43440,2.13,201301201600
43443,1.81,201301201600
43449,1.34,201301201600
43483,1.21,201301201600
43484,2.86,201301201600
43494,2.59,201301201600
43518,2.05,201301201600
43523,1.87,201301201600
43526,0.8,201301201600
43530,2.97,201301201600
43571,0.53,201301201600
43642,1.17,201301201600
43662,1.85,201301201600
43738,0.9,201301201600
43760,1.07,201301201600
43779,2.3,201301201600
43914,1.03,201301201600
43957,2.92,201301201600
43980,2.07,201301201600
43984,1.22,201301201600
43992,2.26,201301201600
43995,1.92,201301201600
44002,2.23,201301201600
44039,1.13,201301201600
44194,1.95,201301201600
44197,0.85,201301201600
44204,1.3,201301201600
44215,1.78,201301201600
44226,0.61,201301201600
44247,0.59,201301201600
44255,2.95,201301201600
44282,0.8,201301201600
44284,2.15,201301201600
44356,1.77,201301201600
44470,0.96,201301201600
44486,1.84,201301201600
44503,1.73,201301201600
44504,2.27,201301201600
44510,1.78,201301201600
44517,1.03,201301201600
44534,0.81,201301201600
44578,1.15,201301201600
44666,2.75,201301201600
44694,1.74,201301201600
44697,0.8,201301201600
44716,2.61,201301201600
44724,1.2,201301201600
44743,0.95,201301201600
44755,1.75,201301201600
44756,0.86,201301201600
44757,2.08,201301201600
44758,1.23,201301201600
44786,1.67,201301201600
44787,1.43,201301201600
44911,2.49,201301201600
44963,2.08,201301201600
45005,1.07,201301201600
45006,1.57,201301201600
45007,0.95,201301201600
45008,2.69,201301201600
45039,1.97,201301201600
45114,2.54,201301201600
45168,1.33,201301201600
45200,1.17,201301201600
45203,2.15,201301201600
45208,2.63,201301201600
45237,2.14,201301201600
45254,2.65,201301201600
45256,0.77,201301201600
45258,1.04,201301201600
45261,2.87,201301201600
45265,2.73,201301201600
45266,2.05,201301201600
45401,1.17,201301201600
45479,1.68,201301201600
45502,2.65,201301201600
45507,2.35,201301201600
45509,2.72,201301201600
45526,2.99,201301201600
45538,2.66,201301201600
45582,1.17,201301201600
45661,2.7,201301201600
45701,2.28,201301201600
45703,0.71,201301201600
45716,1.4,201301201600
45720,1.35,201301201600
45725,2.26,201301201600
45735,1.14,201301201600
45747,1.12,201301201600
45766,1.7,201301201600
45793,2.39,201301201600
45795,1.42,201301201600
45919,0.83,201301201600
45948,1.35,201301201600
46008,2.76,201301201600
46036,2.48,201301201600
46041,0.66,201301201600
46052,1.68,201301201600
46074,1.16,201301201600
46145,0.83,201301201600
46202,0.92,201301201600
46209,1.23,201301201600
46242,0.64,201301201600
46265,1.37,201301201600
46372,2.61,201301201600
46384,2.82,201301201600
46455,2.28,201301201600
46508,2.25,201301201600
46523,2.86,201301201600
46538,2.46,201301201600
46565,2.36,201301201600
46574,2.9,201301201600
46626,2.14,201301201600
46700,1.78,201301201600
46738,1.33,201301201600
46770,2.47,201301201600
46778,2.26,201301201600
46787,2.66,201301201600
46803,1.37,201301201600
46954,1.23,201301201600
46964,2.17,201301201600
46972,1.39,201301201600
46976,1.84,201301201600
46981,2.41,201301201600
47011,1.46,201301201600
47015,1.27,201301201600
47047,2.56,201301201600
47253,1.09,201301201600
47288,2.71,201301201600
47295,2.34,201301201600
47342,0.66,201301201600
47454,2.16,201301201600
47535,1.11,201301201600
47543,1.81,201301201600
47705,0.87,201301201600
47709,1.88,201301201600
47711,0.56,201301201600
47758,2.94,201301201600
47806,0.88,201301201600
47889,2.57,201301201600
47926,1.67,201301201600
47968,1.8,201301201600
47972,2.55,201301201600
47977,1.21,201301201600
47982,2.89,201301201600
48032,0.59,201301201600
48209,1.24,201301201600
48239,1.34,201301201600
48244,1.43,201301201600
48278,1.16,201301201600
48420,1.2,201301201600
48427,1.65,201301201600
48499,2.12,201301201600
48503,2.92,201301201600
48552,2.23,201301201600
48584,1.75,201301201600
48713,2.32,201301201600
48759,1.24,201301201600
48848,2.68,201301201600
48898,1.06,201301201600
49017,2.66,201301201600
49049,2.41,201301201600
49229,2.15,201301201600
49241,2.5,201301201600
49472,2.12,201301201600
49483,1.68,201301201600
49542,2.79,201301201600
49555,2.05,201301201600
49679,2.0,201301201600
49750,0.89,201301201600
49760,1.14,201301201600
49777,2.39,201301201600
49968,2.02,201301201600
50053,1.51,201301201600
50103,2.41,201301201600
50180,1.31,201301201600
50285,0.65,201301201600
50430,1.51,201301201600
50470,1.67,201301201600
50494,0.94,201301201600
50511,2.11,201301201600
50549,0.6,201301201600
50680,1.54,201301201600
50682,1.01,201301201600
50731,1.13,201301201600
50812,1.62,201301201600
50872,1.64,201301201600
51029,1.02,201301201600
51046,1.77,201301201600
51053,0.87,201301201600
51056,0.88,201301201600
51162,0.99,201301201600
51177,2.77,201301201600
51182,2.86,201301201600
51228,2.83,201301201600
51258,1.33,201301201600
51430,1.75,201301201600
51431,1.9,201301201600
51432,0.84,201301201600
51520,1.48,201301201600
51681,2.98,201301201600
51682,0.96,201301201600
51725,1.58,201301201600
51790,2.88,201301201600
51832,0.95,201301201600
51857,1.16,201301201600
51931,1.48,201301201600
51932,1.24,201301201600
51986,0.56,201301201600
52003,2.27,201301201600
52182,0.96,201301201600
52244,2.66,201301201600
52259,1.48,201301201600
52280,2.56,201301201600
52319,1.08,201301201600
52473,2.45,201301201600
52518,2.65,201301201600
52631,2.96,201301201600
52679,1.28,201301201600
52729,2.6,201301201600
52811,1.84,201301201600
52983,0.6,201301201600
52988,2.98,201301201600
52993,2.97,201301201600
53000,1.45,201301201600
53016,1.42,201301201600
53027,1.48,201301201600
53072,2.96,201301201600
53090,1.48,201301201600
53177,1.49,201301201600
53178,1.32,201301201600
53381,2.72,201301201600
53427,0.51,201301201600
53429,1.24,201301201600
53761,1.25,201301201600
53774,1.78,201301201600
53797,2.36,201301201600
53810,1.13,201301201600
53822,0.62,201301201600
53864,1.68,201301201600
53927,1.29,201301201600
54038,1.53,201301201600
54071,1.34,201301201600
54234,2.5,201301201600
54281,2.57,201301201600
54284,2.0,201301201600
54327,2.6,201301201600
54334,2.02,201301201600
54349,1.92,201301201600
54427,1.92,201301201600
54503,2.38,201301201600
54510,1.43,201301201600
54520,2.51,201301201600
54550,2.53,201301201600
54578,0.84,201301201600
54678,1.96,201301201600
54828,0.56,201301201600
54983,1.92,201301201600
54996,0.75,201301201600
55070,0.64,201301201600
55329,1.8,201301201600
55331,1.98,201301201600
55535,1.03,201301201600
55633,1.85,201301201600
55680,2.02,201301201600
55761,0.6,201301201600
55831,0.77,201301201600
55832,2.09,201301201600
55838,1.01,201301201600
55845,1.24,201301201600
56106,0.51,201301201600
56493,1.97,201301201600
56571,2.27,201301201600
56586,2.78,201301201600
56587,1.95,201301201600
56591,1.62,201301201600
56738,0.94,201301201600
56835,1.04,201301201600
56882,2.96,201301201600
56887,2.26,201301201600
56888,1.41,201301201600
56933,1.9,201301201600
56934,1.7,201301201600
57042,2.29,201301201600
57062,0.78,201301201600
57189,1.6,201301201600
57261,2.09,201301201600
57329,1.46,201301201600
57342,1.57,201301201600
57376,2.86,201301201600
57378,2.85,201301201600
57380,0.58,201301201600
57397,2.35,201301201600
57440,2.88,201301201600
57495,2.21,201301201600
57523,1.32,201301201600
57555,2.88,201301201600
57597,2.93,201301201600
57613,1.88,201301201600
57615,2.05,201301201600
57628,2.84,201301201600
57631,0.72,201301201600
57823,1.05,201301201600
57837,2.58,201301201600
57851,1.93,201301201600
57852,0.83,201301201600
57906,1.65,201301201600
58179,2.15,201301201600
58251,2.34,201301201600
58421,2.46,201301201600
58511,2.52,201301201600
58632,0.66,201301201600
58744,2.08,201301201600
58802,1.75,201301201600
58814,2.99,201301201600
58879,2.72,201301201600
58892,1.43,201301201600
59010,2.96,201301201600
59043,2.71,201301201600
59104,2.95,201301201600
59125,0.7,201301201600
59134,1.95,201301201600
59285,1.69,201301201600
59329,0.82,201301201600
59555,2.94,201301201600
59635,2.25,201301201600
59745,0.52,201301201600
59927,1.85,201301201600
59941,2.94,201301201600
60008,2.47,201301201600
60011,0.91,201301201600
60114,1.72,201301201600
60141,1.18,201301201600
60147,2.67,201301201600
60331,1.21,201301201600
60344,0.62,201301201600
60350,1.68,201301201600
60578,1.77,201301201600
60593,2.07,201301201600
60613,2.91,201301201600
60630,2.84,201301201600
60635,2.98,201301201600
60649,0.63,201301201600
60750,2.89,201301201600
60774,0.84,201301201600
60819,1.6,201301201600
60880,1.23,201301201600
60888,1.29,201301201600
61062,0.53,201301201600
61110,2.5,201301201600
61263,1.94,201301201600
61343,2.31,201301201600
61591,1.5,201301201600
61597,1.1,201301201600
61654,2.93,201301201600
61818,2.52,201301201600
62077,1.11,201301201600
62104,1.73,201301201600
62135,1.68,201301201600
62140,2.56,201301201600
62252,2.57,201301201600
62558,1.6,201301201600
62589,2.7,201301201600
62757,0.52,201301201600
62772,1.94,201301201600
62850,1.85,201301201600
62926,2.06,201301201600
62948,2.71,201301201600
63044,2.97,201301201600
63153,2.94,201301201600
63383,2.84,201301201600
63397,2.43,201301201600
63398,2.97,201301201600
63407,0.79,201301201600
63574,2.71,201301201600
63586,1.32,201301201600
63816,1.51,201301201600
64102,2.85,201301201600
64150,2.56,201301201600
64200,1.79,201301201600
64515,2.52,201301201600
64529,2.86,201301201600
64573,2.37,201301201600
64581,2.35,201301201600
64815,0.68,201301201600
64915,1.26,201301201600
65059,1.31,201301201600
65144,2.74,201301201600
65320,2.29,201301201600
65375,2.63,201301201600
65454,2.02,201301201600
65528,2.07,201301201600
65607,0.79,201301201600
65774,0.87,201301201600
65838,2.61,201301201600
66068,1.84,201301201600
66084,2.46,201301201600
66151,2.27,201301201600
66353,1.01,201301201600
66538,2.99,201301201600
66575,2.08,201301201600
66637,1.9,201301201600
66827,1.59,201301201600
66870,2.43,201301201600
67110,2.11,201301201600
67207,1.25,201301201600
67335,2.11,201301201600
67385,2.85,201301201600
67599,2.39,201301201600
67601,2.44,201301201600
67602,0.56,201301201600
67698,1.31,201301201600
67824,1.58,201301201600
67842,1.61,201301201600
67854,2.15,201301201600
67855,2.33,201301201600
67918,0.85,201301201600
68103,2.01,201301201600
68104,0.84,201301201600
68110,1.98,201301201600
68111,1.95,201301201600
68349,1.06,201301201600
68354,0.9,201301201600
68356,1.52,201301201600
68454,1.71,201301201600
68455,2.03,201301201600
68587,2.96,201301201600
68857,1.03,201301201600
68858,2.01,201301201600
68897,0.82,201301201600
68924,2.28,201301201600
68930,1.54,201301201600
69106,2.79,201301201600
69190,2.23,201301201600
69206,0.53,201301201600
69359,1.91,201301201600
69371,0.99,201301201600
69455,2.45,201301201600
69582,2.82,201301201600
69613,0.55,201301201600
69676,0.76,201301201600
70115,1.99,201301201600
70132,0.64,201301201600
70181,1.52,201301201600
70342,1.56,201301201600
70352,1.91,201301201600
70360,1.6,201301201600
70374,1.71,201301201600
70440,2.81,201301201600
70462,1.02,201301201600
70619,2.83,201301201600
70659,1.67,201301201600
70715,2.0,201301201600
70903,2.42,201301201600
70934,1.83,201301201600
70961,2.03,201301201600
71122,2.52,201301201600
71187,0.94,201301201600
71399,2.51,201301201600
71601,2.29,201301201600
71629,1.24,201301201600
71888,2.48,201301201600
71961,1.68,201301201600
71964,0.66,201301201600
72201,0.83,201301201600
72218,0.51,201301201600
72345,2.07,201301201600
72367,2.8,201301201600
72407,2.27,201301201600
72416,1.06,201301201600
72706,2.14,201301201600
72894,2.03,201301201600
73104,2.43,201301201600
73135,1.71,201301201600
73211,2.14,201301201600
73223,2.54,201301201600
73451,1.15,201301201600
73460,2.76,201301201600
73461,0.65,201301201600
73557,1.07,201301201600
73669,0.64,201301201600
74158,0.73,201301201600
74216,1.74,201301201600
74388,2.88,201301201600
74396,2.58,201301201600
74466,2.56,201301201600
74467,2.52,201301201600
74638,2.78,201301201600
74677,0.62,201301201600
74678,2.33,201301201600
74711,0.64,201301201600
74721,2.85,201301201600
74962,2.72,201301201600
74968,1.58,201301201600
74973,2.69,201301201600
75224,2.59,201301201600
75329,2.47,201301201600
75386,2.32,201301201600
75424,2.16,201301201600
75436,1.99,201301201600
75475,1.56,201301201600
75619,2.87,201301201600
75721,1.74,201301201600
75722,1.44,201301201600
75724,2.72,201301201600
75725,1.73,201301201600
75726,1.64,201301201600
75727,1.76,201301201600
75974,2.38,201301201600
75975,2.04,201301201600
76133,1.0,201301201600
76227,1.18,201301201600
76393,2.02,201301201600
76473,1.95,201301201600
76477,1.18,201301201600
76654,0.8,201301201600
76728,0.96,201301201600
76959,0.95,201301201600
77169,2.28,201301201600
77230,2.53,201301201600
77381,2.94,201301201600
77458,1.34,201301201600
77641,1.3,201301201600
77942,0.76,201301201600
77981,2.35,201301201600
78205,2.57,201301201600
78418,0.6,201301201600
78654,1.58,201301201600
78733,1.44,201301201600
78881,1.73,201301201600
78896,2.24,201301201600
78909,2.6,201301201600
78983,2.31,201301201600
79234,1.39,201301201600
79379,0.61,201301201600
79394,2.36,201301201600
79484,1.9,201301201600
79712,2.45,201301201600
79911,0.82,201301201600
79915,2.89,201301201600
80160,0.79,201301201600
80161,0.95,201301201600
80193,2.3,201301201600
80352,2.95,201301201600
80397,1.49,201301201600
80406,2.1,201301201600
80411,2.86,201301201600
80412,2.95,201301201600
80413,1.82,201301201600
80420,1.23,201301201600
80485,2.29,201301201600
80635,2.21,201301201600
80659,2.79,201301201600
80663,1.21,201301201600
80664,2.54,201301201600
80703,0.99,201301201600
80877,2.02,201301201600
80916,2.09,201301201600
81163,1.26,201301201600
81164,1.81,201301201600
81354,1.31,201301201600
81363,0.87,201301201600
81390,2.63,201301201600
81625,2.13,201301201600
81651,2.68,201301201600
81899,1.75,201301201600
82135,1.42,201301201600
82168,2.12,201301201600
82169,2.36,201301201600
82237,2.32,201301201600
82613,2.89,201301201600
82622,0.98,201301201600
82664,0.96,201301201600
82892,2.28,201301201600
82951,1.99,201301201600
83410,2.28,201301201600
83489,2.13,201301201600
83735,1.02,201301201600
83865,0.78,201301201600
84123,1.21,201301201600
84179,1.18,201301201600
84207,2.82,201301201600
84212,2.71,201301201600
84221,1.63,201301201600
84366,2.86,201301201600
84689,1.94,201301201600
84712,2.7,201301201600
84902,0.72,201301201600
85474,2.91,201301201600
85487,1.77,201301201600
85620,1.99,201301201600
85705,1.31,201301201600
85715,1.55,201301201600
85738,0.87,201301201600
86440,0.66,201301201600
86622,1.95,201301201600
86623,1.28,201301201600
86672,1.65,201301201600
86873,0.65,201301201600
86895,2.24,201301201600
87121,1.39,201301201600
87227,1.07,201301201600
87460,2.7,201301201600
87690,2.18,201301201600
87873,0.9,201301201600
88242,2.59,201301201600
88463,2.92,201301201600
89120,2.71,201301201600
89152,2.08,201301201600
89175,2.36,201301201600
89198,1.91,201301201600
89615,2.48,201301201600
89625,2.93,201301201600
90116,0.73,201301201600
90183,2.43,201301201600
90497,0.53,201301201600
90699,2.0,201301201600
90719,1.56,201301201600
91200,1.56,201301201600
91432,2.38,201301201600
91434,1.08,201301201600
91684,0.52,201301201600
91713,1.26,201301201600
91744,2.01,201301201600
92233,1.61,201301201600
93205,2.35,201301201600
93244,1.87,201301201600
93252,2.81,201301201600
93463,0.76,201301201600
93675,2.58,201301201600
93944,0.88,201301201600
94431,2.16,201301201600
94710,2.98,201301201600
94755,0.97,201301201600
94997,0.71,201301201600
95000,1.17,201301201600
95707,1.27,201301201600
95949,2.22,201301201600
95998,1.93,201301201600
96188,1.47,201301201600
96225,2.54,201301201600
96249,1.4,201301201600
96468,1.78,201301201600
96486,1.11,201301201600
96718,1.2,201301201600
96972,2.78,201301201600
96995,2.22,201301201600
97251,2.0,201301201600
97440,1.67,201301201600
97471,1.25,201301201600
97969,1.23,201301201600
97990,2.85,201301201600
98224,1.76,201301201600
98229,1.25,201301201600
98450,2.09,201301201600
98475,1.41,201301201600
98739,1.02,201301201600
99256,0.96,201301201600
99468,0.61,201301201600
99730,1.86,201301201600
101215,2.83,201301201600
101911,0.65,201301201600
101912,1.79,201301201600
101989,2.33,201301201600
102999,1.05,201301201600
103242,0.56,201301201600
103431,0.99,201301201600
104177,2.46,201301201600
104221,1.91,201301201600
104239,2.45,201301201600
104701,2.13,201301201600
104984,1.87,201301201600
105196,1.02,201301201600
105219,1.47,201301201600
105460,2.04,201301201600
105461,2.76,201301201600
105481,1.41,201301201600
105489,2.63,201301201600
105709,0.92,201301201600
105710,0.61,201301201600
105711,2.33,201301201600
105712,0.79,201301201600
105713,1.72,201301201600
105715,1.55,201301201600
105726,1.51,201301201600
105727,2.04,201301201600
105736,2.85,201301201600
105960,1.9,201301201600
105961,2.52,201301201600
105962,2.45,201301201600
105963,2.26,201301201600
105964,2.55,201301201600
105975,2.26,201301201600
106195,2.5,201301201600
106213,1.12,201301201600
106214,0.99,201301201600
106215,2.2,201301201600
106221,2.47,201301201600
106231,1.52,201301201600
106232,2.41,201301201600
106234,1.42,201301201600
106235,1.47,201301201600
106237,2.85,201301201600
106446,1.63,201301201600
106447,2.47,201301201600
106462,0.97,201301201600
106463,2.0,201301201600
106465,1.77,201301201600
106466,1.45,201301201600
106467,1.97,201301201600
106480,3.0,201301201600
106712,1.3,201301201600
106717,0.64,201301201600
106718,1.29,201301201600
106741,2.52,201301201600
106958,1.02,201301201600
106964,0.59,201301201600
106965,2.85,201301201600
106966,2.81,201301201600
106967,2.69,201301201600
106971,2.76,201301201600
106983,1.21,201301201600
106997,2.9,201301201600
107200,1.53,201301201600
107212,0.74,201301201600
107219,1.5,201301201600
107240,1.5,201301201600
107460,2.39,201301201600
107465,1.45,201301201600
107466,1.1,201301201600
107468,2.45,201301201600
107491,2.74,201301201600
107711,0.82,201301201600
107725,0.69,201301201600
107726,0.99,201301201600
107954,1.5,201301201600
107966,0.69,201301201600
107971,0.99,201301201600
107979,1.47,201301201600
107993,2.91,201301201600
108205,0.51,201301201600
108211,1.25,201301201600
108214,1.5,201301201600
108215,1.4,201301201600
108217,1.55,201301201600
108219,1.82,201301201600
108220,1.03,201301201600
108222,1.79,201301201600
108225,2.22,201301201600
108230,1.61,201301201600
108454,1.54,201301201600
108463,0.72,201301201600
108499,1.94,201301201600
108717,0.95,201301201600
108722,2.44,201301201600
108724,2.9,201301201600
108733,1.8,201301201600
108968,1.99,201301201600
108975,2.89,201301201600
108984,2.79,201301201600
108985,2.38,201301201600
109216,0.52,201301201600
109219,2.86,201301201600
109222,2.74,201301201600
109227,1.51,201301201600
109231,2.54,201301201600
109236,2.88,201301201600
109245,1.9,201301201600
109473,2.31,201301201600
109487,1.9,201301201600
109494,1.84,201301201600
109495,1.69,201301201600
109496,1.62,201301201600
109497,1.41,201301201600
109742,0.86,201301201600
109744,1.19,201301201600
109748,2.5,201301201600
109750,2.01,201301201600
109980,1.14,201301201600
109991,1.0,201301201600
109994,0.79,201301201600
109998,0.77,201301201600
110001,0.81,201301201600
110243,1.59,201301201600
110247,2.77,201301201600
110249,1.35,201301201600
110251,1.29,201301201600
110253,2.7,201301201600
110254,2.66,201301201600
