cell,mobility,dtg
1610,2.02,201301291600
1846,1.8,201301291600
1851,0.74,201301291600
1853,1.34,201301291600
1856,1.83,201301291600
1857,2.62,201301291600
2103,2.88,201301291600
2105,2.13,201301291600
2106,2.15,201301291600
2107,2.94,201301291600
2114,2.98,201301291600
2342,2.44,201301291600
2347,1.2,201301291600
2351,2.31,201301291600
2354,2.51,201301291600
2357,0.94,201301291600
2372,0.92,201301291600
2374,2.01,201301291600
2591,1.66,201301291600
2595,0.75,201301291600
2605,2.57,201301291600
2611,0.52,201301291600
2615,1.92,201301291600
2620,2.0,201301291600
2627,2.13,201301291600
2839,2.92,201301291600
2847,2.96,201301291600
3086,1.4,201301291600
3094,1.15,201301291600
3100,1.45,201301291600
3124,1.5,201301291600
3128,2.92,201301291600
3334,0.96,201301291600
3337,2.7,201301291600
3375,2.45,201301291600
3614,2.54,201301291600
3619,2.38,201301291600
3632,1.54,201301291600
3635,1.46,201301291600
3830,2.5,201301291600
3831,2.57,201301291600
3833,1.37,201301291600
3837,1.46,201301291600
3845,2.48,201301291600
3856,2.66,201301291600
3860,2.61,201301291600
3865,1.09,201301291600
4078,1.02,201301291600
4081,0.9,201301291600
4137,1.43,201301291600
4141,2.27,201301291600
4142,2.74,201301291600
4328,0.81,201301291600
4329,1.25,201301291600
4341,1.82,201301291600
4345,2.14,201301291600
4348,0.86,201301291600
4354,2.8,201301291600
4372,1.25,201301291600
4577,1.74,201301291600
4578,1.68,201301291600
4580,1.34,201301291600
4582,0.91,201301291600
4605,2.45,201301291600
4608,2.9,201301291600
4631,0.75,201301291600
4636,1.22,201301291600
4637,1.74,201301291600
4829,1.41,201301291600
4830,2.33,201301291600
4831,1.11,201301291600
4834,2.42,201301291600
4837,0.56,201301291600
4852,2.08,201301291600
4863,2.91,201301291600
4868,0.94,201301291600
4890,1.78,201301291600
4891,2.81,201301291600
5078,1.65,201301291600
5081,1.69,201301291600
5084,1.9,201301291600
5127,2.83,201301291600
5153,1.15,201301291600
5327,1.4,201301291600
5329,0.61,201301291600
5333,1.75,201301291600
5334,2.71,201301291600
5339,2.35,201301291600
5369,2.39,201301291600
5402,2.01,201301291600
5410,2.14,201301291600
5577,2.48,201301291600
5581,2.22,201301291600
5592,2.62,201301291600
5612,1.27,201301291600
5623,0.98,201301291600
5876,1.76,201301291600
5893,2.91,201301291600
5898,0.51,201301291600
6078,2.02,201301291600
6118,0.62,201301291600
6136,0.96,201301291600
6158,1.71,201301291600
6159,2.43,201301291600
6333,0.61,201301291600
6353,2.53,201301291600
6365,1.71,201301291600
6366,1.28,201301291600
6414,2.37,201301291600
6588,1.8,201301291600
6609,2.47,201301291600
6635,1.96,201301291600
6668,1.65,201301291600
6841,0.64,201301291600
6849,2.27,201301291600
6896,2.91,201301291600
6924,0.96,201301291600
6928,0.97,201301291600
6935,2.32,201301291600
6939,0.62,201301291600
7077,1.18,201301291600
7078,2.63,201301291600
7085,2.66,201301291600
7088,0.56,201301291600
7113,2.35,201301291600
7114,1.7,201301291600
7129,1.73,201301291600
7133,2.91,201301291600
7165,0.86,201301291600
7192,1.25,201301291600
7354,1.49,201301291600
7375,1.83,201301291600
7379,2.37,201301291600
7401,2.76,201301291600
7410,2.37,201301291600
7436,2.96,201301291600
7584,0.99,201301291600
7646,2.75,201301291600
7849,0.55,201301291600
7871,1.34,201301291600
7927,2.83,201301291600
7948,2.82,201301291600
8080,2.5,201301291600
8170,2.68,201301291600
8182,2.01,201301291600
8195,2.88,201301291600
8342,2.02,201301291600
8582,2.87,201301291600
8602,0.75,201301291600
8609,1.3,201301291600
8638,2.37,201301291600
8656,2.61,201301291600
8830,1.46,201301291600
8839,2.61,201301291600
8876,1.72,201301291600
8897,0.94,201301291600
8912,1.93,201301291600
8918,0.67,201301291600
8929,2.3,201301291600
8940,0.76,201301291600
8954,0.6,201301291600
9140,2.81,201301291600
9333,2.22,201301291600
9468,1.73,201301291600
9473,1.29,201301291600
9589,0.81,201301291600
9601,0.92,201301291600
9607,2.7,201301291600
9658,1.3,201301291600
9724,2.4,201301291600
9833,2.15,201301291600
10084,0.81,201301291600
10089,0.53,201301291600
10096,2.96,201301291600
10144,1.02,201301291600
10170,1.65,201301291600
10181,2.9,201301291600
10189,2.28,201301291600
10201,2.18,201301291600
10334,1.68,201301291600
10335,1.19,201301291600
10383,0.69,201301291600
10414,1.32,201301291600
10444,1.52,201301291600
10458,2.26,201301291600
10477,2.92,201301291600
10586,1.47,201301291600
10601,0.94,201301291600
10609,2.94,201301291600
10616,1.45,201301291600
10633,2.14,201301291600
10655,0.53,201301291600
10665,1.36,201301291600
10681,2.11,201301291600
10717,0.7,201301291600
10835,2.93,201301291600
10837,1.15,201301291600
10847,2.04,201301291600
10903,2.66,201301291600
10911,2.34,201301291600
10918,1.81,201301291600
10973,0.79,201301291600
11087,1.22,201301291600
11092,0.8,201301291600
11128,2.52,201301291600
11222,1.23,201301291600
11223,0.51,201301291600
11225,2.59,201301291600
11238,2.48,201301291600
11361,2.82,201301291600
11393,2.73,201301291600
11424,1.08,201301291600
11601,1.42,201301291600
11682,1.53,201301291600
11704,2.21,201301291600
11858,1.82,201301291600
11884,0.67,201301291600
11901,1.5,201301291600
11946,1.05,201301291600
11960,1.59,201301291600
11972,2.73,201301291600
12089,2.97,201301291600
12090,1.38,201301291600
12096,0.6,201301291600
12120,2.13,201301291600
12157,0.95,201301291600
12230,0.88,201301291600
12383,0.56,201301291600
12431,0.57,201301291600
12601,1.26,201301291600
12625,1.38,201301291600
12632,1.4,201301291600
12842,0.5,201301291600
12875,0.94,201301291600
12901,1.67,201301291600
12913,0.99,201301291600
12933,0.67,201301291600
12934,1.12,201301291600
12985,1.9,201301291600
13099,0.92,201301291600
13114,1.71,201301291600
13150,1.82,201301291600
13175,2.91,201301291600
13183,1.48,201301291600
13222,2.98,201301291600
13358,0.72,201301291600
13444,1.52,201301291600
13455,2.92,201301291600
13456,2.72,201301291600
13670,0.64,201301291600
13694,2.29,201301291600
13845,0.59,201301291600
13849,0.77,201301291600
14011,2.96,201301291600
14095,2.72,201301291600
14133,2.37,201301291600
14161,0.58,201301291600
14167,2.81,201301291600
14184,1.4,201301291600
14241,0.95,201301291600
14255,1.87,201301291600
14349,0.79,201301291600
14350,2.51,201301291600
14375,1.82,201301291600
14452,1.36,201301291600
14475,0.51,201301291600
14620,0.53,201301291600
14673,1.48,201301291600
14745,2.45,201301291600
14859,1.26,201301291600
14936,0.93,201301291600
14995,1.57,201301291600
15097,2.43,201301291600
15098,1.37,201301291600
15246,1.55,201301291600
15349,0.8,201301291600
15440,2.04,201301291600
15600,1.79,201301291600
15656,2.47,201301291600
15672,0.53,201301291600
15699,2.8,201301291600
15714,2.3,201301291600
15725,2.96,201301291600
15744,1.96,201301291600
15849,1.39,201301291600
15850,1.9,201301291600
15851,2.87,201301291600
15853,2.62,201301291600
15871,2.06,201301291600
16100,0.71,201301291600
16105,0.94,201301291600
16114,2.92,201301291600
16171,1.06,201301291600
16184,2.72,201301291600
16400,2.14,201301291600
16414,1.76,201301291600
16601,2.92,201301291600
16604,2.62,201301291600
16625,2.12,201301291600
16670,0.74,201301291600
16853,1.42,201301291600
16868,1.81,201301291600
16932,2.03,201301291600
17232,0.93,201301291600
17355,0.52,201301291600
17358,1.91,201301291600
17367,2.99,201301291600
17635,0.99,201301291600
17673,2.42,201301291600
17681,0.74,201301291600
17884,1.28,201301291600
17984,0.86,201301291600
18108,1.96,201301291600
18115,2.6,201301291600
18118,1.36,201301291600
18123,0.75,201301291600
18139,1.42,201301291600
18154,1.38,201301291600
18160,2.13,201301291600
18177,2.99,201301291600
18185,2.39,201301291600
18383,1.17,201301291600
18404,2.35,201301291600
18427,2.93,201301291600
18466,2.92,201301291600
18616,1.41,201301291600
18629,1.07,201301291600
18861,2.33,201301291600
18866,1.28,201301291600
18925,2.02,201301291600
19110,0.74,201301291600
19112,1.62,201301291600
19114,1.58,201301291600
19122,0.81,201301291600
19360,1.71,201301291600
19443,2.74,201301291600
19481,2.12,201301291600
19611,2.37,201301291600
19612,2.27,201301291600
19618,0.75,201301291600
19633,1.13,201301291600
19678,2.34,201301291600
19878,2.0,201301291600
19913,1.6,201301291600
20113,2.29,201301291600
20114,0.77,201301291600
20116,0.59,201301291600
20170,2.33,201301291600
20363,1.81,201301291600
20387,1.14,201301291600
20396,0.71,201301291600
20436,2.92,201301291600
20616,1.91,201301291600
20621,0.83,201301291600
20628,2.55,201301291600
20651,1.03,201301291600
20671,1.08,201301291600
20682,2.0,201301291600
20864,2.67,201301291600
20882,1.93,201301291600
20931,1.49,201301291600
20995,2.88,201301291600
21115,1.11,201301291600
21118,1.08,201301291600
21201,2.09,201301291600
21373,0.64,201301291600
21377,2.71,201301291600
21392,1.86,201301291600
21407,1.82,201301291600
21428,0.54,201301291600
21448,1.51,201301291600
21617,0.93,201301291600
21619,0.92,201301291600
21639,1.94,201301291600
21658,2.61,201301291600
21663,2.88,201301291600
21701,1.24,201301291600
21721,0.88,201301291600
21868,1.46,201301291600
21871,1.61,201301291600
21999,0.58,201301291600
22126,1.75,201301291600
22133,0.57,201301291600
22174,0.7,201301291600
22176,1.52,201301291600
22205,2.05,201301291600
22368,2.54,201301291600
22395,2.85,201301291600
22419,1.86,201301291600
22420,0.7,201301291600
22421,1.06,201301291600
22422,1.06,201301291600
22619,2.7,201301291600
22630,2.34,201301291600
22634,1.76,201301291600
22671,1.56,201301291600
22673,0.8,201301291600
22700,1.53,201301291600
22751,0.89,201301291600
22768,0.79,201301291600
22869,1.63,201301291600
22877,2.25,201301291600
22928,0.95,201301291600
22940,1.42,201301291600
22955,2.94,201301291600
22963,2.54,201301291600
22966,1.66,201301291600
23120,1.69,201301291600
23124,0.51,201301291600
23125,2.18,201301291600
23131,0.67,201301291600
23138,0.89,201301291600
23169,2.35,201301291600
23194,0.59,201301291600
23216,2.71,201301291600
23370,0.66,201301291600
23371,1.31,201301291600
23379,1.75,201301291600
23386,0.63,201301291600
23388,1.54,201301291600
23427,0.7,201301291600
23621,2.16,201301291600
23627,1.46,201301291600
23635,1.13,201301291600
23641,2.16,201301291600
23662,1.27,201301291600
23669,2.67,201301291600
23690,2.48,201301291600
23744,2.62,201301291600
23750,1.1,201301291600
23872,0.83,201301291600
23873,1.71,201301291600
23875,2.18,201301291600
23881,2.22,201301291600
23894,2.73,201301291600
23896,1.41,201301291600
23907,2.54,201301291600
23925,2.29,201301291600
23973,0.79,201301291600
24005,2.04,201301291600
24009,2.98,201301291600
24032,0.71,201301291600
24122,1.04,201301291600
24123,2.73,201301291600
24149,1.5,201301291600
24247,0.57,201301291600
24251,1.2,201301291600
24265,1.12,201301291600
24266,0.66,201301291600
24373,2.36,201301291600
24374,2.97,201301291600
24380,1.84,201301291600
24381,2.0,201301291600
24383,1.24,201301291600
24387,1.63,201301291600
24402,2.83,201301291600
24405,2.13,201301291600
24423,1.78,201301291600
24623,1.33,201301291600
24626,2.21,201301291600
24643,0.68,201301291600
24732,1.34,201301291600
24734,0.56,201301291600
24739,0.88,201301291600
24774,2.19,201301291600
24775,0.55,201301291600
24781,2.63,201301291600
24837,2.67,201301291600
24874,1.89,201301291600
24877,2.28,201301291600
24879,0.99,201301291600
24880,1.15,201301291600
24895,2.7,201301291600
24920,1.86,201301291600
24990,2.39,201301291600
24991,2.66,201301291600
24993,1.31,201301291600
25124,2.68,201301291600
25125,1.85,201301291600
25126,0.71,201301291600
25129,1.33,201301291600
25130,1.79,201301291600
25132,2.64,201301291600
25136,1.85,201301291600
25138,1.53,201301291600
25141,1.16,201301291600
25179,2.19,201301291600
25187,2.47,201301291600
25375,1.64,201301291600
25376,1.47,201301291600
25377,0.98,201301291600
25379,0.54,201301291600
25385,1.9,201301291600
25395,1.05,201301291600
25400,1.29,201301291600
25405,0.77,201301291600
25412,1.55,201301291600
25427,1.59,201301291600
25626,2.52,201301291600
25627,0.52,201301291600
25628,1.94,201301291600
25629,1.06,201301291600
25632,2.43,201301291600
25633,2.59,201301291600
25642,1.77,201301291600
25715,0.61,201301291600
25747,1.32,201301291600
25763,1.93,201301291600
25876,0.68,201301291600
25877,1.44,201301291600
25878,2.76,201301291600
25881,0.72,201301291600
25882,1.54,201301291600
25886,2.84,201301291600
25888,2.62,201301291600
25926,2.46,201301291600
25997,2.52,201301291600
26005,2.44,201301291600
26035,0.64,201301291600
26127,2.93,201301291600
26129,2.29,201301291600
26130,0.5,201301291600
26133,2.12,201301291600
26135,2.86,201301291600
26136,2.51,201301291600
26138,0.85,201301291600
26139,0.96,201301291600
26141,0.88,201301291600
26148,1.51,201301291600
26168,1.22,201301291600
26378,2.87,201301291600
26379,1.59,201301291600
26380,2.24,201301291600
26381,1.65,201301291600
26382,0.99,201301291600
26383,1.81,201301291600
26385,1.01,201301291600
26386,1.1,201301291600
26387,2.37,201301291600
26389,1.3,201301291600
26391,1.52,201301291600
26392,0.84,201301291600
26393,1.82,201301291600
26396,2.8,201301291600
26403,1.69,201301291600
26408,2.61,201301291600
26427,2.31,201301291600
26450,1.81,201301291600
26492,2.9,201301291600
26546,1.08,201301291600
26563,2.59,201301291600
26564,1.23,201301291600
26628,2.23,201301291600
26629,1.62,201301291600
26630,1.5,201301291600
26631,2.53,201301291600
26633,1.68,201301291600
26634,1.69,201301291600
26656,2.53,201301291600
26674,0.52,201301291600
26708,1.2,201301291600
26752,0.74,201301291600
26754,1.15,201301291600
26755,1.17,201301291600
26782,1.49,201301291600
26846,2.24,201301291600
26879,2.11,201301291600
26880,2.09,201301291600
26881,2.61,201301291600
26882,2.03,201301291600
26883,2.5,201301291600
26884,1.25,201301291600
26885,2.57,201301291600
26886,2.5,201301291600
26887,2.09,201301291600
26889,2.27,201301291600
26890,1.12,201301291600
26891,1.11,201301291600
26892,1.64,201301291600
26893,2.95,201301291600
26894,1.61,201301291600
26895,1.36,201301291600
26897,1.58,201301291600
26905,2.97,201301291600
26938,0.95,201301291600
26964,2.19,201301291600
27006,1.2,201301291600
27042,1.78,201301291600
27098,2.52,201301291600
27130,2.19,201301291600
27131,1.07,201301291600
27132,2.71,201301291600
27133,2.91,201301291600
27134,2.02,201301291600
27135,1.66,201301291600
27136,1.0,201301291600
27137,2.32,201301291600
27138,2.87,201301291600
27142,2.34,201301291600
27143,1.83,201301291600
27145,1.57,201301291600
27148,2.12,201301291600
27149,2.78,201301291600
27152,1.35,201301291600
27155,0.57,201301291600
27175,0.66,201301291600
27209,1.54,201301291600
27247,0.94,201301291600
27381,2.96,201301291600
27382,0.74,201301291600
27383,0.74,201301291600
27384,0.57,201301291600
27386,1.52,201301291600
27387,1.3,201301291600
27388,2.31,201301291600
27389,1.61,201301291600
27390,2.02,201301291600
27392,0.7,201301291600
27395,2.84,201301291600
27404,0.8,201301291600
27415,0.96,201301291600
27427,1.82,201301291600
27489,1.82,201301291600
27494,0.67,201301291600
27498,2.61,201301291600
27518,1.48,201301291600
27632,2.72,201301291600
27633,0.62,201301291600
27634,0.87,201301291600
27635,0.77,201301291600
27636,2.96,201301291600
27637,2.25,201301291600
27638,0.51,201301291600
27639,2.72,201301291600
27640,2.94,201301291600
27642,1.5,201301291600
27643,1.93,201301291600
27645,2.69,201301291600
27646,1.1,201301291600
27647,2.33,201301291600
27649,1.24,201301291600
27654,2.44,201301291600
27763,0.8,201301291600
27764,1.29,201301291600
27796,1.19,201301291600
27797,2.2,201301291600
27883,1.08,201301291600
27884,1.1,201301291600
27885,1.93,201301291600
27886,2.49,201301291600
27887,0.67,201301291600
27888,1.06,201301291600
27889,1.4,201301291600
27890,1.55,201301291600
27891,1.19,201301291600
27892,2.44,201301291600
27894,1.55,201301291600
27895,2.17,201301291600
27897,1.4,201301291600
27902,0.64,201301291600
27908,1.45,201301291600
27911,0.84,201301291600
27930,2.62,201301291600
27971,0.59,201301291600
28004,1.34,201301291600
28015,0.9,201301291600
28049,2.13,201301291600
28102,2.61,201301291600
28134,2.86,201301291600
28135,1.46,201301291600
28136,1.82,201301291600
28137,0.79,201301291600
28138,1.81,201301291600
28139,1.56,201301291600
28140,2.31,201301291600
28142,0.91,201301291600
28143,1.65,201301291600
28144,0.94,201301291600
28146,1.75,201301291600
28154,2.39,201301291600
28156,2.9,201301291600
28216,2.65,201301291600
28239,1.95,201301291600
28384,1.54,201301291600
28385,1.56,201301291600
28386,2.37,201301291600
28387,1.57,201301291600
28388,1.06,201301291600
28389,2.74,201301291600
28390,1.35,201301291600
28391,0.62,201301291600
28392,0.96,201301291600
28393,2.41,201301291600
28394,0.84,201301291600
28396,1.87,201301291600
28397,1.87,201301291600
28400,2.11,201301291600
28401,1.51,201301291600
28405,2.68,201301291600
28427,2.89,201301291600
28467,1.04,201301291600
28496,2.32,201301291600
28497,1.41,201301291600
28519,2.51,201301291600
28535,2.9,201301291600
28539,1.72,201301291600
28545,1.32,201301291600
28557,1.92,201301291600
28635,1.45,201301291600
28636,0.71,201301291600
28637,1.72,201301291600
28638,0.76,201301291600
28639,1.37,201301291600
28640,0.95,201301291600
28641,2.35,201301291600
28642,1.48,201301291600
28643,0.71,201301291600
28644,1.37,201301291600
28645,2.91,201301291600
28646,2.99,201301291600
28649,0.87,201301291600
28658,1.49,201301291600
28667,2.15,201301291600
28675,2.87,201301291600
28751,1.78,201301291600
28753,2.51,201301291600
28754,1.66,201301291600
28788,1.72,201301291600
28812,0.75,201301291600
28823,1.36,201301291600
28886,0.89,201301291600
28887,2.21,201301291600
28888,1.63,201301291600
28889,2.22,201301291600
28890,0.66,201301291600
28891,1.11,201301291600
28892,1.88,201301291600
28893,2.91,201301291600
28894,1.98,201301291600
28895,2.5,201301291600
28896,1.65,201301291600
28897,1.23,201301291600
28899,2.08,201301291600
28900,1.42,201301291600
28901,0.84,201301291600
28902,2.1,201301291600
28905,2.63,201301291600
28912,0.75,201301291600
28960,2.24,201301291600
28969,1.69,201301291600
29004,2.09,201301291600
29012,1.33,201301291600
29026,2.23,201301291600
29068,2.96,201301291600
29076,1.03,201301291600
29088,1.31,201301291600
29094,1.76,201301291600
29136,0.79,201301291600
29137,2.73,201301291600
29138,2.18,201301291600
29139,0.55,201301291600
29140,0.59,201301291600
29141,2.5,201301291600
29142,2.16,201301291600
29143,1.8,201301291600
29144,1.77,201301291600
29146,2.47,201301291600
29147,1.64,201301291600
29148,2.72,201301291600
29149,1.48,201301291600
29151,1.75,201301291600
29158,0.74,201301291600
29165,1.33,201301291600
29171,1.8,201301291600
29190,2.19,201301291600
29247,0.74,201301291600
29387,0.9,201301291600
29388,2.12,201301291600
29389,2.13,201301291600
29390,1.05,201301291600
29391,2.61,201301291600
29392,3.0,201301291600
29393,0.87,201301291600
29394,0.81,201301291600
29395,0.69,201301291600
29396,2.98,201301291600
29397,2.81,201301291600
29398,1.3,201301291600
29399,1.85,201301291600
29401,2.43,201301291600
29402,1.24,201301291600
29403,1.7,201301291600
29405,2.69,201301291600
29409,2.83,201301291600
29425,1.56,201301291600
29429,1.48,201301291600
29495,2.23,201301291600
29498,1.37,201301291600
29533,0.56,201301291600
29556,2.97,201301291600
29638,1.1,201301291600
29639,2.74,201301291600
29640,2.15,201301291600
29641,2.89,201301291600
29642,2.56,201301291600
29643,2.43,201301291600
29644,2.84,201301291600
29645,0.9,201301291600
29648,1.59,201301291600
29649,0.6,201301291600
29650,1.84,201301291600
29654,2.42,201301291600
29663,2.56,201301291600
29670,1.91,201301291600
29710,1.03,201301291600
29730,1.83,201301291600
29733,0.73,201301291600
29736,2.4,201301291600
29766,1.97,201301291600
29891,0.81,201301291600
29892,1.93,201301291600
29893,2.16,201301291600
29894,1.4,201301291600
29895,1.67,201301291600
29896,1.59,201301291600
29897,0.86,201301291600
29898,1.2,201301291600
29900,2.49,201301291600
29903,1.11,201301291600
29906,1.88,201301291600
29909,0.72,201301291600
29912,1.57,201301291600
29917,0.67,201301291600
29925,1.0,201301291600
29966,2.65,201301291600
30021,0.71,201301291600
30026,2.25,201301291600
30036,2.05,201301291600
30142,2.49,201301291600
30143,0.93,201301291600
30144,1.9,201301291600
30145,0.87,201301291600
30146,0.99,201301291600
30147,1.01,201301291600
30148,1.71,201301291600
30152,2.29,201301291600
30154,0.6,201301291600
30157,1.36,201301291600
30158,1.39,201301291600
30181,2.75,201301291600
30242,2.27,201301291600
30243,2.61,201301291600
30244,0.71,201301291600
30261,2.95,201301291600
30300,1.19,201301291600
30322,1.69,201301291600
30393,2.95,201301291600
30394,1.47,201301291600
30395,1.37,201301291600
30396,1.48,201301291600
30397,2.75,201301291600
30398,0.94,201301291600
30400,2.48,201301291600
30401,2.71,201301291600
30403,2.92,201301291600
30407,2.53,201301291600
30410,1.91,201301291600
30420,2.02,201301291600
30430,1.13,201301291600
30434,1.49,201301291600
30439,2.36,201301291600
30481,2.45,201301291600
30489,0.97,201301291600
30494,0.86,201301291600
30495,2.13,201301291600
30496,0.68,201301291600
30645,2.43,201301291600
30646,2.22,201301291600
30647,1.64,201301291600
30648,1.24,201301291600
30649,2.64,201301291600
30650,1.22,201301291600
30651,2.83,201301291600
30652,1.16,201301291600
30653,2.47,201301291600
30654,2.78,201301291600
30661,0.7,201301291600
30664,2.55,201301291600
30666,0.9,201301291600
30669,1.34,201301291600
30673,1.8,201301291600
30683,2.35,201301291600
30745,1.86,201301291600
30750,1.61,201301291600
30777,1.51,201301291600
30780,2.0,201301291600
30812,2.01,201301291600
30897,2.03,201301291600
30898,1.53,201301291600
30899,1.67,201301291600
30900,0.56,201301291600
30901,2.68,201301291600
30902,1.21,201301291600
30903,2.61,201301291600
30904,1.31,201301291600
30908,1.89,201301291600
30909,1.96,201301291600
30912,2.76,201301291600
30913,2.46,201301291600
30928,1.44,201301291600
30953,1.4,201301291600
30979,2.53,201301291600
30994,1.53,201301291600
30995,1.63,201301291600
31027,2.87,201301291600
31028,1.86,201301291600
31029,1.97,201301291600
31082,2.64,201301291600
31148,2.86,201301291600
31149,2.18,201301291600
31150,2.75,201301291600
31151,2.65,201301291600
31152,2.67,201301291600
31156,1.42,201301291600
31157,2.64,201301291600
31161,2.19,201301291600
31166,1.9,201301291600
31172,1.8,201301291600
31274,1.46,201301291600
31281,2.93,201301291600
31369,3.0,201301291600
31398,2.15,201301291600
31401,2.37,201301291600
31407,1.54,201301291600
31408,1.09,201301291600
31409,2.78,201301291600
31410,0.76,201301291600
31413,2.15,201301291600
31419,0.7,201301291600
31427,0.94,201301291600
31457,1.82,201301291600
31466,2.38,201301291600
31651,1.13,201301291600
31652,1.04,201301291600
31656,0.75,201301291600
31660,1.97,201301291600
31663,2.9,201301291600
31666,0.74,201301291600
31675,1.42,201301291600
31738,1.93,201301291600
31754,2.84,201301291600
31782,2.88,201301291600
31903,2.54,201301291600
31904,1.53,201301291600
31905,0.6,201301291600
31906,2.37,201301291600
31908,2.13,201301291600
31912,1.4,201301291600
31921,2.43,201301291600
31928,1.95,201301291600
31949,2.52,201301291600
32028,2.53,201301291600
32032,2.1,201301291600
32045,0.96,201301291600
32150,2.66,201301291600
32155,1.4,201301291600
32157,2.57,201301291600
32161,1.82,201301291600
32162,2.42,201301291600
32167,2.11,201301291600
32169,2.94,201301291600
32175,0.94,201301291600
32182,0.61,201301291600
32185,1.0,201301291600
32195,1.16,201301291600
32235,1.02,201301291600
32404,2.28,201301291600
32405,1.32,201301291600
32410,0.97,201301291600
32411,0.53,201301291600
32415,1.37,201301291600
32449,2.03,201301291600
32490,1.6,201301291600
32558,1.69,201301291600
32622,2.18,201301291600
32656,2.56,201301291600
32658,0.72,201301291600
32660,0.97,201301291600
32662,1.18,201301291600
32668,1.56,201301291600
32682,1.58,201301291600
32697,2.09,201301291600
32712,2.31,201301291600
32729,1.74,201301291600
32739,2.28,201301291600
32742,2.0,201301291600
32744,1.32,201301291600
32802,0.93,201301291600
32834,1.13,201301291600
32905,2.25,201301291600
32907,1.69,201301291600
32912,2.31,201301291600
32916,1.58,201301291600
32922,1.82,201301291600
32924,1.86,201301291600
32926,2.64,201301291600
32929,1.22,201301291600
32977,0.55,201301291600
32978,2.71,201301291600
33154,2.22,201301291600
33158,2.35,201301291600
33160,2.53,201301291600
33165,1.3,201301291600
33170,2.48,201301291600
33186,1.66,201301291600
33286,1.85,201301291600
33405,1.52,201301291600
33409,2.41,201301291600
33412,0.78,201301291600
33418,2.29,201301291600
33420,1.85,201301291600
33424,1.04,201301291600
33435,1.42,201301291600
33442,1.35,201301291600
33519,0.94,201301291600
33594,1.45,201301291600
33656,1.75,201301291600
33659,0.84,201301291600
33662,0.52,201301291600
33664,1.47,201301291600
33666,1.39,201301291600
33669,0.72,201301291600
33673,0.87,201301291600
33675,2.37,201301291600
33694,0.85,201301291600
33724,2.65,201301291600
33742,1.07,201301291600
33812,1.68,201301291600
33909,2.14,201301291600
33911,1.14,201301291600
33912,0.54,201301291600
33913,2.96,201301291600
33922,1.06,201301291600
33923,2.6,201301291600
33924,1.37,201301291600
33931,2.85,201301291600
33935,0.66,201301291600
33986,2.01,201301291600
34013,1.95,201301291600
34160,0.55,201301291600
34161,2.74,201301291600
34162,2.98,201301291600
34163,1.57,201301291600
34167,2.94,201301291600
34190,1.19,201301291600
34211,0.59,201301291600
34303,1.05,201301291600
34380,1.6,201301291600
34407,1.86,201301291600
34413,0.81,201301291600
34423,1.14,201301291600
34424,0.64,201301291600
34427,2.41,201301291600
34430,1.03,201301291600
34437,0.54,201301291600
34440,2.92,201301291600
34486,2.29,201301291600
34495,1.62,201301291600
34510,1.33,201301291600
34520,0.98,201301291600
34528,1.89,201301291600
34563,0.78,201301291600
34662,1.5,201301291600
34667,2.26,201301291600
34668,1.9,201301291600
34670,0.86,201301291600
34672,2.3,201301291600
34673,1.43,201301291600
34676,2.29,201301291600
34679,2.33,201301291600
34682,2.86,201301291600
34695,2.36,201301291600
34710,0.93,201301291600
34714,3.0,201301291600
34720,1.45,201301291600
34882,1.18,201301291600
34913,1.97,201301291600
34914,1.92,201301291600
34915,1.65,201301291600
34924,1.63,201301291600
34925,0.62,201301291600
34934,2.14,201301291600
34939,0.55,201301291600
34959,1.14,201301291600
34990,0.68,201301291600
35102,1.22,201301291600
35164,0.58,201301291600
35166,1.47,201301291600
35173,0.77,201301291600
35178,0.83,201301291600
35183,2.66,201301291600
35185,1.08,201301291600
35187,1.89,201301291600
35193,2.31,201301291600
35203,1.2,201301291600
35218,0.67,201301291600
35237,2.41,201301291600
35244,0.54,201301291600
35249,1.67,201301291600
35295,2.66,201301291600
35368,0.71,201301291600
35410,1.12,201301291600
35414,1.26,201301291600
35415,2.48,201301291600
35417,1.56,201301291600
35421,2.1,201301291600
35440,0.92,201301291600
35455,2.14,201301291600
35492,0.85,201301291600
35515,0.65,201301291600
35665,1.42,201301291600
35675,2.7,201301291600
35683,2.67,201301291600
35686,2.96,201301291600
35700,1.49,201301291600
35745,1.94,201301291600
35755,1.94,201301291600
35769,2.15,201301291600
35916,1.61,201301291600
35917,1.59,201301291600
35918,1.23,201301291600
35919,1.07,201301291600
35921,1.31,201301291600
35929,2.34,201301291600
35931,1.72,201301291600
35941,1.05,201301291600
35944,1.54,201301291600
35971,1.92,201301291600
35981,1.95,201301291600
35992,2.58,201301291600
35994,2.76,201301291600
36067,1.79,201301291600
36162,1.6,201301291600
36167,1.3,201301291600
36169,0.84,201301291600
36170,2.28,201301291600
36173,2.06,201301291600
36176,1.51,201301291600
36177,2.92,201301291600
36205,2.92,201301291600
36237,0.68,201301291600
36245,0.66,201301291600
36246,0.9,201301291600
36293,0.51,201301291600
36311,2.71,201301291600
36417,2.97,201301291600
36420,0.97,201301291600
36421,0.6,201301291600
36441,1.86,201301291600
36448,0.58,201301291600
36494,2.8,201301291600
36498,2.86,201301291600
36502,0.85,201301291600
36510,1.42,201301291600
36513,2.65,201301291600
36519,2.74,201301291600
36524,2.41,201301291600
36576,1.33,201301291600
36668,1.72,201301291600
36673,0.69,201301291600
36675,1.09,201301291600
36677,1.19,201301291600
36679,2.25,201301291600
36682,0.53,201301291600
36688,2.91,201301291600
36690,2.27,201301291600
36711,1.88,201301291600
36717,0.95,201301291600
36758,1.72,201301291600
36889,1.72,201301291600
36915,1.58,201301291600
36918,1.26,201301291600
36933,1.04,201301291600
36934,1.35,201301291600
36953,0.92,201301291600
36959,1.47,201301291600
36996,2.81,201301291600
36999,2.9,201301291600
37001,2.47,201301291600
37167,1.49,201301291600
37168,2.25,201301291600
37169,2.49,201301291600
37172,2.16,201301291600
37176,2.1,201301291600
37178,2.31,201301291600
37179,1.94,201301291600
37182,1.5,201301291600
37192,1.87,201301291600
37200,2.39,201301291600
37206,2.43,201301291600
37232,2.21,201301291600
37239,0.75,201301291600
37270,1.19,201301291600
37298,0.87,201301291600
37304,2.91,201301291600
37419,0.52,201301291600
37421,2.54,201301291600
37423,2.32,201301291600
37425,1.32,201301291600
37446,1.58,201301291600
37454,2.4,201301291600
37477,1.89,201301291600
37487,1.22,201301291600
37501,2.74,201301291600
37503,2.09,201301291600
37513,2.67,201301291600
37523,1.59,201301291600
37562,0.59,201301291600
37609,2.77,201301291600
37642,0.81,201301291600
37643,2.68,201301291600
37670,1.04,201301291600
37671,1.14,201301291600
37672,1.27,201301291600
37676,0.76,201301291600
37688,0.99,201301291600
37689,1.59,201301291600
37690,1.18,201301291600
37695,0.91,201301291600
37701,1.9,201301291600
37710,2.15,201301291600
37711,2.37,201301291600
37754,0.74,201301291600
37874,0.58,201301291600
37891,1.92,201301291600
37893,1.0,201301291600
37894,1.61,201301291600
37926,1.67,201301291600
37928,2.86,201301291600
37929,1.27,201301291600
37932,0.84,201301291600
37936,0.96,201301291600
37943,1.41,201301291600
37952,2.31,201301291600
37962,0.94,201301291600
37968,2.59,201301291600
38003,0.97,201301291600
38060,0.94,201301291600
38145,0.82,201301291600
38172,1.45,201301291600
38173,0.63,201301291600
38178,1.16,201301291600
38200,2.32,201301291600
38204,2.87,201301291600
38209,1.41,201301291600
38215,1.22,201301291600
38220,1.48,201301291600
38225,2.89,201301291600
38228,0.51,201301291600
38230,0.7,201301291600
38243,1.87,201301291600
38247,2.25,201301291600
38255,2.41,201301291600
38263,1.99,201301291600
38268,2.06,201301291600
38272,2.95,201301291600
38367,1.27,201301291600
38381,1.77,201301291600
38423,1.38,201301291600
38425,0.68,201301291600
38426,0.6,201301291600
38431,1.83,201301291600
38440,1.9,201301291600
38479,0.53,201301291600
38481,2.43,201301291600
38483,0.67,201301291600
38488,2.38,201301291600
38490,1.6,201301291600
38498,2.9,201301291600
38499,2.42,201301291600
38500,1.4,201301291600
38505,1.57,201301291600
38506,2.79,201301291600
38508,1.76,201301291600
38517,1.15,201301291600
38534,2.23,201301291600
38648,2.51,201301291600
38674,0.52,201301291600
38676,2.38,201301291600
38679,0.63,201301291600
38684,0.7,201301291600
38693,1.76,201301291600
38697,2.21,201301291600
38716,0.83,201301291600
38722,1.7,201301291600
38736,1.83,201301291600
38738,1.87,201301291600
38752,2.46,201301291600
38753,2.21,201301291600
38758,2.46,201301291600
38760,1.2,201301291600
38761,0.71,201301291600
38762,1.24,201301291600
38766,1.75,201301291600
38769,2.85,201301291600
38778,2.21,201301291600
38812,0.85,201301291600
38939,1.85,201301291600
38953,1.75,201301291600
38958,1.18,201301291600
38967,1.31,201301291600
39006,1.32,201301291600
39008,0.6,201301291600
39010,1.59,201301291600
39011,0.75,201301291600
39017,2.64,201301291600
39113,2.66,201301291600
39148,2.83,201301291600
39149,2.52,201301291600
39176,1.99,201301291600
39178,1.92,201301291600
39191,1.57,201301291600
39201,0.84,201301291600
39230,2.8,201301291600
39236,2.17,201301291600
39246,1.47,201301291600
39252,1.83,201301291600
39255,1.67,201301291600
39260,0.63,201301291600
39262,1.81,201301291600
39263,2.0,201301291600
39268,1.78,201301291600
39269,0.85,201301291600
39271,0.53,201301291600
39274,2.99,201301291600
39275,2.66,201301291600
39375,2.72,201301291600
39391,1.83,201301291600
39427,1.31,201301291600
39428,2.05,201301291600
39430,2.04,201301291600
39433,2.69,201301291600
39446,1.35,201301291600
39457,1.28,201301291600
39514,2.06,201301291600
39515,1.2,201301291600
39516,2.01,201301291600
39517,2.74,201301291600
39535,0.52,201301291600
39554,0.77,201301291600
39559,2.66,201301291600
39631,0.93,201301291600
39632,2.82,201301291600
39633,1.51,201301291600
39652,2.0,201301291600
39683,0.74,201301291600
39687,0.89,201301291600
39706,1.41,201301291600
39710,1.53,201301291600
39722,2.38,201301291600
39731,0.83,201301291600
39750,2.41,201301291600
39755,0.61,201301291600
39759,0.87,201301291600
39762,0.66,201301291600
39764,2.49,201301291600
39765,0.98,201301291600
39766,2.41,201301291600
39767,1.02,201301291600
39769,2.87,201301291600
39772,1.71,201301291600
39776,1.16,201301291600
39777,1.22,201301291600
39790,1.61,201301291600
39791,1.82,201301291600
39796,2.07,201301291600
39832,2.07,201301291600
39883,2.56,201301291600
39930,2.81,201301291600
39932,0.84,201301291600
39941,0.72,201301291600
39948,1.0,201301291600
39969,2.72,201301291600
40018,1.68,201301291600
40031,2.46,201301291600
40133,2.57,201301291600
40180,2.82,201301291600
40188,2.93,201301291600
40196,1.47,201301291600
40242,2.82,201301291600
40246,0.63,201301291600
40259,1.06,201301291600
40264,1.68,201301291600
40267,2.9,201301291600
40268,1.31,201301291600
40270,2.71,201301291600
40276,2.43,201301291600
40286,0.97,201301291600
40295,1.66,201301291600
40431,1.98,201301291600
40432,2.68,201301291600
40442,1.91,201301291600
40447,2.46,201301291600
40448,0.67,201301291600
40451,0.8,201301291600
40457,0.6,201301291600
40500,2.67,201301291600
40512,1.07,201301291600
40518,0.82,201301291600
40519,1.84,201301291600
40522,2.5,201301291600
40524,1.89,201301291600
40525,1.26,201301291600
40532,1.68,201301291600
40560,1.28,201301291600
40566,0.94,201301291600
40633,2.08,201301291600
40687,1.5,201301291600
40713,2.31,201301291600
40719,3.0,201301291600
40732,0.7,201301291600
40733,0.79,201301291600
40766,1.26,201301291600
40810,0.87,201301291600
40894,1.56,201301291600
40933,0.71,201301291600
40936,1.72,201301291600
40939,1.44,201301291600
40954,1.38,201301291600
40982,2.04,201301291600
41021,1.88,201301291600
41024,2.18,201301291600
41061,1.16,201301291600
41145,1.49,201301291600
41157,1.65,201301291600
41183,2.54,201301291600
41200,0.91,201301291600
41262,2.11,201301291600
41265,1.76,201301291600
41270,0.6,201301291600
41277,1.54,201301291600
41318,1.18,201301291600
41401,0.7,201301291600
41407,2.68,201301291600
41437,0.56,201301291600
41459,1.94,201301291600
41465,2.38,201301291600
41469,3.0,201301291600
41508,1.88,201301291600
41520,0.89,201301291600
41522,0.68,201301291600
41526,2.72,201301291600
41532,1.75,201301291600
41558,0.67,201301291600
41635,1.45,201301291600
41653,2.75,201301291600
41658,1.34,201301291600
41692,1.27,201301291600
41696,1.04,201301291600
41764,0.92,201301291600
41772,0.52,201301291600
41893,1.77,201301291600
41904,2.07,201301291600
41905,1.2,201301291600
41936,2.87,201301291600
41941,0.84,201301291600
41958,1.15,201301291600
41990,0.66,201301291600
42023,1.09,201301291600
42026,1.5,201301291600
42029,1.98,201301291600
42074,2.4,201301291600
42085,2.91,201301291600
42095,2.54,201301291600
42147,2.56,201301291600
42160,1.88,201301291600
42200,1.03,201301291600
42213,2.15,201301291600
42267,2.36,201301291600
42271,2.45,201301291600
42274,2.43,201301291600
42283,1.91,201301291600
42291,2.37,201301291600
42342,2.28,201301291600
42411,2.96,201301291600
42438,0.62,201301291600
42454,0.93,201301291600
42471,2.52,201301291600
42478,1.55,201301291600
42487,2.08,201301291600
42503,0.66,201301291600
42514,0.52,201301291600
42521,2.86,201301291600
42533,1.36,201301291600
42644,0.69,201301291600
42661,1.28,201301291600
42695,1.01,201301291600
42744,0.67,201301291600
42750,1.38,201301291600
42846,2.91,201301291600
42905,2.69,201301291600
42912,0.82,201301291600
42939,2.87,201301291600
42940,1.07,201301291600
42944,2.28,201301291600
42949,1.67,201301291600
43011,1.97,201301291600
43021,1.34,201301291600
43030,2.23,201301291600
43151,0.68,201301291600
43160,1.8,201301291600
43162,2.67,201301291600
43213,1.5,201301291600
43220,2.92,201301291600
43261,1.31,201301291600
43412,2.59,201301291600
43413,2.59,201301291600
43440,2.01,201301291600
43443,2.19,201301291600
43449,1.33,201301291600
43483,2.86,201301291600
43484,1.7,201301291600
43494,2.3,201301291600
43518,2.49,201301291600
43523,2.18,201301291600
43526,1.36,201301291600
43530,2.6,201301291600
43571,2.78,201301291600
43642,2.67,201301291600
43662,1.36,201301291600
43738,2.23,201301291600
43760,1.7,201301291600
43779,2.7,201301291600
43914,1.2,201301291600
43957,2.31,201301291600
43980,0.53,201301291600
43984,0.97,201301291600
43992,2.59,201301291600
43995,2.02,201301291600
44002,0.94,201301291600
44039,1.0,201301291600
44194,1.57,201301291600
44197,0.65,201301291600
44204,2.17,201301291600
44215,1.39,201301291600
44226,0.52,201301291600
44247,2.28,201301291600
44255,2.95,201301291600
44282,0.57,201301291600
44284,1.69,201301291600
44356,0.73,201301291600
44470,0.94,201301291600
44486,2.57,201301291600
44503,1.58,201301291600
44504,2.41,201301291600
44510,1.0,201301291600
44517,2.95,201301291600
44534,0.69,201301291600
44578,0.58,201301291600
44666,2.99,201301291600
44694,1.99,201301291600
44697,1.65,201301291600
44716,2.65,201301291600
44724,0.98,201301291600
44743,0.61,201301291600
44755,1.71,201301291600
44756,0.52,201301291600
44757,2.69,201301291600
44758,0.66,201301291600
44786,2.77,201301291600
44787,2.11,201301291600
44911,1.51,201301291600
44963,2.08,201301291600
45005,1.0,201301291600
45006,2.15,201301291600
45007,0.87,201301291600
45008,2.21,201301291600
45039,1.24,201301291600
45114,1.59,201301291600
45168,0.75,201301291600
45200,2.67,201301291600
45203,1.9,201301291600
45208,2.49,201301291600
45237,1.81,201301291600
45254,1.72,201301291600
45256,1.93,201301291600
45258,2.93,201301291600
45261,0.64,201301291600
45265,2.21,201301291600
45266,1.33,201301291600
45401,2.72,201301291600
45479,2.62,201301291600
45502,2.14,201301291600
45507,1.95,201301291600
45509,1.54,201301291600
45526,1.42,201301291600
45538,0.62,201301291600
45582,2.01,201301291600
45661,2.88,201301291600
45701,2.0,201301291600
45703,1.43,201301291600
45716,1.38,201301291600
45720,1.61,201301291600
45725,2.5,201301291600
45735,2.25,201301291600
45747,1.82,201301291600
45766,1.81,201301291600
45793,2.49,201301291600
45795,1.86,201301291600
45919,1.01,201301291600
45948,1.89,201301291600
46008,0.86,201301291600
46036,2.05,201301291600
46041,1.27,201301291600
46052,2.18,201301291600
46074,0.51,201301291600
46145,0.69,201301291600
46202,0.54,201301291600
46209,2.7,201301291600
46242,2.15,201301291600
46265,2.26,201301291600
46372,2.46,201301291600
46384,2.46,201301291600
46455,2.66,201301291600
46508,2.89,201301291600
46523,0.53,201301291600
46538,2.73,201301291600
46565,1.6,201301291600
46574,1.83,201301291600
46626,2.17,201301291600
46700,2.24,201301291600
46738,2.61,201301291600
46770,2.58,201301291600
46778,2.94,201301291600
46787,2.83,201301291600
46803,2.9,201301291600
46954,2.65,201301291600
46964,1.5,201301291600
46972,1.24,201301291600
46976,1.31,201301291600
46981,2.97,201301291600
47011,2.98,201301291600
47015,2.34,201301291600
47047,0.99,201301291600
47253,2.53,201301291600
47288,2.94,201301291600
47295,0.94,201301291600
47342,1.31,201301291600
47454,2.16,201301291600
47535,0.86,201301291600
47543,0.75,201301291600
47705,1.42,201301291600
47709,0.75,201301291600
47711,1.48,201301291600
47758,2.27,201301291600
47806,1.81,201301291600
47889,0.93,201301291600
47926,1.11,201301291600
47968,0.54,201301291600
47972,1.58,201301291600
47977,1.89,201301291600
47982,2.66,201301291600
48032,1.05,201301291600
48209,2.13,201301291600
48239,0.76,201301291600
48244,2.95,201301291600
48278,2.84,201301291600
48420,2.82,201301291600
48427,0.89,201301291600
48499,2.48,201301291600
48503,2.3,201301291600
48552,0.99,201301291600
48584,0.99,201301291600
48713,0.55,201301291600
48759,1.72,201301291600
48848,2.65,201301291600
48898,1.65,201301291600
49017,1.28,201301291600
49049,2.18,201301291600
49229,2.94,201301291600
49241,0.76,201301291600
49472,1.02,201301291600
49483,2.36,201301291600
49542,2.44,201301291600
49555,1.73,201301291600
49679,1.03,201301291600
49750,0.64,201301291600
49760,1.94,201301291600
49777,2.83,201301291600
49968,1.31,201301291600
50053,2.33,201301291600
50103,1.4,201301291600
50180,2.71,201301291600
50285,2.93,201301291600
50430,1.37,201301291600
50470,2.21,201301291600
50494,0.63,201301291600
50511,2.96,201301291600
50549,2.92,201301291600
50680,1.6,201301291600
50682,0.87,201301291600
50731,1.26,201301291600
50812,1.27,201301291600
50872,2.32,201301291600
51029,1.11,201301291600
51046,1.49,201301291600
51053,1.4,201301291600
51056,2.72,201301291600
51162,0.68,201301291600
51177,2.22,201301291600
51182,0.63,201301291600
51228,2.85,201301291600
51258,1.91,201301291600
51430,1.84,201301291600
51431,1.13,201301291600
51432,2.79,201301291600
51520,0.76,201301291600
51681,0.72,201301291600
51682,1.46,201301291600
51725,1.79,201301291600
51790,2.71,201301291600
51832,1.22,201301291600
51857,2.95,201301291600
51931,1.59,201301291600
51932,0.85,201301291600
51986,2.78,201301291600
52003,2.92,201301291600
52182,2.26,201301291600
52244,1.61,201301291600
52259,1.55,201301291600
52280,1.97,201301291600
52319,1.89,201301291600
52473,1.57,201301291600
52518,2.59,201301291600
52631,3.0,201301291600
52679,2.4,201301291600
52729,2.34,201301291600
52811,0.98,201301291600
52983,1.67,201301291600
52988,1.91,201301291600
52993,2.98,201301291600
53000,1.74,201301291600
53016,1.05,201301291600
53027,2.14,201301291600
53072,0.56,201301291600
53090,1.86,201301291600
53177,1.16,201301291600
53178,0.94,201301291600
53381,1.21,201301291600
53427,0.98,201301291600
53429,0.82,201301291600
53761,1.99,201301291600
53774,1.2,201301291600
53797,2.81,201301291600
53810,2.66,201301291600
53822,0.72,201301291600
53864,1.46,201301291600
53927,1.31,201301291600
54038,0.64,201301291600
54071,1.02,201301291600
54234,2.01,201301291600
54281,0.54,201301291600
54284,0.59,201301291600
54327,1.7,201301291600
54334,2.69,201301291600
54349,0.95,201301291600
54427,1.78,201301291600
54503,0.64,201301291600
54510,2.21,201301291600
54520,0.91,201301291600
54550,1.77,201301291600
54578,1.28,201301291600
54678,0.57,201301291600
54828,2.95,201301291600
54983,2.76,201301291600
54996,1.86,201301291600
55070,1.84,201301291600
55329,1.92,201301291600
55331,2.23,201301291600
55535,1.99,201301291600
55633,1.5,201301291600
55680,1.66,201301291600
55761,1.57,201301291600
55831,2.46,201301291600
55832,2.81,201301291600
55838,2.26,201301291600
55845,0.9,201301291600
56106,0.73,201301291600
56493,1.17,201301291600
56571,1.67,201301291600
56586,0.81,201301291600
56587,0.96,201301291600
56591,1.41,201301291600
56738,1.45,201301291600
56835,1.51,201301291600
56882,1.24,201301291600
56887,1.3,201301291600
56888,2.38,201301291600
56933,1.73,201301291600
56934,0.61,201301291600
57042,1.36,201301291600
57062,1.59,201301291600
57189,1.74,201301291600
57261,2.88,201301291600
57329,0.62,201301291600
57342,1.98,201301291600
57376,1.54,201301291600
57378,0.54,201301291600
57380,1.7,201301291600
57397,0.82,201301291600
57440,2.66,201301291600
57495,2.7,201301291600
57523,1.57,201301291600
57555,1.21,201301291600
57597,1.09,201301291600
57613,0.94,201301291600
57615,0.77,201301291600
57628,0.99,201301291600
57631,2.76,201301291600
57823,0.77,201301291600
57837,0.94,201301291600
57851,2.5,201301291600
57852,2.12,201301291600
57906,1.3,201301291600
58179,2.1,201301291600
58251,1.95,201301291600
58421,0.88,201301291600
58511,1.58,201301291600
58632,1.32,201301291600
58744,2.39,201301291600
58802,2.66,201301291600
58814,1.18,201301291600
58879,1.07,201301291600
58892,0.59,201301291600
59010,1.42,201301291600
59043,1.21,201301291600
59104,2.85,201301291600
59125,0.85,201301291600
59134,1.9,201301291600
59285,1.61,201301291600
59329,2.01,201301291600
59555,2.68,201301291600
59635,1.9,201301291600
59745,1.18,201301291600
59927,1.16,201301291600
59941,2.93,201301291600
60008,1.1,201301291600
60011,2.31,201301291600
60114,2.83,201301291600
60141,2.43,201301291600
60147,2.26,201301291600
60331,2.4,201301291600
60344,0.97,201301291600
60350,2.22,201301291600
60578,0.77,201301291600
60593,2.26,201301291600
60613,1.44,201301291600
60630,2.77,201301291600
60635,1.99,201301291600
60649,0.77,201301291600
60750,1.78,201301291600
60774,1.64,201301291600
60819,1.23,201301291600
60880,2.8,201301291600
60888,2.8,201301291600
61062,1.71,201301291600
61110,2.21,201301291600
61263,1.23,201301291600
61343,0.95,201301291600
61591,1.71,201301291600
61597,2.35,201301291600
61654,1.66,201301291600
61818,1.51,201301291600
62077,1.05,201301291600
62104,2.13,201301291600
62135,2.27,201301291600
62140,2.14,201301291600
62252,1.42,201301291600
62558,2.39,201301291600
62589,2.69,201301291600
62757,2.45,201301291600
62772,2.9,201301291600
62850,2.6,201301291600
62926,0.84,201301291600
62948,2.68,201301291600
63044,2.65,201301291600
63153,2.39,201301291600
63383,2.0,201301291600
63397,1.04,201301291600
63398,1.92,201301291600
63407,1.77,201301291600
63574,0.76,201301291600
63586,2.93,201301291600
63816,1.15,201301291600
64102,2.71,201301291600
64150,0.62,201301291600
64200,1.39,201301291600
64515,1.05,201301291600
64529,2.37,201301291600
64573,0.97,201301291600
64581,2.29,201301291600
64815,1.5,201301291600
64915,1.3,201301291600
65059,1.66,201301291600
65144,1.88,201301291600
65320,1.78,201301291600
65375,2.3,201301291600
65454,0.62,201301291600
65528,2.87,201301291600
65607,2.22,201301291600
65774,2.38,201301291600
65838,1.21,201301291600
66068,1.47,201301291600
66084,1.28,201301291600
66151,2.29,201301291600
66353,1.49,201301291600
66538,0.52,201301291600
66575,2.0,201301291600
66637,2.83,201301291600
66827,1.56,201301291600
66870,1.95,201301291600
67110,1.8,201301291600
67207,2.64,201301291600
67335,1.38,201301291600
67385,2.08,201301291600
67599,1.7,201301291600
67601,2.68,201301291600
67602,1.49,201301291600
67698,2.76,201301291600
67824,2.65,201301291600
67842,2.12,201301291600
67854,2.98,201301291600
67855,1.54,201301291600
67918,1.36,201301291600
68103,2.94,201301291600
68104,2.74,201301291600
68110,2.61,201301291600
68111,0.78,201301291600
68349,2.45,201301291600
68354,0.91,201301291600
68356,0.54,201301291600
68454,3.0,201301291600
68455,2.72,201301291600
68587,2.04,201301291600
68857,2.88,201301291600
68858,0.73,201301291600
68897,2.05,201301291600
68924,2.92,201301291600
68930,2.95,201301291600
69106,1.05,201301291600
69190,1.7,201301291600
69206,0.77,201301291600
69359,2.42,201301291600
69371,1.22,201301291600
69455,2.0,201301291600
69582,0.83,201301291600
69613,1.38,201301291600
69676,1.19,201301291600
70115,2.17,201301291600
70132,2.0,201301291600
70181,1.23,201301291600
70342,1.84,201301291600
70352,2.51,201301291600
70360,2.22,201301291600
70374,2.19,201301291600
70440,2.65,201301291600
70462,1.16,201301291600
70619,1.06,201301291600
70659,2.43,201301291600
70715,1.01,201301291600
70903,2.57,201301291600
70934,1.09,201301291600
70961,0.87,201301291600
71122,2.37,201301291600
71187,1.46,201301291600
71399,0.84,201301291600
71601,2.18,201301291600
71629,2.92,201301291600
71888,1.33,201301291600
71961,1.87,201301291600
71964,0.99,201301291600
72201,1.3,201301291600
72218,0.75,201301291600
72345,2.6,201301291600
72367,1.78,201301291600
72407,1.47,201301291600
72416,0.69,201301291600
72706,0.61,201301291600
72894,2.4,201301291600
73104,1.22,201301291600
73135,0.66,201301291600
73211,2.38,201301291600
73223,1.95,201301291600
73451,1.28,201301291600
73460,2.0,201301291600
73461,1.82,201301291600
73557,0.71,201301291600
73669,2.79,201301291600
74158,2.97,201301291600
74216,0.91,201301291600
74388,2.86,201301291600
74396,0.52,201301291600
74466,1.42,201301291600
74467,2.7,201301291600
74638,0.95,201301291600
74677,2.38,201301291600
74678,1.17,201301291600
74711,2.47,201301291600
74721,2.11,201301291600
74962,2.86,201301291600
74968,1.13,201301291600
74973,2.9,201301291600
75224,1.11,201301291600
75329,2.03,201301291600
75386,2.64,201301291600
75424,2.62,201301291600
75436,1.37,201301291600
75475,1.57,201301291600
75619,0.75,201301291600
75721,2.09,201301291600
75722,1.01,201301291600
75724,2.97,201301291600
75725,2.74,201301291600
75726,2.43,201301291600
75727,0.51,201301291600
75974,2.56,201301291600
75975,2.17,201301291600
76133,1.85,201301291600
76227,2.99,201301291600
76393,2.6,201301291600
76473,0.51,201301291600
76477,2.21,201301291600
76654,1.46,201301291600
76728,2.64,201301291600
76959,1.41,201301291600
77169,2.89,201301291600
77230,1.68,201301291600
77381,2.08,201301291600
77458,2.83,201301291600
77641,2.17,201301291600
77942,1.67,201301291600
77981,2.07,201301291600
78205,2.3,201301291600
78418,0.65,201301291600
78654,1.16,201301291600
78733,2.44,201301291600
78881,0.7,201301291600
78896,1.97,201301291600
78909,2.61,201301291600
78983,0.94,201301291600
79234,2.17,201301291600
79379,2.95,201301291600
79394,1.51,201301291600
79484,1.91,201301291600
79712,2.15,201301291600
79911,0.71,201301291600
79915,1.31,201301291600
80160,0.72,201301291600
80161,1.52,201301291600
80193,2.33,201301291600
80352,2.14,201301291600
80397,2.35,201301291600
80406,2.85,201301291600
80411,2.25,201301291600
80412,2.13,201301291600
80413,1.26,201301291600
80420,2.35,201301291600
80485,1.3,201301291600
80635,2.67,201301291600
80659,1.87,201301291600
80663,2.55,201301291600
80664,0.5,201301291600
80703,1.78,201301291600
80877,1.61,201301291600
80916,0.79,201301291600
81163,2.34,201301291600
81164,1.11,201301291600
81354,2.69,201301291600
81363,1.48,201301291600
81390,0.94,201301291600
81625,2.63,201301291600
81651,1.37,201301291600
81899,1.38,201301291600
82135,1.08,201301291600
82168,2.83,201301291600
82169,2.68,201301291600
82237,1.46,201301291600
82613,1.48,201301291600
82622,2.93,201301291600
82664,1.94,201301291600
82892,0.92,201301291600
82951,1.81,201301291600
83410,0.86,201301291600
83489,2.54,201301291600
83735,2.0,201301291600
83865,1.26,201301291600
84123,0.94,201301291600
84179,1.89,201301291600
84207,1.86,201301291600
84212,1.82,201301291600
84221,0.58,201301291600
84366,0.56,201301291600
84689,1.09,201301291600
84712,1.95,201301291600
84902,2.44,201301291600
85474,0.69,201301291600
85487,1.29,201301291600
85620,1.22,201301291600
85705,1.68,201301291600
85715,0.56,201301291600
85738,2.84,201301291600
86440,1.4,201301291600
86622,0.82,201301291600
86623,1.26,201301291600
86672,1.96,201301291600
86873,2.14,201301291600
86895,2.62,201301291600
87121,0.63,201301291600
87227,0.85,201301291600
87460,1.0,201301291600
87690,1.2,201301291600
87873,2.21,201301291600
88242,2.88,201301291600
88463,1.89,201301291600
89120,2.46,201301291600
89152,2.13,201301291600
89175,0.67,201301291600
89198,1.02,201301291600
89615,2.04,201301291600
89625,2.83,201301291600
90116,2.04,201301291600
90183,0.91,201301291600
90497,2.46,201301291600
90699,1.07,201301291600
90719,1.88,201301291600
91200,2.87,201301291600
91432,2.65,201301291600
91434,2.77,201301291600
91684,2.96,201301291600
91713,0.66,201301291600
91744,2.25,201301291600
92233,0.52,201301291600
93205,1.06,201301291600
93244,2.74,201301291600
93252,2.21,201301291600
93463,2.63,201301291600
93675,2.89,201301291600
93944,1.18,201301291600
94431,1.22,201301291600
94710,2.88,201301291600
94755,1.87,201301291600
94997,1.38,201301291600
95000,0.93,201301291600
95707,1.41,201301291600
95949,1.36,201301291600
95998,2.58,201301291600
96188,2.43,201301291600
96225,2.87,201301291600
96249,2.8,201301291600
96468,1.05,201301291600
96486,2.26,201301291600
96718,1.39,201301291600
96972,2.86,201301291600
96995,1.73,201301291600
97251,0.63,201301291600
97440,1.65,201301291600
97471,2.76,201301291600
97969,1.76,201301291600
97990,2.6,201301291600
98224,2.84,201301291600
98229,1.07,201301291600
98450,2.87,201301291600
98475,1.42,201301291600
98739,1.95,201301291600
99256,2.88,201301291600
99468,2.46,201301291600
99730,2.1,201301291600
101215,1.08,201301291600
101911,1.48,201301291600
101912,0.94,201301291600
101989,1.44,201301291600
102999,2.3,201301291600
103242,2.33,201301291600
103431,1.01,201301291600
104177,1.55,201301291600
104221,1.15,201301291600
104239,2.76,201301291600
104701,1.13,201301291600
104984,1.43,201301291600
105196,2.75,201301291600
105219,1.69,201301291600
105460,1.85,201301291600
105461,2.73,201301291600
105481,0.52,201301291600
105489,2.78,201301291600
105709,2.47,201301291600
105710,2.65,201301291600
105711,2.76,201301291600
105712,1.19,201301291600
105713,0.66,201301291600
105715,2.9,201301291600
105726,1.14,201301291600
105727,2.09,201301291600
105736,1.66,201301291600
105960,2.6,201301291600
105961,0.8,201301291600
105962,2.23,201301291600
105963,1.17,201301291600
105964,2.62,201301291600
105975,1.83,201301291600
106195,0.77,201301291600
106213,1.11,201301291600
106214,1.69,201301291600
106215,1.23,201301291600
106221,2.95,201301291600
106231,1.84,201301291600
106232,2.12,201301291600
106234,1.56,201301291600
106235,1.77,201301291600
106237,2.63,201301291600
106446,2.31,201301291600
106447,1.34,201301291600
106462,1.92,201301291600
106463,2.96,201301291600
106465,1.26,201301291600
106466,1.52,201301291600
106467,0.76,201301291600
106480,2.57,201301291600
106712,2.77,201301291600
106717,2.54,201301291600
106718,1.31,201301291600
106741,2.71,201301291600
106958,2.9,201301291600
106964,0.88,201301291600
106965,1.93,201301291600
106966,2.69,201301291600
106967,1.87,201301291600
106971,2.35,201301291600
106983,2.8,201301291600
106997,2.88,201301291600
107200,2.63,201301291600
107212,0.94,201301291600
107219,1.29,201301291600
107240,2.41,201301291600
107460,2.86,201301291600
107465,1.41,201301291600
107466,2.72,201301291600
107468,1.23,201301291600
107491,2.43,201301291600
107711,1.84,201301291600
107725,0.7,201301291600
107726,0.58,201301291600
107954,2.88,201301291600
107966,1.58,201301291600
107971,1.2,201301291600
107979,1.32,201301291600
107993,2.39,201301291600
108205,2.27,201301291600
108211,2.18,201301291600
108214,2.47,201301291600
108215,2.43,201301291600
108217,1.82,201301291600
108219,0.79,201301291600
108220,0.64,201301291600
108222,2.65,201301291600
108225,0.8,201301291600
108230,1.43,201301291600
108454,0.51,201301291600
108463,0.52,201301291600
108499,1.51,201301291600
108717,2.68,201301291600
108722,1.31,201301291600
108724,2.88,201301291600
108733,1.05,201301291600
108968,0.9,201301291600
108975,2.71,201301291600
108984,1.12,201301291600
108985,1.97,201301291600
109216,1.29,201301291600
109219,1.68,201301291600
109222,1.09,201301291600
109227,1.12,201301291600
109231,2.17,201301291600
109236,1.22,201301291600
109245,2.77,201301291600
109473,2.47,201301291600
109487,1.93,201301291600
109494,2.67,201301291600
109495,2.24,201301291600
109496,0.74,201301291600
109497,1.37,201301291600
109742,1.34,201301291600
109744,1.97,201301291600
109748,2.01,201301291600
109750,2.42,201301291600
109980,2.71,201301291600
109991,0.56,201301291600
109994,2.66,201301291600
109998,2.22,201301291600
110001,1.54,201301291600
110243,2.67,201301291600
110247,2.33,201301291600
110249,2.27,201301291600
110251,2.28,201301291600
110253,2.44,201301291600
110254,2.11,201301291600
