cell,mobility,dtg
1610,1.75,201301031600
1846,2.31,201301031600
1851,2.53,201301031600
1853,0.87,201301031600
1856,2.48,201301031600
1857,2.24,201301031600
2103,2.0,201301031600
2105,0.59,201301031600
2106,1.11,201301031600
2107,2.94,201301031600
2114,1.48,201301031600
2342,1.04,201301031600
2347,1.32,201301031600
2351,2.2,201301031600
2354,0.87,201301031600
2357,2.8,201301031600
2372,2.35,201301031600
2374,1.01,201301031600
2591,2.16,201301031600
2595,0.57,201301031600
2605,1.39,201301031600
2611,2.78,201301031600
2615,1.73,201301031600
2620,2.12,201301031600
2627,1.41,201301031600
2839,2.93,201301031600
2847,0.64,201301031600
3086,2.26,201301031600
3094,2.1,201301031600
3100,0.9,201301031600
3124,0.88,201301031600
3128,2.95,201301031600
3334,2.62,201301031600
3337,2.34,201301031600
3375,1.05,201301031600
3614,2.34,201301031600
3619,1.3,201301031600
3632,0.72,201301031600
3635,2.27,201301031600
3830,2.51,201301031600
3831,1.87,201301031600
3833,0.99,201301031600
3837,1.61,201301031600
3845,2.55,201301031600
3856,2.73,201301031600
3860,2.8,201301031600
3865,2.48,201301031600
4078,1.4,201301031600
4081,0.58,201301031600
4137,1.25,201301031600
4141,1.52,201301031600
4142,1.05,201301031600
4328,2.79,201301031600
4329,0.84,201301031600
4341,0.9,201301031600
4345,2.93,201301031600
4348,2.13,201301031600
4354,2.16,201301031600
4372,2.18,201301031600
4577,1.84,201301031600
4578,1.14,201301031600
4580,2.13,201301031600
4582,0.61,201301031600
4605,1.74,201301031600
4608,2.1,201301031600
4631,2.58,201301031600
4636,2.38,201301031600
4637,1.77,201301031600
4829,1.39,201301031600
4830,2.96,201301031600
4831,1.89,201301031600
4834,1.01,201301031600
4837,2.03,201301031600
4852,2.75,201301031600
4863,2.88,201301031600
4868,0.75,201301031600
4890,0.63,201301031600
4891,1.82,201301031600
5078,0.53,201301031600
5081,2.09,201301031600
5084,2.89,201301031600
5127,2.4,201301031600
5153,2.57,201301031600
5327,1.81,201301031600
5329,2.83,201301031600
5333,2.9,201301031600
5334,0.58,201301031600
5339,0.63,201301031600
5369,1.68,201301031600
5402,1.04,201301031600
5410,0.81,201301031600
5577,1.88,201301031600
5581,1.48,201301031600
5592,1.73,201301031600
5612,1.37,201301031600
5623,2.72,201301031600
5876,1.56,201301031600
5893,2.79,201301031600
5898,2.15,201301031600
6078,2.69,201301031600
6118,1.23,201301031600
6136,1.76,201301031600
6158,2.76,201301031600
6159,2.16,201301031600
6333,2.05,201301031600
6353,1.28,201301031600
6365,2.62,201301031600
6366,1.27,201301031600
6414,2.95,201301031600
6588,2.54,201301031600
6609,2.34,201301031600
6635,0.7,201301031600
6668,1.89,201301031600
6841,1.41,201301031600
6849,2.04,201301031600
6896,1.27,201301031600
6924,2.46,201301031600
6928,2.65,201301031600
6935,2.42,201301031600
6939,1.27,201301031600
7077,2.48,201301031600
7078,2.28,201301031600
7085,2.21,201301031600
7088,2.0,201301031600
7113,2.42,201301031600
7114,2.66,201301031600
7129,1.58,201301031600
7133,1.49,201301031600
7165,0.64,201301031600
7192,2.62,201301031600
7354,2.11,201301031600
7375,0.86,201301031600
7379,2.38,201301031600
7401,2.66,201301031600
7410,2.7,201301031600
7436,1.9,201301031600
7584,2.43,201301031600
7646,0.82,201301031600
7849,1.82,201301031600
7871,1.86,201301031600
7927,1.19,201301031600
7948,2.69,201301031600
8080,2.05,201301031600
8170,1.91,201301031600
8182,2.89,201301031600
8195,2.72,201301031600
8342,1.34,201301031600
8582,0.81,201301031600
8602,0.73,201301031600
8609,1.84,201301031600
8638,1.17,201301031600
8656,1.03,201301031600
8830,2.49,201301031600
8839,2.07,201301031600
8876,2.51,201301031600
8897,1.92,201301031600
8912,2.02,201301031600
8918,0.8,201301031600
8929,0.7,201301031600
8940,2.01,201301031600
8954,2.96,201301031600
9140,0.94,201301031600
9333,1.84,201301031600
9468,1.45,201301031600
9473,1.54,201301031600
9589,2.59,201301031600
9601,1.41,201301031600
9607,2.65,201301031600
9658,2.06,201301031600
9724,0.53,201301031600
9833,0.82,201301031600
10084,2.9,201301031600
10089,0.69,201301031600
10096,1.12,201301031600
10144,1.2,201301031600
10170,2.95,201301031600
10181,0.7,201301031600
10189,2.33,201301031600
10201,1.47,201301031600
10334,2.6,201301031600
10335,2.47,201301031600
10383,1.39,201301031600
10414,1.54,201301031600
10444,2.45,201301031600
10458,1.57,201301031600
10477,0.58,201301031600
10586,1.62,201301031600
10601,0.89,201301031600
10609,2.03,201301031600
10616,1.82,201301031600
10633,0.7,201301031600
10655,0.83,201301031600
10665,1.24,201301031600
10681,1.63,201301031600
10717,1.47,201301031600
10835,2.08,201301031600
10837,2.85,201301031600
10847,2.71,201301031600
10903,0.53,201301031600
10911,0.77,201301031600
10918,2.21,201301031600
10973,0.84,201301031600
11087,0.78,201301031600
11092,2.84,201301031600
11128,0.96,201301031600
11222,0.6,201301031600
11223,1.88,201301031600
11225,1.8,201301031600
11238,1.38,201301031600
11361,1.6,201301031600
11393,2.45,201301031600
11424,1.34,201301031600
11601,1.29,201301031600
11682,1.15,201301031600
11704,2.6,201301031600
11858,0.77,201301031600
11884,1.62,201301031600
11901,2.76,201301031600
11946,2.56,201301031600
11960,2.36,201301031600
11972,1.08,201301031600
12089,1.96,201301031600
12090,1.73,201301031600
12096,1.0,201301031600
12120,0.9,201301031600
12157,1.15,201301031600
12230,2.09,201301031600
12383,2.69,201301031600
12431,1.89,201301031600
12601,2.22,201301031600
12625,2.27,201301031600
12632,1.45,201301031600
12842,0.78,201301031600
12875,1.13,201301031600
12901,1.38,201301031600
12913,1.39,201301031600
12933,2.4,201301031600
12934,1.94,201301031600
12985,2.96,201301031600
13099,2.82,201301031600
13114,1.99,201301031600
13150,2.54,201301031600
13175,2.09,201301031600
13183,1.24,201301031600
13222,1.27,201301031600
13358,2.6,201301031600
13444,1.39,201301031600
13455,1.73,201301031600
13456,1.88,201301031600
13670,1.54,201301031600
13694,2.57,201301031600
13845,0.74,201301031600
13849,2.01,201301031600
14011,1.81,201301031600
14095,2.52,201301031600
14133,2.13,201301031600
14161,2.14,201301031600
14167,1.34,201301031600
14184,2.85,201301031600
14241,1.61,201301031600
14255,1.57,201301031600
14349,1.71,201301031600
14350,1.3,201301031600
14375,1.35,201301031600
14452,0.58,201301031600
14475,1.57,201301031600
14620,1.64,201301031600
14673,2.34,201301031600
14745,1.73,201301031600
14859,2.49,201301031600
14936,1.15,201301031600
14995,1.55,201301031600
15097,1.25,201301031600
15098,2.34,201301031600
15246,1.48,201301031600
15349,0.83,201301031600
15440,1.66,201301031600
15600,1.87,201301031600
15656,1.04,201301031600
15672,2.44,201301031600
15699,1.09,201301031600
15714,2.26,201301031600
15725,2.7,201301031600
15744,2.11,201301031600
15849,2.5,201301031600
15850,1.03,201301031600
15851,1.31,201301031600
15853,0.57,201301031600
15871,1.56,201301031600
16100,0.7,201301031600
16105,1.82,201301031600
16114,2.15,201301031600
16171,2.22,201301031600
16184,2.36,201301031600
16400,1.23,201301031600
16414,0.65,201301031600
16601,1.75,201301031600
16604,2.49,201301031600
16625,0.58,201301031600
16670,0.8,201301031600
16853,0.8,201301031600
16868,1.37,201301031600
16932,1.46,201301031600
17232,1.72,201301031600
17355,2.86,201301031600
17358,2.88,201301031600
17367,2.91,201301031600
17635,2.09,201301031600
17673,2.03,201301031600
17681,1.8,201301031600
17884,1.23,201301031600
17984,0.92,201301031600
18108,0.71,201301031600
18115,0.99,201301031600
18118,2.43,201301031600
18123,2.94,201301031600
18139,1.76,201301031600
18154,2.32,201301031600
18160,1.22,201301031600
18177,2.66,201301031600
18185,1.33,201301031600
18383,0.61,201301031600
18404,2.83,201301031600
18427,1.31,201301031600
18466,2.85,201301031600
18616,1.98,201301031600
18629,2.72,201301031600
18861,1.8,201301031600
18866,1.69,201301031600
18925,2.39,201301031600
19110,1.67,201301031600
19112,2.5,201301031600
19114,2.14,201301031600
19122,1.57,201301031600
19360,2.43,201301031600
19443,2.89,201301031600
19481,1.05,201301031600
19611,1.09,201301031600
19612,2.11,201301031600
19618,1.61,201301031600
19633,1.59,201301031600
19678,1.3,201301031600
19878,1.56,201301031600
19913,1.95,201301031600
20113,2.31,201301031600
20114,1.01,201301031600
20116,1.59,201301031600
20170,2.39,201301031600
20363,2.28,201301031600
20387,2.58,201301031600
20396,2.52,201301031600
20436,2.89,201301031600
20616,0.62,201301031600
20621,2.42,201301031600
20628,1.7,201301031600
20651,2.82,201301031600
20671,1.11,201301031600
20682,0.99,201301031600
20864,1.7,201301031600
20882,2.81,201301031600
20931,1.14,201301031600
20995,1.98,201301031600
21115,2.68,201301031600
21118,1.62,201301031600
21201,1.87,201301031600
21373,0.67,201301031600
21377,0.9,201301031600
21392,2.67,201301031600
21407,2.59,201301031600
21428,0.93,201301031600
21448,1.58,201301031600
21617,1.56,201301031600
21619,2.75,201301031600
21639,1.78,201301031600
21658,2.21,201301031600
21663,2.97,201301031600
21701,1.28,201301031600
21721,1.2,201301031600
21868,1.14,201301031600
21871,1.58,201301031600
21999,2.58,201301031600
22126,1.59,201301031600
22133,2.41,201301031600
22174,0.57,201301031600
22176,2.78,201301031600
22205,2.08,201301031600
22368,0.5,201301031600
22395,2.18,201301031600
22419,0.85,201301031600
22420,0.97,201301031600
22421,2.31,201301031600
22422,1.02,201301031600
22619,1.34,201301031600
22630,0.55,201301031600
22634,1.17,201301031600
22671,0.55,201301031600
22673,0.9,201301031600
22700,2.76,201301031600
22751,2.11,201301031600
22768,2.32,201301031600
22869,1.88,201301031600
22877,2.76,201301031600
22928,2.6,201301031600
22940,2.23,201301031600
22955,2.92,201301031600
22963,1.61,201301031600
22966,2.55,201301031600
23120,0.97,201301031600
23124,2.02,201301031600
23125,1.74,201301031600
23131,2.8,201301031600
23138,0.76,201301031600
23169,2.18,201301031600
23194,2.11,201301031600
23216,1.35,201301031600
23370,1.08,201301031600
23371,1.73,201301031600
23379,2.92,201301031600
23386,2.39,201301031600
23388,2.62,201301031600
23427,0.6,201301031600
23621,1.84,201301031600
23627,0.55,201301031600
23635,2.89,201301031600
23641,0.75,201301031600
23662,2.44,201301031600
23669,0.96,201301031600
23690,1.04,201301031600
23744,1.2,201301031600
23750,2.08,201301031600
23872,1.79,201301031600
23873,2.78,201301031600
23875,1.54,201301031600
23881,3.0,201301031600
23894,2.39,201301031600
23896,2.06,201301031600
23907,0.67,201301031600
23925,2.61,201301031600
23973,1.08,201301031600
24005,2.06,201301031600
24009,0.69,201301031600
24032,1.93,201301031600
24122,2.72,201301031600
24123,2.37,201301031600
24149,2.19,201301031600
24247,0.97,201301031600
24251,0.93,201301031600
24265,0.78,201301031600
24266,2.12,201301031600
24373,1.31,201301031600
24374,1.48,201301031600
24380,2.05,201301031600
24381,0.61,201301031600
24383,1.47,201301031600
24387,1.2,201301031600
24402,0.95,201301031600
24405,2.22,201301031600
24423,0.82,201301031600
24623,2.97,201301031600
24626,0.82,201301031600
24643,2.42,201301031600
24732,1.21,201301031600
24734,1.4,201301031600
24739,1.17,201301031600
24774,0.87,201301031600
24775,2.28,201301031600
24781,1.92,201301031600
24837,2.44,201301031600
24874,2.2,201301031600
24877,2.0,201301031600
24879,2.46,201301031600
24880,1.88,201301031600
24895,2.55,201301031600
24920,2.43,201301031600
24990,2.25,201301031600
24991,1.44,201301031600
24993,1.58,201301031600
25124,2.62,201301031600
25125,2.75,201301031600
25126,1.12,201301031600
25129,2.72,201301031600
25130,1.06,201301031600
25132,0.97,201301031600
25136,1.73,201301031600
25138,0.91,201301031600
25141,2.12,201301031600
25179,1.35,201301031600
25187,1.47,201301031600
25375,2.84,201301031600
25376,2.01,201301031600
25377,0.94,201301031600
25379,0.67,201301031600
25385,1.96,201301031600
25395,2.76,201301031600
25400,2.68,201301031600
25405,2.66,201301031600
25412,1.4,201301031600
25427,0.72,201301031600
25626,0.51,201301031600
25627,2.28,201301031600
25628,1.61,201301031600
25629,0.93,201301031600
25632,1.56,201301031600
25633,0.96,201301031600
25642,2.01,201301031600
25715,0.86,201301031600
25747,2.08,201301031600
25763,0.93,201301031600
25876,1.56,201301031600
25877,1.8,201301031600
25878,1.48,201301031600
25881,1.21,201301031600
25882,0.99,201301031600
25886,2.01,201301031600
25888,1.92,201301031600
25926,1.05,201301031600
25997,1.54,201301031600
26005,2.8,201301031600
26035,2.18,201301031600
26127,2.52,201301031600
26129,0.63,201301031600
26130,1.85,201301031600
26133,1.11,201301031600
26135,0.58,201301031600
26136,1.31,201301031600
26138,2.63,201301031600
26139,1.22,201301031600
26141,1.87,201301031600
26148,1.1,201301031600
26168,0.67,201301031600
26378,0.81,201301031600
26379,0.85,201301031600
26380,1.06,201301031600
26381,0.69,201301031600
26382,0.86,201301031600
26383,2.08,201301031600
26385,0.78,201301031600
26386,2.95,201301031600
26387,0.74,201301031600
26389,1.17,201301031600
26391,1.09,201301031600
26392,1.43,201301031600
26393,0.7,201301031600
26396,2.02,201301031600
26403,0.94,201301031600
26408,2.63,201301031600
26427,2.98,201301031600
26450,2.55,201301031600
26492,2.25,201301031600
26546,0.57,201301031600
26563,0.75,201301031600
26564,1.14,201301031600
26628,1.11,201301031600
26629,2.76,201301031600
26630,2.03,201301031600
26631,1.02,201301031600
26633,0.78,201301031600
26634,2.91,201301031600
26656,2.57,201301031600
26674,1.75,201301031600
26708,0.9,201301031600
26752,0.82,201301031600
26754,2.55,201301031600
26755,1.54,201301031600
26782,2.76,201301031600
26846,1.65,201301031600
26879,2.22,201301031600
26880,0.84,201301031600
26881,1.73,201301031600
26882,2.69,201301031600
26883,2.28,201301031600
26884,2.89,201301031600
26885,2.43,201301031600
26886,0.75,201301031600
26887,2.91,201301031600
26889,0.8,201301031600
26890,2.2,201301031600
26891,2.01,201301031600
26892,0.96,201301031600
26893,0.8,201301031600
26894,1.68,201301031600
26895,1.18,201301031600
26897,2.56,201301031600
26905,2.7,201301031600
26938,1.53,201301031600
26964,2.84,201301031600
27006,2.81,201301031600
27042,0.74,201301031600
27098,1.86,201301031600
27130,2.25,201301031600
27131,0.63,201301031600
27132,1.98,201301031600
27133,2.06,201301031600
27134,1.74,201301031600
27135,2.35,201301031600
27136,1.06,201301031600
27137,0.64,201301031600
27138,0.86,201301031600
27142,1.25,201301031600
27143,2.23,201301031600
27145,2.2,201301031600
27148,2.81,201301031600
27149,2.16,201301031600
27152,1.95,201301031600
27155,1.81,201301031600
27175,1.4,201301031600
27209,2.21,201301031600
27247,1.99,201301031600
27381,2.88,201301031600
27382,0.61,201301031600
27383,1.88,201301031600
27384,1.81,201301031600
27386,1.38,201301031600
27387,1.71,201301031600
27388,1.85,201301031600
27389,2.86,201301031600
27390,0.8,201301031600
27392,0.57,201301031600
27395,1.03,201301031600
27404,0.69,201301031600
27415,2.4,201301031600
27427,1.46,201301031600
27489,2.7,201301031600
27494,1.88,201301031600
27498,0.57,201301031600
27518,2.29,201301031600
27632,2.82,201301031600
27633,0.86,201301031600
27634,0.57,201301031600
27635,1.92,201301031600
27636,2.87,201301031600
27637,1.44,201301031600
27638,1.05,201301031600
27639,2.0,201301031600
27640,1.13,201301031600
27642,2.68,201301031600
27643,2.87,201301031600
27645,1.8,201301031600
27646,2.27,201301031600
27647,2.17,201301031600
27649,2.49,201301031600
27654,1.03,201301031600
27763,1.49,201301031600
27764,0.84,201301031600
27796,0.69,201301031600
27797,1.03,201301031600
27883,1.59,201301031600
27884,0.79,201301031600
27885,1.68,201301031600
27886,1.27,201301031600
27887,1.09,201301031600
27888,2.04,201301031600
27889,2.83,201301031600
27890,2.22,201301031600
27891,1.53,201301031600
27892,1.26,201301031600
27894,1.59,201301031600
27895,2.04,201301031600
27897,2.98,201301031600
27902,0.5,201301031600
27908,1.13,201301031600
27911,2.02,201301031600
27930,1.34,201301031600
27971,2.82,201301031600
28004,1.57,201301031600
28015,1.35,201301031600
28049,2.6,201301031600
28102,1.16,201301031600
28134,0.51,201301031600
28135,0.53,201301031600
28136,1.74,201301031600
28137,2.56,201301031600
28138,1.11,201301031600
28139,1.85,201301031600
28140,2.98,201301031600
28142,1.11,201301031600
28143,1.9,201301031600
28144,2.2,201301031600
28146,0.73,201301031600
28154,1.98,201301031600
28156,1.86,201301031600
28216,2.53,201301031600
28239,2.53,201301031600
28384,1.19,201301031600
28385,1.62,201301031600
28386,2.22,201301031600
28387,1.51,201301031600
28388,1.4,201301031600
28389,2.61,201301031600
28390,2.18,201301031600
28391,2.43,201301031600
28392,2.78,201301031600
28393,1.19,201301031600
28394,2.96,201301031600
28396,2.25,201301031600
28397,1.49,201301031600
28400,1.75,201301031600
28401,0.79,201301031600
28405,1.86,201301031600
28427,1.02,201301031600
28467,1.63,201301031600
28496,2.42,201301031600
28497,0.51,201301031600
28519,1.02,201301031600
28535,2.84,201301031600
28539,1.78,201301031600
28545,1.51,201301031600
28557,2.58,201301031600
28635,1.54,201301031600
28636,1.33,201301031600
28637,2.49,201301031600
28638,1.71,201301031600
28639,1.99,201301031600
28640,1.41,201301031600
28641,1.22,201301031600
28642,0.68,201301031600
28643,2.2,201301031600
28644,1.0,201301031600
28645,1.22,201301031600
28646,1.88,201301031600
28649,1.97,201301031600
28658,2.08,201301031600
28667,2.04,201301031600
28675,2.52,201301031600
28751,1.36,201301031600
28753,0.64,201301031600
28754,1.54,201301031600
28788,2.37,201301031600
28812,0.88,201301031600
28823,2.25,201301031600
28886,1.2,201301031600
28887,2.11,201301031600
28888,0.8,201301031600
28889,2.38,201301031600
28890,2.89,201301031600
28891,2.49,201301031600
28892,2.01,201301031600
28893,1.61,201301031600
28894,0.94,201301031600
28895,1.98,201301031600
28896,0.66,201301031600
28897,0.58,201301031600
28899,2.66,201301031600
28900,1.33,201301031600
28901,1.56,201301031600
28902,2.69,201301031600
28905,2.41,201301031600
28912,2.41,201301031600
28960,1.12,201301031600
28969,2.98,201301031600
29004,2.84,201301031600
29012,2.45,201301031600
29026,0.8,201301031600
29068,2.86,201301031600
29076,2.56,201301031600
29088,2.65,201301031600
29094,1.86,201301031600
29136,0.7,201301031600
29137,0.81,201301031600
29138,2.36,201301031600
29139,2.44,201301031600
29140,2.36,201301031600
29141,2.72,201301031600
29142,1.93,201301031600
29143,2.02,201301031600
29144,1.47,201301031600
29146,1.64,201301031600
29147,1.25,201301031600
29148,1.44,201301031600
29149,2.68,201301031600
29151,1.09,201301031600
29158,1.64,201301031600
29165,2.39,201301031600
29171,1.49,201301031600
29190,2.95,201301031600
29247,1.65,201301031600
29387,2.78,201301031600
29388,2.19,201301031600
29389,2.67,201301031600
29390,1.33,201301031600
29391,1.58,201301031600
29392,2.19,201301031600
29393,0.9,201301031600
29394,2.76,201301031600
29395,1.23,201301031600
29396,0.52,201301031600
29397,1.29,201301031600
29398,1.6,201301031600
29399,2.79,201301031600
29401,2.71,201301031600
29402,1.34,201301031600
29403,0.71,201301031600
29405,1.23,201301031600
29409,1.64,201301031600
29425,1.26,201301031600
29429,1.67,201301031600
29495,2.08,201301031600
29498,1.86,201301031600
29533,2.28,201301031600
29556,1.44,201301031600
29638,0.51,201301031600
29639,0.97,201301031600
29640,2.15,201301031600
29641,1.92,201301031600
29642,2.26,201301031600
29643,1.52,201301031600
29644,2.44,201301031600
29645,1.03,201301031600
29648,2.58,201301031600
29649,2.68,201301031600
29650,1.33,201301031600
29654,2.84,201301031600
29663,1.63,201301031600
29670,2.09,201301031600
29710,2.05,201301031600
29730,2.86,201301031600
29733,1.97,201301031600
29736,1.43,201301031600
29766,0.76,201301031600
29891,2.88,201301031600
29892,1.64,201301031600
29893,1.71,201301031600
29894,2.43,201301031600
29895,2.82,201301031600
29896,2.28,201301031600
29897,1.8,201301031600
29898,1.74,201301031600
29900,0.62,201301031600
29903,0.54,201301031600
29906,2.14,201301031600
29909,1.17,201301031600
29912,1.66,201301031600
29917,1.52,201301031600
29925,1.5,201301031600
29966,2.1,201301031600
30021,1.13,201301031600
30026,1.43,201301031600
30036,1.89,201301031600
30142,1.52,201301031600
30143,2.26,201301031600
30144,1.01,201301031600
30145,2.68,201301031600
30146,0.93,201301031600
30147,0.69,201301031600
30148,2.33,201301031600
30152,2.91,201301031600
30154,0.64,201301031600
30157,2.77,201301031600
30158,2.82,201301031600
30181,2.2,201301031600
30242,2.98,201301031600
30243,2.79,201301031600
30244,0.85,201301031600
30261,0.64,201301031600
30300,2.9,201301031600
30322,1.26,201301031600
30393,0.81,201301031600
30394,1.89,201301031600
30395,0.62,201301031600
30396,1.46,201301031600
30397,2.33,201301031600
30398,0.98,201301031600
30400,1.21,201301031600
30401,2.11,201301031600
30403,1.41,201301031600
30407,1.75,201301031600
30410,0.69,201301031600
30420,1.49,201301031600
30430,1.24,201301031600
30434,1.42,201301031600
30439,1.21,201301031600
30481,0.62,201301031600
30489,0.51,201301031600
30494,2.6,201301031600
30495,1.29,201301031600
30496,1.94,201301031600
30645,0.6,201301031600
30646,1.72,201301031600
30647,1.83,201301031600
30648,0.68,201301031600
30649,1.84,201301031600
30650,0.96,201301031600
30651,2.7,201301031600
30652,1.79,201301031600
30653,1.79,201301031600
30654,0.68,201301031600
30661,1.06,201301031600
30664,1.5,201301031600
30666,2.84,201301031600
30669,0.9,201301031600
30673,2.02,201301031600
30683,2.37,201301031600
30745,1.05,201301031600
30750,2.0,201301031600
30777,2.96,201301031600
30780,2.59,201301031600
30812,1.06,201301031600
30897,2.36,201301031600
30898,2.51,201301031600
30899,1.58,201301031600
30900,0.95,201301031600
30901,1.61,201301031600
30902,2.56,201301031600
30903,2.45,201301031600
30904,1.5,201301031600
30908,2.82,201301031600
30909,1.21,201301031600
30912,2.93,201301031600
30913,1.57,201301031600
30928,2.79,201301031600
30953,0.88,201301031600
30979,1.09,201301031600
30994,1.3,201301031600
30995,0.63,201301031600
31027,1.61,201301031600
31028,0.52,201301031600
31029,1.16,201301031600
31082,1.03,201301031600
31148,2.13,201301031600
31149,1.64,201301031600
31150,1.35,201301031600
31151,1.63,201301031600
31152,0.69,201301031600
31156,0.82,201301031600
31157,2.79,201301031600
31161,0.75,201301031600
31166,2.9,201301031600
31172,2.89,201301031600
31274,0.71,201301031600
31281,0.81,201301031600
31369,2.94,201301031600
31398,0.59,201301031600
31401,2.85,201301031600
31407,1.46,201301031600
31408,2.72,201301031600
31409,0.8,201301031600
31410,2.16,201301031600
31413,1.7,201301031600
31419,1.4,201301031600
31427,2.86,201301031600
31457,0.77,201301031600
31466,1.04,201301031600
31651,2.82,201301031600
31652,1.5,201301031600
31656,1.5,201301031600
31660,1.36,201301031600
31663,1.45,201301031600
31666,0.58,201301031600
31675,1.98,201301031600
31738,2.22,201301031600
31754,2.76,201301031600
31782,1.61,201301031600
31903,1.11,201301031600
31904,2.58,201301031600
31905,1.5,201301031600
31906,2.74,201301031600
31908,1.81,201301031600
31912,0.91,201301031600
31921,2.4,201301031600
31928,2.08,201301031600
31949,1.76,201301031600
32028,0.79,201301031600
32032,1.8,201301031600
32045,1.5,201301031600
32150,1.78,201301031600
32155,2.85,201301031600
32157,1.66,201301031600
32161,0.97,201301031600
32162,2.13,201301031600
32167,2.05,201301031600
32169,2.11,201301031600
32175,2.1,201301031600
32182,1.13,201301031600
32185,2.46,201301031600
32195,1.51,201301031600
32235,2.19,201301031600
32404,2.17,201301031600
32405,2.5,201301031600
32410,2.93,201301031600
32411,0.69,201301031600
32415,2.01,201301031600
32449,0.84,201301031600
32490,1.88,201301031600
32558,0.88,201301031600
32622,0.93,201301031600
32656,2.73,201301031600
32658,1.47,201301031600
32660,0.88,201301031600
32662,2.57,201301031600
32668,0.69,201301031600
32682,0.97,201301031600
32697,1.75,201301031600
32712,2.81,201301031600
32729,2.81,201301031600
32739,1.8,201301031600
32742,0.72,201301031600
32744,0.59,201301031600
32802,1.84,201301031600
32834,2.86,201301031600
32905,2.37,201301031600
32907,2.78,201301031600
32912,1.66,201301031600
32916,1.22,201301031600
32922,1.87,201301031600
32924,1.92,201301031600
32926,1.88,201301031600
32929,1.77,201301031600
32977,1.43,201301031600
32978,0.51,201301031600
33154,0.71,201301031600
33158,1.94,201301031600
33160,2.69,201301031600
33165,0.97,201301031600
33170,2.63,201301031600
33186,0.75,201301031600
33286,0.77,201301031600
33405,0.97,201301031600
33409,2.01,201301031600
33412,1.3,201301031600
33418,1.9,201301031600
33420,1.04,201301031600
33424,2.11,201301031600
33435,0.5,201301031600
33442,0.73,201301031600
33519,0.72,201301031600
33594,0.65,201301031600
33656,0.94,201301031600
33659,2.46,201301031600
33662,1.58,201301031600
33664,2.8,201301031600
33666,1.49,201301031600
33669,0.7,201301031600
33673,1.65,201301031600
33675,0.92,201301031600
33694,2.55,201301031600
33724,2.05,201301031600
33742,2.69,201301031600
33812,2.09,201301031600
33909,1.05,201301031600
33911,2.39,201301031600
33912,2.81,201301031600
33913,0.81,201301031600
33922,2.62,201301031600
33923,1.67,201301031600
33924,1.78,201301031600
33931,1.28,201301031600
33935,2.22,201301031600
33986,0.65,201301031600
34013,0.61,201301031600
34160,1.55,201301031600
34161,2.75,201301031600
34162,0.98,201301031600
34163,2.51,201301031600
34167,0.55,201301031600
34190,2.3,201301031600
34211,1.63,201301031600
34303,0.81,201301031600
34380,1.15,201301031600
34407,1.16,201301031600
34413,2.13,201301031600
34423,0.82,201301031600
34424,0.58,201301031600
34427,1.61,201301031600
34430,0.82,201301031600
34437,1.67,201301031600
34440,1.48,201301031600
34486,2.39,201301031600
34495,2.8,201301031600
34510,1.75,201301031600
34520,1.8,201301031600
34528,2.99,201301031600
34563,2.42,201301031600
34662,0.51,201301031600
34667,2.32,201301031600
34668,1.91,201301031600
34670,2.52,201301031600
34672,2.34,201301031600
34673,1.44,201301031600
34676,0.53,201301031600
34679,2.33,201301031600
34682,1.49,201301031600
34695,1.69,201301031600
34710,2.03,201301031600
34714,2.75,201301031600
34720,2.15,201301031600
34882,2.13,201301031600
34913,1.17,201301031600
34914,1.87,201301031600
34915,2.82,201301031600
34924,0.83,201301031600
34925,0.58,201301031600
34934,0.97,201301031600
34939,1.79,201301031600
34959,2.8,201301031600
34990,0.53,201301031600
35102,2.79,201301031600
35164,1.9,201301031600
35166,2.9,201301031600
35173,2.37,201301031600
35178,2.96,201301031600
35183,1.42,201301031600
35185,0.86,201301031600
35187,2.3,201301031600
35193,0.78,201301031600
35203,2.61,201301031600
35218,0.87,201301031600
35237,2.72,201301031600
35244,2.87,201301031600
35249,2.17,201301031600
35295,1.54,201301031600
35368,2.56,201301031600
35410,2.09,201301031600
35414,1.54,201301031600
35415,1.44,201301031600
35417,2.56,201301031600
35421,2.53,201301031600
35440,2.71,201301031600
35455,1.05,201301031600
35492,1.39,201301031600
35515,1.48,201301031600
35665,1.25,201301031600
35675,1.08,201301031600
35683,1.27,201301031600
35686,1.37,201301031600
35700,1.24,201301031600
35745,1.99,201301031600
35755,1.86,201301031600
35769,0.63,201301031600
35916,0.88,201301031600
35917,2.94,201301031600
35918,2.91,201301031600
35919,1.0,201301031600
35921,2.48,201301031600
35929,0.96,201301031600
35931,2.07,201301031600
35941,1.96,201301031600
35944,2.97,201301031600
35971,0.91,201301031600
35981,2.22,201301031600
35992,2.59,201301031600
35994,2.56,201301031600
36067,2.86,201301031600
36162,0.92,201301031600
36167,1.04,201301031600
36169,0.87,201301031600
36170,1.27,201301031600
36173,1.91,201301031600
36176,1.38,201301031600
36177,0.6,201301031600
36205,2.63,201301031600
36237,1.15,201301031600
36245,0.77,201301031600
36246,1.32,201301031600
36293,2.83,201301031600
36311,1.33,201301031600
36417,2.99,201301031600
36420,2.18,201301031600
36421,2.93,201301031600
36441,2.72,201301031600
36448,2.78,201301031600
36494,1.17,201301031600
36498,0.53,201301031600
36502,2.44,201301031600
36510,2.29,201301031600
36513,1.02,201301031600
36519,2.02,201301031600
36524,0.69,201301031600
36576,2.4,201301031600
36668,1.85,201301031600
36673,2.67,201301031600
36675,2.2,201301031600
36677,0.9,201301031600
36679,2.28,201301031600
36682,1.28,201301031600
36688,1.98,201301031600
36690,1.2,201301031600
36711,2.73,201301031600
36717,2.34,201301031600
36758,2.43,201301031600
36889,2.71,201301031600
36915,1.85,201301031600
36918,2.69,201301031600
36933,0.76,201301031600
36934,1.13,201301031600
36953,1.12,201301031600
36959,1.14,201301031600
36996,1.28,201301031600
36999,0.65,201301031600
37001,2.08,201301031600
37167,0.59,201301031600
37168,2.14,201301031600
37169,1.04,201301031600
37172,2.73,201301031600
37176,1.41,201301031600
37178,1.8,201301031600
37179,1.57,201301031600
37182,2.21,201301031600
37192,2.87,201301031600
37200,2.59,201301031600
37206,2.54,201301031600
37232,1.55,201301031600
37239,2.14,201301031600
37270,1.25,201301031600
37298,2.37,201301031600
37304,0.75,201301031600
37419,2.24,201301031600
37421,2.64,201301031600
37423,1.8,201301031600
37425,2.86,201301031600
37446,1.5,201301031600
37454,2.39,201301031600
37477,2.72,201301031600
37487,1.23,201301031600
37501,2.55,201301031600
37503,1.07,201301031600
37513,1.79,201301031600
37523,1.6,201301031600
37562,2.31,201301031600
37609,2.99,201301031600
37642,1.37,201301031600
37643,0.73,201301031600
37670,1.84,201301031600
37671,2.03,201301031600
37672,1.94,201301031600
37676,2.44,201301031600
37688,0.51,201301031600
37689,0.66,201301031600
37690,2.96,201301031600
37695,2.26,201301031600
37701,0.95,201301031600
37710,0.73,201301031600
37711,2.64,201301031600
37754,1.86,201301031600
37874,1.15,201301031600
37891,2.28,201301031600
37893,0.75,201301031600
37894,0.58,201301031600
37926,1.91,201301031600
37928,2.69,201301031600
37929,1.23,201301031600
37932,2.86,201301031600
37936,2.76,201301031600
37943,0.78,201301031600
37952,2.26,201301031600
37962,1.81,201301031600
37968,1.95,201301031600
38003,2.74,201301031600
38060,1.86,201301031600
38145,1.99,201301031600
38172,1.37,201301031600
38173,2.9,201301031600
38178,1.99,201301031600
38200,2.54,201301031600
38204,2.24,201301031600
38209,1.73,201301031600
38215,0.57,201301031600
38220,2.15,201301031600
38225,1.99,201301031600
38228,2.89,201301031600
38230,2.78,201301031600
38243,0.81,201301031600
38247,2.41,201301031600
38255,0.88,201301031600
38263,2.43,201301031600
38268,1.17,201301031600
38272,1.97,201301031600
38367,1.32,201301031600
38381,2.3,201301031600
38423,2.86,201301031600
38425,2.46,201301031600
38426,1.14,201301031600
38431,2.73,201301031600
38440,1.37,201301031600
38479,1.19,201301031600
38481,1.66,201301031600
38483,2.82,201301031600
38488,1.8,201301031600
38490,2.17,201301031600
38498,2.19,201301031600
38499,1.21,201301031600
38500,1.85,201301031600
38505,1.66,201301031600
38506,0.76,201301031600
38508,0.57,201301031600
38517,0.64,201301031600
38534,2.01,201301031600
38648,0.74,201301031600
38674,1.67,201301031600
38676,0.68,201301031600
38679,1.32,201301031600
38684,0.92,201301031600
38693,2.5,201301031600
38697,1.86,201301031600
38716,3.0,201301031600
38722,2.67,201301031600
38736,1.9,201301031600
38738,0.68,201301031600
38752,2.31,201301031600
38753,0.69,201301031600
38758,1.84,201301031600
38760,1.11,201301031600
38761,1.26,201301031600
38762,1.06,201301031600
38766,1.13,201301031600
38769,2.59,201301031600
38778,0.88,201301031600
38812,2.36,201301031600
38939,1.25,201301031600
38953,1.97,201301031600
38958,1.61,201301031600
38967,2.03,201301031600
39006,1.6,201301031600
39008,2.67,201301031600
39010,0.91,201301031600
39011,1.67,201301031600
39017,2.57,201301031600
39113,2.15,201301031600
39148,1.94,201301031600
39149,2.78,201301031600
39176,1.85,201301031600
39178,0.61,201301031600
39191,0.8,201301031600
39201,1.41,201301031600
39230,1.42,201301031600
39236,2.73,201301031600
39246,0.9,201301031600
39252,1.43,201301031600
39255,1.36,201301031600
39260,2.28,201301031600
39262,1.29,201301031600
39263,1.45,201301031600
39268,1.64,201301031600
39269,2.58,201301031600
39271,0.68,201301031600
39274,1.49,201301031600
39275,2.96,201301031600
39375,2.93,201301031600
39391,1.81,201301031600
39427,0.71,201301031600
39428,2.68,201301031600
39430,1.0,201301031600
39433,1.06,201301031600
39446,2.27,201301031600
39457,2.98,201301031600
39514,2.23,201301031600
39515,2.26,201301031600
39516,2.74,201301031600
39517,0.88,201301031600
39535,0.92,201301031600
39554,2.44,201301031600
39559,2.52,201301031600
39631,1.9,201301031600
39632,2.09,201301031600
39633,0.58,201301031600
39652,2.8,201301031600
39683,1.95,201301031600
39687,2.82,201301031600
39706,0.99,201301031600
39710,2.34,201301031600
39722,0.99,201301031600
39731,2.77,201301031600
39750,0.98,201301031600
39755,2.07,201301031600
39759,1.2,201301031600
39762,2.75,201301031600
39764,1.5,201301031600
39765,2.66,201301031600
39766,2.78,201301031600
39767,2.2,201301031600
39769,2.32,201301031600
39772,1.17,201301031600
39776,2.32,201301031600
39777,1.75,201301031600
39790,1.38,201301031600
39791,1.37,201301031600
39796,2.3,201301031600
39832,1.37,201301031600
39883,1.78,201301031600
39930,1.78,201301031600
39932,1.17,201301031600
39941,1.65,201301031600
39948,1.63,201301031600
39969,1.11,201301031600
40018,2.9,201301031600
40031,2.16,201301031600
40133,2.78,201301031600
40180,1.78,201301031600
40188,2.18,201301031600
40196,0.87,201301031600
40242,1.0,201301031600
40246,2.17,201301031600
40259,1.71,201301031600
40264,0.66,201301031600
40267,0.68,201301031600
40268,0.55,201301031600
40270,0.63,201301031600
40276,1.5,201301031600
40286,1.45,201301031600
40295,2.63,201301031600
40431,2.08,201301031600
40432,0.82,201301031600
40442,2.6,201301031600
40447,2.55,201301031600
40448,2.31,201301031600
40451,2.48,201301031600
40457,2.48,201301031600
40500,1.54,201301031600
40512,0.83,201301031600
40518,2.88,201301031600
40519,2.1,201301031600
40522,1.57,201301031600
40524,0.78,201301031600
40525,1.66,201301031600
40532,0.74,201301031600
40560,0.52,201301031600
40566,2.89,201301031600
40633,1.0,201301031600
40687,1.26,201301031600
40713,1.52,201301031600
40719,1.75,201301031600
40732,2.64,201301031600
40733,2.51,201301031600
40766,2.0,201301031600
40810,1.97,201301031600
40894,2.05,201301031600
40933,2.61,201301031600
40936,2.09,201301031600
40939,2.37,201301031600
40954,0.6,201301031600
40982,1.62,201301031600
41021,2.17,201301031600
41024,2.81,201301031600
41061,1.03,201301031600
41145,2.08,201301031600
41157,1.68,201301031600
41183,1.01,201301031600
41200,2.93,201301031600
41262,2.08,201301031600
41265,2.72,201301031600
41270,0.55,201301031600
41277,2.71,201301031600
41318,2.23,201301031600
41401,1.17,201301031600
41407,0.95,201301031600
41437,2.19,201301031600
41459,1.81,201301031600
41465,0.98,201301031600
41469,2.57,201301031600
41508,2.24,201301031600
41520,1.03,201301031600
41522,2.23,201301031600
41526,2.06,201301031600
41532,1.39,201301031600
41558,2.98,201301031600
41635,2.34,201301031600
41653,0.83,201301031600
41658,1.2,201301031600
41692,2.12,201301031600
41696,0.8,201301031600
41764,0.56,201301031600
41772,1.54,201301031600
41893,1.21,201301031600
41904,2.26,201301031600
41905,2.76,201301031600
41936,1.46,201301031600
41941,2.0,201301031600
41958,2.06,201301031600
41990,2.14,201301031600
42023,2.72,201301031600
42026,2.28,201301031600
42029,1.95,201301031600
42074,0.96,201301031600
42085,2.6,201301031600
42095,1.96,201301031600
42147,1.51,201301031600
42160,2.09,201301031600
42200,1.29,201301031600
42213,0.6,201301031600
42267,1.51,201301031600
42271,1.46,201301031600
42274,1.29,201301031600
42283,0.52,201301031600
42291,0.69,201301031600
42342,0.89,201301031600
42411,1.11,201301031600
42438,1.45,201301031600
42454,2.73,201301031600
42471,1.81,201301031600
42478,2.44,201301031600
42487,1.52,201301031600
42503,2.09,201301031600
42514,0.76,201301031600
42521,1.93,201301031600
42533,1.63,201301031600
42644,2.12,201301031600
42661,1.29,201301031600
42695,2.34,201301031600
42744,1.43,201301031600
42750,1.08,201301031600
42846,0.83,201301031600
42905,1.52,201301031600
42912,1.39,201301031600
42939,0.9,201301031600
42940,1.87,201301031600
42944,1.14,201301031600
42949,2.97,201301031600
43011,1.23,201301031600
43021,1.89,201301031600
43030,0.53,201301031600
43151,1.29,201301031600
43160,2.29,201301031600
43162,2.76,201301031600
43213,1.9,201301031600
43220,2.02,201301031600
43261,0.96,201301031600
43412,0.67,201301031600
43413,1.14,201301031600
43440,1.4,201301031600
43443,0.8,201301031600
43449,1.53,201301031600
43483,2.92,201301031600
43484,2.18,201301031600
43494,1.45,201301031600
43518,1.28,201301031600
43523,2.68,201301031600
43526,2.59,201301031600
43530,2.13,201301031600
43571,1.87,201301031600
43642,2.67,201301031600
43662,1.37,201301031600
43738,2.38,201301031600
43760,0.85,201301031600
43779,1.05,201301031600
43914,2.31,201301031600
43957,1.97,201301031600
43980,2.61,201301031600
43984,1.64,201301031600
43992,2.17,201301031600
43995,2.37,201301031600
44002,2.27,201301031600
44039,2.03,201301031600
44194,1.3,201301031600
44197,2.83,201301031600
44204,0.62,201301031600
44215,2.44,201301031600
44226,1.04,201301031600
44247,2.83,201301031600
44255,0.66,201301031600
44282,2.35,201301031600
44284,1.19,201301031600
44356,1.02,201301031600
44470,0.87,201301031600
44486,2.55,201301031600
44503,0.56,201301031600
44504,2.45,201301031600
44510,1.27,201301031600
44517,2.54,201301031600
44534,1.26,201301031600
44578,1.63,201301031600
44666,2.47,201301031600
44694,2.68,201301031600
44697,1.48,201301031600
44716,1.88,201301031600
44724,1.38,201301031600
44743,1.24,201301031600
44755,2.36,201301031600
44756,2.42,201301031600
44757,2.75,201301031600
44758,1.99,201301031600
44786,0.54,201301031600
44787,1.71,201301031600
44911,1.09,201301031600
44963,2.43,201301031600
45005,0.88,201301031600
45006,0.64,201301031600
45007,2.02,201301031600
45008,1.04,201301031600
45039,0.74,201301031600
45114,0.93,201301031600
45168,0.59,201301031600
45200,1.42,201301031600
45203,0.68,201301031600
45208,1.98,201301031600
45237,2.22,201301031600
45254,0.68,201301031600
45256,2.78,201301031600
45258,0.88,201301031600
45261,2.22,201301031600
45265,0.95,201301031600
45266,2.01,201301031600
45401,2.26,201301031600
45479,2.26,201301031600
45502,1.74,201301031600
45507,2.52,201301031600
45509,1.7,201301031600
45526,2.49,201301031600
45538,2.81,201301031600
45582,2.61,201301031600
45661,2.56,201301031600
45701,0.8,201301031600
45703,2.1,201301031600
45716,1.55,201301031600
45720,0.79,201301031600
45725,0.75,201301031600
45735,0.63,201301031600
45747,2.69,201301031600
45766,1.96,201301031600
45793,2.95,201301031600
45795,2.68,201301031600
45919,2.77,201301031600
45948,1.77,201301031600
46008,2.48,201301031600
46036,2.77,201301031600
46041,0.56,201301031600
46052,2.12,201301031600
46074,1.61,201301031600
46145,1.02,201301031600
46202,1.76,201301031600
46209,2.17,201301031600
46242,0.56,201301031600
46265,1.69,201301031600
46372,2.91,201301031600
46384,1.08,201301031600
46455,1.07,201301031600
46508,0.62,201301031600
46523,2.63,201301031600
46538,1.39,201301031600
46565,1.67,201301031600
46574,1.31,201301031600
46626,2.69,201301031600
46700,0.9,201301031600
46738,2.21,201301031600
46770,1.45,201301031600
46778,0.83,201301031600
46787,1.41,201301031600
46803,2.96,201301031600
46954,1.92,201301031600
46964,2.27,201301031600
46972,1.13,201301031600
46976,2.41,201301031600
46981,1.49,201301031600
47011,2.22,201301031600
47015,1.3,201301031600
47047,2.23,201301031600
47253,1.85,201301031600
47288,2.52,201301031600
47295,1.79,201301031600
47342,1.34,201301031600
47454,1.47,201301031600
47535,1.25,201301031600
47543,2.73,201301031600
47705,1.12,201301031600
47709,1.5,201301031600
47711,1.31,201301031600
47758,1.01,201301031600
47806,1.01,201301031600
47889,2.42,201301031600
47926,2.85,201301031600
47968,1.88,201301031600
47972,1.5,201301031600
47977,2.87,201301031600
47982,2.43,201301031600
48032,1.63,201301031600
48209,0.74,201301031600
48239,2.33,201301031600
48244,2.41,201301031600
48278,1.32,201301031600
48420,2.68,201301031600
48427,2.59,201301031600
48499,0.92,201301031600
48503,1.39,201301031600
48552,0.63,201301031600
48584,1.9,201301031600
48713,1.75,201301031600
48759,0.71,201301031600
48848,0.67,201301031600
48898,0.74,201301031600
49017,2.01,201301031600
49049,0.81,201301031600
49229,1.47,201301031600
49241,0.59,201301031600
49472,2.2,201301031600
49483,2.31,201301031600
49542,0.77,201301031600
49555,0.85,201301031600
49679,2.07,201301031600
49750,1.47,201301031600
49760,2.57,201301031600
49777,2.84,201301031600
49968,1.89,201301031600
50053,2.32,201301031600
50103,2.96,201301031600
50180,1.51,201301031600
50285,1.86,201301031600
50430,0.84,201301031600
50470,1.06,201301031600
50494,1.23,201301031600
50511,0.83,201301031600
50549,2.81,201301031600
50680,1.6,201301031600
50682,2.91,201301031600
50731,1.87,201301031600
50812,2.02,201301031600
50872,2.04,201301031600
51029,0.58,201301031600
51046,2.75,201301031600
51053,2.46,201301031600
51056,0.9,201301031600
51162,2.92,201301031600
51177,0.67,201301031600
51182,0.83,201301031600
51228,1.66,201301031600
51258,2.89,201301031600
51430,1.24,201301031600
51431,1.65,201301031600
51432,1.79,201301031600
51520,1.66,201301031600
51681,0.78,201301031600
51682,0.65,201301031600
51725,1.54,201301031600
51790,0.64,201301031600
51832,2.42,201301031600
51857,2.08,201301031600
51931,1.69,201301031600
51932,1.4,201301031600
51986,1.67,201301031600
52003,2.76,201301031600
52182,2.61,201301031600
52244,2.77,201301031600
52259,2.65,201301031600
52280,0.96,201301031600
52319,2.04,201301031600
52473,1.69,201301031600
52518,0.77,201301031600
52631,1.61,201301031600
52679,2.52,201301031600
52729,0.73,201301031600
52811,2.98,201301031600
52983,2.11,201301031600
52988,1.88,201301031600
52993,1.99,201301031600
53000,0.92,201301031600
53016,0.79,201301031600
53027,1.37,201301031600
53072,1.38,201301031600
53090,1.14,201301031600
53177,1.89,201301031600
53178,0.87,201301031600
53381,0.69,201301031600
53427,2.71,201301031600
53429,2.23,201301031600
53761,1.17,201301031600
53774,0.63,201301031600
53797,2.33,201301031600
53810,1.95,201301031600
53822,2.81,201301031600
53864,2.74,201301031600
53927,1.81,201301031600
54038,1.57,201301031600
54071,1.68,201301031600
54234,2.89,201301031600
54281,1.38,201301031600
54284,1.52,201301031600
54327,1.81,201301031600
54334,1.71,201301031600
54349,1.8,201301031600
54427,1.05,201301031600
54503,1.22,201301031600
54510,2.07,201301031600
54520,1.29,201301031600
54550,2.22,201301031600
54578,2.99,201301031600
54678,0.85,201301031600
54828,1.05,201301031600
54983,1.94,201301031600
54996,0.51,201301031600
55070,1.84,201301031600
55329,1.75,201301031600
55331,2.95,201301031600
55535,0.68,201301031600
55633,2.99,201301031600
55680,0.98,201301031600
55761,1.72,201301031600
55831,1.91,201301031600
55832,1.43,201301031600
55838,0.76,201301031600
55845,1.22,201301031600
56106,2.35,201301031600
56493,1.47,201301031600
56571,1.83,201301031600
56586,1.6,201301031600
56587,2.09,201301031600
56591,0.72,201301031600
56738,1.6,201301031600
56835,0.98,201301031600
56882,2.23,201301031600
56887,2.03,201301031600
56888,2.08,201301031600
56933,1.84,201301031600
56934,1.37,201301031600
57042,0.89,201301031600
57062,2.81,201301031600
57189,2.6,201301031600
57261,0.93,201301031600
57329,1.41,201301031600
57342,2.04,201301031600
57376,2.26,201301031600
57378,1.96,201301031600
57380,2.78,201301031600
57397,1.77,201301031600
57440,2.89,201301031600
57495,1.7,201301031600
57523,1.27,201301031600
57555,2.41,201301031600
57597,1.35,201301031600
57613,2.92,201301031600
57615,1.39,201301031600
57628,1.46,201301031600
57631,0.7,201301031600
57823,1.94,201301031600
57837,2.46,201301031600
57851,2.66,201301031600
57852,2.17,201301031600
57906,0.86,201301031600
58179,2.5,201301031600
58251,2.55,201301031600
58421,2.95,201301031600
58511,1.16,201301031600
58632,2.93,201301031600
58744,1.97,201301031600
58802,0.82,201301031600
58814,0.98,201301031600
58879,0.97,201301031600
58892,2.9,201301031600
59010,1.1,201301031600
59043,1.68,201301031600
59104,1.96,201301031600
59125,2.73,201301031600
59134,2.53,201301031600
59285,0.97,201301031600
59329,0.64,201301031600
59555,2.18,201301031600
59635,2.68,201301031600
59745,1.2,201301031600
59927,1.45,201301031600
59941,0.6,201301031600
60008,1.97,201301031600
60011,2.01,201301031600
60114,1.36,201301031600
60141,0.72,201301031600
60147,1.19,201301031600
60331,2.15,201301031600
60344,2.03,201301031600
60350,2.94,201301031600
60578,2.55,201301031600
60593,2.37,201301031600
60613,2.28,201301031600
60630,0.5,201301031600
60635,1.93,201301031600
60649,2.44,201301031600
60750,2.74,201301031600
60774,1.76,201301031600
60819,0.79,201301031600
60880,1.7,201301031600
60888,2.09,201301031600
61062,1.04,201301031600
61110,2.29,201301031600
61263,0.9,201301031600
61343,2.86,201301031600
61591,2.32,201301031600
61597,2.9,201301031600
61654,2.95,201301031600
61818,2.58,201301031600
62077,1.03,201301031600
62104,1.23,201301031600
62135,0.96,201301031600
62140,1.27,201301031600
62252,1.1,201301031600
62558,2.92,201301031600
62589,2.86,201301031600
62757,2.23,201301031600
62772,1.97,201301031600
62850,1.79,201301031600
62926,1.06,201301031600
62948,1.11,201301031600
63044,0.63,201301031600
63153,1.24,201301031600
63383,1.07,201301031600
63397,2.89,201301031600
63398,0.71,201301031600
63407,1.38,201301031600
63574,2.48,201301031600
63586,2.88,201301031600
63816,1.91,201301031600
64102,0.78,201301031600
64150,2.99,201301031600
64200,2.06,201301031600
64515,0.98,201301031600
64529,1.13,201301031600
64573,1.12,201301031600
64581,2.93,201301031600
64815,1.18,201301031600
64915,1.14,201301031600
65059,0.7,201301031600
65144,2.88,201301031600
65320,2.88,201301031600
65375,1.71,201301031600
65454,1.8,201301031600
65528,0.6,201301031600
65607,2.68,201301031600
65774,1.71,201301031600
65838,2.49,201301031600
66068,0.87,201301031600
66084,1.41,201301031600
66151,2.08,201301031600
66353,2.94,201301031600
66538,0.57,201301031600
66575,1.21,201301031600
66637,0.75,201301031600
66827,2.26,201301031600
66870,2.84,201301031600
67110,1.67,201301031600
67207,0.83,201301031600
67335,1.76,201301031600
67385,2.63,201301031600
67599,0.6,201301031600
67601,0.76,201301031600
67602,1.08,201301031600
67698,2.34,201301031600
67824,0.55,201301031600
67842,2.87,201301031600
67854,1.84,201301031600
67855,1.41,201301031600
67918,0.85,201301031600
68103,2.69,201301031600
68104,1.0,201301031600
68110,0.89,201301031600
68111,0.56,201301031600
68349,2.56,201301031600
68354,1.22,201301031600
68356,2.55,201301031600
68454,2.92,201301031600
68455,2.1,201301031600
68587,2.72,201301031600
68857,2.15,201301031600
68858,1.63,201301031600
68897,2.87,201301031600
68924,2.14,201301031600
68930,2.93,201301031600
69106,1.59,201301031600
69190,2.6,201301031600
69206,0.57,201301031600
69359,2.76,201301031600
69371,1.45,201301031600
69455,2.3,201301031600
69582,0.56,201301031600
69613,2.31,201301031600
69676,2.13,201301031600
70115,2.17,201301031600
70132,0.69,201301031600
70181,2.07,201301031600
70342,2.91,201301031600
70352,1.43,201301031600
70360,2.09,201301031600
70374,2.95,201301031600
70440,1.33,201301031600
70462,1.18,201301031600
70619,1.24,201301031600
70659,0.67,201301031600
70715,0.69,201301031600
70903,2.08,201301031600
70934,1.43,201301031600
70961,1.76,201301031600
71122,1.82,201301031600
71187,1.38,201301031600
71399,0.76,201301031600
71601,2.77,201301031600
71629,2.65,201301031600
71888,0.55,201301031600
71961,2.46,201301031600
71964,1.61,201301031600
72201,2.33,201301031600
72218,2.35,201301031600
72345,0.7,201301031600
72367,0.83,201301031600
72407,1.47,201301031600
72416,1.69,201301031600
72706,2.18,201301031600
72894,2.14,201301031600
73104,2.27,201301031600
73135,0.98,201301031600
73211,2.56,201301031600
73223,0.55,201301031600
73451,1.3,201301031600
73460,2.91,201301031600
73461,2.58,201301031600
73557,0.72,201301031600
73669,1.06,201301031600
74158,2.74,201301031600
74216,2.11,201301031600
74388,1.32,201301031600
74396,2.26,201301031600
74466,2.49,201301031600
74467,2.94,201301031600
74638,0.59,201301031600
74677,0.75,201301031600
74678,2.9,201301031600
74711,0.93,201301031600
74721,1.97,201301031600
74962,0.61,201301031600
74968,2.18,201301031600
74973,1.2,201301031600
75224,1.13,201301031600
75329,2.1,201301031600
75386,0.71,201301031600
75424,1.42,201301031600
75436,1.39,201301031600
75475,2.76,201301031600
75619,2.92,201301031600
75721,2.87,201301031600
75722,0.91,201301031600
75724,2.65,201301031600
75725,2.63,201301031600
75726,0.56,201301031600
75727,1.64,201301031600
75974,2.85,201301031600
75975,0.6,201301031600
76133,1.6,201301031600
76227,1.61,201301031600
76393,1.55,201301031600
76473,1.39,201301031600
76477,2.44,201301031600
76654,2.19,201301031600
76728,2.31,201301031600
76959,0.88,201301031600
77169,1.27,201301031600
77230,2.0,201301031600
77381,1.81,201301031600
77458,1.74,201301031600
77641,1.68,201301031600
77942,2.72,201301031600
77981,2.88,201301031600
78205,1.56,201301031600
78418,2.77,201301031600
78654,1.1,201301031600
78733,1.7,201301031600
78881,1.63,201301031600
78896,2.23,201301031600
78909,2.86,201301031600
78983,0.83,201301031600
79234,1.6,201301031600
79379,2.92,201301031600
79394,2.25,201301031600
79484,1.44,201301031600
79712,1.57,201301031600
79911,1.48,201301031600
79915,0.96,201301031600
80160,1.51,201301031600
80161,2.5,201301031600
80193,1.45,201301031600
80352,1.28,201301031600
80397,2.1,201301031600
80406,2.18,201301031600
80411,1.72,201301031600
80412,2.18,201301031600
80413,2.56,201301031600
80420,1.67,201301031600
80485,1.81,201301031600
80635,2.09,201301031600
80659,2.69,201301031600
80663,2.33,201301031600
80664,2.45,201301031600
80703,2.33,201301031600
80877,2.03,201301031600
80916,0.61,201301031600
81163,0.95,201301031600
81164,0.73,201301031600
81354,1.29,201301031600
81363,2.29,201301031600
81390,2.06,201301031600
81625,2.81,201301031600
81651,1.62,201301031600
81899,2.98,201301031600
82135,2.44,201301031600
82168,1.28,201301031600
82169,1.65,201301031600
82237,1.51,201301031600
82613,1.59,201301031600
82622,1.24,201301031600
82664,2.9,201301031600
82892,2.68,201301031600
82951,2.89,201301031600
83410,2.97,201301031600
83489,1.55,201301031600
83735,1.17,201301031600
83865,2.32,201301031600
84123,0.88,201301031600
84179,2.16,201301031600
84207,1.45,201301031600
84212,1.52,201301031600
84221,0.81,201301031600
84366,2.67,201301031600
84689,2.04,201301031600
84712,2.5,201301031600
84902,0.66,201301031600
85474,0.61,201301031600
85487,0.55,201301031600
85620,1.51,201301031600
85705,1.59,201301031600
85715,2.84,201301031600
85738,2.74,201301031600
86440,2.69,201301031600
86622,1.08,201301031600
86623,2.29,201301031600
86672,2.5,201301031600
86873,2.0,201301031600
86895,2.04,201301031600
87121,1.57,201301031600
87227,1.27,201301031600
87460,2.66,201301031600
87690,2.39,201301031600
87873,0.79,201301031600
88242,0.52,201301031600
88463,2.04,201301031600
89120,0.7,201301031600
89152,2.57,201301031600
89175,2.24,201301031600
89198,0.84,201301031600
89615,0.66,201301031600
89625,1.11,201301031600
90116,0.74,201301031600
90183,1.71,201301031600
90497,1.2,201301031600
90699,1.32,201301031600
90719,0.59,201301031600
91200,1.47,201301031600
91432,1.47,201301031600
91434,1.49,201301031600
91684,2.9,201301031600
91713,2.74,201301031600
91744,1.53,201301031600
92233,1.61,201301031600
93205,0.55,201301031600
93244,2.41,201301031600
93252,0.81,201301031600
93463,2.47,201301031600
93675,1.09,201301031600
93944,1.84,201301031600
94431,0.78,201301031600
94710,1.15,201301031600
94755,2.57,201301031600
94997,1.78,201301031600
95000,1.42,201301031600
95707,1.21,201301031600
95949,0.82,201301031600
95998,0.52,201301031600
96188,2.05,201301031600
96225,1.63,201301031600
96249,2.83,201301031600
96468,1.68,201301031600
96486,2.86,201301031600
96718,2.67,201301031600
96972,0.95,201301031600
96995,1.28,201301031600
97251,2.4,201301031600
97440,2.56,201301031600
97471,2.5,201301031600
97969,0.62,201301031600
97990,1.66,201301031600
98224,1.26,201301031600
98229,1.76,201301031600
98450,2.19,201301031600
98475,1.19,201301031600
98739,1.01,201301031600
99256,2.91,201301031600
99468,0.61,201301031600
99730,1.77,201301031600
101215,1.6,201301031600
101911,0.61,201301031600
101912,2.97,201301031600
101989,2.44,201301031600
102999,1.96,201301031600
103242,0.52,201301031600
103431,1.21,201301031600
104177,2.99,201301031600
104221,1.48,201301031600
104239,2.94,201301031600
104701,1.99,201301031600
104984,1.72,201301031600
105196,1.41,201301031600
105219,2.04,201301031600
105460,0.8,201301031600
105461,2.49,201301031600
105481,1.16,201301031600
105489,2.9,201301031600
105709,0.91,201301031600
105710,0.73,201301031600
105711,2.31,201301031600
105712,0.59,201301031600
105713,1.24,201301031600
105715,2.33,201301031600
105726,2.32,201301031600
105727,2.76,201301031600
105736,0.76,201301031600
105960,1.84,201301031600
105961,1.35,201301031600
105962,1.01,201301031600
105963,0.74,201301031600
105964,1.21,201301031600
105975,1.8,201301031600
106195,0.55,201301031600
106213,1.42,201301031600
106214,2.8,201301031600
106215,2.84,201301031600
106221,2.83,201301031600
106231,2.57,201301031600
106232,1.86,201301031600
106234,2.1,201301031600
106235,1.27,201301031600
106237,1.55,201301031600
106446,2.66,201301031600
106447,2.17,201301031600
106462,2.1,201301031600
106463,2.72,201301031600
106465,1.46,201301031600
106466,2.69,201301031600
106467,2.38,201301031600
106480,2.44,201301031600
106712,1.74,201301031600
106717,2.14,201301031600
106718,0.86,201301031600
106741,1.69,201301031600
106958,1.11,201301031600
106964,2.27,201301031600
106965,2.32,201301031600
106966,0.72,201301031600
106967,1.03,201301031600
106971,2.85,201301031600
106983,0.71,201301031600
106997,1.33,201301031600
107200,0.55,201301031600
107212,2.37,201301031600
107219,1.89,201301031600
107240,1.85,201301031600
107460,1.89,201301031600
107465,2.17,201301031600
107466,2.45,201301031600
107468,2.01,201301031600
107491,2.1,201301031600
107711,2.41,201301031600
107725,1.83,201301031600
107726,2.11,201301031600
107954,0.55,201301031600
107966,1.99,201301031600
107971,1.42,201301031600
107979,1.28,201301031600
107993,1.22,201301031600
108205,2.16,201301031600
108211,2.49,201301031600
108214,1.68,201301031600
108215,2.08,201301031600
108217,0.71,201301031600
108219,0.74,201301031600
108220,2.42,201301031600
108222,2.37,201301031600
108225,1.86,201301031600
108230,2.7,201301031600
108454,2.46,201301031600
108463,0.73,201301031600
108499,1.38,201301031600
108717,1.14,201301031600
108722,1.27,201301031600
108724,2.03,201301031600
108733,0.68,201301031600
108968,1.71,201301031600
108975,2.33,201301031600
108984,1.27,201301031600
108985,1.92,201301031600
109216,1.13,201301031600
109219,2.91,201301031600
109222,1.82,201301031600
109227,2.54,201301031600
109231,2.1,201301031600
109236,1.49,201301031600
109245,0.94,201301031600
109473,1.97,201301031600
109487,2.65,201301031600
109494,2.35,201301031600
109495,1.56,201301031600
109496,2.16,201301031600
109497,1.5,201301031600
109742,1.63,201301031600
109744,2.38,201301031600
109748,0.77,201301031600
109750,2.36,201301031600
109980,1.07,201301031600
109991,2.98,201301031600
109994,1.69,201301031600
109998,1.42,201301031600
110001,1.76,201301031600
110243,0.88,201301031600
110247,2.86,201301031600
110249,0.85,201301031600
110251,1.62,201301031600
110253,1.37,201301031600
110254,2.33,201301031600
