cell,mobility,dtg
1610,2.8,201301190000
1846,2.47,201301190000
1851,1.47,201301190000
1853,2.69,201301190000
1856,1.71,201301190000
1857,2.62,201301190000
2103,0.58,201301190000
2105,0.67,201301190000
2106,2.09,201301190000
2107,0.61,201301190000
2114,2.01,201301190000
2342,2.92,201301190000
2347,0.73,201301190000
2351,0.7,201301190000
2354,2.58,201301190000
2357,0.56,201301190000
2372,1.75,201301190000
2374,1.2,201301190000
2591,1.61,201301190000
2595,2.1,201301190000
2605,0.75,201301190000
2611,2.31,201301190000
2615,2.03,201301190000
2620,2.89,201301190000
2627,2.76,201301190000
2839,2.51,201301190000
2847,1.78,201301190000
3086,0.57,201301190000
3094,1.72,201301190000
3100,1.18,201301190000
3124,0.64,201301190000
3128,2.55,201301190000
3334,1.44,201301190000
3337,1.71,201301190000
3375,2.28,201301190000
3614,2.56,201301190000
3619,1.99,201301190000
3632,1.0,201301190000
3635,0.68,201301190000
3830,2.97,201301190000
3831,1.21,201301190000
3833,2.64,201301190000
3837,2.54,201301190000
3845,2.81,201301190000
3856,1.04,201301190000
3860,0.8,201301190000
3865,2.17,201301190000
4078,2.87,201301190000
4081,1.77,201301190000
4137,0.93,201301190000
4141,1.35,201301190000
4142,0.84,201301190000
4328,1.69,201301190000
4329,2.31,201301190000
4341,1.97,201301190000
4345,1.92,201301190000
4348,2.23,201301190000
4354,1.78,201301190000
4372,1.2,201301190000
4577,1.26,201301190000
4578,2.67,201301190000
4580,1.64,201301190000
4582,2.77,201301190000
4605,2.38,201301190000
4608,2.02,201301190000
4631,0.76,201301190000
4636,2.16,201301190000
4637,2.66,201301190000
4829,2.37,201301190000
4830,2.75,201301190000
4831,0.61,201301190000
4834,0.98,201301190000
4837,0.57,201301190000
4852,1.91,201301190000
4863,2.46,201301190000
4868,1.94,201301190000
4890,2.45,201301190000
4891,1.18,201301190000
5078,1.14,201301190000
5081,0.51,201301190000
5084,0.67,201301190000
5127,2.9,201301190000
5153,0.63,201301190000
5327,1.78,201301190000
5329,1.17,201301190000
5333,2.63,201301190000
5334,1.26,201301190000
5339,1.3,201301190000
5369,2.2,201301190000
5402,0.58,201301190000
5410,0.66,201301190000
5577,0.79,201301190000
5581,1.21,201301190000
5592,1.09,201301190000
5612,2.19,201301190000
5623,2.75,201301190000
5876,2.3,201301190000
5893,1.86,201301190000
5898,1.51,201301190000
6078,0.86,201301190000
6118,1.3,201301190000
6136,2.74,201301190000
6158,0.75,201301190000
6159,1.46,201301190000
6333,2.23,201301190000
6353,2.21,201301190000
6365,2.7,201301190000
6366,2.43,201301190000
6414,1.98,201301190000
6588,0.59,201301190000
6609,0.98,201301190000
6635,1.34,201301190000
6668,0.96,201301190000
6841,2.6,201301190000
6849,0.72,201301190000
6896,1.68,201301190000
6924,1.4,201301190000
6928,0.83,201301190000
6935,2.57,201301190000
6939,1.03,201301190000
7077,0.8,201301190000
7078,2.03,201301190000
7085,2.76,201301190000
7088,1.03,201301190000
7113,2.42,201301190000
7114,1.52,201301190000
7129,2.36,201301190000
7133,1.86,201301190000
7165,2.89,201301190000
7192,1.73,201301190000
7354,1.17,201301190000
7375,2.01,201301190000
7379,1.48,201301190000
7401,0.55,201301190000
7410,2.81,201301190000
7436,1.52,201301190000
7584,2.68,201301190000
7646,1.25,201301190000
7849,1.71,201301190000
7871,1.42,201301190000
7927,2.4,201301190000
7948,1.14,201301190000
8080,0.5,201301190000
8170,1.97,201301190000
8182,2.73,201301190000
8195,1.41,201301190000
8342,2.07,201301190000
8582,0.62,201301190000
8602,1.78,201301190000
8609,0.58,201301190000
8638,1.11,201301190000
8656,0.75,201301190000
8830,2.2,201301190000
8839,1.34,201301190000
8876,2.84,201301190000
8897,1.54,201301190000
8912,1.56,201301190000
8918,2.54,201301190000
8929,1.57,201301190000
8940,0.5,201301190000
8954,2.74,201301190000
9140,2.24,201301190000
9333,2.32,201301190000
9468,1.55,201301190000
9473,2.14,201301190000
9589,2.87,201301190000
9601,2.33,201301190000
9607,1.76,201301190000
9658,1.31,201301190000
9724,1.83,201301190000
9833,0.77,201301190000
10084,1.29,201301190000
10089,1.72,201301190000
10096,1.27,201301190000
10144,1.09,201301190000
10170,1.06,201301190000
10181,2.35,201301190000
10189,2.88,201301190000
10201,2.58,201301190000
10334,0.58,201301190000
10335,0.57,201301190000
10383,1.51,201301190000
10414,1.01,201301190000
10444,1.58,201301190000
10458,0.86,201301190000
10477,0.86,201301190000
10586,2.77,201301190000
10601,0.95,201301190000
10609,0.96,201301190000
10616,0.7,201301190000
10633,2.95,201301190000
10655,2.33,201301190000
10665,1.18,201301190000
10681,0.9,201301190000
10717,2.97,201301190000
10835,2.51,201301190000
10837,2.56,201301190000
10847,0.8,201301190000
10903,2.97,201301190000
10911,1.51,201301190000
10918,2.06,201301190000
10973,2.94,201301190000
11087,2.69,201301190000
11092,0.53,201301190000
11128,1.67,201301190000
11222,2.88,201301190000
11223,1.89,201301190000
11225,0.97,201301190000
11238,1.33,201301190000
11361,1.23,201301190000
11393,0.67,201301190000
11424,2.83,201301190000
11601,2.61,201301190000
11682,1.51,201301190000
11704,0.74,201301190000
11858,1.87,201301190000
11884,1.39,201301190000
11901,2.88,201301190000
11946,1.98,201301190000
11960,1.5,201301190000
11972,0.7,201301190000
12089,0.63,201301190000
12090,1.7,201301190000
12096,0.85,201301190000
12120,2.91,201301190000
12157,1.59,201301190000
12230,0.86,201301190000
12383,1.51,201301190000
12431,2.6,201301190000
12601,1.41,201301190000
12625,1.65,201301190000
12632,2.58,201301190000
12842,2.33,201301190000
12875,1.4,201301190000
12901,1.66,201301190000
12913,0.78,201301190000
12933,1.94,201301190000
12934,2.43,201301190000
12985,0.96,201301190000
13099,1.53,201301190000
13114,2.76,201301190000
13150,1.79,201301190000
13175,1.7,201301190000
13183,1.5,201301190000
13222,1.96,201301190000
13358,1.75,201301190000
13444,2.67,201301190000
13455,0.68,201301190000
13456,2.69,201301190000
13670,2.95,201301190000
13694,1.82,201301190000
13845,0.94,201301190000
13849,2.09,201301190000
14011,0.55,201301190000
14095,2.01,201301190000
14133,1.24,201301190000
14161,2.35,201301190000
14167,2.38,201301190000
14184,2.79,201301190000
14241,0.93,201301190000
14255,1.68,201301190000
14349,1.81,201301190000
14350,2.57,201301190000
14375,1.82,201301190000
14452,0.63,201301190000
14475,1.02,201301190000
14620,1.45,201301190000
14673,1.41,201301190000
14745,2.37,201301190000
14859,2.53,201301190000
14936,1.18,201301190000
14995,1.9,201301190000
15097,2.05,201301190000
15098,2.46,201301190000
15246,2.54,201301190000
15349,2.99,201301190000
15440,2.99,201301190000
15600,1.11,201301190000
15656,2.06,201301190000
15672,2.86,201301190000
15699,1.35,201301190000
15714,2.09,201301190000
15725,0.71,201301190000
15744,1.05,201301190000
15849,1.12,201301190000
15850,1.87,201301190000
15851,2.24,201301190000
15853,2.92,201301190000
15871,2.9,201301190000
16100,2.87,201301190000
16105,1.99,201301190000
16114,2.4,201301190000
16171,1.3,201301190000
16184,0.64,201301190000
16400,1.54,201301190000
16414,1.37,201301190000
16601,0.97,201301190000
16604,0.83,201301190000
16625,2.09,201301190000
16670,1.94,201301190000
16853,2.64,201301190000
16868,1.98,201301190000
16932,2.33,201301190000
17232,1.15,201301190000
17355,2.73,201301190000
17358,2.09,201301190000
17367,2.99,201301190000
17635,1.43,201301190000
17673,1.46,201301190000
17681,2.59,201301190000
17884,0.62,201301190000
17984,0.92,201301190000
18108,2.72,201301190000
18115,0.89,201301190000
18118,2.42,201301190000
18123,1.22,201301190000
18139,1.64,201301190000
18154,1.41,201301190000
18160,1.48,201301190000
18177,1.01,201301190000
18185,1.95,201301190000
18383,2.69,201301190000
18404,2.83,201301190000
18427,2.28,201301190000
18466,2.06,201301190000
18616,1.52,201301190000
18629,1.94,201301190000
18861,1.12,201301190000
18866,1.41,201301190000
18925,2.87,201301190000
19110,2.66,201301190000
19112,0.77,201301190000
19114,1.55,201301190000
19122,2.75,201301190000
19360,1.97,201301190000
19443,2.3,201301190000
19481,0.86,201301190000
19611,1.69,201301190000
19612,1.73,201301190000
19618,0.78,201301190000
19633,1.87,201301190000
19678,2.86,201301190000
19878,0.65,201301190000
19913,2.99,201301190000
20113,1.69,201301190000
20114,1.64,201301190000
20116,0.81,201301190000
20170,1.08,201301190000
20363,0.65,201301190000
20387,0.78,201301190000
20396,1.68,201301190000
20436,2.08,201301190000
20616,2.53,201301190000
20621,2.19,201301190000
20628,2.61,201301190000
20651,2.09,201301190000
20671,2.21,201301190000
20682,0.95,201301190000
20864,2.23,201301190000
20882,2.98,201301190000
20931,1.15,201301190000
20995,2.88,201301190000
21115,0.6,201301190000
21118,2.1,201301190000
21201,2.2,201301190000
21373,1.63,201301190000
21377,2.27,201301190000
21392,2.5,201301190000
21407,1.56,201301190000
21428,0.77,201301190000
21448,0.98,201301190000
21617,1.99,201301190000
21619,2.96,201301190000
21639,0.57,201301190000
21658,0.81,201301190000
21663,2.98,201301190000
21701,0.89,201301190000
21721,0.9,201301190000
21868,1.83,201301190000
21871,1.55,201301190000
21999,0.86,201301190000
22126,0.51,201301190000
22133,2.97,201301190000
22174,0.8,201301190000
22176,2.5,201301190000
22205,0.77,201301190000
22368,1.45,201301190000
22395,0.73,201301190000
22419,2.53,201301190000
22420,2.89,201301190000
22421,1.53,201301190000
22422,1.67,201301190000
22619,0.56,201301190000
22630,2.18,201301190000
22634,0.97,201301190000
22671,1.75,201301190000
22673,2.12,201301190000
22700,2.04,201301190000
22751,2.11,201301190000
22768,3.0,201301190000
22869,1.12,201301190000
22877,1.91,201301190000
22928,1.56,201301190000
22940,1.33,201301190000
22955,0.65,201301190000
22963,2.02,201301190000
22966,1.83,201301190000
23120,0.84,201301190000
23124,1.1,201301190000
23125,0.9,201301190000
23131,1.75,201301190000
23138,2.65,201301190000
23169,2.35,201301190000
23194,1.29,201301190000
23216,1.56,201301190000
23370,2.66,201301190000
23371,0.67,201301190000
23379,1.96,201301190000
23386,0.69,201301190000
23388,2.41,201301190000
23427,1.32,201301190000
23621,1.1,201301190000
23627,1.85,201301190000
23635,2.25,201301190000
23641,2.7,201301190000
23662,0.64,201301190000
23669,2.75,201301190000
23690,1.45,201301190000
23744,1.7,201301190000
23750,2.32,201301190000
23872,2.05,201301190000
23873,2.22,201301190000
23875,2.36,201301190000
23881,2.48,201301190000
23894,1.36,201301190000
23896,2.06,201301190000
23907,0.85,201301190000
23925,2.52,201301190000
23973,1.14,201301190000
24005,2.72,201301190000
24009,1.81,201301190000
24032,0.83,201301190000
24122,2.45,201301190000
24123,2.17,201301190000
24149,2.89,201301190000
24247,1.53,201301190000
24251,0.58,201301190000
24265,2.65,201301190000
24266,1.34,201301190000
24373,1.82,201301190000
24374,0.91,201301190000
24380,2.02,201301190000
24381,0.91,201301190000
24383,2.09,201301190000
24387,2.66,201301190000
24402,2.49,201301190000
24405,0.75,201301190000
24423,2.86,201301190000
24623,1.09,201301190000
24626,1.03,201301190000
24643,2.73,201301190000
24732,2.49,201301190000
24734,2.29,201301190000
24739,1.02,201301190000
24774,0.73,201301190000
24775,1.8,201301190000
24781,1.07,201301190000
24837,2.16,201301190000
24874,1.73,201301190000
24877,2.18,201301190000
24879,0.9,201301190000
24880,1.55,201301190000
24895,2.64,201301190000
24920,1.5,201301190000
24990,2.18,201301190000
24991,1.92,201301190000
24993,2.52,201301190000
25124,1.92,201301190000
25125,2.33,201301190000
25126,0.65,201301190000
25129,0.56,201301190000
25130,1.08,201301190000
25132,2.06,201301190000
25136,1.5,201301190000
25138,1.27,201301190000
25141,2.6,201301190000
25179,1.18,201301190000
25187,0.82,201301190000
25375,0.98,201301190000
25376,1.85,201301190000
25377,2.11,201301190000
25379,1.5,201301190000
25385,1.41,201301190000
25395,0.58,201301190000
25400,1.16,201301190000
25405,1.5,201301190000
25412,1.43,201301190000
25427,1.66,201301190000
25626,2.83,201301190000
25627,2.12,201301190000
25628,2.47,201301190000
25629,2.15,201301190000
25632,0.83,201301190000
25633,1.45,201301190000
25642,0.78,201301190000
25715,1.67,201301190000
25747,1.42,201301190000
25763,2.78,201301190000
25876,1.24,201301190000
25877,1.31,201301190000
25878,1.84,201301190000
25881,1.13,201301190000
25882,1.86,201301190000
25886,2.07,201301190000
25888,1.12,201301190000
25926,2.87,201301190000
25997,2.85,201301190000
26005,2.3,201301190000
26035,1.53,201301190000
26127,0.51,201301190000
26129,2.18,201301190000
26130,2.82,201301190000
26133,2.43,201301190000
26135,1.82,201301190000
26136,2.64,201301190000
26138,0.73,201301190000
26139,2.89,201301190000
26141,2.11,201301190000
26148,2.07,201301190000
26168,2.1,201301190000
26378,2.72,201301190000
26379,2.66,201301190000
26380,1.64,201301190000
26381,2.84,201301190000
26382,1.41,201301190000
26383,1.71,201301190000
26385,1.51,201301190000
26386,2.35,201301190000
26387,1.24,201301190000
26389,2.89,201301190000
26391,2.84,201301190000
26392,1.89,201301190000
26393,2.45,201301190000
26396,2.85,201301190000
26403,2.3,201301190000
26408,1.24,201301190000
26427,0.85,201301190000
26450,1.16,201301190000
26492,0.55,201301190000
26546,0.71,201301190000
26563,1.65,201301190000
26564,2.19,201301190000
26628,0.71,201301190000
26629,2.07,201301190000
26630,2.85,201301190000
26631,0.76,201301190000
26633,0.56,201301190000
26634,2.07,201301190000
26656,2.03,201301190000
26674,2.62,201301190000
26708,1.87,201301190000
26752,2.7,201301190000
26754,2.07,201301190000
26755,2.14,201301190000
26782,1.16,201301190000
26846,0.93,201301190000
26879,1.03,201301190000
26880,2.43,201301190000
26881,2.94,201301190000
26882,2.78,201301190000
26883,1.19,201301190000
26884,1.04,201301190000
26885,2.04,201301190000
26886,1.91,201301190000
26887,2.06,201301190000
26889,0.61,201301190000
26890,0.78,201301190000
26891,2.63,201301190000
26892,0.8,201301190000
26893,1.17,201301190000
26894,1.98,201301190000
26895,1.1,201301190000
26897,2.09,201301190000
26905,2.83,201301190000
26938,2.76,201301190000
26964,2.67,201301190000
27006,0.83,201301190000
27042,2.21,201301190000
27098,1.19,201301190000
27130,2.56,201301190000
27131,1.19,201301190000
27132,1.23,201301190000
27133,0.86,201301190000
27134,2.29,201301190000
27135,2.14,201301190000
27136,2.77,201301190000
27137,1.35,201301190000
27138,1.86,201301190000
27142,2.68,201301190000
27143,1.97,201301190000
27145,1.37,201301190000
27148,2.12,201301190000
27149,1.71,201301190000
27152,0.91,201301190000
27155,2.89,201301190000
27175,1.51,201301190000
27209,2.11,201301190000
27247,1.19,201301190000
27381,2.72,201301190000
27382,1.41,201301190000
27383,2.95,201301190000
27384,2.01,201301190000
27386,1.75,201301190000
27387,1.18,201301190000
27388,1.87,201301190000
27389,0.78,201301190000
27390,2.45,201301190000
27392,0.89,201301190000
27395,1.52,201301190000
27404,0.89,201301190000
27415,1.22,201301190000
27427,2.45,201301190000
27489,0.66,201301190000
27494,1.36,201301190000
27498,2.63,201301190000
27518,2.04,201301190000
27632,2.66,201301190000
27633,1.08,201301190000
27634,1.62,201301190000
27635,0.61,201301190000
27636,1.83,201301190000
27637,1.71,201301190000
27638,0.53,201301190000
27639,2.11,201301190000
27640,0.93,201301190000
27642,1.22,201301190000
27643,2.83,201301190000
27645,1.53,201301190000
27646,2.77,201301190000
27647,2.96,201301190000
27649,1.94,201301190000
27654,2.75,201301190000
27763,1.01,201301190000
27764,0.61,201301190000
27796,2.84,201301190000
27797,1.63,201301190000
27883,1.59,201301190000
27884,2.83,201301190000
27885,1.9,201301190000
27886,1.15,201301190000
27887,1.82,201301190000
27888,1.88,201301190000
27889,0.57,201301190000
27890,2.89,201301190000
27891,1.86,201301190000
27892,1.67,201301190000
27894,2.56,201301190000
27895,1.23,201301190000
27897,1.19,201301190000
27902,2.77,201301190000
27908,2.35,201301190000
27911,0.51,201301190000
27930,1.17,201301190000
27971,1.61,201301190000
28004,1.75,201301190000
28015,2.58,201301190000
28049,2.57,201301190000
28102,2.42,201301190000
28134,2.6,201301190000
28135,1.95,201301190000
28136,2.67,201301190000
28137,1.23,201301190000
28138,2.72,201301190000
28139,1.41,201301190000
28140,0.81,201301190000
28142,0.98,201301190000
28143,1.3,201301190000
28144,1.69,201301190000
28146,0.57,201301190000
28154,1.67,201301190000
28156,2.33,201301190000
28216,1.84,201301190000
28239,2.4,201301190000
28384,2.39,201301190000
28385,2.4,201301190000
28386,1.5,201301190000
28387,2.05,201301190000
28388,0.68,201301190000
28389,2.42,201301190000
28390,2.53,201301190000
28391,1.04,201301190000
28392,1.01,201301190000
28393,2.19,201301190000
28394,2.96,201301190000
28396,2.52,201301190000
28397,1.3,201301190000
28400,2.72,201301190000
28401,1.07,201301190000
28405,1.99,201301190000
28427,1.88,201301190000
28467,1.26,201301190000
28496,1.59,201301190000
28497,1.5,201301190000
28519,2.63,201301190000
28535,1.15,201301190000
28539,1.79,201301190000
28545,1.98,201301190000
28557,1.91,201301190000
28635,0.65,201301190000
28636,1.17,201301190000
28637,2.95,201301190000
28638,2.62,201301190000
28639,1.97,201301190000
28640,0.98,201301190000
28641,2.23,201301190000
28642,2.82,201301190000
28643,0.61,201301190000
28644,1.32,201301190000
28645,2.93,201301190000
28646,2.96,201301190000
28649,2.89,201301190000
28658,2.72,201301190000
28667,1.08,201301190000
28675,1.23,201301190000
28751,1.58,201301190000
28753,1.11,201301190000
28754,0.7,201301190000
28788,1.91,201301190000
28812,2.38,201301190000
28823,1.89,201301190000
28886,0.57,201301190000
28887,2.09,201301190000
28888,1.16,201301190000
28889,0.6,201301190000
28890,1.03,201301190000
28891,1.15,201301190000
28892,1.81,201301190000
28893,1.79,201301190000
28894,2.8,201301190000
28895,0.98,201301190000
28896,2.11,201301190000
28897,2.1,201301190000
28899,2.68,201301190000
28900,2.42,201301190000
28901,1.75,201301190000
28902,2.32,201301190000
28905,1.97,201301190000
28912,2.33,201301190000
28960,2.63,201301190000
28969,1.41,201301190000
29004,1.85,201301190000
29012,1.39,201301190000
29026,0.5,201301190000
29068,1.68,201301190000
29076,1.98,201301190000
29088,2.9,201301190000
29094,1.44,201301190000
29136,2.05,201301190000
29137,1.71,201301190000
29138,2.04,201301190000
29139,2.83,201301190000
29140,0.96,201301190000
29141,0.57,201301190000
29142,1.02,201301190000
29143,2.53,201301190000
29144,2.05,201301190000
29146,2.59,201301190000
29147,1.63,201301190000
29148,1.13,201301190000
29149,2.45,201301190000
29151,2.78,201301190000
29158,2.53,201301190000
29165,1.71,201301190000
29171,2.8,201301190000
29190,1.21,201301190000
29247,2.05,201301190000
29387,0.73,201301190000
29388,2.66,201301190000
29389,2.23,201301190000
29390,1.62,201301190000
29391,0.72,201301190000
29392,0.81,201301190000
29393,1.09,201301190000
29394,2.1,201301190000
29395,1.19,201301190000
29396,2.18,201301190000
29397,2.83,201301190000
29398,1.35,201301190000
29399,0.94,201301190000
29401,2.07,201301190000
29402,2.47,201301190000
29403,2.18,201301190000
29405,2.68,201301190000
29409,2.06,201301190000
29425,1.8,201301190000
29429,0.54,201301190000
29495,2.53,201301190000
29498,1.26,201301190000
29533,2.18,201301190000
29556,2.93,201301190000
29638,0.96,201301190000
29639,2.05,201301190000
29640,1.68,201301190000
29641,1.27,201301190000
29642,2.34,201301190000
29643,0.57,201301190000
29644,2.27,201301190000
29645,0.64,201301190000
29648,1.22,201301190000
29649,0.94,201301190000
29650,2.76,201301190000
29654,1.94,201301190000
29663,0.94,201301190000
29670,1.17,201301190000
29710,1.08,201301190000
29730,1.29,201301190000
29733,1.1,201301190000
29736,1.72,201301190000
29766,2.24,201301190000
29891,1.54,201301190000
29892,2.23,201301190000
29893,2.19,201301190000
29894,2.22,201301190000
29895,1.82,201301190000
29896,0.86,201301190000
29897,0.9,201301190000
29898,2.83,201301190000
29900,2.34,201301190000
29903,1.85,201301190000
29906,0.87,201301190000
29909,1.75,201301190000
29912,1.04,201301190000
29917,0.9,201301190000
29925,2.85,201301190000
29966,1.38,201301190000
30021,2.93,201301190000
30026,0.71,201301190000
30036,2.41,201301190000
30142,1.98,201301190000
30143,1.5,201301190000
30144,2.04,201301190000
30145,1.75,201301190000
30146,2.34,201301190000
30147,2.78,201301190000
30148,0.78,201301190000
30152,2.24,201301190000
30154,1.96,201301190000
30157,1.62,201301190000
30158,2.5,201301190000
30181,1.18,201301190000
30242,0.88,201301190000
30243,1.49,201301190000
30244,2.16,201301190000
30261,1.54,201301190000
30300,0.65,201301190000
30322,1.56,201301190000
30393,2.69,201301190000
30394,1.27,201301190000
30395,1.82,201301190000
30396,0.89,201301190000
30397,2.17,201301190000
30398,2.76,201301190000
30400,2.63,201301190000
30401,1.79,201301190000
30403,0.86,201301190000
30407,2.28,201301190000
30410,1.84,201301190000
30420,2.01,201301190000
30430,0.66,201301190000
30434,2.28,201301190000
30439,2.3,201301190000
30481,1.04,201301190000
30489,2.39,201301190000
30494,1.73,201301190000
30495,1.35,201301190000
30496,1.92,201301190000
30645,1.17,201301190000
30646,1.88,201301190000
30647,1.66,201301190000
30648,1.94,201301190000
30649,2.46,201301190000
30650,2.12,201301190000
30651,2.64,201301190000
30652,1.01,201301190000
30653,2.43,201301190000
30654,1.72,201301190000
30661,0.73,201301190000
30664,2.23,201301190000
30666,0.93,201301190000
30669,2.68,201301190000
30673,2.51,201301190000
30683,0.6,201301190000
30745,0.73,201301190000
30750,1.41,201301190000
30777,2.75,201301190000
30780,1.89,201301190000
30812,0.58,201301190000
30897,1.18,201301190000
30898,1.4,201301190000
30899,1.63,201301190000
30900,2.69,201301190000
30901,2.27,201301190000
30902,1.35,201301190000
30903,2.23,201301190000
30904,1.72,201301190000
30908,1.25,201301190000
30909,1.51,201301190000
30912,2.39,201301190000
30913,1.88,201301190000
30928,1.96,201301190000
30953,2.81,201301190000
30979,0.84,201301190000
30994,2.48,201301190000
30995,2.74,201301190000
31027,1.17,201301190000
31028,2.65,201301190000
31029,1.81,201301190000
31082,2.38,201301190000
31148,1.3,201301190000
31149,1.34,201301190000
31150,1.12,201301190000
31151,2.08,201301190000
31152,2.31,201301190000
31156,2.78,201301190000
31157,2.53,201301190000
31161,0.62,201301190000
31166,1.5,201301190000
31172,1.11,201301190000
31274,2.37,201301190000
31281,1.29,201301190000
31369,1.51,201301190000
31398,1.88,201301190000
31401,1.91,201301190000
31407,2.68,201301190000
31408,2.52,201301190000
31409,2.41,201301190000
31410,2.62,201301190000
31413,1.33,201301190000
31419,0.59,201301190000
31427,1.75,201301190000
31457,1.08,201301190000
31466,1.27,201301190000
31651,0.54,201301190000
31652,2.77,201301190000
31656,2.67,201301190000
31660,0.57,201301190000
31663,2.96,201301190000
31666,1.13,201301190000
31675,1.77,201301190000
31738,0.99,201301190000
31754,2.57,201301190000
31782,0.93,201301190000
31903,2.3,201301190000
31904,2.65,201301190000
31905,0.71,201301190000
31906,1.81,201301190000
31908,0.78,201301190000
31912,1.53,201301190000
31921,1.56,201301190000
31928,2.46,201301190000
31949,3.0,201301190000
32028,0.87,201301190000
32032,0.68,201301190000
32045,1.12,201301190000
32150,1.43,201301190000
32155,0.68,201301190000
32157,0.79,201301190000
32161,1.14,201301190000
32162,2.53,201301190000
32167,1.98,201301190000
32169,2.31,201301190000
32175,2.29,201301190000
32182,1.87,201301190000
32185,1.27,201301190000
32195,2.57,201301190000
32235,1.56,201301190000
32404,2.92,201301190000
32405,1.34,201301190000
32410,0.8,201301190000
32411,0.85,201301190000
32415,2.1,201301190000
32449,0.77,201301190000
32490,2.53,201301190000
32558,0.67,201301190000
32622,0.74,201301190000
32656,2.96,201301190000
32658,1.49,201301190000
32660,1.35,201301190000
32662,1.09,201301190000
32668,1.25,201301190000
32682,2.5,201301190000
32697,1.11,201301190000
32712,2.11,201301190000
32729,2.45,201301190000
32739,2.44,201301190000
32742,2.01,201301190000
32744,2.3,201301190000
32802,1.78,201301190000
32834,1.86,201301190000
32905,1.56,201301190000
32907,2.74,201301190000
32912,1.12,201301190000
32916,1.61,201301190000
32922,0.69,201301190000
32924,2.19,201301190000
32926,2.09,201301190000
32929,1.99,201301190000
32977,2.08,201301190000
32978,1.33,201301190000
33154,2.74,201301190000
33158,2.4,201301190000
33160,2.04,201301190000
33165,2.2,201301190000
33170,2.08,201301190000
33186,1.87,201301190000
33286,1.25,201301190000
33405,1.71,201301190000
33409,0.68,201301190000
33412,2.29,201301190000
33418,1.34,201301190000
33420,2.83,201301190000
33424,1.04,201301190000
33435,1.17,201301190000
33442,1.22,201301190000
33519,2.1,201301190000
33594,0.76,201301190000
33656,1.82,201301190000
33659,2.71,201301190000
33662,2.02,201301190000
33664,1.25,201301190000
33666,2.76,201301190000
33669,2.27,201301190000
33673,1.56,201301190000
33675,2.81,201301190000
33694,2.04,201301190000
33724,1.31,201301190000
33742,2.33,201301190000
33812,1.3,201301190000
33909,1.32,201301190000
33911,2.66,201301190000
33912,2.67,201301190000
33913,1.62,201301190000
33922,2.04,201301190000
33923,2.79,201301190000
33924,1.49,201301190000
33931,2.78,201301190000
33935,2.16,201301190000
33986,2.21,201301190000
34013,1.55,201301190000
34160,0.61,201301190000
34161,2.52,201301190000
34162,2.29,201301190000
34163,2.89,201301190000
34167,2.68,201301190000
34190,2.33,201301190000
34211,2.44,201301190000
34303,2.95,201301190000
34380,2.46,201301190000
34407,2.7,201301190000
34413,1.86,201301190000
34423,2.7,201301190000
34424,2.4,201301190000
34427,1.96,201301190000
34430,0.83,201301190000
34437,1.53,201301190000
34440,1.66,201301190000
34486,1.08,201301190000
34495,1.66,201301190000
34510,0.83,201301190000
34520,0.87,201301190000
34528,1.5,201301190000
34563,0.62,201301190000
34662,2.11,201301190000
34667,2.03,201301190000
34668,1.38,201301190000
34670,2.84,201301190000
34672,1.46,201301190000
34673,1.36,201301190000
34676,2.57,201301190000
34679,1.64,201301190000
34682,2.66,201301190000
34695,0.93,201301190000
34710,2.73,201301190000
34714,0.8,201301190000
34720,2.8,201301190000
34882,2.4,201301190000
34913,1.32,201301190000
34914,1.8,201301190000
34915,2.65,201301190000
34924,0.99,201301190000
34925,2.2,201301190000
34934,2.91,201301190000
34939,2.52,201301190000
34959,2.6,201301190000
34990,0.64,201301190000
35102,2.0,201301190000
35164,1.78,201301190000
35166,1.33,201301190000
35173,0.57,201301190000
35178,1.67,201301190000
35183,1.5,201301190000
35185,2.3,201301190000
35187,1.03,201301190000
35193,2.62,201301190000
35203,1.68,201301190000
35218,1.91,201301190000
35237,2.74,201301190000
35244,0.61,201301190000
35249,0.97,201301190000
35295,1.51,201301190000
35368,1.59,201301190000
35410,0.62,201301190000
35414,0.59,201301190000
35415,1.27,201301190000
35417,2.47,201301190000
35421,2.6,201301190000
35440,1.96,201301190000
35455,1.72,201301190000
35492,1.85,201301190000
35515,1.7,201301190000
35665,2.75,201301190000
35675,1.75,201301190000
35683,2.55,201301190000
35686,0.5,201301190000
35700,1.58,201301190000
35745,1.31,201301190000
35755,1.8,201301190000
35769,1.95,201301190000
35916,2.89,201301190000
35917,2.46,201301190000
35918,2.3,201301190000
35919,2.0,201301190000
35921,2.72,201301190000
35929,0.54,201301190000
35931,0.73,201301190000
35941,2.09,201301190000
35944,0.63,201301190000
35971,0.8,201301190000
35981,2.51,201301190000
35992,1.14,201301190000
35994,2.05,201301190000
36067,2.24,201301190000
36162,0.79,201301190000
36167,2.19,201301190000
36169,2.72,201301190000
36170,2.91,201301190000
36173,1.17,201301190000
36176,2.43,201301190000
36177,0.94,201301190000
36205,0.94,201301190000
36237,1.97,201301190000
36245,0.93,201301190000
36246,0.83,201301190000
36293,0.8,201301190000
36311,1.71,201301190000
36417,2.84,201301190000
36420,2.74,201301190000
36421,1.74,201301190000
36441,0.95,201301190000
36448,0.77,201301190000
36494,1.09,201301190000
36498,2.47,201301190000
36502,0.78,201301190000
36510,2.01,201301190000
36513,0.85,201301190000
36519,0.64,201301190000
36524,0.74,201301190000
36576,1.62,201301190000
36668,0.6,201301190000
36673,0.63,201301190000
36675,1.46,201301190000
36677,0.72,201301190000
36679,2.78,201301190000
36682,1.4,201301190000
36688,0.72,201301190000
36690,1.55,201301190000
36711,0.56,201301190000
36717,0.63,201301190000
36758,0.6,201301190000
36889,2.08,201301190000
36915,1.5,201301190000
36918,1.18,201301190000
36933,2.57,201301190000
36934,1.08,201301190000
36953,1.4,201301190000
36959,1.79,201301190000
36996,2.36,201301190000
36999,0.94,201301190000
37001,1.64,201301190000
37167,1.49,201301190000
37168,2.0,201301190000
37169,2.79,201301190000
37172,0.72,201301190000
37176,2.48,201301190000
37178,1.13,201301190000
37179,2.98,201301190000
37182,2.8,201301190000
37192,1.05,201301190000
37200,2.19,201301190000
37206,0.57,201301190000
37232,1.91,201301190000
37239,2.65,201301190000
37270,0.51,201301190000
37298,2.43,201301190000
37304,1.8,201301190000
37419,2.1,201301190000
37421,2.02,201301190000
37423,1.68,201301190000
37425,2.59,201301190000
37446,1.57,201301190000
37454,1.38,201301190000
37477,2.25,201301190000
37487,1.51,201301190000
37501,1.06,201301190000
37503,1.37,201301190000
37513,2.28,201301190000
37523,2.27,201301190000
37562,1.07,201301190000
37609,1.69,201301190000
37642,0.74,201301190000
37643,2.38,201301190000
37670,2.48,201301190000
37671,2.67,201301190000
37672,2.98,201301190000
37676,2.46,201301190000
37688,1.75,201301190000
37689,1.49,201301190000
37690,1.34,201301190000
37695,2.47,201301190000
37701,2.2,201301190000
37710,1.18,201301190000
37711,1.41,201301190000
37754,1.0,201301190000
37874,2.34,201301190000
37891,1.32,201301190000
37893,1.39,201301190000
37894,2.65,201301190000
37926,2.33,201301190000
37928,1.4,201301190000
37929,1.14,201301190000
37932,1.9,201301190000
37936,0.74,201301190000
37943,1.64,201301190000
37952,1.77,201301190000
37962,1.13,201301190000
37968,2.32,201301190000
38003,1.61,201301190000
38060,1.23,201301190000
38145,1.3,201301190000
38172,1.42,201301190000
38173,0.96,201301190000
38178,1.17,201301190000
38200,0.74,201301190000
38204,2.88,201301190000
38209,0.99,201301190000
38215,1.58,201301190000
38220,2.05,201301190000
38225,1.09,201301190000
38228,2.52,201301190000
38230,2.91,201301190000
38243,2.22,201301190000
38247,2.89,201301190000
38255,2.79,201301190000
38263,2.71,201301190000
38268,1.02,201301190000
38272,0.74,201301190000
38367,1.8,201301190000
38381,1.24,201301190000
38423,2.76,201301190000
38425,2.75,201301190000
38426,0.99,201301190000
38431,1.0,201301190000
38440,1.38,201301190000
38479,2.4,201301190000
38481,1.33,201301190000
38483,0.91,201301190000
38488,1.57,201301190000
38490,1.31,201301190000
38498,2.01,201301190000
38499,2.67,201301190000
38500,2.32,201301190000
38505,1.07,201301190000
38506,2.74,201301190000
38508,0.81,201301190000
38517,1.32,201301190000
38534,0.65,201301190000
38648,1.17,201301190000
38674,1.61,201301190000
38676,2.97,201301190000
38679,1.59,201301190000
38684,0.86,201301190000
38693,1.84,201301190000
38697,2.03,201301190000
38716,1.88,201301190000
38722,1.8,201301190000
38736,1.27,201301190000
38738,2.66,201301190000
38752,0.94,201301190000
38753,1.47,201301190000
38758,2.79,201301190000
38760,2.94,201301190000
38761,2.31,201301190000
38762,1.32,201301190000
38766,1.65,201301190000
38769,1.48,201301190000
38778,2.17,201301190000
38812,1.1,201301190000
38939,1.2,201301190000
38953,2.34,201301190000
38958,1.39,201301190000
38967,0.52,201301190000
39006,2.81,201301190000
39008,2.26,201301190000
39010,2.86,201301190000
39011,2.43,201301190000
39017,1.99,201301190000
39113,1.21,201301190000
39148,1.25,201301190000
39149,2.79,201301190000
39176,0.56,201301190000
39178,1.71,201301190000
39191,1.15,201301190000
39201,2.93,201301190000
39230,1.12,201301190000
39236,0.93,201301190000
39246,0.95,201301190000
39252,2.6,201301190000
39255,2.88,201301190000
39260,1.26,201301190000
39262,2.58,201301190000
39263,0.71,201301190000
39268,0.82,201301190000
39269,1.71,201301190000
39271,2.07,201301190000
39274,1.04,201301190000
39275,2.84,201301190000
39375,0.99,201301190000
39391,2.3,201301190000
39427,2.39,201301190000
39428,1.82,201301190000
39430,1.57,201301190000
39433,2.86,201301190000
39446,2.15,201301190000
39457,2.02,201301190000
39514,1.75,201301190000
39515,1.07,201301190000
39516,1.48,201301190000
39517,1.61,201301190000
39535,1.13,201301190000
39554,1.53,201301190000
39559,1.88,201301190000
39631,2.96,201301190000
39632,2.82,201301190000
39633,1.29,201301190000
39652,2.09,201301190000
39683,2.02,201301190000
39687,2.12,201301190000
39706,0.75,201301190000
39710,0.88,201301190000
39722,1.42,201301190000
39731,1.3,201301190000
39750,2.09,201301190000
39755,2.65,201301190000
39759,2.22,201301190000
39762,1.31,201301190000
39764,2.08,201301190000
39765,1.45,201301190000
39766,1.58,201301190000
39767,0.75,201301190000
39769,0.57,201301190000
39772,2.86,201301190000
39776,1.82,201301190000
39777,2.46,201301190000
39790,0.66,201301190000
39791,2.36,201301190000
39796,2.93,201301190000
39832,1.42,201301190000
39883,2.86,201301190000
39930,2.02,201301190000
39932,0.89,201301190000
39941,1.07,201301190000
39948,1.12,201301190000
39969,1.69,201301190000
40018,1.37,201301190000
40031,1.69,201301190000
40133,2.9,201301190000
40180,2.12,201301190000
40188,2.68,201301190000
40196,1.34,201301190000
40242,0.94,201301190000
40246,2.9,201301190000
40259,1.71,201301190000
40264,1.29,201301190000
40267,2.98,201301190000
40268,1.92,201301190000
40270,2.12,201301190000
40276,2.36,201301190000
40286,1.85,201301190000
40295,2.64,201301190000
40431,2.64,201301190000
40432,2.9,201301190000
40442,1.83,201301190000
40447,0.76,201301190000
40448,0.59,201301190000
40451,0.77,201301190000
40457,1.55,201301190000
40500,2.55,201301190000
40512,0.66,201301190000
40518,0.98,201301190000
40519,2.53,201301190000
40522,2.43,201301190000
40524,2.72,201301190000
40525,0.69,201301190000
40532,2.74,201301190000
40560,0.57,201301190000
40566,2.91,201301190000
40633,2.97,201301190000
40687,2.06,201301190000
40713,2.09,201301190000
40719,2.67,201301190000
40732,2.48,201301190000
40733,1.39,201301190000
40766,0.95,201301190000
40810,1.35,201301190000
40894,1.85,201301190000
40933,2.16,201301190000
40936,1.14,201301190000
40939,2.25,201301190000
40954,1.39,201301190000
40982,0.95,201301190000
41021,2.73,201301190000
41024,1.53,201301190000
41061,2.32,201301190000
41145,2.92,201301190000
41157,1.02,201301190000
41183,2.28,201301190000
41200,1.48,201301190000
41262,0.89,201301190000
41265,2.45,201301190000
41270,2.49,201301190000
41277,1.1,201301190000
41318,1.82,201301190000
41401,2.23,201301190000
41407,2.92,201301190000
41437,0.77,201301190000
41459,1.56,201301190000
41465,1.34,201301190000
41469,1.15,201301190000
41508,1.16,201301190000
41520,1.41,201301190000
41522,2.63,201301190000
41526,2.68,201301190000
41532,2.84,201301190000
41558,1.76,201301190000
41635,2.17,201301190000
41653,2.89,201301190000
41658,0.74,201301190000
41692,2.54,201301190000
41696,2.81,201301190000
41764,2.89,201301190000
41772,1.0,201301190000
41893,2.32,201301190000
41904,1.2,201301190000
41905,0.88,201301190000
41936,2.1,201301190000
41941,1.73,201301190000
41958,0.87,201301190000
41990,2.19,201301190000
42023,2.59,201301190000
42026,2.64,201301190000
42029,1.4,201301190000
42074,1.5,201301190000
42085,2.58,201301190000
42095,2.74,201301190000
42147,2.28,201301190000
42160,2.24,201301190000
42200,2.07,201301190000
42213,1.96,201301190000
42267,1.09,201301190000
42271,1.45,201301190000
42274,0.96,201301190000
42283,1.37,201301190000
42291,0.95,201301190000
42342,1.62,201301190000
42411,1.67,201301190000
42438,1.51,201301190000
42454,2.43,201301190000
42471,2.96,201301190000
42478,1.23,201301190000
42487,1.73,201301190000
42503,2.02,201301190000
42514,2.59,201301190000
42521,1.15,201301190000
42533,1.48,201301190000
42644,2.21,201301190000
42661,1.27,201301190000
42695,0.51,201301190000
42744,0.88,201301190000
42750,2.49,201301190000
42846,2.83,201301190000
42905,1.22,201301190000
42912,2.47,201301190000
42939,1.72,201301190000
42940,1.98,201301190000
42944,2.73,201301190000
42949,0.65,201301190000
43011,2.9,201301190000
43021,2.52,201301190000
43030,0.93,201301190000
43151,0.99,201301190000
43160,2.36,201301190000
43162,2.27,201301190000
43213,1.95,201301190000
43220,0.91,201301190000
43261,2.9,201301190000
43412,2.5,201301190000
43413,0.67,201301190000
43440,1.59,201301190000
43443,2.34,201301190000
43449,1.94,201301190000
43483,0.63,201301190000
43484,2.24,201301190000
43494,2.1,201301190000
43518,2.25,201301190000
43523,1.23,201301190000
43526,1.38,201301190000
43530,2.35,201301190000
43571,2.01,201301190000
43642,1.45,201301190000
43662,0.53,201301190000
43738,1.25,201301190000
43760,0.99,201301190000
43779,1.18,201301190000
43914,0.67,201301190000
43957,1.74,201301190000
43980,0.86,201301190000
43984,1.3,201301190000
43992,1.67,201301190000
43995,1.95,201301190000
44002,2.55,201301190000
44039,1.1,201301190000
44194,0.9,201301190000
44197,2.68,201301190000
44204,2.46,201301190000
44215,2.69,201301190000
44226,0.84,201301190000
44247,1.4,201301190000
44255,2.68,201301190000
44282,1.09,201301190000
44284,2.13,201301190000
44356,1.84,201301190000
44470,1.46,201301190000
44486,2.35,201301190000
44503,1.21,201301190000
44504,2.14,201301190000
44510,2.52,201301190000
44517,2.9,201301190000
44534,0.84,201301190000
44578,1.03,201301190000
44666,2.42,201301190000
44694,2.22,201301190000
44697,1.39,201301190000
44716,1.14,201301190000
44724,0.61,201301190000
44743,2.37,201301190000
44755,0.99,201301190000
44756,2.78,201301190000
44757,2.86,201301190000
44758,2.23,201301190000
44786,1.59,201301190000
44787,1.3,201301190000
44911,1.95,201301190000
44963,1.53,201301190000
45005,1.72,201301190000
45006,2.14,201301190000
45007,2.24,201301190000
45008,0.74,201301190000
45039,1.04,201301190000
45114,2.69,201301190000
45168,2.92,201301190000
45200,1.96,201301190000
45203,2.65,201301190000
45208,2.11,201301190000
45237,1.87,201301190000
45254,1.67,201301190000
45256,0.96,201301190000
45258,0.83,201301190000
45261,1.33,201301190000
45265,0.9,201301190000
45266,1.08,201301190000
45401,1.94,201301190000
45479,0.69,201301190000
45502,2.73,201301190000
45507,2.6,201301190000
45509,2.62,201301190000
45526,2.89,201301190000
45538,2.79,201301190000
45582,2.23,201301190000
45661,1.81,201301190000
45701,1.46,201301190000
45703,2.22,201301190000
45716,1.44,201301190000
45720,2.95,201301190000
45725,2.9,201301190000
45735,1.31,201301190000
45747,2.19,201301190000
45766,1.63,201301190000
45793,2.04,201301190000
45795,1.13,201301190000
45919,1.22,201301190000
45948,0.92,201301190000
46008,1.69,201301190000
46036,2.5,201301190000
46041,2.46,201301190000
46052,1.26,201301190000
46074,2.94,201301190000
46145,1.48,201301190000
46202,2.86,201301190000
46209,1.7,201301190000
46242,1.11,201301190000
46265,0.6,201301190000
46372,2.93,201301190000
46384,2.23,201301190000
46455,2.87,201301190000
46508,1.02,201301190000
46523,1.8,201301190000
46538,1.16,201301190000
46565,2.7,201301190000
46574,0.68,201301190000
46626,2.23,201301190000
46700,1.25,201301190000
46738,0.75,201301190000
46770,1.54,201301190000
46778,1.11,201301190000
46787,0.71,201301190000
46803,2.68,201301190000
46954,1.82,201301190000
46964,2.13,201301190000
46972,2.4,201301190000
46976,2.49,201301190000
46981,2.4,201301190000
47011,2.48,201301190000
47015,0.93,201301190000
47047,0.59,201301190000
47253,0.67,201301190000
47288,0.5,201301190000
47295,0.6,201301190000
47342,0.95,201301190000
47454,1.41,201301190000
47535,0.72,201301190000
47543,0.82,201301190000
47705,1.08,201301190000
47709,0.93,201301190000
47711,1.09,201301190000
47758,1.95,201301190000
47806,1.21,201301190000
47889,2.81,201301190000
47926,2.35,201301190000
47968,1.97,201301190000
47972,1.88,201301190000
47977,2.37,201301190000
47982,2.57,201301190000
48032,2.61,201301190000
48209,1.89,201301190000
48239,2.46,201301190000
48244,1.04,201301190000
48278,2.74,201301190000
48420,1.06,201301190000
48427,1.33,201301190000
48499,0.85,201301190000
48503,0.94,201301190000
48552,2.39,201301190000
48584,0.83,201301190000
48713,0.88,201301190000
48759,1.63,201301190000
48848,2.0,201301190000
48898,3.0,201301190000
49017,1.78,201301190000
49049,0.85,201301190000
49229,2.03,201301190000
49241,2.75,201301190000
49472,2.57,201301190000
49483,2.78,201301190000
49542,0.82,201301190000
49555,1.33,201301190000
49679,0.51,201301190000
49750,0.81,201301190000
49760,1.08,201301190000
49777,1.31,201301190000
49968,1.94,201301190000
50053,0.58,201301190000
50103,2.56,201301190000
50180,1.0,201301190000
50285,0.65,201301190000
50430,2.52,201301190000
50470,1.83,201301190000
50494,2.11,201301190000
50511,1.79,201301190000
50549,1.72,201301190000
50680,0.57,201301190000
50682,2.0,201301190000
50731,1.83,201301190000
50812,2.5,201301190000
50872,0.62,201301190000
51029,1.34,201301190000
51046,2.48,201301190000
51053,1.54,201301190000
51056,2.96,201301190000
51162,2.84,201301190000
51177,2.98,201301190000
51182,2.98,201301190000
51228,1.03,201301190000
51258,0.58,201301190000
51430,0.6,201301190000
51431,2.69,201301190000
51432,2.02,201301190000
51520,1.81,201301190000
51681,1.19,201301190000
51682,1.4,201301190000
51725,0.65,201301190000
51790,2.29,201301190000
51832,1.35,201301190000
51857,2.97,201301190000
51931,2.08,201301190000
51932,1.17,201301190000
51986,1.67,201301190000
52003,0.53,201301190000
52182,1.37,201301190000
52244,0.87,201301190000
52259,1.36,201301190000
52280,2.75,201301190000
52319,1.38,201301190000
52473,0.93,201301190000
52518,0.93,201301190000
52631,2.52,201301190000
52679,2.0,201301190000
52729,0.96,201301190000
52811,1.28,201301190000
52983,1.28,201301190000
52988,2.75,201301190000
52993,2.14,201301190000
53000,0.72,201301190000
53016,2.35,201301190000
53027,1.07,201301190000
53072,2.18,201301190000
53090,2.22,201301190000
53177,1.01,201301190000
53178,0.93,201301190000
53381,2.78,201301190000
53427,1.82,201301190000
53429,0.82,201301190000
53761,2.06,201301190000
53774,2.41,201301190000
53797,1.49,201301190000
53810,1.75,201301190000
53822,0.89,201301190000
53864,2.84,201301190000
53927,1.33,201301190000
54038,1.0,201301190000
54071,2.44,201301190000
54234,1.04,201301190000
54281,2.5,201301190000
54284,1.08,201301190000
54327,1.59,201301190000
54334,2.05,201301190000
54349,2.13,201301190000
54427,2.22,201301190000
54503,2.89,201301190000
54510,1.28,201301190000
54520,1.65,201301190000
54550,2.95,201301190000
54578,1.99,201301190000
54678,1.77,201301190000
54828,0.93,201301190000
54983,1.27,201301190000
54996,2.01,201301190000
55070,0.55,201301190000
55329,1.8,201301190000
55331,2.81,201301190000
55535,1.99,201301190000
55633,1.62,201301190000
55680,2.05,201301190000
55761,2.0,201301190000
55831,0.93,201301190000
55832,2.13,201301190000
55838,1.82,201301190000
55845,2.36,201301190000
56106,0.57,201301190000
56493,0.79,201301190000
56571,2.02,201301190000
56586,1.59,201301190000
56587,2.3,201301190000
56591,2.12,201301190000
56738,2.43,201301190000
56835,1.58,201301190000
56882,2.56,201301190000
56887,1.24,201301190000
56888,1.53,201301190000
56933,0.77,201301190000
56934,1.84,201301190000
57042,2.35,201301190000
57062,2.65,201301190000
57189,2.46,201301190000
57261,0.64,201301190000
57329,2.99,201301190000
57342,2.09,201301190000
57376,2.01,201301190000
57378,1.2,201301190000
57380,2.19,201301190000
57397,1.5,201301190000
57440,1.19,201301190000
57495,2.26,201301190000
57523,0.9,201301190000
57555,1.59,201301190000
57597,0.55,201301190000
57613,0.55,201301190000
57615,2.3,201301190000
57628,1.05,201301190000
57631,1.97,201301190000
57823,2.91,201301190000
57837,0.93,201301190000
57851,1.58,201301190000
57852,2.3,201301190000
57906,2.37,201301190000
58179,2.56,201301190000
58251,1.46,201301190000
58421,0.51,201301190000
58511,2.92,201301190000
58632,1.85,201301190000
58744,2.97,201301190000
58802,2.38,201301190000
58814,0.68,201301190000
58879,2.52,201301190000
58892,2.5,201301190000
59010,2.16,201301190000
59043,0.57,201301190000
59104,0.84,201301190000
59125,2.42,201301190000
59134,0.85,201301190000
59285,1.8,201301190000
59329,1.7,201301190000
59555,2.16,201301190000
59635,1.08,201301190000
59745,1.0,201301190000
59927,1.03,201301190000
59941,2.78,201301190000
60008,2.23,201301190000
60011,2.3,201301190000
60114,0.87,201301190000
60141,2.19,201301190000
60147,0.94,201301190000
60331,1.31,201301190000
60344,2.68,201301190000
60350,1.69,201301190000
60578,0.96,201301190000
60593,0.7,201301190000
60613,2.71,201301190000
60630,1.05,201301190000
60635,1.01,201301190000
60649,1.16,201301190000
60750,1.17,201301190000
60774,1.15,201301190000
60819,1.36,201301190000
60880,0.53,201301190000
60888,2.86,201301190000
61062,2.6,201301190000
61110,2.48,201301190000
61263,0.8,201301190000
61343,1.01,201301190000
61591,1.24,201301190000
61597,1.35,201301190000
61654,2.35,201301190000
61818,0.65,201301190000
62077,0.53,201301190000
62104,1.49,201301190000
62135,0.98,201301190000
62140,1.37,201301190000
62252,0.68,201301190000
62558,2.95,201301190000
62589,0.89,201301190000
62757,2.92,201301190000
62772,2.87,201301190000
62850,1.9,201301190000
62926,2.45,201301190000
62948,1.54,201301190000
63044,2.29,201301190000
63153,2.17,201301190000
63383,2.43,201301190000
63397,2.0,201301190000
63398,1.68,201301190000
63407,0.78,201301190000
63574,1.7,201301190000
63586,1.35,201301190000
63816,2.67,201301190000
64102,0.82,201301190000
64150,1.07,201301190000
64200,1.01,201301190000
64515,2.67,201301190000
64529,1.48,201301190000
64573,1.49,201301190000
64581,2.88,201301190000
64815,2.57,201301190000
64915,1.35,201301190000
65059,2.82,201301190000
65144,2.51,201301190000
65320,1.92,201301190000
65375,0.59,201301190000
65454,1.12,201301190000
65528,1.42,201301190000
65607,1.68,201301190000
65774,2.49,201301190000
65838,2.57,201301190000
66068,0.89,201301190000
66084,1.18,201301190000
66151,2.21,201301190000
66353,0.77,201301190000
66538,2.39,201301190000
66575,2.4,201301190000
66637,2.29,201301190000
66827,0.84,201301190000
66870,1.27,201301190000
67110,1.78,201301190000
67207,2.43,201301190000
67335,1.19,201301190000
67385,0.81,201301190000
67599,2.23,201301190000
67601,2.81,201301190000
67602,2.16,201301190000
67698,1.29,201301190000
67824,2.69,201301190000
67842,2.82,201301190000
67854,0.67,201301190000
67855,0.82,201301190000
67918,0.69,201301190000
68103,2.09,201301190000
68104,2.58,201301190000
68110,2.29,201301190000
68111,1.09,201301190000
68349,0.65,201301190000
68354,2.77,201301190000
68356,0.95,201301190000
68454,2.6,201301190000
68455,2.54,201301190000
68587,0.78,201301190000
68857,2.37,201301190000
68858,0.61,201301190000
68897,2.07,201301190000
68924,1.35,201301190000
68930,2.3,201301190000
69106,1.3,201301190000
69190,1.58,201301190000
69206,0.87,201301190000
69359,1.38,201301190000
69371,0.93,201301190000
69455,2.63,201301190000
69582,2.91,201301190000
69613,2.48,201301190000
69676,2.78,201301190000
70115,0.65,201301190000
70132,2.28,201301190000
70181,1.15,201301190000
70342,2.42,201301190000
70352,1.87,201301190000
70360,2.93,201301190000
70374,2.4,201301190000
70440,1.9,201301190000
70462,2.73,201301190000
70619,2.35,201301190000
70659,1.55,201301190000
70715,0.82,201301190000
70903,2.14,201301190000
70934,2.2,201301190000
70961,1.67,201301190000
71122,2.0,201301190000
71187,2.37,201301190000
71399,2.22,201301190000
71601,0.89,201301190000
71629,1.65,201301190000
71888,1.89,201301190000
71961,2.96,201301190000
71964,1.22,201301190000
72201,0.94,201301190000
72218,2.65,201301190000
72345,2.76,201301190000
72367,0.74,201301190000
72407,0.98,201301190000
72416,2.43,201301190000
72706,2.69,201301190000
72894,2.0,201301190000
73104,0.62,201301190000
73135,2.6,201301190000
73211,1.66,201301190000
73223,0.5,201301190000
73451,2.72,201301190000
73460,1.29,201301190000
73461,1.93,201301190000
73557,2.6,201301190000
73669,1.76,201301190000
74158,1.69,201301190000
74216,2.85,201301190000
74388,1.67,201301190000
74396,1.65,201301190000
74466,2.06,201301190000
74467,2.58,201301190000
74638,0.94,201301190000
74677,1.87,201301190000
74678,2.9,201301190000
74711,2.88,201301190000
74721,2.08,201301190000
74962,2.67,201301190000
74968,2.67,201301190000
74973,1.29,201301190000
75224,1.75,201301190000
75329,1.18,201301190000
75386,1.12,201301190000
75424,2.05,201301190000
75436,2.37,201301190000
75475,0.83,201301190000
75619,1.07,201301190000
75721,2.4,201301190000
75722,0.88,201301190000
75724,1.37,201301190000
75725,2.31,201301190000
75726,2.09,201301190000
75727,2.86,201301190000
75974,1.26,201301190000
75975,2.21,201301190000
76133,2.43,201301190000
76227,1.85,201301190000
76393,0.56,201301190000
76473,1.58,201301190000
76477,0.94,201301190000
76654,2.68,201301190000
76728,1.23,201301190000
76959,2.63,201301190000
77169,2.83,201301190000
77230,1.17,201301190000
77381,2.74,201301190000
77458,1.89,201301190000
77641,2.37,201301190000
77942,1.17,201301190000
77981,0.82,201301190000
78205,1.89,201301190000
78418,1.45,201301190000
78654,2.13,201301190000
78733,2.64,201301190000
78881,1.29,201301190000
78896,1.84,201301190000
78909,1.16,201301190000
78983,1.55,201301190000
79234,2.69,201301190000
79379,2.19,201301190000
79394,1.63,201301190000
79484,1.89,201301190000
79712,2.67,201301190000
79911,2.76,201301190000
79915,1.25,201301190000
80160,1.29,201301190000
80161,2.68,201301190000
80193,1.46,201301190000
80352,0.81,201301190000
80397,2.45,201301190000
80406,0.98,201301190000
80411,1.36,201301190000
80412,1.29,201301190000
80413,1.64,201301190000
80420,1.78,201301190000
80485,2.32,201301190000
80635,0.83,201301190000
80659,2.05,201301190000
80663,2.14,201301190000
80664,0.78,201301190000
80703,2.04,201301190000
80877,1.3,201301190000
80916,1.52,201301190000
81163,1.73,201301190000
81164,1.29,201301190000
81354,1.24,201301190000
81363,2.88,201301190000
81390,1.46,201301190000
81625,2.26,201301190000
81651,1.72,201301190000
81899,0.65,201301190000
82135,2.02,201301190000
82168,1.74,201301190000
82169,1.79,201301190000
82237,1.45,201301190000
82613,0.78,201301190000
82622,1.67,201301190000
82664,1.81,201301190000
82892,0.71,201301190000
82951,1.99,201301190000
83410,2.52,201301190000
83489,1.76,201301190000
83735,1.81,201301190000
83865,0.87,201301190000
84123,2.39,201301190000
84179,2.01,201301190000
84207,1.72,201301190000
84212,2.04,201301190000
84221,2.02,201301190000
84366,0.72,201301190000
84689,1.44,201301190000
84712,1.82,201301190000
84902,0.7,201301190000
85474,1.29,201301190000
85487,2.97,201301190000
85620,2.29,201301190000
85705,2.15,201301190000
85715,1.13,201301190000
85738,1.44,201301190000
86440,2.94,201301190000
86622,0.78,201301190000
86623,2.56,201301190000
86672,2.93,201301190000
86873,2.43,201301190000
86895,2.92,201301190000
87121,0.78,201301190000
87227,1.76,201301190000
87460,2.09,201301190000
87690,2.26,201301190000
87873,1.21,201301190000
88242,1.07,201301190000
88463,1.78,201301190000
89120,2.62,201301190000
89152,1.2,201301190000
89175,2.93,201301190000
89198,0.91,201301190000
89615,0.87,201301190000
89625,2.78,201301190000
90116,0.51,201301190000
90183,1.77,201301190000
90497,1.57,201301190000
90699,2.15,201301190000
90719,1.41,201301190000
91200,2.37,201301190000
91432,2.0,201301190000
91434,2.7,201301190000
91684,2.55,201301190000
91713,2.72,201301190000
91744,1.61,201301190000
92233,1.37,201301190000
93205,1.56,201301190000
93244,2.49,201301190000
93252,0.79,201301190000
93463,2.89,201301190000
93675,1.61,201301190000
93944,2.61,201301190000
94431,0.89,201301190000
94710,1.59,201301190000
94755,1.58,201301190000
94997,2.56,201301190000
95000,1.23,201301190000
95707,1.25,201301190000
95949,2.68,201301190000
95998,2.41,201301190000
96188,1.26,201301190000
96225,0.75,201301190000
96249,1.52,201301190000
96468,0.93,201301190000
96486,1.24,201301190000
96718,0.66,201301190000
96972,1.53,201301190000
96995,1.95,201301190000
97251,1.16,201301190000
97440,1.95,201301190000
97471,1.11,201301190000
97969,0.98,201301190000
97990,1.52,201301190000
98224,0.63,201301190000
98229,0.83,201301190000
98450,2.55,201301190000
98475,1.83,201301190000
98739,1.29,201301190000
99256,1.17,201301190000
99468,2.68,201301190000
99730,2.28,201301190000
101215,1.63,201301190000
101911,2.86,201301190000
101912,1.02,201301190000
101989,1.87,201301190000
102999,0.95,201301190000
103242,0.66,201301190000
103431,2.62,201301190000
104177,0.88,201301190000
104221,0.95,201301190000
104239,2.0,201301190000
104701,0.56,201301190000
104984,1.53,201301190000
105196,2.3,201301190000
105219,1.15,201301190000
105460,2.04,201301190000
105461,0.56,201301190000
105481,2.53,201301190000
105489,2.63,201301190000
105709,2.01,201301190000
105710,2.21,201301190000
105711,2.71,201301190000
105712,2.69,201301190000
105713,1.11,201301190000
105715,2.46,201301190000
105726,0.6,201301190000
105727,2.64,201301190000
105736,1.0,201301190000
105960,2.24,201301190000
105961,1.93,201301190000
105962,0.97,201301190000
105963,2.89,201301190000
105964,0.62,201301190000
105975,1.5,201301190000
106195,1.45,201301190000
106213,2.14,201301190000
106214,2.57,201301190000
106215,2.84,201301190000
106221,2.86,201301190000
106231,2.25,201301190000
106232,2.32,201301190000
106234,2.14,201301190000
106235,2.96,201301190000
106237,1.76,201301190000
106446,0.79,201301190000
106447,1.73,201301190000
106462,0.67,201301190000
106463,1.28,201301190000
106465,2.96,201301190000
106466,2.11,201301190000
106467,2.82,201301190000
106480,1.38,201301190000
106712,1.65,201301190000
106717,2.78,201301190000
106718,2.31,201301190000
106741,2.56,201301190000
106958,2.28,201301190000
106964,1.68,201301190000
106965,2.99,201301190000
106966,2.72,201301190000
106967,1.97,201301190000
106971,2.15,201301190000
106983,2.75,201301190000
106997,0.58,201301190000
107200,1.18,201301190000
107212,2.96,201301190000
107219,1.39,201301190000
107240,1.02,201301190000
107460,1.66,201301190000
107465,1.66,201301190000
107466,1.46,201301190000
107468,2.88,201301190000
107491,1.99,201301190000
107711,2.39,201301190000
107725,1.41,201301190000
107726,1.34,201301190000
107954,2.74,201301190000
107966,1.69,201301190000
107971,1.6,201301190000
107979,2.16,201301190000
107993,1.97,201301190000
108205,1.67,201301190000
108211,1.5,201301190000
108214,2.78,201301190000
108215,2.53,201301190000
108217,2.12,201301190000
108219,1.84,201301190000
108220,0.52,201301190000
108222,1.84,201301190000
108225,1.72,201301190000
108230,0.91,201301190000
108454,2.78,201301190000
108463,2.71,201301190000
108499,0.51,201301190000
108717,1.87,201301190000
108722,2.37,201301190000
108724,2.2,201301190000
108733,2.91,201301190000
108968,1.41,201301190000
108975,0.59,201301190000
108984,0.93,201301190000
108985,1.17,201301190000
109216,1.08,201301190000
109219,0.89,201301190000
109222,1.97,201301190000
109227,2.34,201301190000
109231,1.63,201301190000
109236,1.68,201301190000
109245,1.63,201301190000
109473,0.68,201301190000
109487,0.72,201301190000
109494,1.54,201301190000
109495,2.46,201301190000
109496,2.41,201301190000
109497,1.02,201301190000
109742,1.97,201301190000
109744,2.33,201301190000
109748,1.99,201301190000
109750,0.62,201301190000
109980,2.13,201301190000
109991,1.01,201301190000
109994,1.49,201301190000
109998,0.83,201301190000
110001,1.43,201301190000
110243,1.99,201301190000
110247,2.36,201301190000
110249,1.49,201301190000
110251,1.47,201301190000
110253,2.13,201301190000
110254,2.03,201301190000
