cell,mobility,dtg
1610,1.3,201301090000
1846,1.78,201301090000
1851,1.44,201301090000
1853,1.91,201301090000
1856,0.87,201301090000
1857,1.39,201301090000
2103,1.96,201301090000
2105,2.79,201301090000
2106,1.21,201301090000
2107,2.42,201301090000
2114,1.63,201301090000
2342,1.82,201301090000
2347,2.76,201301090000
2351,1.42,201301090000
2354,2.19,201301090000
2357,2.16,201301090000
2372,2.16,201301090000
2374,1.38,201301090000
2591,1.22,201301090000
2595,2.26,201301090000
2605,0.99,201301090000
2611,2.86,201301090000
2615,0.58,201301090000
2620,1.4,201301090000
2627,2.37,201301090000
2839,1.4,201301090000
2847,1.39,201301090000
3086,2.72,201301090000
3094,2.63,201301090000
3100,0.61,201301090000
3124,0.72,201301090000
3128,2.2,201301090000
3334,0.86,201301090000
3337,1.23,201301090000
3375,1.83,201301090000
3614,2.81,201301090000
3619,0.81,201301090000
3632,1.94,201301090000
3635,2.49,201301090000
3830,1.66,201301090000
3831,1.4,201301090000
3833,0.97,201301090000
3837,2.21,201301090000
3845,2.38,201301090000
3856,2.22,201301090000
3860,2.05,201301090000
3865,1.91,201301090000
4078,0.76,201301090000
4081,2.95,201301090000
4137,1.88,201301090000
4141,0.74,201301090000
4142,2.03,201301090000
4328,2.94,201301090000
4329,0.82,201301090000
4341,2.97,201301090000
4345,2.87,201301090000
4348,0.8,201301090000
4354,1.7,201301090000
4372,1.39,201301090000
4577,2.43,201301090000
4578,2.12,201301090000
4580,2.24,201301090000
4582,0.74,201301090000
4605,1.94,201301090000
4608,0.86,201301090000
4631,0.81,201301090000
4636,2.93,201301090000
4637,1.28,201301090000
4829,2.3,201301090000
4830,0.57,201301090000
4831,2.44,201301090000
4834,1.96,201301090000
4837,1.74,201301090000
4852,1.04,201301090000
4863,2.85,201301090000
4868,0.8,201301090000
4890,2.35,201301090000
4891,2.45,201301090000
5078,0.88,201301090000
5081,0.81,201301090000
5084,0.93,201301090000
5127,1.05,201301090000
5153,2.11,201301090000
5327,2.93,201301090000
5329,0.66,201301090000
5333,2.19,201301090000
5334,1.22,201301090000
5339,2.35,201301090000
5369,0.51,201301090000
5402,0.95,201301090000
5410,1.14,201301090000
5577,0.57,201301090000
5581,1.67,201301090000
5592,0.59,201301090000
5612,2.05,201301090000
5623,3.0,201301090000
5876,1.34,201301090000
5893,1.66,201301090000
5898,0.55,201301090000
6078,0.72,201301090000
6118,0.66,201301090000
6136,0.61,201301090000
6158,2.61,201301090000
6159,2.66,201301090000
6333,1.08,201301090000
6353,1.59,201301090000
6365,1.97,201301090000
6366,1.7,201301090000
6414,1.79,201301090000
6588,1.21,201301090000
6609,2.67,201301090000
6635,2.05,201301090000
6668,2.15,201301090000
6841,2.2,201301090000
6849,1.12,201301090000
6896,0.94,201301090000
6924,2.52,201301090000
6928,2.05,201301090000
6935,0.86,201301090000
6939,2.13,201301090000
7077,2.75,201301090000
7078,1.4,201301090000
7085,0.79,201301090000
7088,2.05,201301090000
7113,2.6,201301090000
7114,1.13,201301090000
7129,2.43,201301090000
7133,2.28,201301090000
7165,2.75,201301090000
7192,1.1,201301090000
7354,0.69,201301090000
7375,2.54,201301090000
7379,1.19,201301090000
7401,1.28,201301090000
7410,1.51,201301090000
7436,0.79,201301090000
7584,2.04,201301090000
7646,1.53,201301090000
7849,2.98,201301090000
7871,2.26,201301090000
7927,0.76,201301090000
7948,0.82,201301090000
8080,1.42,201301090000
8170,1.77,201301090000
8182,0.77,201301090000
8195,1.47,201301090000
8342,2.55,201301090000
8582,0.94,201301090000
8602,1.31,201301090000
8609,2.12,201301090000
8638,2.12,201301090000
8656,2.28,201301090000
8830,2.98,201301090000
8839,1.08,201301090000
8876,0.59,201301090000
8897,2.62,201301090000
8912,0.6,201301090000
8918,1.87,201301090000
8929,1.67,201301090000
8940,2.35,201301090000
8954,2.29,201301090000
9140,1.43,201301090000
9333,2.01,201301090000
9468,0.87,201301090000
9473,0.84,201301090000
9589,2.18,201301090000
9601,0.79,201301090000
9607,2.42,201301090000
9658,0.61,201301090000
9724,0.84,201301090000
9833,1.57,201301090000
10084,2.56,201301090000
10089,2.38,201301090000
10096,1.66,201301090000
10144,1.23,201301090000
10170,2.11,201301090000
10181,2.94,201301090000
10189,1.11,201301090000
10201,2.09,201301090000
10334,2.62,201301090000
10335,0.92,201301090000
10383,0.82,201301090000
10414,2.07,201301090000
10444,2.31,201301090000
10458,1.56,201301090000
10477,1.3,201301090000
10586,2.55,201301090000
10601,0.96,201301090000
10609,1.7,201301090000
10616,2.54,201301090000
10633,0.83,201301090000
10655,1.62,201301090000
10665,0.84,201301090000
10681,1.79,201301090000
10717,1.59,201301090000
10835,2.1,201301090000
10837,2.95,201301090000
10847,1.15,201301090000
10903,0.6,201301090000
10911,0.56,201301090000
10918,1.51,201301090000
10973,1.51,201301090000
11087,2.07,201301090000
11092,0.65,201301090000
11128,1.51,201301090000
11222,2.47,201301090000
11223,0.78,201301090000
11225,0.68,201301090000
11238,1.26,201301090000
11361,1.31,201301090000
11393,1.32,201301090000
11424,1.64,201301090000
11601,1.1,201301090000
11682,0.87,201301090000
11704,1.62,201301090000
11858,1.71,201301090000
11884,2.39,201301090000
11901,2.52,201301090000
11946,2.76,201301090000
11960,1.11,201301090000
11972,2.33,201301090000
12089,2.71,201301090000
12090,0.74,201301090000
12096,1.69,201301090000
12120,0.82,201301090000
12157,1.57,201301090000
12230,1.8,201301090000
12383,1.05,201301090000
12431,1.03,201301090000
12601,1.72,201301090000
12625,2.56,201301090000
12632,1.1,201301090000
12842,2.29,201301090000
12875,2.07,201301090000
12901,1.18,201301090000
12913,2.17,201301090000
12933,2.0,201301090000
12934,1.63,201301090000
12985,0.55,201301090000
13099,1.95,201301090000
13114,1.71,201301090000
13150,2.52,201301090000
13175,1.65,201301090000
13183,1.9,201301090000
13222,0.91,201301090000
13358,1.9,201301090000
13444,1.62,201301090000
13455,0.58,201301090000
13456,0.78,201301090000
13670,2.06,201301090000
13694,2.52,201301090000
13845,1.47,201301090000
13849,2.87,201301090000
14011,1.65,201301090000
14095,1.24,201301090000
14133,2.71,201301090000
14161,0.9,201301090000
14167,0.99,201301090000
14184,1.4,201301090000
14241,1.59,201301090000
14255,1.4,201301090000
14349,1.38,201301090000
14350,1.2,201301090000
14375,1.72,201301090000
14452,0.52,201301090000
14475,2.01,201301090000
14620,0.97,201301090000
14673,1.17,201301090000
14745,1.72,201301090000
14859,0.97,201301090000
14936,1.5,201301090000
14995,0.97,201301090000
15097,2.77,201301090000
15098,2.05,201301090000
15246,1.21,201301090000
15349,2.99,201301090000
15440,1.83,201301090000
15600,1.9,201301090000
15656,2.8,201301090000
15672,2.41,201301090000
15699,1.35,201301090000
15714,2.44,201301090000
15725,2.81,201301090000
15744,1.96,201301090000
15849,2.29,201301090000
15850,2.7,201301090000
15851,1.51,201301090000
15853,1.6,201301090000
15871,1.65,201301090000
16100,2.63,201301090000
16105,1.22,201301090000
16114,1.68,201301090000
16171,2.5,201301090000
16184,2.06,201301090000
16400,0.55,201301090000
16414,2.35,201301090000
16601,1.2,201301090000
16604,2.1,201301090000
16625,0.55,201301090000
16670,1.08,201301090000
16853,2.85,201301090000
16868,2.16,201301090000
16932,2.69,201301090000
17232,2.36,201301090000
17355,1.42,201301090000
17358,1.53,201301090000
17367,2.43,201301090000
17635,1.81,201301090000
17673,2.1,201301090000
17681,2.25,201301090000
17884,0.62,201301090000
17984,2.37,201301090000
18108,2.36,201301090000
18115,2.96,201301090000
18118,0.63,201301090000
18123,1.03,201301090000
18139,0.62,201301090000
18154,1.28,201301090000
18160,1.33,201301090000
18177,2.73,201301090000
18185,0.99,201301090000
18383,1.97,201301090000
18404,2.92,201301090000
18427,1.29,201301090000
18466,2.39,201301090000
18616,1.71,201301090000
18629,1.42,201301090000
18861,1.08,201301090000
18866,2.93,201301090000
18925,2.7,201301090000
19110,1.35,201301090000
19112,1.16,201301090000
19114,0.93,201301090000
19122,0.8,201301090000
19360,2.17,201301090000
19443,1.65,201301090000
19481,1.11,201301090000
19611,1.63,201301090000
19612,1.36,201301090000
19618,0.79,201301090000
19633,2.53,201301090000
19678,1.59,201301090000
19878,1.54,201301090000
19913,2.96,201301090000
20113,0.85,201301090000
20114,1.46,201301090000
20116,1.48,201301090000
20170,2.91,201301090000
20363,2.24,201301090000
20387,2.96,201301090000
20396,0.63,201301090000
20436,1.82,201301090000
20616,2.62,201301090000
20621,2.11,201301090000
20628,2.4,201301090000
20651,1.66,201301090000
20671,0.66,201301090000
20682,1.5,201301090000
20864,2.87,201301090000
20882,2.23,201301090000
20931,1.47,201301090000
20995,1.53,201301090000
21115,2.08,201301090000
21118,0.97,201301090000
21201,1.85,201301090000
21373,2.91,201301090000
21377,1.34,201301090000
21392,2.81,201301090000
21407,1.31,201301090000
21428,2.0,201301090000
21448,1.7,201301090000
21617,0.61,201301090000
21619,1.17,201301090000
21639,1.64,201301090000
21658,1.85,201301090000
21663,2.03,201301090000
21701,0.94,201301090000
21721,2.18,201301090000
21868,0.57,201301090000
21871,2.96,201301090000
21999,2.09,201301090000
22126,1.78,201301090000
22133,1.39,201301090000
22174,2.19,201301090000
22176,1.55,201301090000
22205,2.2,201301090000
22368,2.29,201301090000
22395,2.02,201301090000
22419,2.07,201301090000
22420,2.7,201301090000
22421,1.76,201301090000
22422,2.13,201301090000
22619,1.81,201301090000
22630,1.55,201301090000
22634,0.65,201301090000
22671,1.65,201301090000
22673,2.54,201301090000
22700,2.59,201301090000
22751,1.4,201301090000
22768,2.85,201301090000
22869,1.25,201301090000
22877,2.85,201301090000
22928,1.11,201301090000
22940,2.78,201301090000
22955,0.61,201301090000
22963,1.17,201301090000
22966,2.33,201301090000
23120,2.95,201301090000
23124,1.25,201301090000
23125,1.14,201301090000
23131,1.21,201301090000
23138,1.54,201301090000
23169,2.74,201301090000
23194,1.94,201301090000
23216,2.18,201301090000
23370,0.86,201301090000
23371,2.77,201301090000
23379,1.05,201301090000
23386,1.43,201301090000
23388,0.97,201301090000
23427,0.66,201301090000
23621,1.57,201301090000
23627,2.17,201301090000
23635,2.46,201301090000
23641,2.89,201301090000
23662,2.27,201301090000
23669,2.54,201301090000
23690,2.35,201301090000
23744,2.91,201301090000
23750,1.28,201301090000
23872,1.67,201301090000
23873,0.86,201301090000
23875,2.14,201301090000
23881,1.71,201301090000
23894,1.93,201301090000
23896,2.95,201301090000
23907,1.84,201301090000
23925,1.03,201301090000
23973,2.77,201301090000
24005,1.52,201301090000
24009,0.8,201301090000
24032,3.0,201301090000
24122,1.9,201301090000
24123,2.64,201301090000
24149,1.5,201301090000
24247,2.61,201301090000
24251,1.48,201301090000
24265,1.85,201301090000
24266,2.83,201301090000
24373,0.97,201301090000
24374,2.32,201301090000
24380,1.73,201301090000
24381,0.98,201301090000
24383,2.08,201301090000
24387,2.39,201301090000
24402,0.77,201301090000
24405,2.83,201301090000
24423,1.33,201301090000
24623,1.97,201301090000
24626,2.78,201301090000
24643,1.81,201301090000
24732,1.05,201301090000
24734,2.95,201301090000
24739,2.59,201301090000
24774,2.8,201301090000
24775,2.54,201301090000
24781,1.4,201301090000
24837,1.81,201301090000
24874,1.02,201301090000
24877,2.01,201301090000
24879,1.34,201301090000
24880,1.71,201301090000
24895,2.82,201301090000
24920,0.77,201301090000
24990,2.39,201301090000
24991,1.32,201301090000
24993,1.87,201301090000
25124,2.26,201301090000
25125,1.06,201301090000
25126,0.69,201301090000
25129,1.78,201301090000
25130,2.54,201301090000
25132,1.09,201301090000
25136,2.36,201301090000
25138,2.85,201301090000
25141,2.3,201301090000
25179,0.72,201301090000
25187,1.55,201301090000
25375,2.16,201301090000
25376,2.83,201301090000
25377,2.05,201301090000
25379,1.9,201301090000
25385,0.95,201301090000
25395,2.05,201301090000
25400,1.52,201301090000
25405,2.79,201301090000
25412,1.42,201301090000
25427,0.62,201301090000
25626,0.71,201301090000
25627,1.99,201301090000
25628,1.58,201301090000
25629,1.7,201301090000
25632,2.41,201301090000
25633,1.08,201301090000
25642,1.6,201301090000
25715,2.93,201301090000
25747,1.49,201301090000
25763,2.7,201301090000
25876,0.68,201301090000
25877,1.2,201301090000
25878,0.89,201301090000
25881,2.01,201301090000
25882,1.63,201301090000
25886,0.86,201301090000
25888,2.38,201301090000
25926,0.5,201301090000
25997,1.47,201301090000
26005,0.68,201301090000
26035,2.14,201301090000
26127,0.91,201301090000
26129,1.44,201301090000
26130,1.02,201301090000
26133,2.73,201301090000
26135,1.46,201301090000
26136,0.61,201301090000
26138,0.51,201301090000
26139,1.63,201301090000
26141,2.99,201301090000
26148,1.65,201301090000
26168,1.14,201301090000
26378,2.86,201301090000
26379,0.61,201301090000
26380,1.15,201301090000
26381,0.67,201301090000
26382,0.56,201301090000
26383,1.54,201301090000
26385,1.52,201301090000
26386,1.6,201301090000
26387,2.27,201301090000
26389,2.77,201301090000
26391,1.3,201301090000
26392,1.86,201301090000
26393,2.8,201301090000
26396,2.62,201301090000
26403,1.9,201301090000
26408,1.51,201301090000
26427,0.63,201301090000
26450,2.41,201301090000
26492,2.38,201301090000
26546,2.87,201301090000
26563,0.99,201301090000
26564,2.74,201301090000
26628,0.79,201301090000
26629,0.98,201301090000
26630,1.51,201301090000
26631,1.18,201301090000
26633,2.94,201301090000
26634,1.92,201301090000
26656,1.05,201301090000
26674,2.27,201301090000
26708,2.21,201301090000
26752,2.76,201301090000
26754,1.02,201301090000
26755,2.67,201301090000
26782,0.74,201301090000
26846,0.65,201301090000
26879,1.1,201301090000
26880,2.41,201301090000
26881,1.06,201301090000
26882,1.62,201301090000
26883,0.82,201301090000
26884,2.41,201301090000
26885,1.24,201301090000
26886,2.7,201301090000
26887,1.5,201301090000
26889,2.64,201301090000
26890,0.73,201301090000
26891,1.31,201301090000
26892,0.94,201301090000
26893,1.57,201301090000
26894,2.77,201301090000
26895,1.97,201301090000
26897,1.96,201301090000
26905,0.51,201301090000
26938,1.24,201301090000
26964,0.59,201301090000
27006,2.91,201301090000
27042,2.29,201301090000
27098,1.15,201301090000
27130,0.84,201301090000
27131,0.8,201301090000
27132,1.04,201301090000
27133,2.31,201301090000
27134,0.97,201301090000
27135,2.9,201301090000
27136,0.55,201301090000
27137,1.26,201301090000
27138,2.7,201301090000
27142,1.19,201301090000
27143,1.22,201301090000
27145,2.86,201301090000
27148,1.8,201301090000
27149,1.13,201301090000
27152,1.24,201301090000
27155,2.66,201301090000
27175,2.15,201301090000
27209,1.08,201301090000
27247,2.79,201301090000
27381,0.63,201301090000
27382,0.64,201301090000
27383,0.81,201301090000
27384,2.16,201301090000
27386,1.54,201301090000
27387,2.5,201301090000
27388,1.78,201301090000
27389,1.56,201301090000
27390,1.52,201301090000
27392,1.16,201301090000
27395,2.43,201301090000
27404,2.04,201301090000
27415,2.75,201301090000
27427,2.82,201301090000
27489,2.93,201301090000
27494,1.64,201301090000
27498,1.89,201301090000
27518,2.75,201301090000
27632,1.57,201301090000
27633,1.14,201301090000
27634,2.61,201301090000
27635,1.48,201301090000
27636,0.54,201301090000
27637,2.96,201301090000
27638,1.25,201301090000
27639,1.69,201301090000
27640,2.57,201301090000
27642,0.88,201301090000
27643,1.19,201301090000
27645,2.38,201301090000
27646,1.34,201301090000
27647,2.55,201301090000
27649,1.82,201301090000
27654,2.93,201301090000
27763,2.51,201301090000
27764,1.77,201301090000
27796,2.56,201301090000
27797,2.76,201301090000
27883,0.64,201301090000
27884,1.48,201301090000
27885,1.82,201301090000
27886,2.95,201301090000
27887,2.89,201301090000
27888,2.11,201301090000
27889,1.14,201301090000
27890,2.86,201301090000
27891,1.43,201301090000
27892,2.41,201301090000
27894,0.54,201301090000
27895,2.9,201301090000
27897,2.19,201301090000
27902,1.48,201301090000
27908,2.71,201301090000
27911,2.35,201301090000
27930,2.34,201301090000
27971,0.59,201301090000
28004,0.81,201301090000
28015,2.1,201301090000
28049,1.3,201301090000
28102,2.56,201301090000
28134,0.64,201301090000
28135,0.95,201301090000
28136,0.68,201301090000
28137,1.28,201301090000
28138,0.79,201301090000
28139,1.85,201301090000
28140,1.06,201301090000
28142,1.63,201301090000
28143,2.73,201301090000
28144,2.02,201301090000
28146,2.13,201301090000
28154,0.95,201301090000
28156,1.86,201301090000
28216,2.27,201301090000
28239,1.65,201301090000
28384,2.74,201301090000
28385,0.86,201301090000
28386,2.52,201301090000
28387,2.31,201301090000
28388,2.19,201301090000
28389,2.13,201301090000
28390,2.4,201301090000
28391,1.66,201301090000
28392,2.77,201301090000
28393,1.21,201301090000
28394,1.17,201301090000
28396,0.53,201301090000
28397,2.53,201301090000
28400,0.6,201301090000
28401,2.63,201301090000
28405,1.63,201301090000
28427,1.32,201301090000
28467,0.71,201301090000
28496,1.3,201301090000
28497,0.68,201301090000
28519,1.66,201301090000
28535,2.4,201301090000
28539,2.74,201301090000
28545,2.14,201301090000
28557,1.97,201301090000
28635,0.65,201301090000
28636,1.81,201301090000
28637,1.67,201301090000
28638,1.86,201301090000
28639,1.71,201301090000
28640,2.62,201301090000
28641,2.16,201301090000
28642,1.61,201301090000
28643,1.5,201301090000
28644,2.78,201301090000
28645,2.66,201301090000
28646,1.39,201301090000
28649,1.14,201301090000
28658,1.89,201301090000
28667,0.57,201301090000
28675,2.73,201301090000
28751,2.73,201301090000
28753,1.15,201301090000
28754,1.95,201301090000
28788,2.04,201301090000
28812,1.35,201301090000
28823,1.57,201301090000
28886,1.78,201301090000
28887,1.29,201301090000
28888,1.17,201301090000
28889,2.89,201301090000
28890,0.71,201301090000
28891,1.37,201301090000
28892,1.52,201301090000
28893,0.51,201301090000
28894,2.98,201301090000
28895,1.01,201301090000
28896,2.79,201301090000
28897,1.37,201301090000
28899,1.31,201301090000
28900,2.65,201301090000
28901,2.92,201301090000
28902,1.31,201301090000
28905,2.09,201301090000
28912,2.28,201301090000
28960,1.07,201301090000
28969,0.79,201301090000
29004,1.97,201301090000
29012,1.28,201301090000
29026,2.08,201301090000
29068,1.49,201301090000
29076,2.81,201301090000
29088,2.66,201301090000
29094,2.46,201301090000
29136,2.25,201301090000
29137,0.72,201301090000
29138,1.23,201301090000
29139,0.93,201301090000
29140,2.04,201301090000
29141,2.64,201301090000
29142,2.59,201301090000
29143,1.94,201301090000
29144,1.65,201301090000
29146,1.58,201301090000
29147,2.1,201301090000
29148,2.19,201301090000
29149,1.81,201301090000
29151,1.67,201301090000
29158,2.13,201301090000
29165,1.13,201301090000
29171,2.39,201301090000
29190,0.94,201301090000
29247,2.73,201301090000
29387,0.58,201301090000
29388,1.11,201301090000
29389,2.4,201301090000
29390,1.18,201301090000
29391,1.2,201301090000
29392,1.67,201301090000
29393,1.1,201301090000
29394,2.74,201301090000
29395,2.75,201301090000
29396,2.56,201301090000
29397,1.94,201301090000
29398,1.63,201301090000
29399,1.31,201301090000
29401,2.31,201301090000
29402,0.98,201301090000
29403,0.66,201301090000
29405,1.01,201301090000
29409,1.57,201301090000
29425,0.56,201301090000
29429,2.39,201301090000
29495,2.09,201301090000
29498,2.96,201301090000
29533,2.22,201301090000
29556,1.66,201301090000
29638,2.43,201301090000
29639,1.17,201301090000
29640,2.18,201301090000
29641,0.68,201301090000
29642,1.7,201301090000
29643,2.65,201301090000
29644,0.69,201301090000
29645,2.91,201301090000
29648,1.09,201301090000
29649,0.93,201301090000
29650,2.3,201301090000
29654,0.64,201301090000
29663,0.94,201301090000
29670,0.6,201301090000
29710,1.78,201301090000
29730,2.32,201301090000
29733,2.28,201301090000
29736,1.54,201301090000
29766,2.74,201301090000
29891,2.97,201301090000
29892,2.45,201301090000
29893,1.1,201301090000
29894,1.12,201301090000
29895,2.77,201301090000
29896,2.17,201301090000
29897,2.24,201301090000
29898,1.25,201301090000
29900,1.88,201301090000
29903,1.3,201301090000
29906,2.54,201301090000
29909,0.78,201301090000
29912,0.7,201301090000
29917,2.41,201301090000
29925,2.83,201301090000
29966,2.29,201301090000
30021,2.67,201301090000
30026,0.81,201301090000
30036,2.15,201301090000
30142,2.49,201301090000
30143,0.77,201301090000
30144,2.59,201301090000
30145,0.75,201301090000
30146,0.97,201301090000
30147,2.04,201301090000
30148,2.96,201301090000
30152,0.73,201301090000
30154,0.94,201301090000
30157,1.31,201301090000
30158,2.02,201301090000
30181,0.76,201301090000
30242,1.63,201301090000
30243,2.06,201301090000
30244,2.73,201301090000
30261,0.59,201301090000
30300,0.51,201301090000
30322,0.99,201301090000
30393,1.53,201301090000
30394,2.9,201301090000
30395,2.02,201301090000
30396,0.55,201301090000
30397,2.03,201301090000
30398,2.57,201301090000
30400,0.62,201301090000
30401,0.63,201301090000
30403,2.11,201301090000
30407,2.48,201301090000
30410,2.28,201301090000
30420,0.5,201301090000
30430,2.13,201301090000
30434,1.34,201301090000
30439,2.57,201301090000
30481,0.99,201301090000
30489,2.85,201301090000
30494,1.76,201301090000
30495,1.48,201301090000
30496,1.97,201301090000
30645,1.21,201301090000
30646,2.35,201301090000
30647,1.65,201301090000
30648,2.8,201301090000
30649,1.16,201301090000
30650,2.57,201301090000
30651,2.39,201301090000
30652,1.57,201301090000
30653,1.51,201301090000
30654,1.24,201301090000
30661,2.58,201301090000
30664,1.57,201301090000
30666,2.05,201301090000
30669,1.79,201301090000
30673,2.33,201301090000
30683,1.65,201301090000
30745,1.31,201301090000
30750,0.85,201301090000
30777,1.41,201301090000
30780,1.23,201301090000
30812,1.22,201301090000
30897,1.15,201301090000
30898,2.74,201301090000
30899,1.17,201301090000
30900,2.44,201301090000
30901,2.43,201301090000
30902,2.39,201301090000
30903,0.54,201301090000
30904,0.57,201301090000
30908,1.1,201301090000
30909,0.95,201301090000
30912,2.68,201301090000
30913,2.38,201301090000
30928,1.28,201301090000
30953,2.67,201301090000
30979,0.84,201301090000
30994,1.74,201301090000
30995,1.38,201301090000
31027,2.73,201301090000
31028,0.57,201301090000
31029,2.53,201301090000
31082,0.94,201301090000
31148,1.48,201301090000
31149,2.36,201301090000
31150,1.02,201301090000
31151,1.86,201301090000
31152,0.93,201301090000
31156,2.07,201301090000
31157,2.5,201301090000
31161,1.59,201301090000
31166,1.25,201301090000
31172,2.87,201301090000
31274,2.43,201301090000
31281,1.1,201301090000
31369,2.96,201301090000
31398,1.91,201301090000
31401,2.63,201301090000
31407,2.88,201301090000
31408,1.36,201301090000
31409,2.05,201301090000
31410,1.16,201301090000
31413,0.99,201301090000
31419,1.17,201301090000
31427,2.57,201301090000
31457,1.93,201301090000
31466,2.98,201301090000
31651,1.22,201301090000
31652,1.52,201301090000
31656,1.02,201301090000
31660,2.73,201301090000
31663,2.7,201301090000
31666,2.04,201301090000
31675,2.05,201301090000
31738,0.61,201301090000
31754,1.14,201301090000
31782,2.15,201301090000
31903,1.44,201301090000
31904,1.49,201301090000
31905,2.11,201301090000
31906,2.88,201301090000
31908,2.57,201301090000
31912,0.88,201301090000
31921,2.94,201301090000
31928,1.19,201301090000
31949,1.17,201301090000
32028,2.49,201301090000
32032,0.55,201301090000
32045,1.84,201301090000
32150,1.85,201301090000
32155,1.04,201301090000
32157,2.5,201301090000
32161,2.31,201301090000
32162,0.74,201301090000
32167,0.62,201301090000
32169,1.9,201301090000
32175,0.71,201301090000
32182,2.47,201301090000
32185,1.39,201301090000
32195,1.7,201301090000
32235,2.91,201301090000
32404,2.39,201301090000
32405,1.39,201301090000
32410,2.66,201301090000
32411,2.51,201301090000
32415,2.32,201301090000
32449,2.64,201301090000
32490,2.75,201301090000
32558,1.43,201301090000
32622,1.94,201301090000
32656,0.87,201301090000
32658,1.56,201301090000
32660,1.46,201301090000
32662,1.36,201301090000
32668,1.46,201301090000
32682,1.48,201301090000
32697,0.58,201301090000
32712,0.68,201301090000
32729,0.99,201301090000
32739,2.38,201301090000
32742,2.42,201301090000
32744,1.04,201301090000
32802,0.89,201301090000
32834,1.07,201301090000
32905,0.56,201301090000
32907,0.95,201301090000
32912,1.63,201301090000
32916,0.77,201301090000
32922,2.65,201301090000
32924,1.22,201301090000
32926,2.49,201301090000
32929,0.59,201301090000
32977,2.01,201301090000
32978,1.26,201301090000
33154,1.71,201301090000
33158,1.55,201301090000
33160,2.58,201301090000
33165,1.83,201301090000
33170,2.37,201301090000
33186,0.85,201301090000
33286,1.54,201301090000
33405,2.95,201301090000
33409,1.7,201301090000
33412,0.96,201301090000
33418,1.54,201301090000
33420,1.43,201301090000
33424,1.93,201301090000
33435,2.1,201301090000
33442,2.97,201301090000
33519,0.59,201301090000
33594,2.78,201301090000
33656,2.93,201301090000
33659,1.05,201301090000
33662,0.84,201301090000
33664,1.5,201301090000
33666,2.6,201301090000
33669,0.81,201301090000
33673,2.49,201301090000
33675,1.1,201301090000
33694,1.19,201301090000
33724,2.06,201301090000
33742,1.64,201301090000
33812,2.52,201301090000
33909,1.58,201301090000
33911,1.39,201301090000
33912,2.68,201301090000
33913,2.66,201301090000
33922,2.12,201301090000
33923,2.26,201301090000
33924,2.75,201301090000
33931,1.82,201301090000
33935,2.66,201301090000
33986,0.99,201301090000
34013,1.12,201301090000
34160,1.81,201301090000
34161,1.89,201301090000
34162,2.53,201301090000
34163,1.18,201301090000
34167,1.93,201301090000
34190,2.04,201301090000
34211,2.12,201301090000
34303,1.76,201301090000
34380,1.37,201301090000
34407,1.53,201301090000
34413,1.6,201301090000
34423,0.53,201301090000
34424,1.86,201301090000
34427,2.71,201301090000
34430,1.73,201301090000
34437,0.71,201301090000
34440,1.72,201301090000
34486,2.12,201301090000
34495,2.43,201301090000
34510,1.88,201301090000
34520,2.64,201301090000
34528,0.54,201301090000
34563,2.39,201301090000
34662,1.48,201301090000
34667,0.94,201301090000
34668,1.69,201301090000
34670,0.57,201301090000
34672,2.14,201301090000
34673,2.73,201301090000
34676,2.68,201301090000
34679,2.0,201301090000
34682,2.96,201301090000
34695,2.95,201301090000
34710,0.63,201301090000
34714,2.09,201301090000
34720,1.09,201301090000
34882,1.58,201301090000
34913,2.85,201301090000
34914,2.0,201301090000
34915,2.17,201301090000
34924,1.45,201301090000
34925,1.9,201301090000
34934,2.77,201301090000
34939,2.55,201301090000
34959,0.74,201301090000
34990,2.88,201301090000
35102,1.15,201301090000
35164,2.31,201301090000
35166,1.67,201301090000
35173,0.87,201301090000
35178,1.33,201301090000
35183,2.25,201301090000
35185,0.54,201301090000
35187,2.28,201301090000
35193,1.57,201301090000
35203,2.88,201301090000
35218,1.85,201301090000
35237,0.97,201301090000
35244,1.51,201301090000
35249,1.8,201301090000
35295,1.89,201301090000
35368,1.81,201301090000
35410,1.49,201301090000
35414,2.61,201301090000
35415,2.6,201301090000
35417,2.81,201301090000
35421,2.75,201301090000
35440,2.68,201301090000
35455,2.36,201301090000
35492,3.0,201301090000
35515,0.5,201301090000
35665,2.31,201301090000
35675,1.07,201301090000
35683,2.23,201301090000
35686,2.33,201301090000
35700,0.72,201301090000
35745,2.87,201301090000
35755,1.93,201301090000
35769,1.24,201301090000
35916,2.05,201301090000
35917,0.8,201301090000
35918,0.56,201301090000
35919,1.43,201301090000
35921,2.08,201301090000
35929,2.69,201301090000
35931,2.61,201301090000
35941,2.88,201301090000
35944,2.68,201301090000
35971,0.74,201301090000
35981,0.65,201301090000
35992,1.75,201301090000
35994,1.85,201301090000
36067,1.54,201301090000
36162,2.85,201301090000
36167,1.71,201301090000
36169,2.87,201301090000
36170,2.68,201301090000
36173,2.38,201301090000
36176,1.08,201301090000
36177,0.53,201301090000
36205,1.71,201301090000
36237,1.29,201301090000
36245,0.73,201301090000
36246,1.85,201301090000
36293,2.81,201301090000
36311,1.44,201301090000
36417,2.79,201301090000
36420,1.21,201301090000
36421,2.2,201301090000
36441,1.25,201301090000
36448,0.82,201301090000
36494,2.36,201301090000
36498,1.7,201301090000
36502,1.28,201301090000
36510,2.56,201301090000
36513,1.85,201301090000
36519,2.56,201301090000
36524,1.98,201301090000
36576,0.7,201301090000
36668,2.21,201301090000
36673,2.34,201301090000
36675,2.47,201301090000
36677,1.48,201301090000
36679,1.26,201301090000
36682,1.36,201301090000
36688,0.74,201301090000
36690,1.97,201301090000
36711,1.49,201301090000
36717,2.95,201301090000
36758,1.03,201301090000
36889,1.57,201301090000
36915,1.55,201301090000
36918,0.57,201301090000
36933,1.26,201301090000
36934,1.21,201301090000
36953,0.56,201301090000
36959,1.47,201301090000
36996,1.08,201301090000
36999,1.56,201301090000
37001,1.11,201301090000
37167,2.21,201301090000
37168,2.39,201301090000
37169,1.59,201301090000
37172,1.18,201301090000
37176,2.87,201301090000
37178,2.71,201301090000
37179,0.61,201301090000
37182,2.37,201301090000
37192,1.64,201301090000
37200,1.33,201301090000
37206,2.28,201301090000
37232,2.89,201301090000
37239,0.58,201301090000
37270,0.97,201301090000
37298,1.36,201301090000
37304,2.72,201301090000
37419,2.13,201301090000
37421,2.33,201301090000
37423,2.93,201301090000
37425,1.82,201301090000
37446,2.05,201301090000
37454,0.55,201301090000
37477,1.1,201301090000
37487,2.75,201301090000
37501,2.81,201301090000
37503,0.68,201301090000
37513,2.77,201301090000
37523,1.12,201301090000
37562,2.13,201301090000
37609,2.72,201301090000
37642,1.98,201301090000
37643,2.15,201301090000
37670,2.33,201301090000
37671,0.84,201301090000
37672,1.88,201301090000
37676,1.1,201301090000
37688,2.5,201301090000
37689,1.18,201301090000
37690,2.16,201301090000
37695,1.01,201301090000
37701,1.35,201301090000
37710,1.74,201301090000
37711,1.1,201301090000
37754,1.01,201301090000
37874,1.59,201301090000
37891,2.58,201301090000
37893,0.61,201301090000
37894,0.57,201301090000
37926,2.66,201301090000
37928,1.26,201301090000
37929,0.89,201301090000
37932,1.77,201301090000
37936,1.32,201301090000
37943,2.21,201301090000
37952,1.23,201301090000
37962,2.76,201301090000
37968,1.14,201301090000
38003,0.92,201301090000
38060,1.45,201301090000
38145,2.19,201301090000
38172,0.93,201301090000
38173,1.48,201301090000
38178,1.56,201301090000
38200,2.75,201301090000
38204,1.46,201301090000
38209,0.87,201301090000
38215,2.04,201301090000
38220,0.52,201301090000
38225,2.37,201301090000
38228,2.18,201301090000
38230,0.99,201301090000
38243,1.07,201301090000
38247,1.78,201301090000
38255,2.51,201301090000
38263,2.46,201301090000
38268,1.4,201301090000
38272,2.53,201301090000
38367,1.18,201301090000
38381,2.69,201301090000
38423,2.62,201301090000
38425,0.66,201301090000
38426,1.93,201301090000
38431,0.83,201301090000
38440,0.8,201301090000
38479,1.45,201301090000
38481,1.73,201301090000
38483,1.03,201301090000
38488,2.03,201301090000
38490,1.75,201301090000
38498,1.61,201301090000
38499,0.69,201301090000
38500,1.94,201301090000
38505,1.11,201301090000
38506,2.41,201301090000
38508,1.47,201301090000
38517,1.0,201301090000
38534,1.48,201301090000
38648,1.65,201301090000
38674,2.03,201301090000
38676,1.48,201301090000
38679,2.03,201301090000
38684,1.48,201301090000
38693,2.97,201301090000
38697,2.12,201301090000
38716,1.99,201301090000
38722,1.38,201301090000
38736,1.01,201301090000
38738,2.36,201301090000
38752,1.67,201301090000
38753,1.49,201301090000
38758,1.02,201301090000
38760,1.52,201301090000
38761,1.52,201301090000
38762,0.69,201301090000
38766,1.84,201301090000
38769,1.33,201301090000
38778,2.59,201301090000
38812,1.83,201301090000
38939,0.57,201301090000
38953,2.55,201301090000
38958,2.19,201301090000
38967,0.68,201301090000
39006,0.69,201301090000
39008,2.19,201301090000
39010,0.59,201301090000
39011,0.94,201301090000
39017,1.96,201301090000
39113,1.4,201301090000
39148,2.51,201301090000
39149,1.58,201301090000
39176,2.38,201301090000
39178,2.35,201301090000
39191,2.45,201301090000
39201,1.06,201301090000
39230,2.38,201301090000
39236,1.88,201301090000
39246,2.88,201301090000
39252,0.98,201301090000
39255,2.24,201301090000
39260,1.88,201301090000
39262,1.21,201301090000
39263,1.46,201301090000
39268,1.84,201301090000
39269,1.24,201301090000
39271,1.57,201301090000
39274,1.36,201301090000
39275,1.94,201301090000
39375,1.17,201301090000
39391,1.48,201301090000
39427,2.81,201301090000
39428,2.85,201301090000
39430,2.3,201301090000
39433,1.17,201301090000
39446,0.82,201301090000
39457,0.53,201301090000
39514,1.96,201301090000
39515,2.98,201301090000
39516,1.69,201301090000
39517,0.59,201301090000
39535,1.67,201301090000
39554,0.66,201301090000
39559,2.35,201301090000
39631,2.97,201301090000
39632,2.46,201301090000
39633,2.21,201301090000
39652,2.91,201301090000
39683,0.73,201301090000
39687,2.55,201301090000
39706,0.87,201301090000
39710,1.63,201301090000
39722,1.8,201301090000
39731,1.96,201301090000
39750,0.68,201301090000
39755,2.35,201301090000
39759,2.23,201301090000
39762,0.95,201301090000
39764,1.2,201301090000
39765,0.67,201301090000
39766,2.79,201301090000
39767,2.51,201301090000
39769,1.15,201301090000
39772,2.8,201301090000
39776,2.51,201301090000
39777,0.75,201301090000
39790,2.05,201301090000
39791,1.6,201301090000
39796,2.01,201301090000
39832,1.74,201301090000
39883,2.67,201301090000
39930,0.59,201301090000
39932,2.21,201301090000
39941,1.12,201301090000
39948,2.8,201301090000
39969,2.19,201301090000
40018,0.63,201301090000
40031,1.73,201301090000
40133,1.27,201301090000
40180,1.31,201301090000
40188,2.29,201301090000
40196,1.79,201301090000
40242,1.25,201301090000
40246,2.98,201301090000
40259,2.15,201301090000
40264,1.25,201301090000
40267,2.6,201301090000
40268,2.56,201301090000
40270,2.0,201301090000
40276,1.4,201301090000
40286,0.94,201301090000
40295,2.32,201301090000
40431,0.87,201301090000
40432,0.75,201301090000
40442,1.4,201301090000
40447,1.8,201301090000
40448,0.87,201301090000
40451,1.09,201301090000
40457,1.11,201301090000
40500,2.39,201301090000
40512,0.57,201301090000
40518,0.89,201301090000
40519,1.0,201301090000
40522,2.95,201301090000
40524,2.85,201301090000
40525,1.17,201301090000
40532,1.36,201301090000
40560,0.6,201301090000
40566,1.3,201301090000
40633,2.23,201301090000
40687,2.92,201301090000
40713,2.3,201301090000
40719,1.74,201301090000
40732,2.44,201301090000
40733,2.25,201301090000
40766,0.73,201301090000
40810,0.75,201301090000
40894,0.71,201301090000
40933,2.11,201301090000
40936,1.67,201301090000
40939,1.4,201301090000
40954,0.56,201301090000
40982,0.82,201301090000
41021,2.06,201301090000
41024,2.65,201301090000
41061,2.88,201301090000
41145,1.53,201301090000
41157,0.67,201301090000
41183,2.04,201301090000
41200,1.43,201301090000
41262,2.0,201301090000
41265,1.19,201301090000
41270,2.63,201301090000
41277,1.63,201301090000
41318,2.52,201301090000
41401,0.73,201301090000
41407,1.05,201301090000
41437,0.69,201301090000
41459,0.58,201301090000
41465,1.63,201301090000
41469,2.46,201301090000
41508,1.81,201301090000
41520,2.13,201301090000
41522,2.6,201301090000
41526,1.5,201301090000
41532,1.65,201301090000
41558,2.06,201301090000
41635,1.63,201301090000
41653,0.84,201301090000
41658,1.27,201301090000
41692,1.38,201301090000
41696,0.57,201301090000
41764,0.93,201301090000
41772,1.05,201301090000
41893,1.48,201301090000
41904,2.51,201301090000
41905,2.12,201301090000
41936,1.77,201301090000
41941,2.99,201301090000
41958,2.37,201301090000
41990,1.2,201301090000
42023,0.76,201301090000
42026,1.35,201301090000
42029,0.5,201301090000
42074,2.19,201301090000
42085,0.59,201301090000
42095,1.93,201301090000
42147,1.53,201301090000
42160,1.99,201301090000
42200,0.85,201301090000
42213,2.77,201301090000
42267,2.87,201301090000
42271,0.79,201301090000
42274,2.03,201301090000
42283,2.22,201301090000
42291,0.99,201301090000
42342,2.23,201301090000
42411,2.52,201301090000
42438,2.57,201301090000
42454,2.52,201301090000
42471,2.03,201301090000
42478,1.97,201301090000
42487,2.95,201301090000
42503,1.55,201301090000
42514,0.86,201301090000
42521,2.08,201301090000
42533,1.93,201301090000
42644,1.26,201301090000
42661,2.34,201301090000
42695,2.04,201301090000
42744,2.4,201301090000
42750,1.75,201301090000
42846,1.47,201301090000
42905,0.79,201301090000
42912,2.05,201301090000
42939,2.09,201301090000
42940,1.81,201301090000
42944,2.49,201301090000
42949,1.07,201301090000
43011,0.76,201301090000
43021,1.23,201301090000
43030,2.21,201301090000
43151,1.71,201301090000
43160,2.43,201301090000
43162,1.55,201301090000
43213,2.04,201301090000
43220,0.73,201301090000
43261,2.77,201301090000
43412,1.4,201301090000
43413,2.55,201301090000
43440,1.51,201301090000
43443,1.91,201301090000
43449,1.27,201301090000
43483,0.9,201301090000
43484,2.82,201301090000
43494,0.6,201301090000
43518,0.52,201301090000
43523,1.14,201301090000
43526,1.07,201301090000
43530,2.7,201301090000
43571,0.59,201301090000
43642,1.76,201301090000
43662,2.98,201301090000
43738,1.13,201301090000
43760,1.46,201301090000
43779,2.12,201301090000
43914,2.43,201301090000
43957,0.97,201301090000
43980,1.52,201301090000
43984,2.94,201301090000
43992,2.2,201301090000
43995,2.38,201301090000
44002,2.34,201301090000
44039,2.46,201301090000
44194,0.95,201301090000
44197,0.88,201301090000
44204,1.24,201301090000
44215,1.88,201301090000
44226,2.35,201301090000
44247,2.36,201301090000
44255,0.61,201301090000
44282,1.95,201301090000
44284,1.37,201301090000
44356,2.61,201301090000
44470,0.98,201301090000
44486,0.74,201301090000
44503,1.17,201301090000
44504,2.2,201301090000
44510,0.94,201301090000
44517,2.5,201301090000
44534,0.76,201301090000
44578,2.83,201301090000
44666,1.29,201301090000
44694,0.98,201301090000
44697,0.75,201301090000
44716,2.04,201301090000
44724,1.01,201301090000
44743,2.7,201301090000
44755,1.16,201301090000
44756,1.18,201301090000
44757,2.26,201301090000
44758,0.73,201301090000
44786,2.39,201301090000
44787,1.95,201301090000
44911,2.85,201301090000
44963,2.08,201301090000
45005,2.08,201301090000
45006,1.48,201301090000
45007,0.65,201301090000
45008,1.72,201301090000
45039,2.76,201301090000
45114,2.99,201301090000
45168,0.7,201301090000
45200,2.94,201301090000
45203,0.93,201301090000
45208,1.71,201301090000
45237,2.4,201301090000
45254,2.24,201301090000
45256,1.56,201301090000
45258,2.88,201301090000
45261,1.87,201301090000
45265,2.74,201301090000
45266,0.69,201301090000
45401,1.56,201301090000
45479,0.93,201301090000
45502,2.57,201301090000
45507,2.82,201301090000
45509,1.86,201301090000
45526,0.63,201301090000
45538,1.55,201301090000
45582,1.93,201301090000
45661,0.52,201301090000
45701,0.99,201301090000
45703,1.3,201301090000
45716,1.7,201301090000
45720,1.97,201301090000
45725,2.26,201301090000
45735,2.46,201301090000
45747,1.45,201301090000
45766,0.5,201301090000
45793,2.61,201301090000
45795,2.35,201301090000
45919,1.23,201301090000
45948,2.8,201301090000
46008,2.02,201301090000
46036,2.04,201301090000
46041,2.02,201301090000
46052,2.43,201301090000
46074,0.72,201301090000
46145,1.71,201301090000
46202,1.99,201301090000
46209,2.03,201301090000
46242,2.03,201301090000
46265,1.44,201301090000
46372,0.8,201301090000
46384,1.18,201301090000
46455,1.81,201301090000
46508,0.92,201301090000
46523,2.05,201301090000
46538,0.63,201301090000
46565,2.52,201301090000
46574,1.95,201301090000
46626,0.96,201301090000
46700,2.89,201301090000
46738,1.28,201301090000
46770,2.43,201301090000
46778,2.21,201301090000
46787,2.33,201301090000
46803,0.93,201301090000
46954,2.32,201301090000
46964,2.5,201301090000
46972,1.05,201301090000
46976,1.83,201301090000
46981,2.34,201301090000
47011,1.11,201301090000
47015,2.18,201301090000
47047,2.46,201301090000
47253,1.41,201301090000
47288,1.5,201301090000
47295,2.86,201301090000
47342,0.95,201301090000
47454,1.13,201301090000
47535,1.52,201301090000
47543,1.33,201301090000
47705,2.04,201301090000
47709,2.65,201301090000
47711,1.02,201301090000
47758,0.84,201301090000
47806,1.46,201301090000
47889,2.49,201301090000
47926,1.99,201301090000
47968,2.02,201301090000
47972,2.46,201301090000
47977,0.94,201301090000
47982,1.03,201301090000
48032,0.6,201301090000
48209,1.82,201301090000
48239,2.8,201301090000
48244,0.85,201301090000
48278,1.65,201301090000
48420,2.87,201301090000
48427,2.24,201301090000
48499,2.41,201301090000
48503,1.21,201301090000
48552,2.1,201301090000
48584,1.38,201301090000
48713,2.21,201301090000
48759,0.99,201301090000
48848,1.69,201301090000
48898,1.95,201301090000
49017,1.76,201301090000
49049,2.31,201301090000
49229,2.46,201301090000
49241,2.53,201301090000
49472,2.58,201301090000
49483,0.82,201301090000
49542,1.47,201301090000
49555,1.17,201301090000
49679,1.07,201301090000
49750,1.8,201301090000
49760,1.71,201301090000
49777,2.82,201301090000
49968,1.62,201301090000
50053,1.85,201301090000
50103,0.94,201301090000
50180,0.95,201301090000
50285,2.13,201301090000
50430,1.19,201301090000
50470,2.49,201301090000
50494,2.38,201301090000
50511,1.37,201301090000
50549,2.82,201301090000
50680,1.76,201301090000
50682,1.11,201301090000
50731,2.71,201301090000
50812,1.74,201301090000
50872,2.55,201301090000
51029,2.52,201301090000
51046,1.29,201301090000
51053,2.08,201301090000
51056,2.3,201301090000
51162,2.15,201301090000
51177,2.95,201301090000
51182,1.33,201301090000
51228,1.51,201301090000
51258,2.51,201301090000
51430,2.93,201301090000
51431,2.4,201301090000
51432,2.73,201301090000
51520,0.91,201301090000
51681,1.58,201301090000
51682,2.87,201301090000
51725,1.55,201301090000
51790,1.07,201301090000
51832,2.85,201301090000
51857,1.6,201301090000
51931,0.9,201301090000
51932,1.77,201301090000
51986,1.77,201301090000
52003,0.86,201301090000
52182,2.39,201301090000
52244,0.82,201301090000
52259,2.26,201301090000
52280,0.81,201301090000
52319,0.69,201301090000
52473,1.63,201301090000
52518,2.71,201301090000
52631,0.9,201301090000
52679,1.38,201301090000
52729,0.76,201301090000
52811,0.73,201301090000
52983,1.47,201301090000
52988,2.63,201301090000
52993,1.8,201301090000
53000,2.23,201301090000
53016,1.37,201301090000
53027,1.29,201301090000
53072,1.7,201301090000
53090,2.65,201301090000
53177,1.34,201301090000
53178,2.52,201301090000
53381,2.24,201301090000
53427,2.98,201301090000
53429,0.95,201301090000
53761,1.74,201301090000
53774,2.3,201301090000
53797,1.5,201301090000
53810,1.58,201301090000
53822,2.67,201301090000
53864,2.02,201301090000
53927,1.45,201301090000
54038,1.41,201301090000
54071,1.22,201301090000
54234,0.58,201301090000
54281,1.97,201301090000
54284,1.1,201301090000
54327,1.87,201301090000
54334,2.71,201301090000
54349,1.47,201301090000
54427,1.43,201301090000
54503,2.56,201301090000
54510,2.97,201301090000
54520,1.91,201301090000
54550,1.65,201301090000
54578,1.29,201301090000
54678,2.17,201301090000
54828,1.42,201301090000
54983,2.48,201301090000
54996,1.47,201301090000
55070,2.82,201301090000
55329,2.44,201301090000
55331,1.39,201301090000
55535,2.45,201301090000
55633,2.09,201301090000
55680,0.73,201301090000
55761,2.86,201301090000
55831,0.93,201301090000
55832,2.04,201301090000
55838,2.16,201301090000
55845,1.0,201301090000
56106,2.1,201301090000
56493,0.67,201301090000
56571,1.56,201301090000
56586,1.55,201301090000
56587,1.23,201301090000
56591,1.63,201301090000
56738,1.19,201301090000
56835,2.42,201301090000
56882,1.75,201301090000
56887,2.65,201301090000
56888,1.3,201301090000
56933,0.72,201301090000
56934,1.7,201301090000
57042,2.55,201301090000
57062,1.0,201301090000
57189,1.99,201301090000
57261,2.71,201301090000
57329,2.91,201301090000
57342,1.55,201301090000
57376,1.71,201301090000
57378,2.82,201301090000
57380,1.49,201301090000
57397,1.31,201301090000
57440,2.78,201301090000
57495,1.67,201301090000
57523,2.18,201301090000
57555,0.86,201301090000
57597,2.02,201301090000
57613,2.26,201301090000
57615,1.14,201301090000
57628,2.68,201301090000
57631,1.81,201301090000
57823,1.42,201301090000
57837,0.71,201301090000
57851,0.94,201301090000
57852,1.77,201301090000
57906,1.85,201301090000
58179,1.37,201301090000
58251,1.2,201301090000
58421,2.28,201301090000
58511,2.13,201301090000
58632,2.78,201301090000
58744,0.89,201301090000
58802,2.82,201301090000
58814,2.63,201301090000
58879,2.05,201301090000
58892,0.87,201301090000
59010,1.56,201301090000
59043,2.75,201301090000
59104,0.96,201301090000
59125,2.36,201301090000
59134,1.15,201301090000
59285,1.06,201301090000
59329,2.51,201301090000
59555,1.86,201301090000
59635,1.68,201301090000
59745,1.32,201301090000
59927,1.87,201301090000
59941,1.73,201301090000
60008,2.97,201301090000
60011,2.34,201301090000
60114,1.99,201301090000
60141,1.92,201301090000
60147,2.74,201301090000
60331,2.19,201301090000
60344,1.3,201301090000
60350,0.6,201301090000
60578,0.86,201301090000
60593,1.36,201301090000
60613,1.65,201301090000
60630,2.88,201301090000
60635,1.73,201301090000
60649,1.04,201301090000
60750,2.82,201301090000
60774,2.48,201301090000
60819,2.41,201301090000
60880,0.66,201301090000
60888,1.43,201301090000
61062,2.4,201301090000
61110,2.44,201301090000
61263,1.25,201301090000
61343,1.94,201301090000
61591,2.29,201301090000
61597,1.77,201301090000
61654,0.55,201301090000
61818,2.37,201301090000
62077,2.42,201301090000
62104,1.78,201301090000
62135,0.74,201301090000
62140,0.99,201301090000
62252,2.99,201301090000
62558,0.87,201301090000
62589,1.84,201301090000
62757,2.85,201301090000
62772,1.36,201301090000
62850,1.49,201301090000
62926,2.19,201301090000
62948,0.74,201301090000
63044,2.5,201301090000
63153,0.51,201301090000
63383,2.08,201301090000
63397,2.27,201301090000
63398,2.02,201301090000
63407,1.76,201301090000
63574,1.43,201301090000
63586,1.05,201301090000
63816,2.6,201301090000
64102,2.21,201301090000
64150,1.37,201301090000
64200,1.58,201301090000
64515,2.45,201301090000
64529,1.83,201301090000
64573,1.68,201301090000
64581,2.69,201301090000
64815,1.72,201301090000
64915,1.46,201301090000
65059,1.2,201301090000
65144,2.67,201301090000
65320,1.45,201301090000
65375,2.67,201301090000
65454,1.98,201301090000
65528,1.09,201301090000
65607,2.56,201301090000
65774,2.59,201301090000
65838,1.35,201301090000
66068,1.0,201301090000
66084,1.05,201301090000
66151,0.92,201301090000
66353,2.48,201301090000
66538,0.98,201301090000
66575,1.34,201301090000
66637,1.02,201301090000
66827,2.63,201301090000
66870,0.58,201301090000
67110,2.35,201301090000
67207,1.68,201301090000
67335,1.25,201301090000
67385,0.63,201301090000
67599,0.66,201301090000
67601,0.72,201301090000
67602,2.23,201301090000
67698,0.92,201301090000
67824,1.59,201301090000
67842,2.22,201301090000
67854,0.7,201301090000
67855,1.32,201301090000
67918,2.83,201301090000
68103,2.76,201301090000
68104,1.41,201301090000
68110,2.21,201301090000
68111,0.98,201301090000
68349,0.89,201301090000
68354,1.49,201301090000
68356,0.74,201301090000
68454,1.56,201301090000
68455,0.6,201301090000
68587,0.65,201301090000
68857,2.85,201301090000
68858,2.81,201301090000
68897,2.94,201301090000
68924,1.57,201301090000
68930,1.76,201301090000
69106,2.63,201301090000
69190,0.9,201301090000
69206,0.95,201301090000
69359,2.86,201301090000
69371,2.24,201301090000
69455,0.7,201301090000
69582,2.81,201301090000
69613,0.71,201301090000
69676,2.23,201301090000
70115,2.21,201301090000
70132,0.87,201301090000
70181,1.54,201301090000
70342,2.64,201301090000
70352,1.54,201301090000
70360,1.71,201301090000
70374,0.83,201301090000
70440,1.79,201301090000
70462,2.3,201301090000
70619,1.04,201301090000
70659,2.35,201301090000
70715,2.32,201301090000
70903,0.69,201301090000
70934,2.56,201301090000
70961,2.02,201301090000
71122,1.1,201301090000
71187,2.11,201301090000
71399,2.61,201301090000
71601,0.96,201301090000
71629,2.76,201301090000
71888,0.65,201301090000
71961,2.38,201301090000
71964,1.64,201301090000
72201,2.95,201301090000
72218,1.82,201301090000
72345,1.93,201301090000
72367,1.56,201301090000
72407,2.22,201301090000
72416,2.01,201301090000
72706,2.08,201301090000
72894,2.49,201301090000
73104,1.61,201301090000
73135,1.13,201301090000
73211,0.73,201301090000
73223,2.69,201301090000
73451,1.53,201301090000
73460,0.68,201301090000
73461,2.16,201301090000
73557,2.91,201301090000
73669,1.18,201301090000
74158,2.96,201301090000
74216,1.14,201301090000
74388,0.75,201301090000
74396,1.42,201301090000
74466,0.88,201301090000
74467,2.36,201301090000
74638,1.41,201301090000
74677,1.01,201301090000
74678,0.65,201301090000
74711,1.25,201301090000
74721,1.11,201301090000
74962,2.23,201301090000
74968,2.67,201301090000
74973,1.44,201301090000
75224,1.67,201301090000
75329,2.56,201301090000
75386,2.85,201301090000
75424,2.23,201301090000
75436,2.17,201301090000
75475,1.63,201301090000
75619,2.65,201301090000
75721,1.74,201301090000
75722,2.27,201301090000
75724,1.99,201301090000
75725,2.97,201301090000
75726,1.38,201301090000
75727,0.99,201301090000
75974,1.13,201301090000
75975,1.82,201301090000
76133,0.76,201301090000
76227,0.79,201301090000
76393,2.84,201301090000
76473,1.1,201301090000
76477,2.19,201301090000
76654,2.91,201301090000
76728,1.15,201301090000
76959,1.25,201301090000
77169,0.84,201301090000
77230,0.5,201301090000
77381,0.56,201301090000
77458,0.65,201301090000
77641,0.97,201301090000
77942,2.94,201301090000
77981,0.6,201301090000
78205,1.67,201301090000
78418,2.67,201301090000
78654,1.2,201301090000
78733,1.32,201301090000
78881,1.26,201301090000
78896,2.41,201301090000
78909,2.48,201301090000
78983,1.58,201301090000
79234,1.65,201301090000
79379,1.4,201301090000
79394,2.31,201301090000
79484,0.9,201301090000
79712,2.38,201301090000
79911,1.2,201301090000
79915,2.77,201301090000
80160,1.48,201301090000
80161,2.94,201301090000
80193,2.24,201301090000
80352,2.13,201301090000
80397,1.73,201301090000
80406,2.81,201301090000
80411,2.36,201301090000
80412,2.74,201301090000
80413,0.89,201301090000
80420,0.67,201301090000
80485,2.91,201301090000
80635,2.62,201301090000
80659,1.41,201301090000
80663,0.6,201301090000
80664,1.92,201301090000
80703,1.48,201301090000
80877,2.89,201301090000
80916,2.75,201301090000
81163,1.62,201301090000
81164,0.7,201301090000
81354,1.15,201301090000
81363,1.93,201301090000
81390,2.99,201301090000
81625,2.84,201301090000
81651,2.14,201301090000
81899,2.43,201301090000
82135,0.51,201301090000
82168,2.42,201301090000
82169,2.22,201301090000
82237,2.95,201301090000
82613,1.84,201301090000
82622,2.37,201301090000
82664,2.76,201301090000
82892,1.27,201301090000
82951,2.17,201301090000
83410,2.66,201301090000
83489,2.27,201301090000
83735,1.73,201301090000
83865,1.41,201301090000
84123,2.52,201301090000
84179,0.96,201301090000
84207,1.24,201301090000
84212,1.14,201301090000
84221,1.38,201301090000
84366,1.75,201301090000
84689,2.09,201301090000
84712,0.82,201301090000
84902,1.72,201301090000
85474,1.52,201301090000
85487,0.76,201301090000
85620,1.62,201301090000
85705,2.98,201301090000
85715,1.18,201301090000
85738,0.9,201301090000
86440,2.2,201301090000
86622,2.71,201301090000
86623,2.16,201301090000
86672,1.7,201301090000
86873,1.38,201301090000
86895,2.28,201301090000
87121,2.82,201301090000
87227,2.25,201301090000
87460,2.6,201301090000
87690,2.24,201301090000
87873,0.81,201301090000
88242,2.48,201301090000
88463,2.42,201301090000
89120,2.29,201301090000
89152,2.82,201301090000
89175,1.03,201301090000
89198,0.7,201301090000
89615,2.72,201301090000
89625,2.96,201301090000
90116,1.06,201301090000
90183,1.95,201301090000
90497,2.67,201301090000
90699,2.99,201301090000
90719,2.32,201301090000
91200,2.12,201301090000
91432,1.1,201301090000
91434,1.46,201301090000
91684,1.4,201301090000
91713,1.22,201301090000
91744,2.58,201301090000
92233,1.81,201301090000
93205,2.13,201301090000
93244,0.93,201301090000
93252,1.56,201301090000
93463,2.12,201301090000
93675,0.94,201301090000
93944,0.73,201301090000
94431,1.05,201301090000
94710,2.59,201301090000
94755,1.28,201301090000
94997,2.39,201301090000
95000,2.67,201301090000
95707,0.78,201301090000
95949,2.67,201301090000
95998,2.38,201301090000
96188,1.0,201301090000
96225,0.74,201301090000
96249,1.12,201301090000
96468,0.66,201301090000
96486,2.91,201301090000
96718,1.75,201301090000
96972,0.65,201301090000
96995,2.51,201301090000
97251,1.24,201301090000
97440,0.72,201301090000
97471,1.18,201301090000
97969,0.55,201301090000
97990,1.29,201301090000
98224,0.53,201301090000
98229,1.74,201301090000
98450,1.77,201301090000
98475,0.51,201301090000
98739,1.0,201301090000
99256,2.05,201301090000
99468,1.96,201301090000
99730,1.77,201301090000
101215,2.14,201301090000
101911,1.52,201301090000
101912,1.11,201301090000
101989,1.3,201301090000
102999,0.93,201301090000
103242,1.63,201301090000
103431,1.21,201301090000
104177,1.14,201301090000
104221,1.99,201301090000
104239,0.72,201301090000
104701,2.86,201301090000
104984,2.64,201301090000
105196,1.64,201301090000
105219,1.7,201301090000
105460,1.07,201301090000
105461,0.87,201301090000
105481,0.51,201301090000
105489,0.54,201301090000
105709,1.57,201301090000
105710,2.61,201301090000
105711,2.38,201301090000
105712,2.69,201301090000
105713,2.96,201301090000
105715,2.87,201301090000
105726,1.51,201301090000
105727,1.5,201301090000
105736,2.61,201301090000
105960,2.62,201301090000
105961,2.46,201301090000
105962,1.13,201301090000
105963,1.57,201301090000
105964,1.51,201301090000
105975,2.33,201301090000
106195,2.02,201301090000
106213,1.13,201301090000
106214,2.95,201301090000
106215,2.25,201301090000
106221,0.61,201301090000
106231,1.48,201301090000
106232,1.9,201301090000
106234,1.9,201301090000
106235,2.42,201301090000
106237,1.6,201301090000
106446,2.43,201301090000
106447,0.79,201301090000
106462,2.26,201301090000
106463,1.97,201301090000
106465,0.92,201301090000
106466,2.23,201301090000
106467,1.37,201301090000
106480,1.51,201301090000
106712,1.87,201301090000
106717,1.38,201301090000
106718,2.48,201301090000
106741,2.6,201301090000
106958,1.56,201301090000
106964,1.47,201301090000
106965,0.92,201301090000
106966,2.45,201301090000
106967,1.91,201301090000
106971,1.68,201301090000
106983,2.64,201301090000
106997,1.14,201301090000
107200,2.05,201301090000
107212,1.57,201301090000
107219,2.55,201301090000
107240,2.5,201301090000
107460,0.63,201301090000
107465,0.53,201301090000
107466,0.57,201301090000
107468,1.37,201301090000
107491,1.09,201301090000
107711,2.68,201301090000
107725,2.54,201301090000
107726,0.76,201301090000
107954,1.77,201301090000
107966,1.17,201301090000
107971,2.03,201301090000
107979,1.28,201301090000
107993,2.32,201301090000
108205,2.72,201301090000
108211,2.92,201301090000
108214,2.22,201301090000
108215,2.37,201301090000
108217,1.19,201301090000
108219,2.03,201301090000
108220,2.52,201301090000
108222,0.92,201301090000
108225,1.09,201301090000
108230,2.63,201301090000
108454,1.02,201301090000
108463,1.13,201301090000
108499,2.71,201301090000
108717,2.84,201301090000
108722,2.74,201301090000
108724,1.54,201301090000
108733,2.66,201301090000
108968,2.02,201301090000
108975,1.11,201301090000
108984,2.86,201301090000
108985,0.69,201301090000
109216,2.59,201301090000
109219,0.71,201301090000
109222,1.48,201301090000
109227,1.23,201301090000
109231,1.98,201301090000
109236,2.65,201301090000
109245,1.99,201301090000
109473,2.69,201301090000
109487,0.82,201301090000
109494,0.5,201301090000
109495,1.22,201301090000
109496,0.7,201301090000
109497,2.96,201301090000
109742,0.64,201301090000
109744,1.63,201301090000
109748,2.88,201301090000
109750,1.29,201301090000
109980,1.52,201301090000
109991,2.42,201301090000
109994,1.96,201301090000
109998,2.37,201301090000
110001,0.53,201301090000
110243,1.43,201301090000
110247,2.5,201301090000
110249,1.25,201301090000
110251,1.05,201301090000
110253,2.33,201301090000
110254,2.97,201301090000
