cell,mobility,dtg
1610,2.47,201301310000
1846,1.99,201301310000
1851,1.91,201301310000
1853,0.69,201301310000
1856,1.37,201301310000
1857,2.23,201301310000
2103,0.62,201301310000
2105,2.37,201301310000
2106,1.69,201301310000
2107,2.85,201301310000
2114,1.75,201301310000
2342,2.52,201301310000
2347,2.73,201301310000
2351,1.27,201301310000
2354,0.58,201301310000
2357,1.61,201301310000
2372,1.56,201301310000
2374,1.9,201301310000
2591,1.2,201301310000
2595,1.64,201301310000
2605,2.89,201301310000
2611,2.17,201301310000
2615,2.37,201301310000
2620,2.74,201301310000
2627,1.65,201301310000
2839,1.07,201301310000
2847,2.48,201301310000
3086,0.5,201301310000
3094,2.23,201301310000
3100,0.57,201301310000
3124,1.78,201301310000
3128,1.25,201301310000
3334,0.67,201301310000
3337,0.8,201301310000
3375,1.77,201301310000
3614,2.27,201301310000
3619,2.86,201301310000
3632,1.28,201301310000
3635,2.95,201301310000
3830,1.88,201301310000
3831,0.73,201301310000
3833,2.19,201301310000
3837,2.71,201301310000
3845,1.6,201301310000
3856,2.05,201301310000
3860,1.96,201301310000
3865,2.97,201301310000
4078,1.51,201301310000
4081,2.98,201301310000
4137,0.78,201301310000
4141,1.52,201301310000
4142,1.63,201301310000
4328,2.21,201301310000
4329,2.27,201301310000
4341,2.57,201301310000
4345,1.84,201301310000
4348,1.62,201301310000
4354,1.93,201301310000
4372,1.56,201301310000
4577,2.24,201301310000
4578,2.95,201301310000
4580,1.62,201301310000
4582,2.26,201301310000
4605,1.63,201301310000
4608,2.48,201301310000
4631,2.38,201301310000
4636,1.87,201301310000
4637,1.2,201301310000
4829,0.84,201301310000
4830,1.32,201301310000
4831,2.01,201301310000
4834,1.48,201301310000
4837,1.17,201301310000
4852,2.68,201301310000
4863,1.81,201301310000
4868,2.41,201301310000
4890,1.69,201301310000
4891,2.65,201301310000
5078,1.53,201301310000
5081,2.89,201301310000
5084,2.61,201301310000
5127,1.13,201301310000
5153,0.71,201301310000
5327,2.17,201301310000
5329,1.78,201301310000
5333,2.8,201301310000
5334,2.96,201301310000
5339,2.79,201301310000
5369,0.67,201301310000
5402,1.88,201301310000
5410,1.08,201301310000
5577,1.04,201301310000
5581,1.62,201301310000
5592,2.69,201301310000
5612,0.94,201301310000
5623,2.29,201301310000
5876,2.96,201301310000
5893,2.54,201301310000
5898,1.04,201301310000
6078,2.99,201301310000
6118,1.44,201301310000
6136,0.87,201301310000
6158,1.32,201301310000
6159,1.84,201301310000
6333,1.86,201301310000
6353,2.75,201301310000
6365,1.88,201301310000
6366,0.53,201301310000
6414,2.6,201301310000
6588,2.09,201301310000
6609,2.25,201301310000
6635,0.69,201301310000
6668,1.62,201301310000
6841,2.98,201301310000
6849,0.81,201301310000
6896,2.63,201301310000
6924,1.65,201301310000
6928,2.83,201301310000
6935,2.88,201301310000
6939,1.22,201301310000
7077,2.68,201301310000
7078,1.77,201301310000
7085,2.9,201301310000
7088,1.41,201301310000
7113,1.13,201301310000
7114,1.6,201301310000
7129,0.97,201301310000
7133,2.52,201301310000
7165,0.62,201301310000
7192,2.23,201301310000
7354,2.71,201301310000
7375,1.98,201301310000
7379,0.55,201301310000
7401,2.53,201301310000
7410,1.81,201301310000
7436,2.91,201301310000
7584,1.02,201301310000
7646,0.6,201301310000
7849,2.96,201301310000
7871,2.02,201301310000
7927,2.81,201301310000
7948,1.59,201301310000
8080,1.39,201301310000
8170,0.8,201301310000
8182,2.32,201301310000
8195,1.34,201301310000
8342,2.1,201301310000
8582,1.11,201301310000
8602,2.64,201301310000
8609,2.66,201301310000
8638,1.46,201301310000
8656,0.95,201301310000
8830,2.55,201301310000
8839,1.74,201301310000
8876,1.11,201301310000
8897,0.55,201301310000
8912,1.92,201301310000
8918,0.66,201301310000
8929,0.9,201301310000
8940,1.66,201301310000
8954,1.75,201301310000
9140,1.57,201301310000
9333,2.46,201301310000
9468,1.32,201301310000
9473,1.85,201301310000
9589,1.05,201301310000
9601,2.62,201301310000
9607,2.91,201301310000
9658,2.34,201301310000
9724,0.69,201301310000
9833,1.7,201301310000
10084,1.31,201301310000
10089,0.83,201301310000
10096,1.87,201301310000
10144,2.86,201301310000
10170,2.12,201301310000
10181,1.65,201301310000
10189,0.87,201301310000
10201,0.93,201301310000
10334,0.98,201301310000
10335,1.32,201301310000
10383,0.75,201301310000
10414,0.77,201301310000
10444,2.36,201301310000
10458,0.95,201301310000
10477,2.79,201301310000
10586,1.13,201301310000
10601,1.05,201301310000
10609,0.6,201301310000
10616,2.18,201301310000
10633,2.61,201301310000
10655,1.49,201301310000
10665,2.63,201301310000
10681,2.07,201301310000
10717,0.88,201301310000
10835,1.49,201301310000
10837,2.84,201301310000
10847,1.35,201301310000
10903,1.77,201301310000
10911,2.47,201301310000
10918,0.6,201301310000
10973,2.79,201301310000
11087,1.76,201301310000
11092,2.4,201301310000
11128,0.78,201301310000
11222,1.79,201301310000
11223,1.56,201301310000
11225,2.74,201301310000
11238,0.88,201301310000
11361,1.05,201301310000
11393,1.51,201301310000
11424,1.97,201301310000
11601,2.98,201301310000
11682,1.4,201301310000
11704,0.78,201301310000
11858,2.52,201301310000
11884,1.67,201301310000
11901,1.47,201301310000
11946,0.6,201301310000
11960,1.84,201301310000
11972,0.56,201301310000
12089,1.77,201301310000
12090,1.58,201301310000
12096,0.6,201301310000
12120,1.99,201301310000
12157,1.21,201301310000
12230,2.91,201301310000
12383,1.18,201301310000
12431,2.2,201301310000
12601,1.07,201301310000
12625,2.62,201301310000
12632,0.61,201301310000
12842,0.75,201301310000
12875,0.9,201301310000
12901,2.65,201301310000
12913,1.85,201301310000
12933,1.51,201301310000
12934,2.4,201301310000
12985,2.76,201301310000
13099,1.34,201301310000
13114,2.33,201301310000
13150,2.29,201301310000
13175,0.79,201301310000
13183,1.71,201301310000
13222,0.59,201301310000
13358,0.63,201301310000
13444,1.71,201301310000
13455,2.32,201301310000
13456,2.76,201301310000
13670,2.86,201301310000
13694,1.35,201301310000
13845,2.4,201301310000
13849,0.82,201301310000
14011,2.24,201301310000
14095,0.7,201301310000
14133,2.22,201301310000
14161,1.91,201301310000
14167,1.62,201301310000
14184,1.68,201301310000
14241,1.61,201301310000
14255,1.44,201301310000
14349,0.99,201301310000
14350,1.78,201301310000
14375,1.48,201301310000
14452,1.46,201301310000
14475,1.59,201301310000
14620,1.21,201301310000
14673,1.3,201301310000
14745,2.23,201301310000
14859,1.77,201301310000
14936,2.84,201301310000
14995,1.52,201301310000
15097,1.03,201301310000
15098,1.43,201301310000
15246,0.76,201301310000
15349,2.04,201301310000
15440,1.58,201301310000
15600,2.78,201301310000
15656,1.28,201301310000
15672,2.83,201301310000
15699,2.11,201301310000
15714,1.92,201301310000
15725,2.76,201301310000
15744,1.3,201301310000
15849,2.68,201301310000
15850,2.78,201301310000
15851,0.94,201301310000
15853,1.18,201301310000
15871,1.46,201301310000
16100,2.81,201301310000
16105,2.9,201301310000
16114,2.3,201301310000
16171,1.41,201301310000
16184,2.57,201301310000
16400,0.96,201301310000
16414,1.94,201301310000
16601,2.45,201301310000
16604,1.47,201301310000
16625,1.01,201301310000
16670,0.91,201301310000
16853,1.72,201301310000
16868,2.49,201301310000
16932,2.5,201301310000
17232,1.14,201301310000
17355,0.65,201301310000
17358,2.16,201301310000
17367,1.5,201301310000
17635,1.7,201301310000
17673,2.13,201301310000
17681,1.59,201301310000
17884,0.58,201301310000
17984,1.76,201301310000
18108,1.13,201301310000
18115,0.94,201301310000
18118,0.73,201301310000
18123,2.44,201301310000
18139,1.12,201301310000
18154,1.68,201301310000
18160,2.84,201301310000
18177,0.78,201301310000
18185,2.87,201301310000
18383,1.61,201301310000
18404,1.59,201301310000
18427,2.0,201301310000
18466,0.73,201301310000
18616,0.99,201301310000
18629,1.58,201301310000
18861,0.88,201301310000
18866,1.5,201301310000
18925,2.82,201301310000
19110,1.21,201301310000
19112,1.96,201301310000
19114,0.98,201301310000
19122,1.58,201301310000
19360,2.43,201301310000
19443,1.44,201301310000
19481,1.07,201301310000
19611,1.5,201301310000
19612,1.11,201301310000
19618,2.03,201301310000
19633,2.35,201301310000
19678,1.78,201301310000
19878,2.05,201301310000
19913,0.98,201301310000
20113,2.45,201301310000
20114,2.44,201301310000
20116,1.97,201301310000
20170,1.85,201301310000
20363,2.93,201301310000
20387,2.55,201301310000
20396,0.8,201301310000
20436,2.28,201301310000
20616,0.83,201301310000
20621,1.69,201301310000
20628,2.8,201301310000
20651,2.83,201301310000
20671,2.91,201301310000
20682,2.76,201301310000
20864,0.54,201301310000
20882,2.51,201301310000
20931,1.25,201301310000
20995,1.05,201301310000
21115,1.8,201301310000
21118,1.39,201301310000
21201,2.11,201301310000
21373,1.12,201301310000
21377,0.87,201301310000
21392,0.89,201301310000
21407,2.93,201301310000
21428,2.16,201301310000
21448,0.77,201301310000
21617,2.88,201301310000
21619,1.57,201301310000
21639,2.11,201301310000
21658,2.84,201301310000
21663,2.18,201301310000
21701,1.93,201301310000
21721,1.82,201301310000
21868,2.91,201301310000
21871,0.91,201301310000
21999,2.11,201301310000
22126,1.74,201301310000
22133,0.54,201301310000
22174,2.49,201301310000
22176,2.09,201301310000
22205,1.34,201301310000
22368,0.85,201301310000
22395,2.5,201301310000
22419,2.58,201301310000
22420,1.44,201301310000
22421,0.85,201301310000
22422,1.97,201301310000
22619,0.72,201301310000
22630,1.72,201301310000
22634,2.69,201301310000
22671,0.75,201301310000
22673,0.54,201301310000
22700,1.52,201301310000
22751,2.55,201301310000
22768,1.16,201301310000
22869,1.26,201301310000
22877,2.71,201301310000
22928,1.01,201301310000
22940,1.85,201301310000
22955,1.12,201301310000
22963,0.83,201301310000
22966,0.84,201301310000
23120,0.61,201301310000
23124,2.85,201301310000
23125,1.76,201301310000
23131,2.29,201301310000
23138,2.3,201301310000
23169,0.53,201301310000
23194,2.75,201301310000
23216,2.03,201301310000
23370,1.56,201301310000
23371,1.99,201301310000
23379,1.87,201301310000
23386,1.68,201301310000
23388,1.82,201301310000
23427,0.67,201301310000
23621,0.99,201301310000
23627,2.7,201301310000
23635,2.98,201301310000
23641,2.42,201301310000
23662,1.74,201301310000
23669,2.27,201301310000
23690,0.59,201301310000
23744,0.56,201301310000
23750,2.89,201301310000
23872,2.1,201301310000
23873,0.96,201301310000
23875,2.2,201301310000
23881,2.89,201301310000
23894,2.29,201301310000
23896,2.33,201301310000
23907,2.61,201301310000
23925,1.64,201301310000
23973,1.57,201301310000
24005,1.49,201301310000
24009,1.21,201301310000
24032,1.54,201301310000
24122,2.64,201301310000
24123,1.42,201301310000
24149,1.0,201301310000
24247,2.5,201301310000
24251,0.87,201301310000
24265,0.81,201301310000
24266,2.9,201301310000
24373,2.87,201301310000
24374,1.62,201301310000
24380,2.74,201301310000
24381,2.42,201301310000
24383,0.6,201301310000
24387,1.95,201301310000
24402,0.72,201301310000
24405,1.69,201301310000
24423,1.02,201301310000
24623,1.85,201301310000
24626,1.9,201301310000
24643,2.14,201301310000
24732,1.01,201301310000
24734,0.58,201301310000
24739,1.87,201301310000
24774,2.59,201301310000
24775,1.74,201301310000
24781,1.65,201301310000
24837,2.69,201301310000
24874,1.01,201301310000
24877,0.79,201301310000
24879,0.54,201301310000
24880,2.94,201301310000
24895,1.89,201301310000
24920,2.4,201301310000
24990,0.94,201301310000
24991,2.23,201301310000
24993,2.29,201301310000
25124,2.86,201301310000
25125,0.98,201301310000
25126,1.27,201301310000
25129,1.68,201301310000
25130,1.52,201301310000
25132,2.56,201301310000
25136,2.4,201301310000
25138,2.11,201301310000
25141,0.89,201301310000
25179,1.55,201301310000
25187,1.75,201301310000
25375,1.87,201301310000
25376,2.27,201301310000
25377,0.91,201301310000
25379,2.39,201301310000
25385,0.51,201301310000
25395,1.09,201301310000
25400,1.04,201301310000
25405,1.63,201301310000
25412,1.26,201301310000
25427,1.37,201301310000
25626,2.06,201301310000
25627,2.94,201301310000
25628,1.43,201301310000
25629,2.68,201301310000
25632,1.36,201301310000
25633,2.38,201301310000
25642,2.95,201301310000
25715,0.78,201301310000
25747,2.94,201301310000
25763,0.68,201301310000
25876,1.26,201301310000
25877,0.69,201301310000
25878,2.45,201301310000
25881,1.21,201301310000
25882,2.95,201301310000
25886,1.85,201301310000
25888,0.87,201301310000
25926,0.74,201301310000
25997,1.72,201301310000
26005,2.08,201301310000
26035,0.63,201301310000
26127,0.65,201301310000
26129,2.27,201301310000
26130,1.01,201301310000
26133,2.32,201301310000
26135,1.93,201301310000
26136,1.91,201301310000
26138,2.41,201301310000
26139,2.94,201301310000
26141,1.25,201301310000
26148,1.91,201301310000
26168,1.67,201301310000
26378,0.68,201301310000
26379,0.82,201301310000
26380,2.92,201301310000
26381,1.49,201301310000
26382,2.83,201301310000
26383,1.73,201301310000
26385,0.99,201301310000
26386,2.05,201301310000
26387,2.89,201301310000
26389,2.36,201301310000
26391,0.63,201301310000
26392,1.05,201301310000
26393,1.66,201301310000
26396,2.18,201301310000
26403,1.79,201301310000
26408,2.58,201301310000
26427,1.25,201301310000
26450,2.9,201301310000
26492,2.85,201301310000
26546,0.65,201301310000
26563,2.78,201301310000
26564,1.54,201301310000
26628,1.27,201301310000
26629,2.29,201301310000
26630,2.54,201301310000
26631,2.57,201301310000
26633,1.52,201301310000
26634,2.59,201301310000
26656,1.35,201301310000
26674,2.83,201301310000
26708,2.03,201301310000
26752,1.06,201301310000
26754,0.57,201301310000
26755,1.37,201301310000
26782,1.96,201301310000
26846,2.04,201301310000
26879,2.04,201301310000
26880,2.96,201301310000
26881,2.82,201301310000
26882,2.93,201301310000
26883,1.33,201301310000
26884,2.17,201301310000
26885,2.52,201301310000
26886,2.81,201301310000
26887,2.7,201301310000
26889,2.03,201301310000
26890,0.82,201301310000
26891,2.22,201301310000
26892,2.88,201301310000
26893,2.51,201301310000
26894,1.69,201301310000
26895,2.39,201301310000
26897,0.91,201301310000
26905,2.33,201301310000
26938,1.01,201301310000
26964,1.85,201301310000
27006,0.83,201301310000
27042,1.52,201301310000
27098,1.57,201301310000
27130,1.89,201301310000
27131,2.77,201301310000
27132,1.29,201301310000
27133,2.79,201301310000
27134,1.27,201301310000
27135,1.38,201301310000
27136,0.63,201301310000
27137,2.31,201301310000
27138,2.13,201301310000
27142,1.06,201301310000
27143,2.11,201301310000
27145,1.0,201301310000
27148,2.4,201301310000
27149,2.79,201301310000
27152,2.14,201301310000
27155,2.09,201301310000
27175,0.8,201301310000
27209,1.68,201301310000
27247,1.73,201301310000
27381,1.82,201301310000
27382,0.93,201301310000
27383,2.7,201301310000
27384,0.61,201301310000
27386,2.68,201301310000
27387,0.59,201301310000
27388,1.67,201301310000
27389,1.13,201301310000
27390,1.15,201301310000
27392,1.21,201301310000
27395,1.53,201301310000
27404,1.69,201301310000
27415,2.65,201301310000
27427,2.04,201301310000
27489,0.56,201301310000
27494,2.91,201301310000
27498,2.74,201301310000
27518,2.27,201301310000
27632,1.33,201301310000
27633,1.66,201301310000
27634,2.06,201301310000
27635,1.46,201301310000
27636,1.79,201301310000
27637,2.66,201301310000
27638,1.2,201301310000
27639,1.41,201301310000
27640,1.73,201301310000
27642,0.74,201301310000
27643,2.31,201301310000
27645,0.55,201301310000
27646,1.56,201301310000
27647,2.93,201301310000
27649,2.52,201301310000
27654,1.51,201301310000
27763,1.84,201301310000
27764,2.58,201301310000
27796,1.36,201301310000
27797,2.85,201301310000
27883,2.06,201301310000
27884,2.12,201301310000
27885,2.42,201301310000
27886,2.32,201301310000
27887,2.52,201301310000
27888,2.86,201301310000
27889,2.36,201301310000
27890,0.88,201301310000
27891,2.67,201301310000
27892,2.85,201301310000
27894,0.58,201301310000
27895,1.36,201301310000
27897,1.22,201301310000
27902,1.75,201301310000
27908,2.83,201301310000
27911,1.51,201301310000
27930,2.4,201301310000
27971,2.2,201301310000
28004,1.36,201301310000
28015,1.86,201301310000
28049,2.44,201301310000
28102,2.43,201301310000
28134,1.08,201301310000
28135,2.12,201301310000
28136,2.26,201301310000
28137,1.98,201301310000
28138,0.92,201301310000
28139,2.64,201301310000
28140,1.02,201301310000
28142,2.41,201301310000
28143,2.44,201301310000
28144,2.03,201301310000
28146,1.96,201301310000
28154,0.75,201301310000
28156,0.65,201301310000
28216,0.56,201301310000
28239,2.15,201301310000
28384,2.66,201301310000
28385,0.88,201301310000
28386,1.45,201301310000
28387,2.08,201301310000
28388,1.14,201301310000
28389,1.95,201301310000
28390,1.5,201301310000
28391,1.77,201301310000
28392,1.41,201301310000
28393,1.1,201301310000
28394,2.61,201301310000
28396,2.25,201301310000
28397,1.43,201301310000
28400,2.19,201301310000
28401,2.52,201301310000
28405,0.65,201301310000
28427,0.87,201301310000
28467,1.1,201301310000
28496,1.79,201301310000
28497,1.97,201301310000
28519,2.51,201301310000
28535,2.49,201301310000
28539,0.95,201301310000
28545,2.04,201301310000
28557,2.77,201301310000
28635,1.95,201301310000
28636,2.58,201301310000
28637,0.93,201301310000
28638,2.5,201301310000
28639,1.74,201301310000
28640,1.36,201301310000
28641,2.11,201301310000
28642,0.86,201301310000
28643,0.84,201301310000
28644,0.88,201301310000
28645,1.42,201301310000
28646,1.99,201301310000
28649,1.67,201301310000
28658,1.15,201301310000
28667,1.35,201301310000
28675,0.55,201301310000
28751,0.92,201301310000
28753,0.95,201301310000
28754,1.5,201301310000
28788,1.84,201301310000
28812,2.87,201301310000
28823,2.71,201301310000
28886,0.76,201301310000
28887,2.88,201301310000
28888,0.83,201301310000
28889,2.19,201301310000
28890,1.34,201301310000
28891,2.39,201301310000
28892,0.65,201301310000
28893,0.7,201301310000
28894,2.49,201301310000
28895,0.72,201301310000
28896,1.36,201301310000
28897,1.28,201301310000
28899,2.66,201301310000
28900,1.51,201301310000
28901,1.77,201301310000
28902,0.74,201301310000
28905,1.63,201301310000
28912,2.64,201301310000
28960,1.03,201301310000
28969,1.74,201301310000
29004,2.07,201301310000
29012,2.05,201301310000
29026,2.87,201301310000
29068,2.78,201301310000
29076,2.99,201301310000
29088,0.53,201301310000
29094,0.75,201301310000
29136,2.47,201301310000
29137,2.39,201301310000
29138,1.7,201301310000
29139,0.59,201301310000
29140,0.98,201301310000
29141,2.59,201301310000
29142,2.44,201301310000
29143,2.19,201301310000
29144,2.14,201301310000
29146,1.57,201301310000
29147,1.28,201301310000
29148,1.48,201301310000
29149,2.02,201301310000
29151,1.14,201301310000
29158,2.06,201301310000
29165,1.78,201301310000
29171,0.74,201301310000
29190,0.87,201301310000
29247,2.03,201301310000
29387,2.36,201301310000
29388,2.78,201301310000
29389,1.63,201301310000
29390,1.82,201301310000
29391,0.9,201301310000
29392,1.05,201301310000
29393,1.27,201301310000
29394,1.7,201301310000
29395,0.74,201301310000
29396,1.07,201301310000
29397,0.64,201301310000
29398,1.05,201301310000
29399,0.97,201301310000
29401,0.69,201301310000
29402,1.87,201301310000
29403,2.28,201301310000
29405,2.0,201301310000
29409,0.64,201301310000
29425,2.45,201301310000
29429,2.32,201301310000
29495,1.39,201301310000
29498,1.44,201301310000
29533,1.97,201301310000
29556,1.05,201301310000
29638,2.56,201301310000
29639,1.03,201301310000
29640,0.96,201301310000
29641,1.39,201301310000
29642,1.89,201301310000
29643,2.68,201301310000
29644,2.89,201301310000
29645,2.7,201301310000
29648,1.54,201301310000
29649,2.43,201301310000
29650,2.36,201301310000
29654,1.71,201301310000
29663,2.53,201301310000
29670,2.44,201301310000
29710,2.01,201301310000
29730,2.32,201301310000
29733,0.72,201301310000
29736,2.7,201301310000
29766,1.9,201301310000
29891,0.56,201301310000
29892,1.14,201301310000
29893,0.77,201301310000
29894,0.79,201301310000
29895,0.67,201301310000
29896,2.23,201301310000
29897,0.73,201301310000
29898,2.86,201301310000
29900,2.86,201301310000
29903,0.77,201301310000
29906,1.93,201301310000
29909,2.67,201301310000
29912,1.83,201301310000
29917,2.3,201301310000
29925,2.81,201301310000
29966,2.47,201301310000
30021,2.31,201301310000
30026,2.24,201301310000
30036,2.88,201301310000
30142,0.83,201301310000
30143,0.83,201301310000
30144,2.48,201301310000
30145,0.54,201301310000
30146,1.47,201301310000
30147,0.54,201301310000
30148,2.05,201301310000
30152,0.68,201301310000
30154,1.44,201301310000
30157,1.89,201301310000
30158,1.49,201301310000
30181,2.97,201301310000
30242,2.04,201301310000
30243,1.02,201301310000
30244,1.39,201301310000
30261,2.59,201301310000
30300,1.02,201301310000
30322,2.68,201301310000
30393,1.04,201301310000
30394,1.77,201301310000
30395,1.77,201301310000
30396,2.72,201301310000
30397,1.16,201301310000
30398,1.93,201301310000
30400,2.77,201301310000
30401,0.91,201301310000
30403,2.41,201301310000
30407,1.5,201301310000
30410,2.72,201301310000
30420,2.69,201301310000
30430,1.75,201301310000
30434,1.03,201301310000
30439,1.17,201301310000
30481,2.89,201301310000
30489,1.58,201301310000
30494,1.87,201301310000
30495,1.02,201301310000
30496,2.94,201301310000
30645,2.72,201301310000
30646,0.77,201301310000
30647,0.6,201301310000
30648,0.52,201301310000
30649,2.46,201301310000
30650,0.54,201301310000
30651,2.44,201301310000
30652,0.83,201301310000
30653,2.71,201301310000
30654,0.73,201301310000
30661,0.64,201301310000
30664,0.96,201301310000
30666,0.56,201301310000
30669,2.4,201301310000
30673,2.0,201301310000
30683,1.36,201301310000
30745,0.78,201301310000
30750,0.58,201301310000
30777,2.47,201301310000
30780,2.9,201301310000
30812,1.95,201301310000
30897,2.06,201301310000
30898,1.48,201301310000
30899,1.88,201301310000
30900,2.48,201301310000
30901,2.81,201301310000
30902,2.21,201301310000
30903,0.66,201301310000
30904,0.62,201301310000
30908,0.6,201301310000
30909,1.24,201301310000
30912,1.64,201301310000
30913,1.44,201301310000
30928,1.65,201301310000
30953,2.73,201301310000
30979,0.65,201301310000
30994,1.59,201301310000
30995,1.88,201301310000
31027,2.05,201301310000
31028,1.8,201301310000
31029,2.23,201301310000
31082,0.81,201301310000
31148,2.51,201301310000
31149,1.82,201301310000
31150,2.42,201301310000
31151,2.97,201301310000
31152,2.94,201301310000
31156,2.85,201301310000
31157,1.44,201301310000
31161,2.8,201301310000
31166,1.91,201301310000
31172,2.14,201301310000
31274,1.74,201301310000
31281,2.14,201301310000
31369,0.61,201301310000
31398,2.76,201301310000
31401,2.37,201301310000
31407,0.89,201301310000
31408,1.2,201301310000
31409,0.88,201301310000
31410,2.74,201301310000
31413,0.54,201301310000
31419,1.89,201301310000
31427,2.04,201301310000
31457,1.67,201301310000
31466,1.48,201301310000
31651,1.31,201301310000
31652,2.57,201301310000
31656,1.55,201301310000
31660,1.86,201301310000
31663,0.73,201301310000
31666,2.4,201301310000
31675,2.86,201301310000
31738,1.05,201301310000
31754,2.35,201301310000
31782,0.79,201301310000
31903,2.07,201301310000
31904,0.81,201301310000
31905,2.18,201301310000
31906,2.29,201301310000
31908,2.75,201301310000
31912,1.91,201301310000
31921,0.95,201301310000
31928,2.94,201301310000
31949,1.11,201301310000
32028,2.35,201301310000
32032,2.76,201301310000
32045,1.63,201301310000
32150,1.19,201301310000
32155,1.36,201301310000
32157,0.93,201301310000
32161,0.66,201301310000
32162,1.16,201301310000
32167,1.01,201301310000
32169,1.93,201301310000
32175,1.31,201301310000
32182,2.6,201301310000
32185,1.61,201301310000
32195,1.59,201301310000
32235,2.68,201301310000
32404,1.86,201301310000
32405,1.83,201301310000
32410,2.03,201301310000
32411,1.43,201301310000
32415,2.9,201301310000
32449,2.34,201301310000
32490,2.54,201301310000
32558,2.99,201301310000
32622,0.9,201301310000
32656,2.85,201301310000
32658,2.58,201301310000
32660,1.92,201301310000
32662,2.55,201301310000
32668,2.41,201301310000
32682,1.95,201301310000
32697,2.17,201301310000
32712,2.88,201301310000
32729,0.71,201301310000
32739,1.94,201301310000
32742,2.92,201301310000
32744,0.85,201301310000
32802,2.01,201301310000
32834,1.02,201301310000
32905,2.31,201301310000
32907,1.8,201301310000
32912,1.51,201301310000
32916,1.06,201301310000
32922,0.84,201301310000
32924,1.21,201301310000
32926,1.53,201301310000
32929,2.37,201301310000
32977,2.04,201301310000
32978,1.2,201301310000
33154,2.99,201301310000
33158,2.94,201301310000
33160,0.84,201301310000
33165,2.51,201301310000
33170,1.18,201301310000
33186,2.83,201301310000
33286,2.15,201301310000
33405,2.51,201301310000
33409,0.79,201301310000
33412,2.98,201301310000
33418,2.77,201301310000
33420,0.57,201301310000
33424,1.21,201301310000
33435,1.88,201301310000
33442,2.63,201301310000
33519,1.96,201301310000
33594,0.5,201301310000
33656,2.57,201301310000
33659,2.03,201301310000
33662,0.56,201301310000
33664,1.16,201301310000
33666,0.66,201301310000
33669,1.02,201301310000
33673,2.38,201301310000
33675,2.93,201301310000
33694,0.94,201301310000
33724,2.03,201301310000
33742,0.88,201301310000
33812,2.47,201301310000
33909,0.51,201301310000
33911,2.78,201301310000
33912,2.12,201301310000
33913,2.18,201301310000
33922,1.9,201301310000
33923,1.21,201301310000
33924,0.91,201301310000
33931,2.52,201301310000
33935,1.26,201301310000
33986,1.32,201301310000
34013,0.82,201301310000
34160,1.34,201301310000
34161,1.58,201301310000
34162,2.08,201301310000
34163,1.24,201301310000
34167,2.0,201301310000
34190,2.89,201301310000
34211,0.92,201301310000
34303,1.51,201301310000
34380,1.09,201301310000
34407,2.28,201301310000
34413,1.58,201301310000
34423,0.67,201301310000
34424,1.1,201301310000
34427,2.54,201301310000
34430,0.8,201301310000
34437,0.58,201301310000
34440,0.77,201301310000
34486,2.08,201301310000
34495,2.29,201301310000
34510,2.83,201301310000
34520,2.28,201301310000
34528,2.09,201301310000
34563,0.65,201301310000
34662,0.51,201301310000
34667,2.63,201301310000
34668,1.02,201301310000
34670,1.7,201301310000
34672,2.81,201301310000
34673,0.78,201301310000
34676,0.63,201301310000
34679,1.14,201301310000
34682,1.52,201301310000
34695,2.87,201301310000
34710,1.87,201301310000
34714,2.64,201301310000
34720,1.33,201301310000
34882,1.42,201301310000
34913,2.67,201301310000
34914,1.29,201301310000
34915,1.06,201301310000
34924,0.66,201301310000
34925,2.99,201301310000
34934,1.29,201301310000
34939,1.31,201301310000
34959,2.57,201301310000
34990,1.05,201301310000
35102,1.5,201301310000
35164,2.96,201301310000
35166,2.04,201301310000
35173,2.4,201301310000
35178,2.29,201301310000
35183,0.55,201301310000
35185,1.27,201301310000
35187,2.37,201301310000
35193,2.73,201301310000
35203,0.81,201301310000
35218,2.14,201301310000
35237,1.87,201301310000
35244,0.78,201301310000
35249,1.01,201301310000
35295,2.03,201301310000
35368,2.12,201301310000
35410,2.6,201301310000
35414,2.14,201301310000
35415,2.04,201301310000
35417,0.53,201301310000
35421,1.47,201301310000
35440,1.55,201301310000
35455,2.51,201301310000
35492,2.28,201301310000
35515,1.03,201301310000
35665,2.95,201301310000
35675,2.32,201301310000
35683,1.82,201301310000
35686,2.31,201301310000
35700,0.73,201301310000
35745,2.3,201301310000
35755,1.07,201301310000
35769,1.06,201301310000
35916,1.04,201301310000
35917,2.9,201301310000
35918,1.18,201301310000
35919,0.6,201301310000
35921,1.45,201301310000
35929,0.77,201301310000
35931,1.55,201301310000
35941,1.8,201301310000
35944,1.73,201301310000
35971,1.41,201301310000
35981,1.98,201301310000
35992,2.19,201301310000
35994,2.4,201301310000
36067,1.54,201301310000
36162,1.45,201301310000
36167,1.82,201301310000
36169,2.02,201301310000
36170,0.69,201301310000
36173,1.77,201301310000
36176,1.24,201301310000
36177,0.79,201301310000
36205,0.59,201301310000
36237,0.5,201301310000
36245,2.37,201301310000
36246,0.88,201301310000
36293,2.88,201301310000
36311,0.86,201301310000
36417,1.35,201301310000
36420,1.42,201301310000
36421,1.39,201301310000
36441,1.73,201301310000
36448,2.28,201301310000
36494,2.35,201301310000
36498,0.5,201301310000
36502,2.13,201301310000
36510,0.52,201301310000
36513,2.41,201301310000
36519,1.58,201301310000
36524,1.66,201301310000
36576,2.0,201301310000
36668,2.83,201301310000
36673,1.74,201301310000
36675,1.65,201301310000
36677,2.73,201301310000
36679,1.13,201301310000
36682,1.04,201301310000
36688,2.55,201301310000
36690,1.04,201301310000
36711,2.96,201301310000
36717,2.99,201301310000
36758,1.01,201301310000
36889,0.56,201301310000
36915,1.81,201301310000
36918,1.17,201301310000
36933,2.49,201301310000
36934,2.53,201301310000
36953,0.71,201301310000
36959,2.51,201301310000
36996,2.51,201301310000
36999,1.07,201301310000
37001,0.8,201301310000
37167,1.17,201301310000
37168,1.94,201301310000
37169,1.82,201301310000
37172,2.66,201301310000
37176,2.83,201301310000
37178,1.83,201301310000
37179,2.54,201301310000
37182,2.57,201301310000
37192,0.67,201301310000
37200,2.8,201301310000
37206,0.85,201301310000
37232,1.46,201301310000
37239,1.75,201301310000
37270,2.32,201301310000
37298,2.94,201301310000
37304,2.67,201301310000
37419,1.28,201301310000
37421,1.98,201301310000
37423,2.4,201301310000
37425,1.82,201301310000
37446,1.36,201301310000
37454,2.49,201301310000
37477,1.34,201301310000
37487,1.96,201301310000
37501,2.75,201301310000
37503,1.68,201301310000
37513,1.85,201301310000
37523,2.14,201301310000
37562,1.1,201301310000
37609,1.64,201301310000
37642,0.59,201301310000
37643,2.07,201301310000
37670,1.15,201301310000
37671,0.85,201301310000
37672,2.33,201301310000
37676,1.97,201301310000
37688,1.6,201301310000
37689,0.6,201301310000
37690,0.77,201301310000
37695,0.54,201301310000
37701,2.83,201301310000
37710,1.72,201301310000
37711,0.58,201301310000
37754,2.03,201301310000
37874,2.73,201301310000
37891,2.57,201301310000
37893,2.15,201301310000
37894,0.54,201301310000
37926,2.78,201301310000
37928,1.14,201301310000
37929,2.29,201301310000
37932,2.99,201301310000
37936,1.97,201301310000
37943,1.45,201301310000
37952,1.44,201301310000
37962,1.8,201301310000
37968,2.71,201301310000
38003,0.96,201301310000
38060,1.06,201301310000
38145,2.48,201301310000
38172,0.68,201301310000
38173,1.97,201301310000
38178,2.8,201301310000
38200,1.28,201301310000
38204,1.07,201301310000
38209,2.97,201301310000
38215,1.21,201301310000
38220,1.73,201301310000
38225,1.27,201301310000
38228,1.95,201301310000
38230,0.58,201301310000
38243,0.77,201301310000
38247,1.76,201301310000
38255,1.18,201301310000
38263,2.45,201301310000
38268,0.61,201301310000
38272,2.35,201301310000
38367,0.81,201301310000
38381,1.26,201301310000
38423,0.54,201301310000
38425,2.76,201301310000
38426,2.97,201301310000
38431,1.37,201301310000
38440,1.7,201301310000
38479,1.31,201301310000
38481,0.72,201301310000
38483,0.57,201301310000
38488,0.8,201301310000
38490,1.15,201301310000
38498,2.04,201301310000
38499,2.84,201301310000
38500,2.56,201301310000
38505,1.72,201301310000
38506,1.41,201301310000
38508,2.84,201301310000
38517,1.13,201301310000
38534,2.04,201301310000
38648,1.23,201301310000
38674,2.68,201301310000
38676,2.15,201301310000
38679,0.54,201301310000
38684,1.71,201301310000
38693,2.65,201301310000
38697,2.55,201301310000
38716,1.17,201301310000
38722,2.35,201301310000
38736,2.37,201301310000
38738,2.9,201301310000
38752,1.86,201301310000
38753,2.9,201301310000
38758,1.74,201301310000
38760,0.94,201301310000
38761,1.6,201301310000
38762,2.82,201301310000
38766,2.53,201301310000
38769,2.13,201301310000
38778,2.57,201301310000
38812,2.65,201301310000
38939,1.14,201301310000
38953,2.54,201301310000
38958,2.81,201301310000
38967,2.69,201301310000
39006,0.68,201301310000
39008,2.21,201301310000
39010,1.37,201301310000
39011,1.3,201301310000
39017,2.06,201301310000
39113,2.2,201301310000
39148,1.76,201301310000
39149,2.54,201301310000
39176,2.68,201301310000
39178,2.98,201301310000
39191,0.54,201301310000
39201,1.21,201301310000
39230,2.25,201301310000
39236,1.2,201301310000
39246,1.42,201301310000
39252,2.77,201301310000
39255,1.51,201301310000
39260,1.67,201301310000
39262,2.23,201301310000
39263,1.0,201301310000
39268,0.68,201301310000
39269,1.51,201301310000
39271,1.04,201301310000
39274,1.01,201301310000
39275,2.89,201301310000
39375,0.94,201301310000
39391,1.07,201301310000
39427,2.66,201301310000
39428,2.46,201301310000
39430,1.91,201301310000
39433,1.93,201301310000
39446,1.61,201301310000
39457,2.28,201301310000
39514,2.54,201301310000
39515,0.65,201301310000
39516,1.77,201301310000
39517,0.9,201301310000
39535,2.45,201301310000
39554,2.71,201301310000
39559,1.41,201301310000
39631,1.55,201301310000
39632,0.92,201301310000
39633,2.12,201301310000
39652,1.02,201301310000
39683,2.69,201301310000
39687,2.04,201301310000
39706,2.74,201301310000
39710,2.52,201301310000
39722,2.57,201301310000
39731,1.83,201301310000
39750,1.58,201301310000
39755,1.23,201301310000
39759,0.75,201301310000
39762,1.21,201301310000
39764,1.24,201301310000
39765,0.52,201301310000
39766,0.96,201301310000
39767,2.54,201301310000
39769,0.8,201301310000
39772,0.63,201301310000
39776,1.52,201301310000
39777,2.43,201301310000
39790,2.85,201301310000
39791,1.27,201301310000
39796,2.03,201301310000
39832,1.6,201301310000
39883,2.99,201301310000
39930,1.63,201301310000
39932,1.12,201301310000
39941,1.54,201301310000
39948,0.98,201301310000
39969,1.17,201301310000
40018,2.03,201301310000
40031,1.2,201301310000
40133,2.35,201301310000
40180,1.74,201301310000
40188,2.86,201301310000
40196,1.41,201301310000
40242,1.84,201301310000
40246,1.15,201301310000
40259,2.5,201301310000
40264,2.37,201301310000
40267,2.23,201301310000
40268,2.83,201301310000
40270,1.64,201301310000
40276,1.41,201301310000
40286,2.26,201301310000
40295,2.15,201301310000
40431,2.51,201301310000
40432,2.02,201301310000
40442,2.55,201301310000
40447,2.08,201301310000
40448,1.69,201301310000
40451,1.02,201301310000
40457,1.53,201301310000
40500,2.92,201301310000
40512,0.75,201301310000
40518,0.65,201301310000
40519,0.61,201301310000
40522,2.56,201301310000
40524,2.73,201301310000
40525,2.69,201301310000
40532,1.62,201301310000
40560,0.7,201301310000
40566,0.52,201301310000
40633,0.9,201301310000
40687,2.82,201301310000
40713,1.91,201301310000
40719,1.67,201301310000
40732,3.0,201301310000
40733,1.73,201301310000
40766,1.65,201301310000
40810,1.26,201301310000
40894,1.11,201301310000
40933,0.71,201301310000
40936,2.6,201301310000
40939,1.94,201301310000
40954,1.18,201301310000
40982,1.92,201301310000
41021,1.98,201301310000
41024,1.09,201301310000
41061,1.15,201301310000
41145,0.99,201301310000
41157,2.45,201301310000
41183,0.85,201301310000
41200,1.02,201301310000
41262,1.51,201301310000
41265,0.95,201301310000
41270,2.68,201301310000
41277,0.74,201301310000
41318,1.43,201301310000
41401,2.66,201301310000
41407,1.8,201301310000
41437,2.25,201301310000
41459,2.27,201301310000
41465,1.6,201301310000
41469,2.96,201301310000
41508,2.51,201301310000
41520,1.46,201301310000
41522,1.53,201301310000
41526,0.62,201301310000
41532,1.09,201301310000
41558,1.68,201301310000
41635,1.71,201301310000
41653,2.1,201301310000
41658,1.6,201301310000
41692,2.75,201301310000
41696,1.25,201301310000
41764,1.07,201301310000
41772,0.88,201301310000
41893,2.35,201301310000
41904,2.48,201301310000
41905,1.61,201301310000
41936,2.38,201301310000
41941,2.06,201301310000
41958,0.65,201301310000
41990,2.15,201301310000
42023,2.48,201301310000
42026,1.64,201301310000
42029,0.56,201301310000
42074,2.97,201301310000
42085,1.5,201301310000
42095,2.07,201301310000
42147,0.57,201301310000
42160,1.98,201301310000
42200,1.81,201301310000
42213,1.88,201301310000
42267,1.1,201301310000
42271,0.77,201301310000
42274,2.4,201301310000
42283,1.41,201301310000
42291,2.83,201301310000
42342,2.85,201301310000
42411,2.4,201301310000
42438,2.55,201301310000
42454,2.79,201301310000
42471,1.94,201301310000
42478,1.84,201301310000
42487,2.24,201301310000
42503,1.85,201301310000
42514,1.45,201301310000
42521,0.78,201301310000
42533,2.65,201301310000
42644,0.73,201301310000
42661,2.34,201301310000
42695,2.04,201301310000
42744,2.35,201301310000
42750,2.55,201301310000
42846,2.33,201301310000
42905,1.05,201301310000
42912,0.65,201301310000
42939,2.93,201301310000
42940,2.06,201301310000
42944,1.37,201301310000
42949,0.61,201301310000
43011,1.49,201301310000
43021,0.52,201301310000
43030,2.54,201301310000
43151,1.81,201301310000
43160,0.69,201301310000
43162,0.7,201301310000
43213,0.51,201301310000
43220,2.66,201301310000
43261,1.94,201301310000
43412,0.78,201301310000
43413,0.81,201301310000
43440,2.77,201301310000
43443,1.85,201301310000
43449,1.93,201301310000
43483,1.79,201301310000
43484,2.59,201301310000
43494,1.36,201301310000
43518,1.1,201301310000
43523,1.24,201301310000
43526,2.86,201301310000
43530,1.54,201301310000
43571,2.61,201301310000
43642,1.77,201301310000
43662,2.48,201301310000
43738,1.59,201301310000
43760,0.89,201301310000
43779,1.33,201301310000
43914,1.44,201301310000
43957,2.73,201301310000
43980,2.61,201301310000
43984,2.15,201301310000
43992,2.31,201301310000
43995,2.36,201301310000
44002,2.81,201301310000
44039,2.99,201301310000
44194,0.78,201301310000
44197,1.78,201301310000
44204,1.61,201301310000
44215,1.35,201301310000
44226,2.66,201301310000
44247,0.66,201301310000
44255,1.42,201301310000
44282,1.02,201301310000
44284,1.77,201301310000
44356,2.79,201301310000
44470,0.8,201301310000
44486,0.95,201301310000
44503,0.68,201301310000
44504,2.61,201301310000
44510,2.22,201301310000
44517,0.99,201301310000
44534,0.96,201301310000
44578,2.62,201301310000
44666,0.73,201301310000
44694,1.87,201301310000
44697,1.23,201301310000
44716,0.76,201301310000
44724,2.68,201301310000
44743,0.75,201301310000
44755,2.29,201301310000
44756,2.51,201301310000
44757,2.81,201301310000
44758,2.26,201301310000
44786,2.23,201301310000
44787,1.99,201301310000
44911,0.94,201301310000
44963,2.7,201301310000
45005,0.64,201301310000
45006,0.88,201301310000
45007,1.03,201301310000
45008,0.95,201301310000
45039,1.77,201301310000
45114,2.4,201301310000
45168,2.45,201301310000
45200,2.81,201301310000
45203,0.91,201301310000
45208,1.79,201301310000
45237,1.93,201301310000
45254,0.95,201301310000
45256,2.81,201301310000
45258,0.76,201301310000
45261,1.8,201301310000
45265,2.67,201301310000
45266,2.72,201301310000
45401,2.16,201301310000
45479,1.92,201301310000
45502,1.55,201301310000
45507,0.78,201301310000
45509,0.55,201301310000
45526,1.36,201301310000
45538,0.79,201301310000
45582,2.98,201301310000
45661,1.32,201301310000
45701,0.79,201301310000
45703,1.38,201301310000
45716,1.51,201301310000
45720,0.73,201301310000
45725,1.79,201301310000
45735,1.27,201301310000
45747,1.9,201301310000
45766,1.47,201301310000
45793,1.44,201301310000
45795,1.62,201301310000
45919,1.36,201301310000
45948,1.47,201301310000
46008,2.27,201301310000
46036,2.67,201301310000
46041,1.67,201301310000
46052,1.68,201301310000
46074,2.69,201301310000
46145,2.61,201301310000
46202,0.6,201301310000
46209,2.94,201301310000
46242,1.36,201301310000
46265,2.68,201301310000
46372,2.99,201301310000
46384,1.37,201301310000
46455,0.51,201301310000
46508,1.97,201301310000
46523,0.55,201301310000
46538,2.88,201301310000
46565,1.18,201301310000
46574,2.43,201301310000
46626,2.51,201301310000
46700,1.65,201301310000
46738,1.23,201301310000
46770,1.21,201301310000
46778,2.89,201301310000
46787,1.51,201301310000
46803,0.67,201301310000
46954,0.53,201301310000
46964,2.47,201301310000
46972,0.93,201301310000
46976,2.93,201301310000
46981,2.93,201301310000
47011,0.88,201301310000
47015,1.26,201301310000
47047,0.7,201301310000
47253,0.63,201301310000
47288,1.01,201301310000
47295,2.69,201301310000
47342,2.07,201301310000
47454,0.67,201301310000
47535,1.65,201301310000
47543,1.84,201301310000
47705,2.19,201301310000
47709,2.98,201301310000
47711,2.74,201301310000
47758,1.18,201301310000
47806,1.68,201301310000
47889,2.96,201301310000
47926,1.22,201301310000
47968,1.88,201301310000
47972,1.31,201301310000
47977,2.92,201301310000
47982,1.27,201301310000
48032,1.22,201301310000
48209,0.66,201301310000
48239,2.98,201301310000
48244,2.01,201301310000
48278,2.12,201301310000
48420,1.88,201301310000
48427,2.26,201301310000
48499,1.89,201301310000
48503,2.11,201301310000
48552,2.95,201301310000
48584,1.22,201301310000
48713,0.89,201301310000
48759,1.38,201301310000
48848,2.81,201301310000
48898,2.87,201301310000
49017,2.43,201301310000
49049,0.56,201301310000
49229,1.17,201301310000
49241,2.47,201301310000
49472,1.77,201301310000
49483,0.56,201301310000
49542,2.73,201301310000
49555,1.98,201301310000
49679,2.0,201301310000
49750,2.11,201301310000
49760,1.16,201301310000
49777,2.2,201301310000
49968,0.94,201301310000
50053,2.63,201301310000
50103,2.37,201301310000
50180,0.63,201301310000
50285,2.98,201301310000
50430,2.92,201301310000
50470,2.88,201301310000
50494,2.07,201301310000
50511,1.71,201301310000
50549,2.28,201301310000
50680,2.91,201301310000
50682,2.39,201301310000
50731,2.89,201301310000
50812,1.58,201301310000
50872,1.26,201301310000
51029,2.09,201301310000
51046,1.51,201301310000
51053,2.6,201301310000
51056,2.55,201301310000
51162,2.56,201301310000
51177,0.74,201301310000
51182,2.06,201301310000
51228,0.69,201301310000
51258,3.0,201301310000
51430,2.56,201301310000
51431,2.12,201301310000
51432,2.91,201301310000
51520,2.63,201301310000
51681,2.21,201301310000
51682,2.37,201301310000
51725,1.13,201301310000
51790,1.89,201301310000
51832,1.2,201301310000
51857,1.63,201301310000
51931,2.37,201301310000
51932,1.58,201301310000
51986,0.71,201301310000
52003,0.9,201301310000
52182,0.58,201301310000
52244,1.57,201301310000
52259,1.36,201301310000
52280,2.89,201301310000
52319,2.54,201301310000
52473,1.84,201301310000
52518,1.07,201301310000
52631,2.5,201301310000
52679,2.48,201301310000
52729,0.84,201301310000
52811,1.02,201301310000
52983,1.05,201301310000
52988,0.87,201301310000
52993,1.75,201301310000
53000,0.57,201301310000
53016,0.56,201301310000
53027,1.78,201301310000
53072,1.59,201301310000
53090,1.37,201301310000
53177,1.55,201301310000
53178,1.76,201301310000
53381,1.07,201301310000
53427,1.96,201301310000
53429,0.51,201301310000
53761,1.93,201301310000
53774,2.63,201301310000
53797,1.16,201301310000
53810,2.98,201301310000
53822,0.57,201301310000
53864,1.75,201301310000
53927,0.54,201301310000
54038,0.71,201301310000
54071,0.75,201301310000
54234,0.92,201301310000
54281,0.72,201301310000
54284,1.14,201301310000
54327,0.94,201301310000
54334,0.69,201301310000
54349,1.19,201301310000
54427,1.39,201301310000
54503,2.43,201301310000
54510,0.77,201301310000
54520,2.11,201301310000
54550,0.53,201301310000
54578,2.4,201301310000
54678,0.57,201301310000
54828,2.59,201301310000
54983,1.16,201301310000
54996,2.17,201301310000
55070,2.55,201301310000
55329,2.92,201301310000
55331,2.1,201301310000
55535,1.39,201301310000
55633,1.45,201301310000
55680,1.94,201301310000
55761,1.06,201301310000
55831,2.79,201301310000
55832,2.52,201301310000
55838,0.93,201301310000
55845,2.99,201301310000
56106,1.39,201301310000
56493,1.4,201301310000
56571,1.35,201301310000
56586,1.0,201301310000
56587,2.82,201301310000
56591,1.83,201301310000
56738,2.4,201301310000
56835,0.79,201301310000
56882,1.46,201301310000
56887,1.71,201301310000
56888,0.83,201301310000
56933,2.08,201301310000
56934,1.26,201301310000
57042,1.8,201301310000
57062,2.3,201301310000
57189,1.25,201301310000
57261,0.69,201301310000
57329,2.58,201301310000
57342,1.9,201301310000
57376,1.72,201301310000
57378,2.89,201301310000
57380,2.43,201301310000
57397,1.91,201301310000
57440,1.49,201301310000
57495,1.14,201301310000
57523,0.79,201301310000
57555,2.44,201301310000
57597,1.76,201301310000
57613,2.14,201301310000
57615,1.35,201301310000
57628,1.79,201301310000
57631,2.87,201301310000
57823,1.16,201301310000
57837,1.42,201301310000
57851,1.9,201301310000
57852,0.87,201301310000
57906,1.12,201301310000
58179,0.95,201301310000
58251,1.87,201301310000
58421,2.45,201301310000
58511,1.54,201301310000
58632,2.1,201301310000
58744,1.85,201301310000
58802,2.55,201301310000
58814,2.36,201301310000
58879,2.35,201301310000
58892,2.08,201301310000
59010,1.18,201301310000
59043,2.4,201301310000
59104,2.17,201301310000
59125,2.78,201301310000
59134,1.72,201301310000
59285,1.71,201301310000
59329,0.54,201301310000
59555,1.42,201301310000
59635,1.91,201301310000
59745,1.56,201301310000
59927,1.29,201301310000
59941,2.64,201301310000
60008,1.24,201301310000
60011,1.62,201301310000
60114,2.15,201301310000
60141,1.08,201301310000
60147,1.73,201301310000
60331,1.4,201301310000
60344,1.05,201301310000
60350,0.57,201301310000
60578,2.51,201301310000
60593,1.52,201301310000
60613,2.39,201301310000
60630,1.64,201301310000
60635,2.59,201301310000
60649,2.81,201301310000
60750,1.98,201301310000
60774,2.82,201301310000
60819,1.87,201301310000
60880,1.89,201301310000
60888,0.82,201301310000
61062,0.72,201301310000
61110,1.48,201301310000
61263,0.82,201301310000
61343,1.65,201301310000
61591,1.99,201301310000
61597,2.51,201301310000
61654,1.24,201301310000
61818,2.46,201301310000
62077,1.84,201301310000
62104,2.14,201301310000
62135,1.09,201301310000
62140,1.38,201301310000
62252,1.3,201301310000
62558,2.19,201301310000
62589,2.43,201301310000
62757,0.98,201301310000
62772,1.99,201301310000
62850,1.17,201301310000
62926,1.38,201301310000
62948,2.15,201301310000
63044,2.0,201301310000
63153,1.38,201301310000
63383,0.66,201301310000
63397,0.65,201301310000
63398,1.12,201301310000
63407,2.71,201301310000
63574,2.53,201301310000
63586,1.53,201301310000
63816,2.88,201301310000
64102,0.62,201301310000
64150,1.26,201301310000
64200,1.83,201301310000
64515,0.89,201301310000
64529,2.19,201301310000
64573,2.63,201301310000
64581,1.31,201301310000
64815,2.11,201301310000
64915,2.76,201301310000
65059,0.98,201301310000
65144,2.38,201301310000
65320,1.92,201301310000
65375,1.72,201301310000
65454,2.89,201301310000
65528,1.68,201301310000
65607,2.83,201301310000
65774,1.74,201301310000
65838,2.46,201301310000
66068,2.25,201301310000
66084,1.31,201301310000
66151,2.21,201301310000
66353,1.35,201301310000
66538,0.91,201301310000
66575,2.31,201301310000
66637,2.47,201301310000
66827,2.43,201301310000
66870,2.51,201301310000
67110,1.68,201301310000
67207,1.46,201301310000
67335,0.67,201301310000
67385,2.43,201301310000
67599,2.7,201301310000
67601,1.07,201301310000
67602,0.57,201301310000
67698,0.68,201301310000
67824,2.03,201301310000
67842,2.48,201301310000
67854,2.7,201301310000
67855,1.03,201301310000
67918,1.62,201301310000
68103,0.71,201301310000
68104,2.46,201301310000
68110,2.89,201301310000
68111,2.37,201301310000
68349,2.07,201301310000
68354,1.57,201301310000
68356,2.71,201301310000
68454,1.1,201301310000
68455,0.52,201301310000
68587,2.05,201301310000
68857,1.18,201301310000
68858,2.11,201301310000
68897,0.64,201301310000
68924,0.57,201301310000
68930,1.95,201301310000
69106,2.59,201301310000
69190,2.66,201301310000
69206,1.74,201301310000
69359,2.03,201301310000
69371,0.76,201301310000
69455,0.83,201301310000
69582,1.28,201301310000
69613,1.31,201301310000
69676,2.33,201301310000
70115,2.18,201301310000
70132,2.63,201301310000
70181,2.17,201301310000
70342,2.99,201301310000
70352,2.36,201301310000
70360,1.94,201301310000
70374,2.38,201301310000
70440,2.89,201301310000
70462,0.52,201301310000
70619,2.31,201301310000
70659,1.46,201301310000
70715,2.4,201301310000
70903,2.83,201301310000
70934,2.3,201301310000
70961,1.37,201301310000
71122,2.85,201301310000
71187,0.62,201301310000
71399,2.0,201301310000
71601,2.64,201301310000
71629,2.2,201301310000
71888,1.41,201301310000
71961,1.29,201301310000
71964,2.05,201301310000
72201,1.77,201301310000
72218,2.91,201301310000
72345,1.35,201301310000
72367,2.42,201301310000
72407,1.88,201301310000
72416,1.12,201301310000
72706,2.02,201301310000
72894,2.2,201301310000
73104,1.55,201301310000
73135,1.56,201301310000
73211,1.4,201301310000
73223,2.92,201301310000
73451,2.29,201301310000
73460,1.47,201301310000
73461,1.91,201301310000
73557,1.07,201301310000
73669,1.21,201301310000
74158,0.6,201301310000
74216,2.33,201301310000
74388,1.43,201301310000
74396,0.81,201301310000
74466,2.12,201301310000
74467,1.65,201301310000
74638,0.77,201301310000
74677,1.12,201301310000
74678,2.47,201301310000
74711,0.52,201301310000
74721,2.1,201301310000
74962,1.31,201301310000
74968,0.74,201301310000
74973,1.2,201301310000
75224,2.45,201301310000
75329,1.85,201301310000
75386,1.64,201301310000
75424,0.57,201301310000
75436,2.29,201301310000
75475,2.27,201301310000
75619,1.08,201301310000
75721,1.73,201301310000
75722,0.78,201301310000
75724,1.96,201301310000
75725,2.59,201301310000
75726,2.35,201301310000
75727,1.78,201301310000
75974,2.84,201301310000
75975,1.91,201301310000
76133,2.73,201301310000
76227,1.0,201301310000
76393,2.08,201301310000
76473,1.26,201301310000
76477,1.9,201301310000
76654,1.0,201301310000
76728,1.39,201301310000
76959,2.62,201301310000
77169,2.51,201301310000
77230,1.75,201301310000
77381,2.53,201301310000
77458,1.64,201301310000
77641,2.66,201301310000
77942,2.16,201301310000
77981,2.37,201301310000
78205,2.93,201301310000
78418,1.4,201301310000
78654,2.59,201301310000
78733,2.36,201301310000
78881,0.92,201301310000
78896,1.68,201301310000
78909,2.13,201301310000
78983,2.46,201301310000
79234,2.91,201301310000
79379,1.93,201301310000
79394,2.12,201301310000
79484,1.74,201301310000
79712,0.75,201301310000
79911,1.75,201301310000
79915,1.71,201301310000
80160,2.2,201301310000
80161,2.53,201301310000
80193,2.37,201301310000
80352,2.91,201301310000
80397,0.54,201301310000
80406,1.19,201301310000
80411,2.58,201301310000
80412,1.34,201301310000
80413,2.95,201301310000
80420,1.62,201301310000
80485,0.71,201301310000
80635,0.68,201301310000
80659,0.91,201301310000
80663,2.05,201301310000
80664,0.94,201301310000
80703,2.76,201301310000
80877,0.62,201301310000
80916,1.58,201301310000
81163,2.55,201301310000
81164,1.52,201301310000
81354,2.37,201301310000
81363,0.71,201301310000
81390,1.39,201301310000
81625,1.08,201301310000
81651,1.21,201301310000
81899,1.56,201301310000
82135,2.17,201301310000
82168,2.38,201301310000
82169,0.82,201301310000
82237,1.33,201301310000
82613,1.56,201301310000
82622,0.72,201301310000
82664,1.67,201301310000
82892,1.05,201301310000
82951,2.19,201301310000
83410,2.36,201301310000
83489,2.94,201301310000
83735,0.77,201301310000
83865,1.54,201301310000
84123,0.91,201301310000
84179,2.96,201301310000
84207,1.97,201301310000
84212,2.58,201301310000
84221,1.74,201301310000
84366,2.26,201301310000
84689,2.34,201301310000
84712,2.35,201301310000
84902,1.45,201301310000
85474,1.11,201301310000
85487,1.96,201301310000
85620,1.38,201301310000
85705,1.63,201301310000
85715,2.44,201301310000
85738,1.76,201301310000
86440,2.21,201301310000
86622,2.67,201301310000
86623,2.57,201301310000
86672,1.75,201301310000
86873,0.73,201301310000
86895,1.16,201301310000
87121,1.54,201301310000
87227,1.03,201301310000
87460,1.43,201301310000
87690,1.91,201301310000
87873,2.77,201301310000
88242,1.15,201301310000
88463,2.44,201301310000
89120,0.59,201301310000
89152,1.51,201301310000
89175,1.21,201301310000
89198,2.2,201301310000
89615,1.52,201301310000
89625,2.08,201301310000
90116,2.26,201301310000
90183,1.11,201301310000
90497,1.76,201301310000
90699,2.04,201301310000
90719,0.63,201301310000
91200,1.18,201301310000
91432,1.07,201301310000
91434,0.66,201301310000
91684,1.75,201301310000
91713,2.07,201301310000
91744,0.76,201301310000
92233,2.3,201301310000
93205,1.04,201301310000
93244,1.06,201301310000
93252,2.5,201301310000
93463,2.92,201301310000
93675,1.14,201301310000
93944,1.95,201301310000
94431,0.72,201301310000
94710,1.48,201301310000
94755,0.91,201301310000
94997,2.09,201301310000
95000,0.52,201301310000
95707,2.96,201301310000
95949,2.71,201301310000
95998,2.52,201301310000
96188,1.67,201301310000
96225,1.44,201301310000
96249,1.79,201301310000
96468,2.85,201301310000
96486,1.23,201301310000
96718,2.74,201301310000
96972,1.66,201301310000
96995,1.95,201301310000
97251,0.51,201301310000
97440,2.01,201301310000
97471,2.54,201301310000
97969,2.29,201301310000
97990,2.96,201301310000
98224,2.34,201301310000
98229,2.35,201301310000
98450,0.95,201301310000
98475,0.87,201301310000
98739,2.91,201301310000
99256,2.48,201301310000
99468,2.07,201301310000
99730,1.98,201301310000
101215,0.86,201301310000
101911,2.67,201301310000
101912,2.03,201301310000
101989,0.52,201301310000
102999,1.4,201301310000
103242,0.62,201301310000
103431,2.43,201301310000
104177,2.84,201301310000
104221,0.6,201301310000
104239,0.84,201301310000
104701,1.49,201301310000
104984,1.17,201301310000
105196,1.37,201301310000
105219,2.6,201301310000
105460,1.9,201301310000
105461,0.99,201301310000
105481,1.1,201301310000
105489,2.36,201301310000
105709,1.39,201301310000
105710,1.95,201301310000
105711,2.58,201301310000
105712,2.66,201301310000
105713,1.08,201301310000
105715,2.45,201301310000
105726,2.95,201301310000
105727,1.14,201301310000
105736,1.25,201301310000
105960,1.71,201301310000
105961,1.84,201301310000
105962,1.53,201301310000
105963,1.41,201301310000
105964,0.54,201301310000
105975,1.87,201301310000
106195,1.25,201301310000
106213,1.2,201301310000
106214,2.21,201301310000
106215,1.21,201301310000
106221,0.61,201301310000
106231,2.59,201301310000
106232,0.97,201301310000
106234,2.52,201301310000
106235,1.7,201301310000
106237,2.47,201301310000
106446,1.99,201301310000
106447,1.79,201301310000
106462,1.17,201301310000
106463,2.16,201301310000
106465,1.55,201301310000
106466,2.36,201301310000
106467,1.48,201301310000
106480,2.89,201301310000
106712,1.03,201301310000
106717,2.55,201301310000
106718,1.67,201301310000
106741,1.32,201301310000
106958,0.67,201301310000
106964,0.98,201301310000
106965,1.63,201301310000
106966,2.99,201301310000
106967,0.79,201301310000
106971,1.72,201301310000
106983,1.9,201301310000
106997,1.97,201301310000
107200,0.55,201301310000
107212,2.57,201301310000
107219,2.76,201301310000
107240,1.96,201301310000
107460,2.74,201301310000
107465,2.87,201301310000
107466,2.02,201301310000
107468,1.36,201301310000
107491,0.85,201301310000
107711,0.81,201301310000
107725,2.07,201301310000
107726,2.52,201301310000
107954,1.14,201301310000
107966,1.22,201301310000
107971,2.06,201301310000
107979,2.81,201301310000
107993,0.93,201301310000
108205,2.61,201301310000
108211,2.95,201301310000
108214,0.6,201301310000
108215,0.63,201301310000
108217,1.73,201301310000
108219,2.15,201301310000
108220,1.5,201301310000
108222,1.6,201301310000
108225,1.62,201301310000
108230,0.88,201301310000
108454,0.5,201301310000
108463,1.78,201301310000
108499,0.85,201301310000
108717,2.97,201301310000
108722,2.23,201301310000
108724,0.57,201301310000
108733,2.97,201301310000
108968,2.91,201301310000
108975,0.78,201301310000
108984,1.23,201301310000
108985,1.49,201301310000
109216,0.9,201301310000
109219,0.63,201301310000
109222,1.21,201301310000
109227,0.76,201301310000
109231,1.79,201301310000
109236,1.2,201301310000
109245,1.67,201301310000
109473,2.82,201301310000
109487,1.11,201301310000
109494,2.3,201301310000
109495,0.72,201301310000
109496,0.78,201301310000
109497,0.73,201301310000
109742,2.86,201301310000
109744,2.15,201301310000
109748,2.86,201301310000
109750,2.36,201301310000
109980,1.0,201301310000
109991,2.15,201301310000
109994,2.94,201301310000
109998,0.7,201301310000
110001,1.45,201301310000
110243,0.95,201301310000
110247,0.71,201301310000
110249,1.75,201301310000
110251,1.92,201301310000
110253,2.31,201301310000
110254,2.33,201301310000
