cell,mobility,dtg
1610,1.36,201301061600
1846,0.76,201301061600
1851,2.31,201301061600
1853,0.51,201301061600
1856,1.16,201301061600
1857,2.34,201301061600
2103,2.52,201301061600
2105,1.85,201301061600
2106,2.28,201301061600
2107,1.29,201301061600
2114,1.21,201301061600
2342,2.27,201301061600
2347,1.75,201301061600
2351,2.93,201301061600
2354,1.37,201301061600
2357,1.81,201301061600
2372,0.86,201301061600
2374,2.6,201301061600
2591,0.86,201301061600
2595,2.18,201301061600
2605,0.53,201301061600
2611,2.54,201301061600
2615,1.96,201301061600
2620,1.48,201301061600
2627,1.53,201301061600
2839,0.98,201301061600
2847,0.6,201301061600
3086,2.12,201301061600
3094,0.73,201301061600
3100,2.1,201301061600
3124,1.62,201301061600
3128,0.79,201301061600
3334,0.74,201301061600
3337,1.19,201301061600
3375,2.05,201301061600
3614,1.64,201301061600
3619,0.69,201301061600
3632,2.09,201301061600
3635,1.38,201301061600
3830,1.7,201301061600
3831,1.49,201301061600
3833,1.84,201301061600
3837,1.57,201301061600
3845,2.06,201301061600
3856,1.53,201301061600
3860,1.5,201301061600
3865,0.9,201301061600
4078,1.43,201301061600
4081,0.83,201301061600
4137,0.59,201301061600
4141,0.92,201301061600
4142,1.75,201301061600
4328,2.41,201301061600
4329,1.16,201301061600
4341,2.85,201301061600
4345,1.26,201301061600
4348,2.02,201301061600
4354,1.24,201301061600
4372,2.17,201301061600
4577,0.58,201301061600
4578,0.7,201301061600
4580,1.39,201301061600
4582,1.01,201301061600
4605,1.94,201301061600
4608,2.73,201301061600
4631,0.76,201301061600
4636,1.02,201301061600
4637,1.7,201301061600
4829,1.73,201301061600
4830,1.88,201301061600
4831,2.93,201301061600
4834,1.3,201301061600
4837,1.35,201301061600
4852,1.86,201301061600
4863,1.31,201301061600
4868,1.5,201301061600
4890,0.57,201301061600
4891,1.48,201301061600
5078,1.85,201301061600
5081,0.7,201301061600
5084,0.87,201301061600
5127,1.4,201301061600
5153,0.88,201301061600
5327,1.56,201301061600
5329,2.56,201301061600
5333,2.95,201301061600
5334,0.98,201301061600
5339,2.52,201301061600
5369,2.11,201301061600
5402,0.99,201301061600
5410,1.09,201301061600
5577,0.53,201301061600
5581,2.14,201301061600
5592,1.06,201301061600
5612,2.62,201301061600
5623,1.76,201301061600
5876,2.37,201301061600
5893,0.73,201301061600
5898,2.13,201301061600
6078,2.74,201301061600
6118,1.85,201301061600
6136,1.43,201301061600
6158,1.11,201301061600
6159,1.13,201301061600
6333,2.24,201301061600
6353,2.68,201301061600
6365,1.12,201301061600
6366,1.76,201301061600
6414,2.86,201301061600
6588,2.73,201301061600
6609,0.96,201301061600
6635,0.64,201301061600
6668,1.95,201301061600
6841,1.35,201301061600
6849,0.99,201301061600
6896,2.74,201301061600
6924,0.9,201301061600
6928,2.09,201301061600
6935,2.98,201301061600
6939,2.72,201301061600
7077,1.86,201301061600
7078,1.55,201301061600
7085,1.64,201301061600
7088,0.89,201301061600
7113,0.58,201301061600
7114,0.85,201301061600
7129,0.81,201301061600
7133,1.78,201301061600
7165,2.0,201301061600
7192,0.93,201301061600
7354,0.58,201301061600
7375,0.76,201301061600
7379,2.98,201301061600
7401,0.64,201301061600
7410,2.47,201301061600
7436,1.99,201301061600
7584,0.63,201301061600
7646,1.37,201301061600
7849,1.88,201301061600
7871,2.03,201301061600
7927,1.7,201301061600
7948,2.83,201301061600
8080,1.42,201301061600
8170,2.77,201301061600
8182,1.87,201301061600
8195,2.36,201301061600
8342,1.06,201301061600
8582,1.4,201301061600
8602,1.75,201301061600
8609,2.88,201301061600
8638,2.89,201301061600
8656,1.26,201301061600
8830,1.2,201301061600
8839,2.73,201301061600
8876,1.93,201301061600
8897,1.78,201301061600
8912,0.93,201301061600
8918,2.94,201301061600
8929,2.3,201301061600
8940,1.95,201301061600
8954,0.8,201301061600
9140,2.85,201301061600
9333,0.53,201301061600
9468,1.06,201301061600
9473,1.85,201301061600
9589,2.69,201301061600
9601,1.3,201301061600
9607,2.51,201301061600
9658,1.53,201301061600
9724,0.92,201301061600
9833,1.79,201301061600
10084,2.12,201301061600
10089,2.28,201301061600
10096,2.86,201301061600
10144,2.46,201301061600
10170,1.29,201301061600
10181,1.09,201301061600
10189,2.06,201301061600
10201,2.47,201301061600
10334,0.64,201301061600
10335,0.57,201301061600
10383,1.43,201301061600
10414,0.99,201301061600
10444,1.15,201301061600
10458,2.46,201301061600
10477,2.17,201301061600
10586,2.57,201301061600
10601,0.72,201301061600
10609,1.57,201301061600
10616,2.28,201301061600
10633,0.85,201301061600
10655,1.9,201301061600
10665,1.54,201301061600
10681,2.9,201301061600
10717,1.93,201301061600
10835,1.59,201301061600
10837,1.55,201301061600
10847,1.94,201301061600
10903,1.93,201301061600
10911,0.88,201301061600
10918,2.34,201301061600
10973,2.76,201301061600
11087,2.92,201301061600
11092,2.75,201301061600
11128,2.06,201301061600
11222,2.34,201301061600
11223,0.73,201301061600
11225,2.07,201301061600
11238,1.36,201301061600
11361,2.83,201301061600
11393,0.68,201301061600
11424,2.27,201301061600
11601,2.71,201301061600
11682,2.65,201301061600
11704,0.56,201301061600
11858,0.52,201301061600
11884,1.95,201301061600
11901,0.68,201301061600
11946,2.93,201301061600
11960,1.26,201301061600
11972,1.45,201301061600
12089,2.53,201301061600
12090,2.81,201301061600
12096,0.57,201301061600
12120,2.05,201301061600
12157,2.76,201301061600
12230,0.58,201301061600
12383,2.21,201301061600
12431,2.5,201301061600
12601,2.45,201301061600
12625,1.8,201301061600
12632,0.87,201301061600
12842,1.8,201301061600
12875,2.31,201301061600
12901,1.54,201301061600
12913,0.77,201301061600
12933,2.88,201301061600
12934,2.84,201301061600
12985,2.25,201301061600
13099,1.56,201301061600
13114,1.21,201301061600
13150,1.76,201301061600
13175,2.71,201301061600
13183,2.2,201301061600
13222,2.7,201301061600
13358,2.99,201301061600
13444,1.02,201301061600
13455,1.42,201301061600
13456,2.4,201301061600
13670,2.13,201301061600
13694,2.93,201301061600
13845,2.76,201301061600
13849,1.51,201301061600
14011,1.88,201301061600
14095,2.5,201301061600
14133,2.36,201301061600
14161,2.36,201301061600
14167,0.75,201301061600
14184,1.34,201301061600
14241,0.55,201301061600
14255,1.03,201301061600
14349,0.62,201301061600
14350,2.01,201301061600
14375,1.22,201301061600
14452,2.12,201301061600
14475,2.29,201301061600
14620,1.37,201301061600
14673,0.51,201301061600
14745,2.23,201301061600
14859,0.97,201301061600
14936,2.14,201301061600
14995,2.25,201301061600
15097,2.07,201301061600
15098,1.91,201301061600
15246,1.25,201301061600
15349,2.68,201301061600
15440,1.48,201301061600
15600,1.5,201301061600
15656,2.59,201301061600
15672,2.4,201301061600
15699,1.55,201301061600
15714,2.72,201301061600
15725,1.73,201301061600
15744,1.48,201301061600
15849,2.58,201301061600
15850,0.74,201301061600
15851,1.36,201301061600
15853,2.35,201301061600
15871,1.45,201301061600
16100,2.77,201301061600
16105,0.63,201301061600
16114,2.52,201301061600
16171,1.41,201301061600
16184,2.13,201301061600
16400,0.84,201301061600
16414,2.29,201301061600
16601,2.12,201301061600
16604,1.19,201301061600
16625,0.94,201301061600
16670,2.46,201301061600
16853,2.22,201301061600
16868,1.07,201301061600
16932,1.69,201301061600
17232,2.27,201301061600
17355,2.41,201301061600
17358,2.29,201301061600
17367,1.55,201301061600
17635,2.04,201301061600
17673,2.6,201301061600
17681,2.03,201301061600
17884,2.83,201301061600
17984,1.88,201301061600
18108,1.78,201301061600
18115,1.56,201301061600
18118,0.85,201301061600
18123,2.73,201301061600
18139,1.62,201301061600
18154,2.21,201301061600
18160,2.46,201301061600
18177,1.35,201301061600
18185,1.28,201301061600
18383,2.66,201301061600
18404,0.9,201301061600
18427,2.96,201301061600
18466,2.46,201301061600
18616,2.94,201301061600
18629,2.44,201301061600
18861,1.29,201301061600
18866,2.12,201301061600
18925,2.18,201301061600
19110,1.64,201301061600
19112,1.23,201301061600
19114,1.66,201301061600
19122,0.8,201301061600
19360,1.0,201301061600
19443,2.04,201301061600
19481,2.29,201301061600
19611,1.98,201301061600
19612,1.11,201301061600
19618,1.3,201301061600
19633,0.76,201301061600
19678,1.27,201301061600
19878,2.72,201301061600
19913,1.46,201301061600
20113,0.53,201301061600
20114,2.06,201301061600
20116,0.57,201301061600
20170,0.69,201301061600
20363,2.53,201301061600
20387,1.28,201301061600
20396,1.48,201301061600
20436,0.65,201301061600
20616,1.84,201301061600
20621,1.28,201301061600
20628,2.91,201301061600
20651,2.38,201301061600
20671,0.54,201301061600
20682,2.4,201301061600
20864,1.23,201301061600
20882,2.68,201301061600
20931,1.47,201301061600
20995,2.97,201301061600
21115,0.91,201301061600
21118,2.37,201301061600
21201,1.02,201301061600
21373,1.16,201301061600
21377,2.37,201301061600
21392,2.58,201301061600
21407,1.14,201301061600
21428,1.08,201301061600
21448,0.52,201301061600
21617,1.0,201301061600
21619,1.0,201301061600
21639,1.6,201301061600
21658,1.37,201301061600
21663,1.69,201301061600
21701,1.56,201301061600
21721,2.24,201301061600
21868,1.1,201301061600
21871,2.93,201301061600
21999,1.63,201301061600
22126,2.66,201301061600
22133,0.6,201301061600
22174,2.95,201301061600
22176,2.43,201301061600
22205,2.74,201301061600
22368,1.25,201301061600
22395,2.46,201301061600
22419,1.0,201301061600
22420,0.62,201301061600
22421,1.21,201301061600
22422,2.73,201301061600
22619,1.04,201301061600
22630,2.68,201301061600
22634,1.51,201301061600
22671,2.35,201301061600
22673,2.08,201301061600
22700,2.69,201301061600
22751,1.58,201301061600
22768,1.56,201301061600
22869,2.44,201301061600
22877,1.81,201301061600
22928,0.75,201301061600
22940,1.08,201301061600
22955,0.8,201301061600
22963,0.56,201301061600
22966,2.04,201301061600
23120,2.35,201301061600
23124,1.5,201301061600
23125,1.4,201301061600
23131,0.96,201301061600
23138,2.24,201301061600
23169,0.77,201301061600
23194,1.61,201301061600
23216,2.38,201301061600
23370,0.72,201301061600
23371,0.66,201301061600
23379,2.8,201301061600
23386,0.64,201301061600
23388,2.88,201301061600
23427,0.84,201301061600
23621,2.92,201301061600
23627,2.32,201301061600
23635,2.71,201301061600
23641,2.93,201301061600
23662,1.79,201301061600
23669,2.85,201301061600
23690,2.55,201301061600
23744,2.65,201301061600
23750,1.17,201301061600
23872,1.35,201301061600
23873,1.6,201301061600
23875,2.49,201301061600
23881,2.01,201301061600
23894,0.86,201301061600
23896,1.94,201301061600
23907,1.35,201301061600
23925,2.05,201301061600
23973,2.94,201301061600
24005,2.07,201301061600
24009,1.91,201301061600
24032,1.4,201301061600
24122,2.9,201301061600
24123,1.4,201301061600
24149,1.67,201301061600
24247,0.88,201301061600
24251,1.56,201301061600
24265,0.9,201301061600
24266,1.29,201301061600
24373,1.5,201301061600
24374,1.48,201301061600
24380,1.26,201301061600
24381,1.68,201301061600
24383,1.46,201301061600
24387,2.07,201301061600
24402,1.06,201301061600
24405,1.4,201301061600
24423,2.68,201301061600
24623,2.47,201301061600
24626,0.58,201301061600
24643,0.87,201301061600
24732,2.48,201301061600
24734,2.15,201301061600
24739,3.0,201301061600
24774,1.56,201301061600
24775,1.2,201301061600
24781,2.72,201301061600
24837,2.35,201301061600
24874,2.79,201301061600
24877,1.79,201301061600
24879,1.79,201301061600
24880,2.04,201301061600
24895,1.55,201301061600
24920,1.0,201301061600
24990,0.69,201301061600
24991,2.93,201301061600
24993,0.65,201301061600
25124,0.55,201301061600
25125,1.89,201301061600
25126,1.51,201301061600
25129,1.06,201301061600
25130,2.91,201301061600
25132,2.27,201301061600
25136,2.67,201301061600
25138,2.02,201301061600
25141,2.01,201301061600
25179,0.51,201301061600
25187,2.41,201301061600
25375,1.45,201301061600
25376,1.1,201301061600
25377,1.93,201301061600
25379,1.77,201301061600
25385,1.7,201301061600
25395,2.96,201301061600
25400,2.69,201301061600
25405,0.62,201301061600
25412,2.47,201301061600
25427,1.68,201301061600
25626,0.74,201301061600
25627,2.6,201301061600
25628,2.91,201301061600
25629,1.5,201301061600
25632,2.95,201301061600
25633,1.76,201301061600
25642,2.45,201301061600
25715,0.53,201301061600
25747,2.52,201301061600
25763,1.96,201301061600
25876,1.09,201301061600
25877,2.48,201301061600
25878,2.63,201301061600
25881,1.27,201301061600
25882,1.64,201301061600
25886,2.96,201301061600
25888,2.38,201301061600
25926,0.52,201301061600
25997,0.95,201301061600
26005,2.32,201301061600
26035,1.66,201301061600
26127,0.73,201301061600
26129,1.13,201301061600
26130,0.82,201301061600
26133,0.85,201301061600
26135,2.94,201301061600
26136,2.59,201301061600
26138,0.81,201301061600
26139,0.72,201301061600
26141,0.67,201301061600
26148,1.71,201301061600
26168,2.71,201301061600
26378,0.94,201301061600
26379,2.24,201301061600
26380,1.49,201301061600
26381,1.41,201301061600
26382,1.94,201301061600
26383,1.67,201301061600
26385,1.44,201301061600
26386,2.78,201301061600
26387,2.32,201301061600
26389,1.2,201301061600
26391,2.25,201301061600
26392,0.71,201301061600
26393,0.89,201301061600
26396,1.31,201301061600
26403,0.67,201301061600
26408,0.99,201301061600
26427,1.78,201301061600
26450,1.24,201301061600
26492,1.15,201301061600
26546,0.55,201301061600
26563,0.52,201301061600
26564,2.43,201301061600
26628,2.45,201301061600
26629,2.9,201301061600
26630,2.43,201301061600
26631,1.02,201301061600
26633,2.69,201301061600
26634,1.31,201301061600
26656,2.39,201301061600
26674,1.54,201301061600
26708,0.77,201301061600
26752,1.24,201301061600
26754,2.64,201301061600
26755,1.36,201301061600
26782,2.54,201301061600
26846,1.51,201301061600
26879,2.69,201301061600
26880,0.93,201301061600
26881,0.78,201301061600
26882,0.78,201301061600
26883,2.54,201301061600
26884,0.71,201301061600
26885,1.97,201301061600
26886,1.2,201301061600
26887,1.97,201301061600
26889,1.82,201301061600
26890,2.29,201301061600
26891,2.97,201301061600
26892,2.19,201301061600
26893,1.39,201301061600
26894,2.31,201301061600
26895,0.91,201301061600
26897,2.56,201301061600
26905,2.87,201301061600
26938,2.27,201301061600
26964,0.96,201301061600
27006,0.73,201301061600
27042,2.12,201301061600
27098,1.56,201301061600
27130,2.32,201301061600
27131,2.01,201301061600
27132,1.89,201301061600
27133,2.5,201301061600
27134,1.52,201301061600
27135,1.87,201301061600
27136,1.2,201301061600
27137,0.89,201301061600
27138,1.36,201301061600
27142,2.81,201301061600
27143,2.12,201301061600
27145,0.8,201301061600
27148,2.15,201301061600
27149,1.68,201301061600
27152,2.18,201301061600
27155,1.82,201301061600
27175,2.43,201301061600
27209,1.26,201301061600
27247,1.88,201301061600
27381,2.48,201301061600
27382,2.76,201301061600
27383,2.51,201301061600
27384,0.65,201301061600
27386,0.66,201301061600
27387,2.14,201301061600
27388,2.99,201301061600
27389,2.12,201301061600
27390,1.15,201301061600
27392,2.0,201301061600
27395,0.92,201301061600
27404,2.02,201301061600
27415,0.85,201301061600
27427,0.77,201301061600
27489,1.15,201301061600
27494,2.4,201301061600
27498,2.27,201301061600
27518,0.58,201301061600
27632,0.69,201301061600
27633,1.36,201301061600
27634,0.74,201301061600
27635,1.3,201301061600
27636,1.82,201301061600
27637,0.82,201301061600
27638,1.62,201301061600
27639,2.95,201301061600
27640,2.67,201301061600
27642,0.79,201301061600
27643,0.79,201301061600
27645,1.92,201301061600
27646,1.63,201301061600
27647,0.89,201301061600
27649,1.08,201301061600
27654,0.52,201301061600
27763,0.56,201301061600
27764,2.94,201301061600
27796,2.31,201301061600
27797,2.99,201301061600
27883,1.87,201301061600
27884,0.75,201301061600
27885,0.89,201301061600
27886,2.74,201301061600
27887,1.38,201301061600
27888,2.95,201301061600
27889,0.81,201301061600
27890,2.12,201301061600
27891,0.53,201301061600
27892,0.77,201301061600
27894,2.38,201301061600
27895,1.65,201301061600
27897,1.91,201301061600
27902,2.64,201301061600
27908,0.85,201301061600
27911,0.56,201301061600
27930,0.95,201301061600
27971,2.47,201301061600
28004,2.91,201301061600
28015,0.9,201301061600
28049,0.99,201301061600
28102,1.2,201301061600
28134,2.91,201301061600
28135,2.1,201301061600
28136,0.59,201301061600
28137,2.03,201301061600
28138,2.9,201301061600
28139,1.0,201301061600
28140,1.36,201301061600
28142,1.33,201301061600
28143,2.41,201301061600
28144,0.77,201301061600
28146,1.42,201301061600
28154,1.57,201301061600
28156,2.72,201301061600
28216,1.82,201301061600
28239,0.98,201301061600
28384,1.24,201301061600
28385,0.6,201301061600
28386,1.62,201301061600
28387,2.51,201301061600
28388,1.76,201301061600
28389,2.66,201301061600
28390,2.53,201301061600
28391,2.73,201301061600
28392,2.17,201301061600
28393,2.68,201301061600
28394,1.55,201301061600
28396,1.02,201301061600
28397,1.16,201301061600
28400,2.51,201301061600
28401,1.17,201301061600
28405,2.42,201301061600
28427,1.8,201301061600
28467,2.3,201301061600
28496,0.97,201301061600
28497,3.0,201301061600
28519,1.71,201301061600
28535,1.03,201301061600
28539,1.03,201301061600
28545,2.26,201301061600
28557,1.83,201301061600
28635,0.8,201301061600
28636,2.78,201301061600
28637,1.78,201301061600
28638,1.86,201301061600
28639,2.96,201301061600
28640,1.21,201301061600
28641,1.29,201301061600
28642,1.64,201301061600
28643,0.56,201301061600
28644,1.6,201301061600
28645,2.64,201301061600
28646,1.7,201301061600
28649,2.18,201301061600
28658,2.62,201301061600
28667,1.59,201301061600
28675,2.9,201301061600
28751,1.23,201301061600
28753,0.87,201301061600
28754,1.09,201301061600
28788,1.11,201301061600
28812,1.68,201301061600
28823,0.83,201301061600
28886,0.6,201301061600
28887,2.55,201301061600
28888,1.04,201301061600
28889,1.81,201301061600
28890,1.29,201301061600
28891,2.44,201301061600
28892,2.21,201301061600
28893,0.88,201301061600
28894,2.46,201301061600
28895,2.11,201301061600
28896,1.51,201301061600
28897,2.45,201301061600
28899,2.54,201301061600
28900,2.38,201301061600
28901,1.92,201301061600
28902,2.61,201301061600
28905,2.87,201301061600
28912,1.98,201301061600
28960,1.79,201301061600
28969,0.78,201301061600
29004,1.39,201301061600
29012,2.79,201301061600
29026,0.69,201301061600
29068,1.18,201301061600
29076,0.64,201301061600
29088,2.51,201301061600
29094,2.0,201301061600
29136,1.51,201301061600
29137,1.8,201301061600
29138,2.09,201301061600
29139,1.98,201301061600
29140,0.93,201301061600
29141,0.75,201301061600
29142,2.51,201301061600
29143,1.11,201301061600
29144,1.31,201301061600
29146,2.75,201301061600
29147,2.58,201301061600
29148,0.69,201301061600
29149,1.9,201301061600
29151,2.59,201301061600
29158,2.82,201301061600
29165,1.73,201301061600
29171,1.68,201301061600
29190,2.09,201301061600
29247,2.69,201301061600
29387,0.61,201301061600
29388,2.33,201301061600
29389,1.25,201301061600
29390,1.92,201301061600
29391,2.23,201301061600
29392,1.59,201301061600
29393,1.27,201301061600
29394,2.72,201301061600
29395,2.6,201301061600
29396,1.11,201301061600
29397,1.58,201301061600
29398,2.06,201301061600
29399,2.1,201301061600
29401,1.98,201301061600
29402,1.64,201301061600
29403,0.63,201301061600
29405,1.5,201301061600
29409,1.04,201301061600
29425,1.29,201301061600
29429,2.88,201301061600
29495,0.75,201301061600
29498,1.13,201301061600
29533,1.17,201301061600
29556,0.79,201301061600
29638,2.93,201301061600
29639,2.56,201301061600
29640,2.05,201301061600
29641,2.89,201301061600
29642,2.1,201301061600
29643,2.72,201301061600
29644,1.73,201301061600
29645,1.19,201301061600
29648,1.47,201301061600
29649,2.88,201301061600
29650,1.61,201301061600
29654,2.52,201301061600
29663,1.15,201301061600
29670,1.06,201301061600
29710,2.75,201301061600
29730,0.73,201301061600
29733,2.0,201301061600
29736,2.57,201301061600
29766,1.31,201301061600
29891,0.53,201301061600
29892,2.36,201301061600
29893,1.38,201301061600
29894,2.72,201301061600
29895,0.75,201301061600
29896,0.55,201301061600
29897,1.12,201301061600
29898,1.65,201301061600
29900,2.54,201301061600
29903,2.56,201301061600
29906,2.29,201301061600
29909,1.4,201301061600
29912,1.9,201301061600
29917,1.68,201301061600
29925,1.73,201301061600
29966,2.71,201301061600
30021,2.12,201301061600
30026,1.3,201301061600
30036,1.43,201301061600
30142,1.25,201301061600
30143,1.47,201301061600
30144,0.98,201301061600
30145,1.74,201301061600
30146,2.28,201301061600
30147,1.29,201301061600
30148,0.94,201301061600
30152,2.0,201301061600
30154,0.99,201301061600
30157,2.44,201301061600
30158,1.07,201301061600
30181,1.26,201301061600
30242,1.83,201301061600
30243,2.59,201301061600
30244,2.59,201301061600
30261,1.74,201301061600
30300,2.07,201301061600
30322,0.92,201301061600
30393,1.05,201301061600
30394,0.59,201301061600
30395,1.21,201301061600
30396,0.55,201301061600
30397,2.41,201301061600
30398,1.84,201301061600
30400,2.39,201301061600
30401,1.29,201301061600
30403,1.12,201301061600
30407,0.92,201301061600
30410,1.84,201301061600
30420,0.93,201301061600
30430,1.92,201301061600
30434,2.29,201301061600
30439,2.0,201301061600
30481,2.51,201301061600
30489,2.3,201301061600
30494,1.85,201301061600
30495,2.42,201301061600
30496,1.47,201301061600
30645,1.87,201301061600
30646,2.92,201301061600
30647,2.01,201301061600
30648,0.6,201301061600
30649,2.99,201301061600
30650,1.74,201301061600
30651,1.09,201301061600
30652,1.57,201301061600
30653,2.27,201301061600
30654,2.85,201301061600
30661,1.77,201301061600
30664,1.46,201301061600
30666,2.68,201301061600
30669,1.07,201301061600
30673,1.3,201301061600
30683,0.84,201301061600
30745,1.13,201301061600
30750,1.95,201301061600
30777,1.4,201301061600
30780,1.38,201301061600
30812,2.11,201301061600
30897,2.52,201301061600
30898,0.67,201301061600
30899,0.65,201301061600
30900,1.61,201301061600
30901,2.39,201301061600
30902,2.56,201301061600
30903,1.08,201301061600
30904,1.0,201301061600
30908,0.8,201301061600
30909,2.39,201301061600
30912,1.33,201301061600
30913,2.45,201301061600
30928,2.99,201301061600
30953,2.71,201301061600
30979,2.41,201301061600
30994,2.3,201301061600
30995,1.0,201301061600
31027,2.46,201301061600
31028,1.28,201301061600
31029,2.72,201301061600
31082,1.92,201301061600
31148,1.6,201301061600
31149,1.28,201301061600
31150,2.56,201301061600
31151,2.86,201301061600
31152,1.06,201301061600
31156,0.57,201301061600
31157,0.5,201301061600
31161,1.52,201301061600
31166,1.45,201301061600
31172,1.26,201301061600
31274,1.77,201301061600
31281,1.49,201301061600
31369,1.04,201301061600
31398,2.1,201301061600
31401,0.68,201301061600
31407,2.02,201301061600
31408,1.16,201301061600
31409,1.12,201301061600
31410,2.0,201301061600
31413,1.99,201301061600
31419,2.59,201301061600
31427,1.0,201301061600
31457,0.99,201301061600
31466,1.93,201301061600
31651,2.2,201301061600
31652,2.68,201301061600
31656,1.57,201301061600
31660,2.68,201301061600
31663,2.6,201301061600
31666,1.22,201301061600
31675,0.52,201301061600
31738,1.74,201301061600
31754,1.76,201301061600
31782,2.07,201301061600
31903,2.19,201301061600
31904,1.24,201301061600
31905,2.59,201301061600
31906,2.64,201301061600
31908,1.74,201301061600
31912,1.23,201301061600
31921,0.74,201301061600
31928,2.01,201301061600
31949,3.0,201301061600
32028,2.87,201301061600
32032,1.9,201301061600
32045,0.94,201301061600
32150,0.78,201301061600
32155,1.5,201301061600
32157,2.24,201301061600
32161,2.41,201301061600
32162,0.53,201301061600
32167,2.27,201301061600
32169,0.77,201301061600
32175,1.69,201301061600
32182,1.05,201301061600
32185,0.66,201301061600
32195,0.77,201301061600
32235,1.83,201301061600
32404,0.77,201301061600
32405,2.05,201301061600
32410,1.95,201301061600
32411,2.14,201301061600
32415,2.97,201301061600
32449,2.73,201301061600
32490,2.47,201301061600
32558,1.82,201301061600
32622,1.68,201301061600
32656,2.19,201301061600
32658,0.58,201301061600
32660,2.92,201301061600
32662,1.7,201301061600
32668,1.28,201301061600
32682,2.21,201301061600
32697,2.52,201301061600
32712,1.27,201301061600
32729,2.32,201301061600
32739,0.6,201301061600
32742,0.96,201301061600
32744,2.32,201301061600
32802,1.92,201301061600
32834,0.78,201301061600
32905,2.42,201301061600
32907,2.82,201301061600
32912,2.18,201301061600
32916,2.42,201301061600
32922,2.81,201301061600
32924,1.18,201301061600
32926,2.23,201301061600
32929,1.67,201301061600
32977,1.02,201301061600
32978,2.5,201301061600
33154,2.61,201301061600
33158,1.54,201301061600
33160,1.12,201301061600
33165,1.67,201301061600
33170,1.04,201301061600
33186,2.54,201301061600
33286,0.77,201301061600
33405,2.08,201301061600
33409,0.56,201301061600
33412,1.69,201301061600
33418,1.38,201301061600
33420,2.27,201301061600
33424,1.05,201301061600
33435,1.63,201301061600
33442,0.95,201301061600
33519,1.25,201301061600
33594,0.86,201301061600
33656,2.97,201301061600
33659,2.42,201301061600
33662,1.61,201301061600
33664,0.53,201301061600
33666,1.99,201301061600
33669,1.49,201301061600
33673,2.18,201301061600
33675,2.19,201301061600
33694,0.74,201301061600
33724,0.66,201301061600
33742,2.55,201301061600
33812,2.89,201301061600
33909,2.86,201301061600
33911,2.58,201301061600
33912,1.39,201301061600
33913,1.85,201301061600
33922,0.72,201301061600
33923,0.64,201301061600
33924,0.93,201301061600
33931,1.84,201301061600
33935,0.76,201301061600
33986,1.59,201301061600
34013,2.25,201301061600
34160,1.13,201301061600
34161,2.35,201301061600
34162,0.71,201301061600
34163,1.01,201301061600
34167,2.14,201301061600
34190,1.72,201301061600
34211,1.86,201301061600
34303,2.07,201301061600
34380,1.53,201301061600
34407,0.63,201301061600
34413,1.36,201301061600
34423,1.29,201301061600
34424,2.47,201301061600
34427,0.99,201301061600
34430,2.44,201301061600
34437,2.93,201301061600
34440,0.76,201301061600
34486,0.99,201301061600
34495,2.7,201301061600
34510,1.34,201301061600
34520,1.31,201301061600
34528,1.29,201301061600
34563,0.83,201301061600
34662,0.61,201301061600
34667,2.26,201301061600
34668,1.87,201301061600
34670,1.88,201301061600
34672,1.65,201301061600
34673,2.38,201301061600
34676,0.86,201301061600
34679,2.96,201301061600
34682,1.25,201301061600
34695,1.76,201301061600
34710,0.68,201301061600
34714,2.13,201301061600
34720,2.27,201301061600
34882,0.78,201301061600
34913,1.63,201301061600
34914,1.6,201301061600
34915,1.57,201301061600
34924,2.92,201301061600
34925,2.74,201301061600
34934,1.56,201301061600
34939,0.51,201301061600
34959,1.05,201301061600
34990,1.7,201301061600
35102,1.07,201301061600
35164,2.49,201301061600
35166,1.89,201301061600
35173,2.42,201301061600
35178,2.28,201301061600
35183,2.53,201301061600
35185,1.37,201301061600
35187,0.84,201301061600
35193,2.42,201301061600
35203,1.86,201301061600
35218,1.13,201301061600
35237,0.51,201301061600
35244,2.64,201301061600
35249,1.64,201301061600
35295,1.09,201301061600
35368,2.32,201301061600
35410,1.21,201301061600
35414,0.61,201301061600
35415,0.62,201301061600
35417,0.54,201301061600
35421,0.73,201301061600
35440,1.52,201301061600
35455,0.79,201301061600
35492,2.36,201301061600
35515,1.66,201301061600
35665,2.61,201301061600
35675,1.64,201301061600
35683,0.82,201301061600
35686,0.79,201301061600
35700,2.56,201301061600
35745,0.95,201301061600
35755,0.67,201301061600
35769,0.66,201301061600
35916,1.41,201301061600
35917,2.05,201301061600
35918,2.59,201301061600
35919,0.74,201301061600
35921,2.42,201301061600
35929,1.28,201301061600
35931,2.85,201301061600
35941,2.05,201301061600
35944,2.44,201301061600
35971,1.15,201301061600
35981,2.68,201301061600
35992,2.76,201301061600
35994,1.81,201301061600
36067,2.11,201301061600
36162,0.54,201301061600
36167,1.51,201301061600
36169,1.79,201301061600
36170,1.51,201301061600
36173,1.78,201301061600
36176,1.5,201301061600
36177,2.09,201301061600
36205,2.05,201301061600
36237,1.51,201301061600
36245,1.09,201301061600
36246,1.07,201301061600
36293,0.81,201301061600
36311,2.68,201301061600
36417,0.62,201301061600
36420,0.6,201301061600
36421,1.83,201301061600
36441,1.89,201301061600
36448,0.76,201301061600
36494,1.5,201301061600
36498,0.66,201301061600
36502,2.74,201301061600
36510,1.47,201301061600
36513,1.61,201301061600
36519,1.2,201301061600
36524,2.4,201301061600
36576,2.78,201301061600
36668,0.62,201301061600
36673,1.78,201301061600
36675,2.85,201301061600
36677,1.59,201301061600
36679,0.81,201301061600
36682,0.61,201301061600
36688,0.54,201301061600
36690,2.91,201301061600
36711,0.8,201301061600
36717,0.82,201301061600
36758,2.35,201301061600
36889,0.61,201301061600
36915,1.69,201301061600
36918,2.49,201301061600
36933,1.77,201301061600
36934,1.5,201301061600
36953,2.4,201301061600
36959,0.96,201301061600
36996,1.2,201301061600
36999,0.51,201301061600
37001,1.25,201301061600
37167,1.71,201301061600
37168,2.13,201301061600
37169,0.62,201301061600
37172,1.62,201301061600
37176,2.5,201301061600
37178,2.41,201301061600
37179,0.89,201301061600
37182,1.55,201301061600
37192,1.61,201301061600
37200,1.03,201301061600
37206,1.57,201301061600
37232,2.74,201301061600
37239,2.07,201301061600
37270,1.49,201301061600
37298,2.71,201301061600
37304,2.27,201301061600
37419,2.86,201301061600
37421,1.89,201301061600
37423,1.49,201301061600
37425,1.19,201301061600
37446,2.17,201301061600
37454,1.26,201301061600
37477,1.73,201301061600
37487,1.71,201301061600
37501,1.07,201301061600
37503,2.16,201301061600
37513,0.8,201301061600
37523,2.43,201301061600
37562,1.28,201301061600
37609,0.8,201301061600
37642,2.73,201301061600
37643,2.66,201301061600
37670,1.51,201301061600
37671,1.44,201301061600
37672,2.04,201301061600
37676,1.53,201301061600
37688,2.48,201301061600
37689,2.5,201301061600
37690,0.88,201301061600
37695,1.2,201301061600
37701,1.63,201301061600
37710,1.35,201301061600
37711,2.99,201301061600
37754,0.79,201301061600
37874,1.28,201301061600
37891,1.97,201301061600
37893,1.91,201301061600
37894,1.0,201301061600
37926,0.94,201301061600
37928,1.02,201301061600
37929,1.3,201301061600
37932,1.43,201301061600
37936,1.91,201301061600
37943,2.96,201301061600
37952,1.35,201301061600
37962,2.26,201301061600
37968,2.81,201301061600
38003,1.56,201301061600
38060,2.58,201301061600
38145,0.59,201301061600
38172,1.58,201301061600
38173,1.64,201301061600
38178,0.59,201301061600
38200,2.81,201301061600
38204,0.99,201301061600
38209,0.92,201301061600
38215,1.06,201301061600
38220,1.16,201301061600
38225,2.13,201301061600
38228,2.05,201301061600
38230,1.8,201301061600
38243,2.84,201301061600
38247,1.25,201301061600
38255,1.13,201301061600
38263,2.06,201301061600
38268,2.96,201301061600
38272,0.65,201301061600
38367,1.46,201301061600
38381,1.2,201301061600
38423,2.42,201301061600
38425,2.08,201301061600
38426,1.07,201301061600
38431,0.68,201301061600
38440,2.91,201301061600
38479,1.54,201301061600
38481,1.2,201301061600
38483,1.03,201301061600
38488,1.67,201301061600
38490,2.45,201301061600
38498,0.84,201301061600
38499,0.98,201301061600
38500,2.9,201301061600
38505,2.5,201301061600
38506,1.61,201301061600
38508,1.09,201301061600
38517,0.9,201301061600
38534,2.54,201301061600
38648,0.98,201301061600
38674,1.89,201301061600
38676,2.21,201301061600
38679,2.5,201301061600
38684,2.56,201301061600
38693,1.82,201301061600
38697,2.82,201301061600
38716,2.6,201301061600
38722,2.46,201301061600
38736,2.29,201301061600
38738,2.57,201301061600
38752,2.43,201301061600
38753,0.99,201301061600
38758,1.04,201301061600
38760,1.4,201301061600
38761,0.87,201301061600
38762,0.85,201301061600
38766,0.57,201301061600
38769,2.16,201301061600
38778,0.65,201301061600
38812,2.44,201301061600
38939,1.32,201301061600
38953,0.6,201301061600
38958,2.84,201301061600
38967,2.63,201301061600
39006,2.27,201301061600
39008,1.81,201301061600
39010,0.65,201301061600
39011,1.18,201301061600
39017,1.64,201301061600
39113,2.49,201301061600
39148,2.97,201301061600
39149,0.67,201301061600
39176,0.99,201301061600
39178,2.01,201301061600
39191,1.42,201301061600
39201,1.95,201301061600
39230,2.44,201301061600
39236,2.51,201301061600
39246,1.94,201301061600
39252,1.29,201301061600
39255,1.11,201301061600
39260,1.76,201301061600
39262,0.56,201301061600
39263,1.55,201301061600
39268,1.28,201301061600
39269,2.74,201301061600
39271,2.84,201301061600
39274,2.13,201301061600
39275,0.68,201301061600
39375,2.06,201301061600
39391,1.02,201301061600
39427,1.74,201301061600
39428,2.2,201301061600
39430,0.53,201301061600
39433,2.78,201301061600
39446,1.86,201301061600
39457,1.31,201301061600
39514,2.83,201301061600
39515,1.12,201301061600
39516,1.01,201301061600
39517,0.58,201301061600
39535,2.79,201301061600
39554,2.83,201301061600
39559,1.42,201301061600
39631,2.58,201301061600
39632,1.21,201301061600
39633,2.93,201301061600
39652,1.28,201301061600
39683,1.9,201301061600
39687,1.89,201301061600
39706,2.79,201301061600
39710,2.51,201301061600
39722,1.01,201301061600
39731,0.92,201301061600
39750,1.5,201301061600
39755,0.53,201301061600
39759,1.69,201301061600
39762,2.48,201301061600
39764,2.67,201301061600
39765,0.69,201301061600
39766,2.1,201301061600
39767,2.66,201301061600
39769,2.67,201301061600
39772,2.67,201301061600
39776,0.63,201301061600
39777,2.53,201301061600
39790,2.66,201301061600
39791,1.77,201301061600
39796,2.59,201301061600
39832,0.7,201301061600
39883,1.24,201301061600
39930,2.6,201301061600
39932,2.73,201301061600
39941,1.5,201301061600
39948,1.57,201301061600
39969,1.57,201301061600
40018,1.29,201301061600
40031,2.47,201301061600
40133,2.05,201301061600
40180,2.41,201301061600
40188,1.18,201301061600
40196,0.75,201301061600
40242,1.83,201301061600
40246,0.59,201301061600
40259,2.81,201301061600
40264,0.82,201301061600
40267,2.33,201301061600
40268,2.45,201301061600
40270,2.97,201301061600
40276,2.04,201301061600
40286,2.82,201301061600
40295,1.29,201301061600
40431,2.28,201301061600
40432,1.54,201301061600
40442,1.97,201301061600
40447,0.88,201301061600
40448,2.65,201301061600
40451,2.59,201301061600
40457,1.87,201301061600
40500,1.25,201301061600
40512,1.16,201301061600
40518,1.94,201301061600
40519,0.92,201301061600
40522,2.17,201301061600
40524,2.47,201301061600
40525,1.92,201301061600
40532,1.82,201301061600
40560,2.53,201301061600
40566,2.2,201301061600
40633,0.83,201301061600
40687,2.07,201301061600
40713,2.35,201301061600
40719,1.17,201301061600
40732,2.5,201301061600
40733,1.76,201301061600
40766,0.55,201301061600
40810,2.26,201301061600
40894,1.15,201301061600
40933,1.11,201301061600
40936,2.83,201301061600
40939,0.69,201301061600
40954,1.22,201301061600
40982,1.22,201301061600
41021,2.84,201301061600
41024,2.12,201301061600
41061,2.91,201301061600
41145,2.55,201301061600
41157,2.17,201301061600
41183,0.91,201301061600
41200,2.17,201301061600
41262,0.82,201301061600
41265,2.1,201301061600
41270,2.85,201301061600
41277,0.51,201301061600
41318,0.67,201301061600
41401,1.85,201301061600
41407,1.0,201301061600
41437,2.96,201301061600
41459,1.9,201301061600
41465,0.59,201301061600
41469,2.56,201301061600
41508,2.21,201301061600
41520,1.85,201301061600
41522,2.45,201301061600
41526,0.6,201301061600
41532,1.78,201301061600
41558,2.82,201301061600
41635,2.04,201301061600
41653,1.43,201301061600
41658,2.43,201301061600
41692,2.32,201301061600
41696,1.88,201301061600
41764,2.45,201301061600
41772,2.08,201301061600
41893,0.55,201301061600
41904,1.86,201301061600
41905,2.0,201301061600
41936,2.88,201301061600
41941,2.79,201301061600
41958,2.71,201301061600
41990,1.64,201301061600
42023,1.0,201301061600
42026,1.91,201301061600
42029,0.77,201301061600
42074,1.95,201301061600
42085,2.77,201301061600
42095,1.04,201301061600
42147,0.88,201301061600
42160,1.25,201301061600
42200,0.95,201301061600
42213,2.77,201301061600
42267,2.01,201301061600
42271,1.67,201301061600
42274,2.2,201301061600
42283,1.57,201301061600
42291,1.01,201301061600
42342,0.94,201301061600
42411,1.5,201301061600
42438,0.73,201301061600
42454,2.21,201301061600
42471,1.4,201301061600
42478,2.73,201301061600
42487,2.32,201301061600
42503,0.72,201301061600
42514,1.12,201301061600
42521,1.75,201301061600
42533,1.14,201301061600
42644,1.86,201301061600
42661,1.47,201301061600
42695,0.63,201301061600
42744,1.96,201301061600
42750,1.66,201301061600
42846,1.96,201301061600
42905,2.41,201301061600
42912,2.24,201301061600
42939,2.13,201301061600
42940,1.18,201301061600
42944,2.7,201301061600
42949,1.23,201301061600
43011,2.86,201301061600
43021,2.23,201301061600
43030,2.98,201301061600
43151,2.6,201301061600
43160,0.98,201301061600
43162,2.27,201301061600
43213,1.23,201301061600
43220,1.86,201301061600
43261,1.17,201301061600
43412,1.41,201301061600
43413,0.72,201301061600
43440,1.2,201301061600
43443,2.89,201301061600
43449,0.5,201301061600
43483,2.16,201301061600
43484,2.21,201301061600
43494,1.35,201301061600
43518,2.16,201301061600
43523,0.78,201301061600
43526,1.63,201301061600
43530,1.37,201301061600
43571,0.84,201301061600
43642,2.75,201301061600
43662,1.86,201301061600
43738,2.29,201301061600
43760,1.4,201301061600
43779,0.83,201301061600
43914,0.54,201301061600
43957,2.68,201301061600
43980,2.46,201301061600
43984,2.46,201301061600
43992,0.56,201301061600
43995,2.47,201301061600
44002,1.89,201301061600
44039,1.77,201301061600
44194,2.45,201301061600
44197,2.79,201301061600
44204,1.25,201301061600
44215,2.33,201301061600
44226,1.0,201301061600
44247,2.12,201301061600
44255,1.24,201301061600
44282,1.67,201301061600
44284,2.18,201301061600
44356,2.42,201301061600
44470,2.24,201301061600
44486,2.55,201301061600
44503,0.66,201301061600
44504,2.95,201301061600
44510,1.73,201301061600
44517,0.85,201301061600
44534,1.88,201301061600
44578,1.22,201301061600
44666,2.87,201301061600
44694,1.31,201301061600
44697,2.74,201301061600
44716,2.88,201301061600
44724,2.29,201301061600
44743,2.51,201301061600
44755,1.45,201301061600
44756,2.94,201301061600
44757,2.32,201301061600
44758,0.99,201301061600
44786,2.09,201301061600
44787,0.58,201301061600
44911,1.19,201301061600
44963,2.09,201301061600
45005,1.25,201301061600
45006,0.6,201301061600
45007,2.57,201301061600
45008,0.85,201301061600
45039,2.81,201301061600
45114,2.16,201301061600
45168,0.58,201301061600
45200,1.36,201301061600
45203,1.6,201301061600
45208,1.78,201301061600
45237,0.64,201301061600
45254,2.35,201301061600
45256,1.09,201301061600
45258,1.49,201301061600
45261,0.59,201301061600
45265,0.92,201301061600
45266,2.24,201301061600
45401,0.63,201301061600
45479,1.02,201301061600
45502,2.17,201301061600
45507,1.95,201301061600
45509,1.9,201301061600
45526,0.95,201301061600
45538,2.29,201301061600
45582,2.07,201301061600
45661,0.56,201301061600
45701,1.32,201301061600
45703,2.29,201301061600
45716,2.18,201301061600
45720,0.77,201301061600
45725,0.88,201301061600
45735,2.05,201301061600
45747,0.51,201301061600
45766,1.01,201301061600
45793,1.76,201301061600
45795,2.91,201301061600
45919,1.32,201301061600
45948,0.86,201301061600
46008,2.95,201301061600
46036,2.34,201301061600
46041,0.58,201301061600
46052,2.9,201301061600
46074,1.43,201301061600
46145,0.83,201301061600
46202,1.89,201301061600
46209,1.38,201301061600
46242,2.52,201301061600
46265,1.4,201301061600
46372,2.22,201301061600
46384,2.11,201301061600
46455,1.15,201301061600
46508,1.9,201301061600
46523,1.15,201301061600
46538,1.44,201301061600
46565,1.48,201301061600
46574,0.51,201301061600
46626,0.59,201301061600
46700,2.23,201301061600
46738,2.73,201301061600
46770,2.4,201301061600
46778,2.73,201301061600
46787,2.5,201301061600
46803,1.72,201301061600
46954,1.8,201301061600
46964,0.78,201301061600
46972,0.75,201301061600
46976,1.58,201301061600
46981,1.72,201301061600
47011,1.02,201301061600
47015,1.95,201301061600
47047,1.09,201301061600
47253,2.21,201301061600
47288,1.42,201301061600
47295,1.69,201301061600
47342,2.59,201301061600
47454,1.24,201301061600
47535,2.91,201301061600
47543,1.81,201301061600
47705,2.48,201301061600
47709,1.56,201301061600
47711,1.59,201301061600
47758,2.67,201301061600
47806,2.23,201301061600
47889,1.04,201301061600
47926,2.16,201301061600
47968,0.53,201301061600
47972,2.37,201301061600
47977,2.19,201301061600
47982,0.8,201301061600
48032,2.54,201301061600
48209,1.82,201301061600
48239,1.42,201301061600
48244,2.18,201301061600
48278,0.82,201301061600
48420,1.83,201301061600
48427,1.75,201301061600
48499,3.0,201301061600
48503,1.28,201301061600
48552,1.93,201301061600
48584,2.84,201301061600
48713,2.25,201301061600
48759,2.4,201301061600
48848,1.37,201301061600
48898,2.76,201301061600
49017,2.69,201301061600
49049,1.58,201301061600
49229,1.34,201301061600
49241,0.56,201301061600
49472,2.7,201301061600
49483,0.92,201301061600
49542,2.19,201301061600
49555,1.86,201301061600
49679,2.8,201301061600
49750,2.69,201301061600
49760,2.97,201301061600
49777,2.79,201301061600
49968,2.21,201301061600
50053,2.18,201301061600
50103,1.2,201301061600
50180,2.16,201301061600
50285,1.76,201301061600
50430,0.85,201301061600
50470,1.61,201301061600
50494,1.87,201301061600
50511,2.42,201301061600
50549,1.65,201301061600
50680,2.49,201301061600
50682,2.83,201301061600
50731,1.02,201301061600
50812,2.86,201301061600
50872,0.96,201301061600
51029,2.28,201301061600
51046,2.21,201301061600
51053,2.21,201301061600
51056,0.91,201301061600
51162,1.19,201301061600
51177,1.13,201301061600
51182,0.97,201301061600
51228,1.24,201301061600
51258,1.82,201301061600
51430,2.75,201301061600
51431,1.48,201301061600
51432,1.68,201301061600
51520,2.78,201301061600
51681,1.79,201301061600
51682,2.72,201301061600
51725,2.89,201301061600
51790,2.18,201301061600
51832,1.05,201301061600
51857,2.37,201301061600
51931,1.77,201301061600
51932,0.69,201301061600
51986,2.97,201301061600
52003,0.65,201301061600
52182,2.71,201301061600
52244,2.96,201301061600
52259,2.08,201301061600
52280,2.02,201301061600
52319,1.51,201301061600
52473,0.65,201301061600
52518,2.26,201301061600
52631,0.96,201301061600
52679,2.91,201301061600
52729,1.04,201301061600
52811,2.43,201301061600
52983,1.01,201301061600
52988,1.21,201301061600
52993,2.12,201301061600
53000,2.12,201301061600
53016,1.12,201301061600
53027,1.32,201301061600
53072,0.93,201301061600
53090,2.56,201301061600
53177,2.5,201301061600
53178,2.01,201301061600
53381,1.49,201301061600
53427,0.82,201301061600
53429,1.0,201301061600
53761,0.71,201301061600
53774,0.64,201301061600
53797,2.86,201301061600
53810,2.4,201301061600
53822,2.58,201301061600
53864,0.95,201301061600
53927,2.21,201301061600
54038,2.06,201301061600
54071,2.72,201301061600
54234,0.6,201301061600
54281,2.26,201301061600
54284,2.45,201301061600
54327,0.59,201301061600
54334,2.63,201301061600
54349,2.62,201301061600
54427,2.49,201301061600
54503,1.25,201301061600
54510,1.02,201301061600
54520,2.45,201301061600
54550,2.27,201301061600
54578,1.69,201301061600
54678,2.74,201301061600
54828,1.92,201301061600
54983,0.64,201301061600
54996,1.81,201301061600
55070,2.52,201301061600
55329,2.44,201301061600
55331,0.76,201301061600
55535,2.43,201301061600
55633,1.19,201301061600
55680,0.98,201301061600
55761,2.44,201301061600
55831,2.44,201301061600
55832,1.26,201301061600
55838,1.4,201301061600
55845,1.25,201301061600
56106,2.3,201301061600
56493,2.55,201301061600
56571,0.83,201301061600
56586,1.41,201301061600
56587,1.25,201301061600
56591,2.8,201301061600
56738,0.96,201301061600
56835,1.65,201301061600
56882,1.64,201301061600
56887,1.7,201301061600
56888,0.88,201301061600
56933,1.55,201301061600
56934,1.39,201301061600
57042,2.36,201301061600
57062,2.22,201301061600
57189,1.57,201301061600
57261,2.48,201301061600
57329,2.56,201301061600
57342,1.2,201301061600
57376,2.03,201301061600
57378,0.71,201301061600
57380,0.67,201301061600
57397,0.89,201301061600
57440,1.11,201301061600
57495,0.59,201301061600
57523,2.4,201301061600
57555,0.9,201301061600
57597,2.96,201301061600
57613,2.42,201301061600
57615,1.92,201301061600
57628,0.87,201301061600
57631,1.73,201301061600
57823,1.66,201301061600
57837,1.88,201301061600
57851,1.08,201301061600
57852,1.99,201301061600
57906,2.46,201301061600
58179,1.3,201301061600
58251,0.58,201301061600
58421,1.51,201301061600
58511,1.5,201301061600
58632,2.86,201301061600
58744,0.73,201301061600
58802,0.61,201301061600
58814,2.79,201301061600
58879,1.0,201301061600
58892,2.43,201301061600
59010,1.09,201301061600
59043,1.45,201301061600
59104,2.88,201301061600
59125,2.79,201301061600
59134,1.78,201301061600
59285,2.74,201301061600
59329,2.02,201301061600
59555,2.15,201301061600
59635,1.1,201301061600
59745,2.91,201301061600
59927,1.98,201301061600
59941,1.33,201301061600
60008,2.68,201301061600
60011,1.81,201301061600
60114,0.99,201301061600
60141,1.21,201301061600
60147,1.58,201301061600
60331,0.62,201301061600
60344,2.2,201301061600
60350,1.69,201301061600
60578,2.24,201301061600
60593,1.62,201301061600
60613,2.81,201301061600
60630,2.86,201301061600
60635,1.01,201301061600
60649,1.38,201301061600
60750,0.8,201301061600
60774,2.58,201301061600
60819,0.58,201301061600
60880,2.68,201301061600
60888,0.81,201301061600
61062,2.84,201301061600
61110,1.82,201301061600
61263,1.86,201301061600
61343,1.87,201301061600
61591,0.85,201301061600
61597,1.88,201301061600
61654,1.76,201301061600
61818,0.65,201301061600
62077,2.79,201301061600
62104,2.48,201301061600
62135,0.75,201301061600
62140,1.9,201301061600
62252,1.18,201301061600
62558,2.91,201301061600
62589,2.01,201301061600
62757,1.35,201301061600
62772,0.58,201301061600
62850,0.7,201301061600
62926,1.52,201301061600
62948,0.54,201301061600
63044,1.71,201301061600
63153,1.52,201301061600
63383,0.55,201301061600
63397,2.84,201301061600
63398,2.94,201301061600
63407,2.75,201301061600
63574,0.95,201301061600
63586,0.7,201301061600
63816,0.89,201301061600
64102,2.51,201301061600
64150,2.24,201301061600
64200,1.85,201301061600
64515,1.0,201301061600
64529,2.16,201301061600
64573,0.57,201301061600
64581,0.68,201301061600
64815,1.06,201301061600
64915,1.85,201301061600
65059,1.42,201301061600
65144,1.1,201301061600
65320,1.36,201301061600
65375,2.65,201301061600
65454,2.97,201301061600
65528,2.08,201301061600
65607,2.63,201301061600
65774,2.98,201301061600
65838,1.72,201301061600
66068,0.57,201301061600
66084,2.68,201301061600
66151,2.6,201301061600
66353,2.57,201301061600
66538,0.75,201301061600
66575,1.52,201301061600
66637,1.38,201301061600
66827,2.55,201301061600
66870,2.47,201301061600
67110,2.23,201301061600
67207,2.63,201301061600
67335,2.01,201301061600
67385,2.69,201301061600
67599,2.56,201301061600
67601,1.7,201301061600
67602,2.58,201301061600
67698,1.3,201301061600
67824,2.25,201301061600
67842,2.26,201301061600
67854,2.85,201301061600
67855,0.82,201301061600
67918,2.44,201301061600
68103,2.15,201301061600
68104,1.13,201301061600
68110,2.92,201301061600
68111,2.74,201301061600
68349,2.33,201301061600
68354,2.05,201301061600
68356,1.78,201301061600
68454,2.54,201301061600
68455,2.54,201301061600
68587,2.73,201301061600
68857,2.64,201301061600
68858,1.37,201301061600
68897,1.08,201301061600
68924,2.79,201301061600
68930,0.99,201301061600
69106,0.84,201301061600
69190,2.34,201301061600
69206,1.58,201301061600
69359,0.87,201301061600
69371,2.09,201301061600
69455,1.97,201301061600
69582,0.86,201301061600
69613,0.93,201301061600
69676,2.36,201301061600
70115,1.88,201301061600
70132,1.74,201301061600
70181,1.12,201301061600
70342,1.83,201301061600
70352,2.5,201301061600
70360,1.67,201301061600
70374,1.1,201301061600
70440,2.12,201301061600
70462,2.09,201301061600
70619,1.34,201301061600
70659,0.63,201301061600
70715,1.56,201301061600
70903,1.93,201301061600
70934,1.76,201301061600
70961,2.56,201301061600
71122,1.85,201301061600
71187,2.6,201301061600
71399,1.15,201301061600
71601,2.77,201301061600
71629,1.62,201301061600
71888,2.59,201301061600
71961,2.14,201301061600
71964,1.21,201301061600
72201,2.93,201301061600
72218,0.55,201301061600
72345,0.89,201301061600
72367,2.8,201301061600
72407,2.49,201301061600
72416,2.05,201301061600
72706,1.0,201301061600
72894,1.03,201301061600
73104,1.11,201301061600
73135,0.65,201301061600
73211,2.06,201301061600
73223,2.79,201301061600
73451,1.48,201301061600
73460,2.78,201301061600
73461,2.19,201301061600
73557,2.58,201301061600
73669,1.01,201301061600
74158,1.46,201301061600
74216,0.55,201301061600
74388,2.69,201301061600
74396,1.52,201301061600
74466,2.19,201301061600
74467,1.75,201301061600
74638,0.71,201301061600
74677,1.5,201301061600
74678,1.5,201301061600
74711,1.1,201301061600
74721,1.25,201301061600
74962,0.62,201301061600
74968,1.03,201301061600
74973,1.86,201301061600
75224,1.96,201301061600
75329,2.94,201301061600
75386,2.78,201301061600
75424,1.92,201301061600
75436,1.65,201301061600
75475,1.14,201301061600
75619,2.53,201301061600
75721,1.24,201301061600
75722,0.52,201301061600
75724,2.95,201301061600
75725,1.46,201301061600
75726,1.18,201301061600
75727,2.66,201301061600
75974,1.22,201301061600
75975,2.01,201301061600
76133,2.09,201301061600
76227,1.65,201301061600
76393,1.47,201301061600
76473,2.02,201301061600
76477,1.67,201301061600
76654,2.39,201301061600
76728,2.26,201301061600
76959,2.54,201301061600
77169,2.95,201301061600
77230,2.98,201301061600
77381,1.46,201301061600
77458,1.49,201301061600
77641,2.35,201301061600
77942,1.91,201301061600
77981,0.6,201301061600
78205,2.24,201301061600
78418,2.51,201301061600
78654,1.59,201301061600
78733,1.79,201301061600
78881,0.53,201301061600
78896,0.8,201301061600
78909,1.08,201301061600
78983,2.82,201301061600
79234,1.17,201301061600
79379,1.26,201301061600
79394,1.49,201301061600
79484,1.8,201301061600
79712,1.31,201301061600
79911,1.42,201301061600
79915,1.6,201301061600
80160,2.39,201301061600
80161,2.74,201301061600
80193,1.47,201301061600
80352,2.49,201301061600
80397,0.99,201301061600
80406,1.76,201301061600
80411,1.9,201301061600
80412,1.61,201301061600
80413,0.58,201301061600
80420,1.53,201301061600
80485,2.66,201301061600
80635,0.84,201301061600
80659,2.63,201301061600
80663,0.84,201301061600
80664,1.49,201301061600
80703,0.95,201301061600
80877,2.32,201301061600
80916,0.97,201301061600
81163,1.56,201301061600
81164,2.52,201301061600
81354,2.81,201301061600
81363,2.18,201301061600
81390,1.39,201301061600
81625,0.51,201301061600
81651,2.47,201301061600
81899,2.51,201301061600
82135,0.82,201301061600
82168,2.5,201301061600
82169,1.15,201301061600
82237,0.69,201301061600
82613,1.13,201301061600
82622,2.15,201301061600
82664,2.07,201301061600
82892,1.8,201301061600
82951,0.57,201301061600
83410,1.48,201301061600
83489,2.78,201301061600
83735,0.71,201301061600
83865,1.63,201301061600
84123,2.47,201301061600
84179,2.75,201301061600
84207,1.74,201301061600
84212,1.46,201301061600
84221,1.78,201301061600
84366,1.82,201301061600
84689,2.75,201301061600
84712,2.79,201301061600
84902,1.46,201301061600
85474,2.15,201301061600
85487,2.23,201301061600
85620,1.35,201301061600
85705,2.08,201301061600
85715,2.85,201301061600
85738,2.92,201301061600
86440,1.55,201301061600
86622,1.13,201301061600
86623,2.03,201301061600
86672,2.02,201301061600
86873,1.17,201301061600
86895,1.25,201301061600
87121,2.86,201301061600
87227,0.74,201301061600
87460,2.47,201301061600
87690,1.43,201301061600
87873,1.36,201301061600
88242,1.92,201301061600
88463,0.95,201301061600
89120,1.98,201301061600
89152,1.47,201301061600
89175,1.59,201301061600
89198,0.98,201301061600
89615,1.54,201301061600
89625,2.33,201301061600
90116,2.92,201301061600
90183,1.7,201301061600
90497,0.77,201301061600
90699,0.8,201301061600
90719,2.36,201301061600
91200,1.65,201301061600
91432,1.1,201301061600
91434,1.06,201301061600
91684,2.48,201301061600
91713,1.6,201301061600
91744,1.95,201301061600
92233,0.84,201301061600
93205,2.04,201301061600
93244,2.18,201301061600
93252,1.82,201301061600
93463,1.93,201301061600
93675,0.72,201301061600
93944,2.51,201301061600
94431,2.09,201301061600
94710,2.64,201301061600
94755,0.62,201301061600
94997,2.59,201301061600
95000,1.55,201301061600
95707,2.42,201301061600
95949,1.38,201301061600
95998,1.19,201301061600
96188,2.12,201301061600
96225,2.02,201301061600
96249,2.9,201301061600
96468,2.0,201301061600
96486,0.55,201301061600
96718,2.55,201301061600
96972,1.77,201301061600
96995,1.11,201301061600
97251,2.12,201301061600
97440,1.9,201301061600
97471,0.64,201301061600
97969,1.82,201301061600
97990,2.5,201301061600
98224,2.71,201301061600
98229,1.06,201301061600
98450,2.98,201301061600
98475,0.62,201301061600
98739,2.4,201301061600
99256,0.7,201301061600
99468,1.69,201301061600
99730,0.54,201301061600
101215,2.84,201301061600
101911,1.64,201301061600
101912,2.84,201301061600
101989,1.98,201301061600
102999,2.06,201301061600
103242,2.07,201301061600
103431,2.8,201301061600
104177,2.37,201301061600
104221,2.96,201301061600
104239,0.76,201301061600
104701,1.02,201301061600
104984,2.54,201301061600
105196,0.64,201301061600
105219,0.56,201301061600
105460,2.97,201301061600
105461,2.3,201301061600
105481,2.62,201301061600
105489,0.91,201301061600
105709,2.84,201301061600
105710,2.74,201301061600
105711,1.45,201301061600
105712,2.15,201301061600
105713,1.74,201301061600
105715,1.64,201301061600
105726,1.52,201301061600
105727,2.76,201301061600
105736,1.78,201301061600
105960,2.4,201301061600
105961,1.31,201301061600
105962,2.9,201301061600
105963,2.62,201301061600
105964,2.46,201301061600
105975,2.65,201301061600
106195,1.41,201301061600
106213,0.97,201301061600
106214,1.37,201301061600
106215,1.59,201301061600
106221,1.5,201301061600
106231,1.35,201301061600
106232,0.55,201301061600
106234,2.66,201301061600
106235,2.79,201301061600
106237,1.8,201301061600
106446,2.29,201301061600
106447,1.3,201301061600
106462,1.06,201301061600
106463,2.63,201301061600
106465,1.1,201301061600
106466,2.67,201301061600
106467,1.54,201301061600
106480,1.25,201301061600
106712,0.97,201301061600
106717,0.58,201301061600
106718,2.61,201301061600
106741,0.91,201301061600
106958,2.53,201301061600
106964,1.37,201301061600
106965,0.61,201301061600
106966,1.33,201301061600
106967,2.43,201301061600
106971,0.72,201301061600
106983,2.86,201301061600
106997,2.44,201301061600
107200,1.39,201301061600
107212,1.15,201301061600
107219,1.87,201301061600
107240,2.82,201301061600
107460,2.35,201301061600
107465,1.89,201301061600
107466,0.78,201301061600
107468,2.9,201301061600
107491,2.56,201301061600
107711,2.18,201301061600
107725,2.72,201301061600
107726,1.96,201301061600
107954,1.16,201301061600
107966,1.67,201301061600
107971,2.71,201301061600
107979,1.41,201301061600
107993,1.12,201301061600
108205,2.13,201301061600
108211,1.71,201301061600
108214,1.86,201301061600
108215,2.24,201301061600
108217,1.23,201301061600
108219,1.38,201301061600
108220,2.57,201301061600
108222,2.47,201301061600
108225,2.19,201301061600
108230,1.4,201301061600
108454,2.29,201301061600
108463,0.52,201301061600
108499,1.72,201301061600
108717,2.69,201301061600
108722,1.76,201301061600
108724,1.23,201301061600
108733,1.04,201301061600
108968,2.85,201301061600
108975,2.43,201301061600
108984,2.17,201301061600
108985,0.75,201301061600
109216,2.19,201301061600
109219,2.81,201301061600
109222,0.9,201301061600
109227,1.04,201301061600
109231,2.31,201301061600
109236,0.8,201301061600
109245,1.71,201301061600
109473,0.59,201301061600
109487,0.68,201301061600
109494,1.84,201301061600
109495,2.01,201301061600
109496,1.35,201301061600
109497,1.54,201301061600
109742,1.57,201301061600
109744,1.99,201301061600
109748,2.1,201301061600
109750,0.83,201301061600
109980,1.42,201301061600
109991,2.13,201301061600
109994,2.86,201301061600
109998,2.63,201301061600
110001,1.38,201301061600
110243,0.86,201301061600
110247,1.0,201301061600
110249,0.73,201301061600
110251,1.69,201301061600
110253,2.22,201301061600
110254,1.81,201301061600
