cell,mobility,dtg
1610,1.38,201301100000
1846,0.58,201301100000
1851,1.95,201301100000
1853,2.86,201301100000
1856,1.57,201301100000
1857,1.53,201301100000
2103,0.89,201301100000
2105,2.7,201301100000
2106,2.08,201301100000
2107,1.05,201301100000
2114,2.5,201301100000
2342,1.65,201301100000
2347,0.65,201301100000
2351,2.6,201301100000
2354,2.04,201301100000
2357,1.94,201301100000
2372,0.91,201301100000
2374,1.17,201301100000
2591,2.64,201301100000
2595,2.09,201301100000
2605,1.43,201301100000
2611,1.82,201301100000
2615,0.52,201301100000
2620,2.58,201301100000
2627,1.51,201301100000
2839,2.84,201301100000
2847,1.27,201301100000
3086,0.87,201301100000
3094,0.67,201301100000
3100,0.79,201301100000
3124,1.81,201301100000
3128,1.95,201301100000
3334,1.78,201301100000
3337,0.67,201301100000
3375,0.85,201301100000
3614,0.52,201301100000
3619,1.6,201301100000
3632,2.13,201301100000
3635,0.78,201301100000
3830,1.42,201301100000
3831,1.62,201301100000
3833,2.07,201301100000
3837,2.42,201301100000
3845,2.06,201301100000
3856,1.47,201301100000
3860,1.72,201301100000
3865,2.7,201301100000
4078,0.97,201301100000
4081,0.57,201301100000
4137,1.78,201301100000
4141,1.88,201301100000
4142,1.72,201301100000
4328,1.49,201301100000
4329,0.57,201301100000
4341,1.16,201301100000
4345,0.57,201301100000
4348,2.61,201301100000
4354,2.42,201301100000
4372,2.99,201301100000
4577,2.3,201301100000
4578,1.0,201301100000
4580,1.85,201301100000
4582,2.85,201301100000
4605,1.8,201301100000
4608,1.42,201301100000
4631,1.21,201301100000
4636,1.87,201301100000
4637,2.99,201301100000
4829,0.77,201301100000
4830,2.14,201301100000
4831,1.78,201301100000
4834,1.42,201301100000
4837,0.93,201301100000
4852,1.99,201301100000
4863,1.73,201301100000
4868,0.88,201301100000
4890,2.36,201301100000
4891,2.05,201301100000
5078,2.12,201301100000
5081,2.32,201301100000
5084,2.93,201301100000
5127,0.62,201301100000
5153,0.92,201301100000
5327,0.83,201301100000
5329,0.66,201301100000
5333,1.57,201301100000
5334,1.21,201301100000
5339,2.31,201301100000
5369,1.86,201301100000
5402,0.9,201301100000
5410,2.5,201301100000
5577,1.95,201301100000
5581,1.12,201301100000
5592,2.95,201301100000
5612,0.71,201301100000
5623,1.44,201301100000
5876,1.77,201301100000
5893,1.58,201301100000
5898,1.75,201301100000
6078,2.66,201301100000
6118,2.99,201301100000
6136,2.38,201301100000
6158,2.38,201301100000
6159,1.06,201301100000
6333,1.07,201301100000
6353,0.77,201301100000
6365,1.08,201301100000
6366,2.94,201301100000
6414,2.49,201301100000
6588,2.95,201301100000
6609,2.89,201301100000
6635,1.08,201301100000
6668,1.91,201301100000
6841,1.87,201301100000
6849,1.25,201301100000
6896,2.05,201301100000
6924,0.89,201301100000
6928,0.7,201301100000
6935,1.16,201301100000
6939,1.84,201301100000
7077,2.81,201301100000
7078,2.87,201301100000
7085,1.08,201301100000
7088,2.11,201301100000
7113,1.34,201301100000
7114,1.63,201301100000
7129,2.68,201301100000
7133,1.22,201301100000
7165,2.87,201301100000
7192,2.84,201301100000
7354,1.53,201301100000
7375,1.42,201301100000
7379,1.66,201301100000
7401,1.37,201301100000
7410,1.01,201301100000
7436,1.49,201301100000
7584,1.43,201301100000
7646,2.45,201301100000
7849,2.45,201301100000
7871,2.59,201301100000
7927,1.49,201301100000
7948,1.56,201301100000
8080,2.53,201301100000
8170,0.72,201301100000
8182,1.73,201301100000
8195,2.62,201301100000
8342,1.4,201301100000
8582,1.12,201301100000
8602,1.83,201301100000
8609,0.65,201301100000
8638,1.77,201301100000
8656,1.64,201301100000
8830,1.56,201301100000
8839,0.86,201301100000
8876,2.69,201301100000
8897,0.67,201301100000
8912,0.99,201301100000
8918,2.09,201301100000
8929,1.98,201301100000
8940,2.03,201301100000
8954,0.5,201301100000
9140,0.9,201301100000
9333,1.24,201301100000
9468,0.66,201301100000
9473,0.77,201301100000
9589,2.84,201301100000
9601,2.82,201301100000
9607,1.41,201301100000
9658,2.33,201301100000
9724,1.64,201301100000
9833,1.78,201301100000
10084,2.66,201301100000
10089,2.19,201301100000
10096,1.16,201301100000
10144,2.52,201301100000
10170,0.52,201301100000
10181,2.71,201301100000
10189,1.18,201301100000
10201,2.71,201301100000
10334,2.13,201301100000
10335,2.74,201301100000
10383,1.22,201301100000
10414,1.04,201301100000
10444,2.23,201301100000
10458,1.81,201301100000
10477,1.16,201301100000
10586,0.51,201301100000
10601,2.37,201301100000
10609,1.22,201301100000
10616,2.63,201301100000
10633,2.15,201301100000
10655,2.98,201301100000
10665,2.75,201301100000
10681,1.46,201301100000
10717,1.86,201301100000
10835,1.18,201301100000
10837,0.75,201301100000
10847,2.82,201301100000
10903,2.6,201301100000
10911,0.73,201301100000
10918,1.87,201301100000
10973,0.68,201301100000
11087,1.64,201301100000
11092,1.44,201301100000
11128,1.61,201301100000
11222,1.63,201301100000
11223,1.05,201301100000
11225,1.2,201301100000
11238,2.98,201301100000
11361,0.57,201301100000
11393,2.34,201301100000
11424,1.74,201301100000
11601,1.02,201301100000
11682,1.36,201301100000
11704,3.0,201301100000
11858,2.28,201301100000
11884,0.74,201301100000
11901,1.27,201301100000
11946,2.86,201301100000
11960,0.58,201301100000
11972,2.13,201301100000
12089,0.83,201301100000
12090,1.17,201301100000
12096,0.96,201301100000
12120,2.82,201301100000
12157,0.6,201301100000
12230,2.29,201301100000
12383,3.0,201301100000
12431,2.53,201301100000
12601,2.03,201301100000
12625,1.02,201301100000
12632,0.9,201301100000
12842,0.71,201301100000
12875,2.03,201301100000
12901,2.69,201301100000
12913,1.96,201301100000
12933,1.09,201301100000
12934,2.62,201301100000
12985,2.52,201301100000
13099,2.77,201301100000
13114,2.41,201301100000
13150,0.52,201301100000
13175,1.11,201301100000
13183,2.62,201301100000
13222,1.55,201301100000
13358,2.13,201301100000
13444,1.1,201301100000
13455,0.81,201301100000
13456,0.62,201301100000
13670,1.4,201301100000
13694,1.87,201301100000
13845,2.98,201301100000
13849,1.16,201301100000
14011,2.91,201301100000
14095,1.32,201301100000
14133,2.4,201301100000
14161,2.78,201301100000
14167,1.49,201301100000
14184,2.53,201301100000
14241,2.63,201301100000
14255,1.62,201301100000
14349,2.7,201301100000
14350,2.65,201301100000
14375,1.83,201301100000
14452,1.81,201301100000
14475,1.46,201301100000
14620,1.37,201301100000
14673,2.19,201301100000
14745,1.1,201301100000
14859,2.62,201301100000
14936,1.21,201301100000
14995,1.23,201301100000
15097,1.85,201301100000
15098,0.75,201301100000
15246,0.59,201301100000
15349,1.37,201301100000
15440,1.6,201301100000
15600,1.45,201301100000
15656,2.74,201301100000
15672,0.79,201301100000
15699,2.55,201301100000
15714,0.95,201301100000
15725,1.9,201301100000
15744,2.33,201301100000
15849,2.16,201301100000
15850,2.48,201301100000
15851,1.04,201301100000
15853,2.76,201301100000
15871,2.1,201301100000
16100,1.97,201301100000
16105,2.77,201301100000
16114,1.08,201301100000
16171,1.73,201301100000
16184,1.06,201301100000
16400,2.8,201301100000
16414,2.94,201301100000
16601,1.86,201301100000
16604,1.26,201301100000
16625,2.47,201301100000
16670,1.87,201301100000
16853,1.64,201301100000
16868,2.49,201301100000
16932,1.0,201301100000
17232,2.83,201301100000
17355,2.98,201301100000
17358,0.65,201301100000
17367,1.99,201301100000
17635,0.57,201301100000
17673,2.83,201301100000
17681,1.97,201301100000
17884,2.03,201301100000
17984,1.5,201301100000
18108,2.69,201301100000
18115,1.18,201301100000
18118,1.09,201301100000
18123,1.75,201301100000
18139,0.82,201301100000
18154,1.75,201301100000
18160,2.05,201301100000
18177,1.06,201301100000
18185,1.71,201301100000
18383,2.02,201301100000
18404,0.98,201301100000
18427,2.75,201301100000
18466,2.41,201301100000
18616,2.3,201301100000
18629,2.29,201301100000
18861,1.89,201301100000
18866,2.0,201301100000
18925,1.03,201301100000
19110,1.02,201301100000
19112,2.83,201301100000
19114,0.78,201301100000
19122,1.79,201301100000
19360,0.55,201301100000
19443,2.56,201301100000
19481,2.53,201301100000
19611,2.09,201301100000
19612,0.86,201301100000
19618,2.75,201301100000
19633,0.92,201301100000
19678,2.83,201301100000
19878,1.6,201301100000
19913,0.56,201301100000
20113,0.8,201301100000
20114,1.91,201301100000
20116,2.6,201301100000
20170,2.56,201301100000
20363,1.56,201301100000
20387,1.38,201301100000
20396,2.52,201301100000
20436,2.8,201301100000
20616,1.63,201301100000
20621,0.85,201301100000
20628,0.71,201301100000
20651,2.91,201301100000
20671,1.82,201301100000
20682,1.55,201301100000
20864,2.64,201301100000
20882,1.99,201301100000
20931,1.39,201301100000
20995,2.98,201301100000
21115,0.96,201301100000
21118,0.63,201301100000
21201,2.97,201301100000
21373,1.09,201301100000
21377,1.58,201301100000
21392,1.94,201301100000
21407,2.69,201301100000
21428,1.4,201301100000
21448,0.65,201301100000
21617,1.14,201301100000
21619,1.68,201301100000
21639,1.03,201301100000
21658,1.15,201301100000
21663,2.4,201301100000
21701,1.94,201301100000
21721,1.48,201301100000
21868,0.77,201301100000
21871,0.87,201301100000
21999,1.99,201301100000
22126,0.95,201301100000
22133,2.28,201301100000
22174,1.08,201301100000
22176,1.03,201301100000
22205,2.83,201301100000
22368,1.99,201301100000
22395,1.52,201301100000
22419,0.53,201301100000
22420,0.71,201301100000
22421,0.9,201301100000
22422,1.94,201301100000
22619,2.39,201301100000
22630,0.76,201301100000
22634,2.6,201301100000
22671,2.8,201301100000
22673,2.73,201301100000
22700,2.38,201301100000
22751,2.58,201301100000
22768,2.96,201301100000
22869,1.81,201301100000
22877,0.96,201301100000
22928,2.51,201301100000
22940,2.95,201301100000
22955,2.17,201301100000
22963,1.61,201301100000
22966,2.48,201301100000
23120,1.6,201301100000
23124,1.15,201301100000
23125,0.8,201301100000
23131,2.01,201301100000
23138,1.12,201301100000
23169,1.99,201301100000
23194,1.14,201301100000
23216,0.73,201301100000
23370,1.39,201301100000
23371,2.76,201301100000
23379,1.3,201301100000
23386,1.62,201301100000
23388,1.95,201301100000
23427,2.89,201301100000
23621,2.31,201301100000
23627,2.21,201301100000
23635,2.06,201301100000
23641,1.9,201301100000
23662,2.26,201301100000
23669,1.34,201301100000
23690,2.43,201301100000
23744,2.71,201301100000
23750,1.67,201301100000
23872,0.83,201301100000
23873,1.67,201301100000
23875,1.96,201301100000
23881,2.27,201301100000
23894,0.5,201301100000
23896,0.91,201301100000
23907,1.08,201301100000
23925,2.72,201301100000
23973,1.57,201301100000
24005,2.37,201301100000
24009,2.83,201301100000
24032,2.64,201301100000
24122,1.87,201301100000
24123,2.63,201301100000
24149,2.93,201301100000
24247,2.7,201301100000
24251,1.52,201301100000
24265,1.67,201301100000
24266,1.47,201301100000
24373,2.61,201301100000
24374,0.64,201301100000
24380,2.08,201301100000
24381,1.51,201301100000
24383,2.08,201301100000
24387,0.51,201301100000
24402,0.95,201301100000
24405,1.45,201301100000
24423,2.12,201301100000
24623,2.25,201301100000
24626,1.57,201301100000
24643,0.55,201301100000
24732,0.98,201301100000
24734,2.42,201301100000
24739,1.4,201301100000
24774,1.8,201301100000
24775,2.28,201301100000
24781,2.76,201301100000
24837,2.81,201301100000
24874,1.72,201301100000
24877,0.69,201301100000
24879,0.61,201301100000
24880,0.57,201301100000
24895,2.19,201301100000
24920,1.5,201301100000
24990,2.88,201301100000
24991,0.74,201301100000
24993,1.98,201301100000
25124,2.42,201301100000
25125,0.81,201301100000
25126,1.22,201301100000
25129,1.69,201301100000
25130,0.76,201301100000
25132,0.95,201301100000
25136,2.4,201301100000
25138,1.8,201301100000
25141,0.89,201301100000
25179,1.15,201301100000
25187,2.29,201301100000
25375,2.75,201301100000
25376,2.23,201301100000
25377,1.53,201301100000
25379,0.71,201301100000
25385,1.15,201301100000
25395,1.56,201301100000
25400,2.41,201301100000
25405,0.69,201301100000
25412,1.23,201301100000
25427,2.5,201301100000
25626,1.39,201301100000
25627,1.83,201301100000
25628,2.23,201301100000
25629,2.45,201301100000
25632,1.24,201301100000
25633,2.38,201301100000
25642,1.76,201301100000
25715,2.44,201301100000
25747,0.6,201301100000
25763,0.82,201301100000
25876,2.41,201301100000
25877,2.32,201301100000
25878,1.9,201301100000
25881,1.5,201301100000
25882,1.83,201301100000
25886,1.48,201301100000
25888,1.26,201301100000
25926,1.09,201301100000
25997,1.51,201301100000
26005,1.95,201301100000
26035,0.62,201301100000
26127,1.16,201301100000
26129,1.65,201301100000
26130,1.27,201301100000
26133,1.44,201301100000
26135,2.36,201301100000
26136,1.79,201301100000
26138,2.06,201301100000
26139,0.52,201301100000
26141,0.8,201301100000
26148,2.2,201301100000
26168,1.54,201301100000
26378,1.5,201301100000
26379,0.66,201301100000
26380,2.48,201301100000
26381,2.69,201301100000
26382,0.69,201301100000
26383,2.43,201301100000
26385,2.75,201301100000
26386,0.97,201301100000
26387,1.8,201301100000
26389,2.74,201301100000
26391,2.91,201301100000
26392,2.36,201301100000
26393,1.7,201301100000
26396,2.18,201301100000
26403,2.97,201301100000
26408,1.76,201301100000
26427,2.3,201301100000
26450,1.28,201301100000
26492,1.38,201301100000
26546,1.62,201301100000
26563,2.39,201301100000
26564,2.26,201301100000
26628,0.93,201301100000
26629,2.86,201301100000
26630,1.53,201301100000
26631,2.81,201301100000
26633,0.55,201301100000
26634,0.6,201301100000
26656,2.96,201301100000
26674,2.68,201301100000
26708,2.68,201301100000
26752,2.47,201301100000
26754,1.14,201301100000
26755,0.55,201301100000
26782,2.86,201301100000
26846,0.69,201301100000
26879,1.41,201301100000
26880,2.95,201301100000
26881,1.28,201301100000
26882,0.64,201301100000
26883,1.48,201301100000
26884,2.17,201301100000
26885,0.57,201301100000
26886,2.9,201301100000
26887,1.09,201301100000
26889,2.99,201301100000
26890,1.23,201301100000
26891,0.58,201301100000
26892,1.82,201301100000
26893,0.51,201301100000
26894,2.71,201301100000
26895,2.83,201301100000
26897,2.22,201301100000
26905,0.73,201301100000
26938,2.29,201301100000
26964,2.28,201301100000
27006,2.32,201301100000
27042,1.72,201301100000
27098,0.86,201301100000
27130,2.28,201301100000
27131,1.65,201301100000
27132,1.52,201301100000
27133,2.56,201301100000
27134,1.93,201301100000
27135,1.04,201301100000
27136,1.49,201301100000
27137,1.62,201301100000
27138,1.81,201301100000
27142,1.28,201301100000
27143,2.39,201301100000
27145,0.64,201301100000
27148,2.81,201301100000
27149,0.97,201301100000
27152,1.66,201301100000
27155,2.5,201301100000
27175,2.94,201301100000
27209,1.61,201301100000
27247,2.45,201301100000
27381,2.14,201301100000
27382,2.03,201301100000
27383,2.72,201301100000
27384,0.6,201301100000
27386,1.59,201301100000
27387,0.73,201301100000
27388,0.54,201301100000
27389,1.79,201301100000
27390,2.17,201301100000
27392,2.48,201301100000
27395,2.14,201301100000
27404,1.14,201301100000
27415,1.72,201301100000
27427,1.23,201301100000
27489,2.51,201301100000
27494,1.38,201301100000
27498,1.27,201301100000
27518,2.04,201301100000
27632,2.03,201301100000
27633,1.54,201301100000
27634,2.29,201301100000
27635,0.96,201301100000
27636,2.18,201301100000
27637,1.95,201301100000
27638,0.96,201301100000
27639,1.71,201301100000
27640,0.83,201301100000
27642,1.21,201301100000
27643,2.78,201301100000
27645,2.57,201301100000
27646,1.53,201301100000
27647,0.73,201301100000
27649,2.15,201301100000
27654,0.84,201301100000
27763,2.59,201301100000
27764,1.36,201301100000
27796,0.6,201301100000
27797,2.39,201301100000
27883,2.77,201301100000
27884,1.93,201301100000
27885,2.11,201301100000
27886,1.7,201301100000
27887,2.11,201301100000
27888,0.55,201301100000
27889,2.74,201301100000
27890,0.84,201301100000
27891,2.86,201301100000
27892,2.6,201301100000
27894,2.3,201301100000
27895,2.31,201301100000
27897,2.24,201301100000
27902,2.78,201301100000
27908,2.79,201301100000
27911,1.85,201301100000
27930,1.75,201301100000
27971,2.33,201301100000
28004,1.51,201301100000
28015,1.69,201301100000
28049,2.77,201301100000
28102,1.94,201301100000
28134,2.5,201301100000
28135,0.87,201301100000
28136,0.93,201301100000
28137,0.88,201301100000
28138,1.36,201301100000
28139,0.98,201301100000
28140,1.86,201301100000
28142,2.99,201301100000
28143,0.93,201301100000
28144,0.83,201301100000
28146,2.12,201301100000
28154,2.58,201301100000
28156,0.65,201301100000
28216,1.78,201301100000
28239,1.75,201301100000
28384,1.01,201301100000
28385,2.25,201301100000
28386,1.77,201301100000
28387,1.98,201301100000
28388,2.98,201301100000
28389,2.39,201301100000
28390,2.93,201301100000
28391,2.63,201301100000
28392,1.85,201301100000
28393,1.18,201301100000
28394,0.55,201301100000
28396,1.68,201301100000
28397,1.69,201301100000
28400,2.5,201301100000
28401,1.24,201301100000
28405,2.37,201301100000
28427,1.02,201301100000
28467,1.61,201301100000
28496,1.46,201301100000
28497,0.54,201301100000
28519,2.17,201301100000
28535,2.78,201301100000
28539,2.02,201301100000
28545,2.72,201301100000
28557,2.49,201301100000
28635,0.62,201301100000
28636,0.66,201301100000
28637,1.24,201301100000
28638,2.12,201301100000
28639,2.69,201301100000
28640,2.25,201301100000
28641,0.8,201301100000
28642,1.8,201301100000
28643,0.82,201301100000
28644,1.3,201301100000
28645,0.94,201301100000
28646,2.16,201301100000
28649,2.55,201301100000
28658,1.23,201301100000
28667,2.78,201301100000
28675,0.69,201301100000
28751,1.62,201301100000
28753,2.1,201301100000
28754,2.57,201301100000
28788,2.65,201301100000
28812,0.78,201301100000
28823,0.56,201301100000
28886,1.14,201301100000
28887,1.49,201301100000
28888,0.59,201301100000
28889,2.08,201301100000
28890,0.53,201301100000
28891,1.77,201301100000
28892,2.08,201301100000
28893,1.45,201301100000
28894,1.91,201301100000
28895,2.14,201301100000
28896,0.8,201301100000
28897,2.77,201301100000
28899,0.61,201301100000
28900,2.08,201301100000
28901,2.42,201301100000
28902,1.61,201301100000
28905,2.62,201301100000
28912,1.89,201301100000
28960,2.94,201301100000
28969,1.06,201301100000
29004,1.2,201301100000
29012,2.53,201301100000
29026,2.68,201301100000
29068,1.77,201301100000
29076,0.84,201301100000
29088,1.23,201301100000
29094,1.35,201301100000
29136,1.7,201301100000
29137,1.74,201301100000
29138,2.41,201301100000
29139,2.18,201301100000
29140,2.8,201301100000
29141,1.1,201301100000
29142,1.97,201301100000
29143,0.65,201301100000
29144,1.96,201301100000
29146,2.45,201301100000
29147,0.96,201301100000
29148,0.65,201301100000
29149,0.51,201301100000
29151,1.25,201301100000
29158,1.12,201301100000
29165,1.65,201301100000
29171,1.37,201301100000
29190,2.49,201301100000
29247,2.85,201301100000
29387,2.03,201301100000
29388,2.19,201301100000
29389,0.62,201301100000
29390,2.28,201301100000
29391,1.79,201301100000
29392,1.18,201301100000
29393,2.86,201301100000
29394,1.39,201301100000
29395,1.23,201301100000
29396,2.52,201301100000
29397,2.43,201301100000
29398,1.4,201301100000
29399,2.7,201301100000
29401,1.34,201301100000
29402,1.01,201301100000
29403,2.62,201301100000
29405,1.13,201301100000
29409,2.81,201301100000
29425,2.39,201301100000
29429,0.5,201301100000
29495,2.37,201301100000
29498,2.95,201301100000
29533,0.85,201301100000
29556,0.76,201301100000
29638,1.32,201301100000
29639,1.24,201301100000
29640,1.73,201301100000
29641,1.02,201301100000
29642,0.88,201301100000
29643,2.79,201301100000
29644,1.75,201301100000
29645,2.46,201301100000
29648,1.48,201301100000
29649,0.87,201301100000
29650,1.39,201301100000
29654,1.33,201301100000
29663,2.58,201301100000
29670,2.0,201301100000
29710,1.17,201301100000
29730,1.73,201301100000
29733,2.65,201301100000
29736,1.19,201301100000
29766,2.24,201301100000
29891,0.86,201301100000
29892,2.78,201301100000
29893,0.92,201301100000
29894,2.48,201301100000
29895,0.95,201301100000
29896,0.95,201301100000
29897,1.99,201301100000
29898,1.27,201301100000
29900,1.45,201301100000
29903,1.49,201301100000
29906,2.64,201301100000
29909,1.11,201301100000
29912,2.05,201301100000
29917,2.76,201301100000
29925,0.63,201301100000
29966,2.97,201301100000
30021,1.13,201301100000
30026,0.88,201301100000
30036,1.89,201301100000
30142,1.77,201301100000
30143,2.66,201301100000
30144,0.99,201301100000
30145,2.9,201301100000
30146,1.54,201301100000
30147,2.66,201301100000
30148,1.7,201301100000
30152,1.82,201301100000
30154,2.01,201301100000
30157,2.48,201301100000
30158,2.0,201301100000
30181,1.54,201301100000
30242,2.75,201301100000
30243,0.78,201301100000
30244,2.16,201301100000
30261,1.74,201301100000
30300,1.14,201301100000
30322,1.57,201301100000
30393,1.15,201301100000
30394,1.53,201301100000
30395,2.8,201301100000
30396,2.82,201301100000
30397,1.29,201301100000
30398,1.93,201301100000
30400,2.3,201301100000
30401,2.82,201301100000
30403,2.71,201301100000
30407,0.83,201301100000
30410,0.94,201301100000
30420,2.32,201301100000
30430,0.8,201301100000
30434,1.99,201301100000
30439,1.75,201301100000
30481,0.99,201301100000
30489,0.7,201301100000
30494,1.09,201301100000
30495,2.39,201301100000
30496,2.42,201301100000
30645,2.12,201301100000
30646,1.82,201301100000
30647,2.87,201301100000
30648,2.47,201301100000
30649,1.41,201301100000
30650,2.75,201301100000
30651,2.52,201301100000
30652,2.94,201301100000
30653,2.17,201301100000
30654,2.05,201301100000
30661,1.16,201301100000
30664,1.04,201301100000
30666,2.52,201301100000
30669,1.98,201301100000
30673,2.82,201301100000
30683,2.65,201301100000
30745,2.78,201301100000
30750,0.54,201301100000
30777,2.66,201301100000
30780,2.45,201301100000
30812,1.86,201301100000
30897,2.68,201301100000
30898,1.97,201301100000
30899,2.36,201301100000
30900,1.99,201301100000
30901,0.94,201301100000
30902,2.95,201301100000
30903,1.54,201301100000
30904,1.33,201301100000
30908,0.7,201301100000
30909,2.66,201301100000
30912,0.81,201301100000
30913,1.0,201301100000
30928,1.04,201301100000
30953,2.71,201301100000
30979,1.02,201301100000
30994,1.86,201301100000
30995,1.82,201301100000
31027,2.92,201301100000
31028,2.08,201301100000
31029,1.69,201301100000
31082,1.75,201301100000
31148,0.56,201301100000
31149,0.76,201301100000
31150,2.94,201301100000
31151,1.77,201301100000
31152,2.81,201301100000
31156,2.89,201301100000
31157,2.0,201301100000
31161,0.73,201301100000
31166,1.16,201301100000
31172,0.93,201301100000
31274,1.42,201301100000
31281,2.71,201301100000
31369,1.99,201301100000
31398,2.14,201301100000
31401,1.34,201301100000
31407,2.41,201301100000
31408,1.58,201301100000
31409,1.22,201301100000
31410,1.16,201301100000
31413,0.53,201301100000
31419,2.45,201301100000
31427,1.44,201301100000
31457,1.64,201301100000
31466,0.79,201301100000
31651,0.81,201301100000
31652,0.53,201301100000
31656,1.75,201301100000
31660,1.12,201301100000
31663,2.97,201301100000
31666,1.2,201301100000
31675,1.86,201301100000
31738,2.9,201301100000
31754,1.18,201301100000
31782,1.55,201301100000
31903,0.87,201301100000
31904,0.67,201301100000
31905,2.14,201301100000
31906,2.19,201301100000
31908,0.93,201301100000
31912,0.97,201301100000
31921,1.71,201301100000
31928,0.53,201301100000
31949,0.51,201301100000
32028,2.71,201301100000
32032,0.53,201301100000
32045,1.21,201301100000
32150,2.14,201301100000
32155,1.62,201301100000
32157,0.74,201301100000
32161,2.59,201301100000
32162,1.1,201301100000
32167,0.85,201301100000
32169,2.19,201301100000
32175,0.69,201301100000
32182,0.89,201301100000
32185,1.94,201301100000
32195,0.77,201301100000
32235,0.87,201301100000
32404,2.11,201301100000
32405,2.8,201301100000
32410,2.19,201301100000
32411,2.98,201301100000
32415,2.18,201301100000
32449,0.94,201301100000
32490,1.24,201301100000
32558,0.84,201301100000
32622,1.45,201301100000
32656,1.62,201301100000
32658,1.3,201301100000
32660,1.22,201301100000
32662,1.29,201301100000
32668,2.44,201301100000
32682,0.9,201301100000
32697,2.51,201301100000
32712,2.56,201301100000
32729,0.74,201301100000
32739,1.24,201301100000
32742,1.56,201301100000
32744,0.92,201301100000
32802,0.87,201301100000
32834,0.76,201301100000
32905,0.97,201301100000
32907,2.67,201301100000
32912,2.25,201301100000
32916,2.08,201301100000
32922,2.77,201301100000
32924,1.04,201301100000
32926,2.76,201301100000
32929,2.4,201301100000
32977,2.32,201301100000
32978,0.85,201301100000
33154,2.86,201301100000
33158,2.33,201301100000
33160,2.85,201301100000
33165,2.06,201301100000
33170,1.3,201301100000
33186,2.04,201301100000
33286,2.92,201301100000
33405,2.65,201301100000
33409,2.65,201301100000
33412,1.04,201301100000
33418,2.68,201301100000
33420,2.78,201301100000
33424,1.57,201301100000
33435,2.0,201301100000
33442,2.37,201301100000
33519,1.52,201301100000
33594,0.66,201301100000
33656,2.43,201301100000
33659,1.56,201301100000
33662,1.67,201301100000
33664,2.91,201301100000
33666,0.55,201301100000
33669,2.43,201301100000
33673,0.8,201301100000
33675,1.36,201301100000
33694,1.85,201301100000
33724,1.35,201301100000
33742,0.68,201301100000
33812,0.61,201301100000
33909,2.22,201301100000
33911,2.09,201301100000
33912,0.81,201301100000
33913,0.54,201301100000
33922,1.79,201301100000
33923,2.74,201301100000
33924,0.78,201301100000
33931,2.93,201301100000
33935,2.44,201301100000
33986,2.65,201301100000
34013,0.67,201301100000
34160,1.16,201301100000
34161,0.63,201301100000
34162,1.0,201301100000
34163,1.82,201301100000
34167,0.69,201301100000
34190,0.81,201301100000
34211,2.5,201301100000
34303,2.14,201301100000
34380,1.64,201301100000
34407,0.73,201301100000
34413,1.85,201301100000
34423,0.97,201301100000
34424,2.89,201301100000
34427,0.74,201301100000
34430,1.37,201301100000
34437,2.89,201301100000
34440,1.06,201301100000
34486,0.7,201301100000
34495,2.65,201301100000
34510,2.62,201301100000
34520,2.12,201301100000
34528,1.38,201301100000
34563,2.37,201301100000
34662,2.93,201301100000
34667,2.63,201301100000
34668,1.14,201301100000
34670,2.18,201301100000
34672,2.75,201301100000
34673,1.04,201301100000
34676,0.73,201301100000
34679,2.75,201301100000
34682,0.83,201301100000
34695,2.61,201301100000
34710,1.67,201301100000
34714,1.01,201301100000
34720,0.94,201301100000
34882,1.04,201301100000
34913,2.72,201301100000
34914,0.78,201301100000
34915,2.67,201301100000
34924,2.8,201301100000
34925,1.46,201301100000
34934,2.72,201301100000
34939,0.83,201301100000
34959,2.23,201301100000
34990,2.12,201301100000
35102,0.98,201301100000
35164,2.84,201301100000
35166,0.52,201301100000
35173,2.65,201301100000
35178,1.82,201301100000
35183,1.65,201301100000
35185,1.06,201301100000
35187,0.78,201301100000
35193,2.49,201301100000
35203,2.82,201301100000
35218,2.0,201301100000
35237,1.89,201301100000
35244,2.13,201301100000
35249,2.56,201301100000
35295,2.22,201301100000
35368,0.92,201301100000
35410,2.16,201301100000
35414,2.24,201301100000
35415,0.74,201301100000
35417,0.85,201301100000
35421,2.7,201301100000
35440,1.42,201301100000
35455,1.83,201301100000
35492,2.17,201301100000
35515,2.43,201301100000
35665,2.67,201301100000
35675,2.8,201301100000
35683,2.88,201301100000
35686,2.03,201301100000
35700,1.89,201301100000
35745,2.6,201301100000
35755,2.38,201301100000
35769,2.11,201301100000
35916,1.97,201301100000
35917,1.47,201301100000
35918,1.15,201301100000
35919,1.58,201301100000
35921,0.69,201301100000
35929,0.51,201301100000
35931,2.08,201301100000
35941,2.48,201301100000
35944,2.84,201301100000
35971,1.56,201301100000
35981,2.34,201301100000
35992,1.66,201301100000
35994,0.58,201301100000
36067,1.09,201301100000
36162,1.77,201301100000
36167,2.14,201301100000
36169,0.71,201301100000
36170,2.34,201301100000
36173,2.94,201301100000
36176,2.59,201301100000
36177,1.73,201301100000
36205,1.15,201301100000
36237,0.96,201301100000
36245,2.99,201301100000
36246,2.21,201301100000
36293,2.9,201301100000
36311,0.63,201301100000
36417,0.77,201301100000
36420,1.28,201301100000
36421,0.9,201301100000
36441,0.52,201301100000
36448,2.48,201301100000
36494,2.21,201301100000
36498,2.18,201301100000
36502,2.7,201301100000
36510,0.79,201301100000
36513,0.86,201301100000
36519,1.79,201301100000
36524,1.09,201301100000
36576,1.83,201301100000
36668,1.12,201301100000
36673,1.03,201301100000
36675,0.59,201301100000
36677,1.88,201301100000
36679,2.23,201301100000
36682,1.2,201301100000
36688,1.09,201301100000
36690,0.88,201301100000
36711,0.72,201301100000
36717,2.67,201301100000
36758,1.24,201301100000
36889,2.31,201301100000
36915,2.8,201301100000
36918,2.32,201301100000
36933,1.54,201301100000
36934,0.85,201301100000
36953,0.73,201301100000
36959,0.55,201301100000
36996,1.03,201301100000
36999,2.77,201301100000
37001,2.04,201301100000
37167,1.25,201301100000
37168,1.49,201301100000
37169,1.03,201301100000
37172,0.82,201301100000
37176,2.17,201301100000
37178,1.07,201301100000
37179,1.13,201301100000
37182,2.66,201301100000
37192,1.55,201301100000
37200,1.08,201301100000
37206,1.29,201301100000
37232,1.96,201301100000
37239,1.62,201301100000
37270,1.11,201301100000
37298,0.54,201301100000
37304,0.92,201301100000
37419,1.53,201301100000
37421,1.68,201301100000
37423,0.84,201301100000
37425,1.33,201301100000
37446,2.18,201301100000
37454,0.52,201301100000
37477,2.05,201301100000
37487,1.71,201301100000
37501,2.91,201301100000
37503,2.9,201301100000
37513,2.47,201301100000
37523,0.75,201301100000
37562,1.35,201301100000
37609,2.5,201301100000
37642,1.09,201301100000
37643,2.38,201301100000
37670,1.86,201301100000
37671,1.97,201301100000
37672,1.96,201301100000
37676,2.43,201301100000
37688,1.26,201301100000
37689,2.07,201301100000
37690,0.7,201301100000
37695,0.92,201301100000
37701,0.84,201301100000
37710,1.26,201301100000
37711,1.16,201301100000
37754,2.33,201301100000
37874,1.15,201301100000
37891,1.7,201301100000
37893,2.74,201301100000
37894,2.97,201301100000
37926,0.68,201301100000
37928,2.33,201301100000
37929,1.87,201301100000
37932,0.92,201301100000
37936,2.18,201301100000
37943,0.81,201301100000
37952,2.83,201301100000
37962,1.76,201301100000
37968,1.68,201301100000
38003,1.01,201301100000
38060,1.62,201301100000
38145,1.94,201301100000
38172,1.78,201301100000
38173,1.03,201301100000
38178,1.0,201301100000
38200,1.22,201301100000
38204,0.58,201301100000
38209,2.29,201301100000
38215,1.1,201301100000
38220,1.64,201301100000
38225,1.51,201301100000
38228,2.81,201301100000
38230,1.05,201301100000
38243,2.96,201301100000
38247,1.79,201301100000
38255,1.45,201301100000
38263,0.77,201301100000
38268,1.72,201301100000
38272,2.1,201301100000
38367,2.97,201301100000
38381,2.82,201301100000
38423,0.62,201301100000
38425,0.87,201301100000
38426,2.05,201301100000
38431,2.38,201301100000
38440,0.58,201301100000
38479,0.61,201301100000
38481,1.69,201301100000
38483,2.78,201301100000
38488,1.65,201301100000
38490,2.87,201301100000
38498,2.43,201301100000
38499,1.47,201301100000
38500,2.92,201301100000
38505,0.64,201301100000
38506,0.71,201301100000
38508,1.85,201301100000
38517,1.07,201301100000
38534,2.86,201301100000
38648,2.18,201301100000
38674,0.83,201301100000
38676,1.21,201301100000
38679,2.23,201301100000
38684,2.22,201301100000
38693,2.47,201301100000
38697,1.25,201301100000
38716,2.21,201301100000
38722,2.5,201301100000
38736,2.75,201301100000
38738,0.51,201301100000
38752,1.43,201301100000
38753,1.76,201301100000
38758,2.77,201301100000
38760,0.77,201301100000
38761,2.45,201301100000
38762,2.53,201301100000
38766,2.48,201301100000
38769,0.83,201301100000
38778,0.59,201301100000
38812,1.45,201301100000
38939,1.28,201301100000
38953,2.2,201301100000
38958,1.76,201301100000
38967,1.61,201301100000
39006,1.79,201301100000
39008,2.71,201301100000
39010,1.08,201301100000
39011,1.57,201301100000
39017,1.93,201301100000
39113,2.12,201301100000
39148,2.23,201301100000
39149,1.63,201301100000
39176,2.19,201301100000
39178,1.81,201301100000
39191,2.39,201301100000
39201,1.34,201301100000
39230,2.11,201301100000
39236,1.84,201301100000
39246,2.24,201301100000
39252,0.59,201301100000
39255,2.45,201301100000
39260,0.91,201301100000
39262,0.94,201301100000
39263,1.49,201301100000
39268,2.95,201301100000
39269,0.57,201301100000
39271,2.29,201301100000
39274,1.45,201301100000
39275,1.74,201301100000
39375,0.67,201301100000
39391,0.72,201301100000
39427,0.62,201301100000
39428,1.33,201301100000
39430,2.47,201301100000
39433,1.49,201301100000
39446,2.8,201301100000
39457,1.26,201301100000
39514,1.3,201301100000
39515,1.31,201301100000
39516,2.14,201301100000
39517,2.4,201301100000
39535,2.25,201301100000
39554,2.55,201301100000
39559,1.68,201301100000
39631,2.06,201301100000
39632,2.07,201301100000
39633,2.4,201301100000
39652,2.12,201301100000
39683,1.3,201301100000
39687,1.77,201301100000
39706,1.29,201301100000
39710,1.57,201301100000
39722,1.29,201301100000
39731,1.95,201301100000
39750,2.89,201301100000
39755,0.84,201301100000
39759,1.0,201301100000
39762,2.98,201301100000
39764,1.66,201301100000
39765,1.61,201301100000
39766,1.85,201301100000
39767,2.16,201301100000
39769,1.75,201301100000
39772,2.61,201301100000
39776,1.03,201301100000
39777,1.17,201301100000
39790,2.35,201301100000
39791,1.86,201301100000
39796,1.68,201301100000
39832,1.31,201301100000
39883,2.17,201301100000
39930,1.43,201301100000
39932,0.68,201301100000
39941,1.44,201301100000
39948,2.22,201301100000
39969,2.29,201301100000
40018,2.88,201301100000
40031,2.22,201301100000
40133,1.97,201301100000
40180,2.68,201301100000
40188,0.58,201301100000
40196,2.36,201301100000
40242,2.07,201301100000
40246,0.95,201301100000
40259,1.87,201301100000
40264,1.71,201301100000
40267,2.34,201301100000
40268,1.17,201301100000
40270,1.36,201301100000
40276,2.78,201301100000
40286,1.23,201301100000
40295,2.01,201301100000
40431,2.3,201301100000
40432,1.42,201301100000
40442,1.1,201301100000
40447,1.52,201301100000
40448,2.84,201301100000
40451,0.58,201301100000
40457,2.41,201301100000
40500,0.59,201301100000
40512,1.02,201301100000
40518,2.69,201301100000
40519,2.99,201301100000
40522,0.84,201301100000
40524,1.51,201301100000
40525,0.85,201301100000
40532,1.55,201301100000
40560,2.64,201301100000
40566,0.6,201301100000
40633,2.15,201301100000
40687,2.72,201301100000
40713,1.6,201301100000
40719,2.8,201301100000
40732,1.99,201301100000
40733,0.58,201301100000
40766,2.23,201301100000
40810,1.22,201301100000
40894,1.34,201301100000
40933,2.8,201301100000
40936,0.79,201301100000
40939,2.56,201301100000
40954,2.87,201301100000
40982,2.94,201301100000
41021,0.72,201301100000
41024,2.23,201301100000
41061,2.8,201301100000
41145,2.26,201301100000
41157,1.7,201301100000
41183,1.45,201301100000
41200,1.31,201301100000
41262,2.41,201301100000
41265,0.68,201301100000
41270,0.99,201301100000
41277,1.12,201301100000
41318,1.57,201301100000
41401,2.03,201301100000
41407,1.09,201301100000
41437,1.88,201301100000
41459,0.95,201301100000
41465,1.26,201301100000
41469,0.79,201301100000
41508,1.27,201301100000
41520,0.82,201301100000
41522,0.52,201301100000
41526,2.77,201301100000
41532,0.68,201301100000
41558,0.87,201301100000
41635,2.48,201301100000
41653,2.69,201301100000
41658,1.85,201301100000
41692,2.22,201301100000
41696,0.9,201301100000
41764,0.88,201301100000
41772,2.55,201301100000
41893,1.24,201301100000
41904,1.14,201301100000
41905,2.57,201301100000
41936,0.68,201301100000
41941,1.51,201301100000
41958,1.31,201301100000
41990,1.53,201301100000
42023,2.39,201301100000
42026,1.04,201301100000
42029,2.53,201301100000
42074,1.34,201301100000
42085,2.54,201301100000
42095,0.94,201301100000
42147,1.29,201301100000
42160,2.43,201301100000
42200,1.99,201301100000
42213,0.84,201301100000
42267,1.41,201301100000
42271,0.52,201301100000
42274,1.48,201301100000
42283,2.34,201301100000
42291,1.97,201301100000
42342,2.41,201301100000
42411,1.34,201301100000
42438,1.32,201301100000
42454,2.56,201301100000
42471,0.78,201301100000
42478,1.92,201301100000
42487,1.87,201301100000
42503,1.95,201301100000
42514,2.94,201301100000
42521,2.99,201301100000
42533,0.88,201301100000
42644,1.84,201301100000
42661,2.02,201301100000
42695,2.64,201301100000
42744,1.68,201301100000
42750,1.19,201301100000
42846,2.5,201301100000
42905,1.4,201301100000
42912,1.23,201301100000
42939,1.17,201301100000
42940,0.57,201301100000
42944,1.87,201301100000
42949,2.03,201301100000
43011,0.55,201301100000
43021,2.63,201301100000
43030,0.61,201301100000
43151,2.41,201301100000
43160,1.2,201301100000
43162,0.87,201301100000
43213,2.38,201301100000
43220,2.91,201301100000
43261,2.03,201301100000
43412,1.78,201301100000
43413,0.63,201301100000
43440,0.87,201301100000
43443,2.56,201301100000
43449,2.94,201301100000
43483,1.58,201301100000
43484,1.52,201301100000
43494,0.56,201301100000
43518,1.11,201301100000
43523,1.66,201301100000
43526,1.46,201301100000
43530,1.63,201301100000
43571,1.49,201301100000
43642,1.36,201301100000
43662,0.67,201301100000
43738,1.9,201301100000
43760,2.95,201301100000
43779,2.98,201301100000
43914,2.64,201301100000
43957,1.96,201301100000
43980,0.58,201301100000
43984,1.59,201301100000
43992,2.11,201301100000
43995,1.18,201301100000
44002,0.56,201301100000
44039,2.72,201301100000
44194,2.43,201301100000
44197,1.69,201301100000
44204,1.51,201301100000
44215,0.66,201301100000
44226,2.38,201301100000
44247,1.53,201301100000
44255,0.54,201301100000
44282,2.09,201301100000
44284,1.02,201301100000
44356,0.8,201301100000
44470,2.37,201301100000
44486,1.25,201301100000
44503,1.3,201301100000
44504,0.97,201301100000
44510,2.0,201301100000
44517,0.94,201301100000
44534,2.61,201301100000
44578,1.95,201301100000
44666,2.23,201301100000
44694,0.62,201301100000
44697,1.79,201301100000
44716,1.79,201301100000
44724,0.57,201301100000
44743,2.39,201301100000
44755,1.82,201301100000
44756,1.58,201301100000
44757,1.55,201301100000
44758,0.67,201301100000
44786,2.98,201301100000
44787,2.07,201301100000
44911,0.62,201301100000
44963,1.02,201301100000
45005,1.54,201301100000
45006,1.92,201301100000
45007,2.22,201301100000
45008,1.66,201301100000
45039,0.76,201301100000
45114,1.61,201301100000
45168,2.92,201301100000
45200,1.02,201301100000
45203,2.45,201301100000
45208,2.92,201301100000
45237,2.25,201301100000
45254,2.97,201301100000
45256,1.94,201301100000
45258,1.55,201301100000
45261,2.07,201301100000
45265,2.18,201301100000
45266,2.83,201301100000
45401,2.03,201301100000
45479,2.92,201301100000
45502,2.49,201301100000
45507,2.99,201301100000
45509,2.52,201301100000
45526,0.75,201301100000
45538,2.01,201301100000
45582,1.06,201301100000
45661,2.61,201301100000
45701,2.53,201301100000
45703,0.85,201301100000
45716,1.33,201301100000
45720,1.82,201301100000
45725,1.68,201301100000
45735,1.77,201301100000
45747,2.19,201301100000
45766,0.7,201301100000
45793,2.91,201301100000
45795,0.74,201301100000
45919,0.53,201301100000
45948,0.74,201301100000
46008,1.8,201301100000
46036,0.94,201301100000
46041,0.94,201301100000
46052,1.88,201301100000
46074,2.34,201301100000
46145,0.73,201301100000
46202,0.84,201301100000
46209,0.52,201301100000
46242,1.8,201301100000
46265,2.19,201301100000
46372,2.22,201301100000
46384,2.32,201301100000
46455,2.05,201301100000
46508,1.5,201301100000
46523,1.85,201301100000
46538,1.49,201301100000
46565,2.91,201301100000
46574,1.06,201301100000
46626,0.93,201301100000
46700,0.61,201301100000
46738,0.58,201301100000
46770,1.51,201301100000
46778,2.32,201301100000
46787,1.77,201301100000
46803,2.27,201301100000
46954,0.92,201301100000
46964,2.19,201301100000
46972,1.04,201301100000
46976,1.82,201301100000
46981,0.79,201301100000
47011,2.41,201301100000
47015,1.09,201301100000
47047,2.57,201301100000
47253,2.4,201301100000
47288,1.13,201301100000
47295,1.32,201301100000
47342,2.82,201301100000
47454,1.5,201301100000
47535,2.56,201301100000
47543,2.21,201301100000
47705,2.87,201301100000
47709,0.78,201301100000
47711,2.65,201301100000
47758,1.89,201301100000
47806,2.39,201301100000
47889,1.33,201301100000
47926,0.65,201301100000
47968,1.79,201301100000
47972,2.71,201301100000
47977,2.35,201301100000
47982,2.54,201301100000
48032,1.49,201301100000
48209,2.22,201301100000
48239,2.17,201301100000
48244,1.63,201301100000
48278,0.76,201301100000
48420,2.69,201301100000
48427,0.67,201301100000
48499,2.87,201301100000
48503,1.69,201301100000
48552,0.94,201301100000
48584,2.03,201301100000
48713,2.53,201301100000
48759,2.83,201301100000
48848,2.47,201301100000
48898,1.45,201301100000
49017,1.7,201301100000
49049,1.97,201301100000
49229,0.68,201301100000
49241,1.39,201301100000
49472,2.07,201301100000
49483,1.33,201301100000
49542,0.82,201301100000
49555,2.19,201301100000
49679,2.21,201301100000
49750,1.62,201301100000
49760,1.39,201301100000
49777,1.91,201301100000
49968,1.59,201301100000
50053,1.97,201301100000
50103,2.89,201301100000
50180,1.81,201301100000
50285,1.9,201301100000
50430,1.94,201301100000
50470,0.65,201301100000
50494,2.05,201301100000
50511,1.88,201301100000
50549,0.56,201301100000
50680,2.11,201301100000
50682,1.74,201301100000
50731,1.83,201301100000
50812,1.88,201301100000
50872,2.89,201301100000
51029,1.84,201301100000
51046,2.76,201301100000
51053,1.92,201301100000
51056,1.12,201301100000
51162,1.68,201301100000
51177,1.36,201301100000
51182,1.32,201301100000
51228,0.6,201301100000
51258,0.97,201301100000
51430,1.41,201301100000
51431,0.95,201301100000
51432,2.49,201301100000
51520,0.62,201301100000
51681,0.65,201301100000
51682,1.54,201301100000
51725,1.51,201301100000
51790,0.57,201301100000
51832,1.52,201301100000
51857,0.74,201301100000
51931,2.03,201301100000
51932,0.91,201301100000
51986,2.35,201301100000
52003,1.76,201301100000
52182,2.7,201301100000
52244,2.91,201301100000
52259,2.32,201301100000
52280,2.25,201301100000
52319,1.34,201301100000
52473,1.84,201301100000
52518,1.71,201301100000
52631,2.28,201301100000
52679,1.87,201301100000
52729,0.58,201301100000
52811,2.65,201301100000
52983,2.98,201301100000
52988,0.57,201301100000
52993,2.68,201301100000
53000,2.03,201301100000
53016,2.3,201301100000
53027,2.06,201301100000
53072,2.86,201301100000
53090,2.57,201301100000
53177,1.77,201301100000
53178,1.67,201301100000
53381,0.58,201301100000
53427,2.89,201301100000
53429,2.82,201301100000
53761,2.53,201301100000
53774,1.91,201301100000
53797,1.82,201301100000
53810,1.35,201301100000
53822,0.53,201301100000
53864,0.71,201301100000
53927,1.96,201301100000
54038,2.45,201301100000
54071,1.78,201301100000
54234,2.87,201301100000
54281,2.63,201301100000
54284,2.57,201301100000
54327,1.46,201301100000
54334,1.59,201301100000
54349,2.68,201301100000
54427,1.98,201301100000
54503,2.73,201301100000
54510,2.32,201301100000
54520,2.71,201301100000
54550,1.36,201301100000
54578,0.6,201301100000
54678,1.31,201301100000
54828,0.62,201301100000
54983,2.07,201301100000
54996,1.16,201301100000
55070,0.88,201301100000
55329,2.9,201301100000
55331,2.7,201301100000
55535,0.71,201301100000
55633,0.72,201301100000
55680,0.93,201301100000
55761,2.57,201301100000
55831,2.25,201301100000
55832,2.37,201301100000
55838,2.18,201301100000
55845,1.42,201301100000
56106,1.23,201301100000
56493,2.51,201301100000
56571,2.5,201301100000
56586,1.33,201301100000
56587,2.62,201301100000
56591,2.04,201301100000
56738,0.64,201301100000
56835,1.01,201301100000
56882,1.13,201301100000
56887,0.57,201301100000
56888,2.05,201301100000
56933,0.72,201301100000
56934,0.81,201301100000
57042,2.83,201301100000
57062,2.83,201301100000
57189,1.83,201301100000
57261,2.57,201301100000
57329,2.93,201301100000
57342,1.24,201301100000
57376,1.24,201301100000
57378,2.9,201301100000
57380,1.67,201301100000
57397,2.89,201301100000
57440,2.12,201301100000
57495,1.13,201301100000
57523,1.34,201301100000
57555,2.0,201301100000
57597,2.11,201301100000
57613,2.93,201301100000
57615,1.71,201301100000
57628,2.92,201301100000
57631,1.3,201301100000
57823,0.58,201301100000
57837,0.76,201301100000
57851,2.11,201301100000
57852,1.34,201301100000
57906,1.06,201301100000
58179,0.71,201301100000
58251,2.77,201301100000
58421,1.2,201301100000
58511,0.66,201301100000
58632,2.77,201301100000
58744,1.88,201301100000
58802,2.7,201301100000
58814,1.25,201301100000
58879,2.11,201301100000
58892,1.92,201301100000
59010,0.96,201301100000
59043,1.93,201301100000
59104,2.43,201301100000
59125,1.65,201301100000
59134,2.66,201301100000
59285,1.23,201301100000
59329,0.6,201301100000
59555,1.43,201301100000
59635,1.22,201301100000
59745,1.2,201301100000
59927,1.44,201301100000
59941,0.57,201301100000
60008,1.89,201301100000
60011,2.07,201301100000
60114,2.73,201301100000
60141,1.01,201301100000
60147,2.82,201301100000
60331,2.48,201301100000
60344,0.86,201301100000
60350,1.9,201301100000
60578,1.84,201301100000
60593,2.85,201301100000
60613,2.8,201301100000
60630,2.17,201301100000
60635,1.66,201301100000
60649,2.95,201301100000
60750,1.17,201301100000
60774,1.95,201301100000
60819,1.38,201301100000
60880,2.54,201301100000
60888,2.9,201301100000
61062,2.46,201301100000
61110,2.7,201301100000
61263,1.32,201301100000
61343,0.84,201301100000
61591,2.75,201301100000
61597,1.09,201301100000
61654,2.89,201301100000
61818,2.98,201301100000
62077,2.97,201301100000
62104,1.0,201301100000
62135,0.72,201301100000
62140,1.01,201301100000
62252,0.92,201301100000
62558,2.32,201301100000
62589,2.84,201301100000
62757,1.99,201301100000
62772,1.13,201301100000
62850,2.56,201301100000
62926,0.93,201301100000
62948,2.83,201301100000
63044,2.77,201301100000
63153,1.56,201301100000
63383,0.65,201301100000
63397,1.03,201301100000
63398,2.53,201301100000
63407,1.02,201301100000
63574,0.51,201301100000
63586,1.19,201301100000
63816,2.72,201301100000
64102,2.17,201301100000
64150,0.85,201301100000
64200,1.05,201301100000
64515,1.67,201301100000
64529,2.54,201301100000
64573,2.84,201301100000
64581,1.15,201301100000
64815,1.88,201301100000
64915,0.59,201301100000
65059,1.59,201301100000
65144,2.6,201301100000
65320,2.6,201301100000
65375,1.14,201301100000
65454,2.77,201301100000
65528,1.99,201301100000
65607,1.18,201301100000
65774,2.26,201301100000
65838,2.7,201301100000
66068,2.75,201301100000
66084,1.64,201301100000
66151,1.99,201301100000
66353,2.05,201301100000
66538,2.72,201301100000
66575,1.41,201301100000
66637,2.14,201301100000
66827,2.61,201301100000
66870,0.52,201301100000
67110,2.49,201301100000
67207,1.45,201301100000
67335,2.33,201301100000
67385,2.88,201301100000
67599,2.77,201301100000
67601,1.95,201301100000
67602,1.0,201301100000
67698,0.56,201301100000
67824,2.98,201301100000
67842,2.87,201301100000
67854,1.17,201301100000
67855,0.72,201301100000
67918,2.61,201301100000
68103,1.84,201301100000
68104,2.46,201301100000
68110,2.02,201301100000
68111,2.17,201301100000
68349,1.63,201301100000
68354,2.49,201301100000
68356,2.66,201301100000
68454,2.6,201301100000
68455,2.61,201301100000
68587,1.96,201301100000
68857,1.45,201301100000
68858,2.17,201301100000
68897,1.78,201301100000
68924,1.69,201301100000
68930,2.87,201301100000
69106,2.27,201301100000
69190,2.97,201301100000
69206,2.49,201301100000
69359,1.44,201301100000
69371,2.9,201301100000
69455,1.92,201301100000
69582,2.34,201301100000
69613,1.07,201301100000
69676,1.68,201301100000
70115,0.59,201301100000
70132,1.4,201301100000
70181,2.71,201301100000
70342,1.49,201301100000
70352,2.82,201301100000
70360,2.94,201301100000
70374,2.79,201301100000
70440,1.75,201301100000
70462,2.61,201301100000
70619,2.74,201301100000
70659,1.93,201301100000
70715,0.75,201301100000
70903,1.93,201301100000
70934,2.71,201301100000
70961,1.77,201301100000
71122,2.68,201301100000
71187,0.54,201301100000
71399,1.94,201301100000
71601,1.85,201301100000
71629,2.29,201301100000
71888,2.54,201301100000
71961,0.9,201301100000
71964,1.85,201301100000
72201,0.71,201301100000
72218,0.71,201301100000
72345,1.66,201301100000
72367,1.4,201301100000
72407,2.92,201301100000
72416,2.13,201301100000
72706,1.18,201301100000
72894,2.46,201301100000
73104,2.34,201301100000
73135,0.68,201301100000
73211,1.93,201301100000
73223,2.34,201301100000
73451,1.06,201301100000
73460,2.01,201301100000
73461,2.2,201301100000
73557,1.37,201301100000
73669,1.19,201301100000
74158,2.35,201301100000
74216,0.83,201301100000
74388,2.45,201301100000
74396,1.4,201301100000
74466,0.54,201301100000
74467,1.48,201301100000
74638,2.86,201301100000
74677,2.58,201301100000
74678,2.45,201301100000
74711,2.72,201301100000
74721,2.81,201301100000
74962,0.82,201301100000
74968,1.76,201301100000
74973,0.92,201301100000
75224,2.84,201301100000
75329,2.21,201301100000
75386,1.42,201301100000
75424,1.31,201301100000
75436,2.35,201301100000
75475,1.65,201301100000
75619,1.04,201301100000
75721,2.33,201301100000
75722,0.95,201301100000
75724,3.0,201301100000
75725,0.75,201301100000
75726,0.96,201301100000
75727,2.42,201301100000
75974,2.42,201301100000
75975,1.96,201301100000
76133,2.82,201301100000
76227,2.03,201301100000
76393,2.98,201301100000
76473,1.54,201301100000
76477,1.55,201301100000
76654,2.83,201301100000
76728,2.08,201301100000
76959,2.17,201301100000
77169,1.92,201301100000
77230,2.45,201301100000
77381,1.79,201301100000
77458,2.21,201301100000
77641,0.79,201301100000
77942,1.68,201301100000
77981,2.85,201301100000
78205,2.1,201301100000
78418,2.53,201301100000
78654,2.35,201301100000
78733,2.32,201301100000
78881,2.5,201301100000
78896,2.54,201301100000
78909,2.75,201301100000
78983,0.74,201301100000
79234,0.55,201301100000
79379,0.93,201301100000
79394,1.61,201301100000
79484,2.44,201301100000
79712,1.62,201301100000
79911,0.52,201301100000
79915,0.56,201301100000
80160,1.53,201301100000
80161,1.02,201301100000
80193,0.96,201301100000
80352,1.71,201301100000
80397,2.43,201301100000
80406,1.82,201301100000
80411,0.71,201301100000
80412,1.53,201301100000
80413,2.54,201301100000
80420,2.04,201301100000
80485,2.04,201301100000
80635,1.19,201301100000
80659,1.84,201301100000
80663,2.71,201301100000
80664,1.87,201301100000
80703,2.04,201301100000
80877,1.95,201301100000
80916,2.66,201301100000
81163,0.89,201301100000
81164,2.47,201301100000
81354,1.65,201301100000
81363,2.75,201301100000
81390,1.75,201301100000
81625,2.61,201301100000
81651,2.94,201301100000
81899,2.4,201301100000
82135,2.58,201301100000
82168,1.5,201301100000
82169,1.4,201301100000
82237,0.98,201301100000
82613,1.25,201301100000
82622,1.86,201301100000
82664,0.77,201301100000
82892,0.77,201301100000
82951,0.82,201301100000
83410,1.32,201301100000
83489,1.71,201301100000
83735,2.33,201301100000
83865,1.06,201301100000
84123,1.89,201301100000
84179,2.94,201301100000
84207,1.19,201301100000
84212,0.61,201301100000
84221,1.71,201301100000
84366,2.49,201301100000
84689,0.77,201301100000
84712,1.93,201301100000
84902,2.33,201301100000
85474,2.52,201301100000
85487,0.92,201301100000
85620,1.28,201301100000
85705,1.41,201301100000
85715,0.82,201301100000
85738,2.85,201301100000
86440,1.53,201301100000
86622,1.66,201301100000
86623,2.38,201301100000
86672,2.49,201301100000
86873,2.04,201301100000
86895,0.99,201301100000
87121,1.32,201301100000
87227,2.66,201301100000
87460,2.4,201301100000
87690,1.5,201301100000
87873,2.27,201301100000
88242,1.73,201301100000
88463,1.12,201301100000
89120,2.1,201301100000
89152,2.75,201301100000
89175,2.59,201301100000
89198,0.99,201301100000
89615,2.43,201301100000
89625,1.89,201301100000
90116,1.98,201301100000
90183,0.82,201301100000
90497,0.9,201301100000
90699,1.15,201301100000
90719,1.38,201301100000
91200,0.62,201301100000
91432,0.78,201301100000
91434,1.75,201301100000
91684,1.21,201301100000
91713,2.13,201301100000
91744,1.11,201301100000
92233,1.39,201301100000
93205,0.92,201301100000
93244,2.88,201301100000
93252,2.45,201301100000
93463,1.74,201301100000
93675,1.95,201301100000
93944,1.54,201301100000
94431,1.27,201301100000
94710,2.46,201301100000
94755,1.63,201301100000
94997,1.41,201301100000
95000,2.46,201301100000
95707,1.86,201301100000
95949,1.42,201301100000
95998,1.26,201301100000
96188,2.4,201301100000
96225,0.95,201301100000
96249,2.13,201301100000
96468,2.36,201301100000
96486,0.96,201301100000
96718,2.5,201301100000
96972,1.67,201301100000
96995,0.74,201301100000
97251,0.63,201301100000
97440,2.23,201301100000
97471,1.87,201301100000
97969,1.78,201301100000
97990,2.4,201301100000
98224,2.77,201301100000
98229,2.94,201301100000
98450,1.74,201301100000
98475,1.41,201301100000
98739,2.84,201301100000
99256,0.61,201301100000
99468,1.32,201301100000
99730,2.34,201301100000
101215,1.39,201301100000
101911,1.63,201301100000
101912,1.94,201301100000
101989,0.87,201301100000
102999,2.42,201301100000
103242,2.11,201301100000
103431,0.89,201301100000
104177,2.77,201301100000
104221,0.95,201301100000
104239,2.37,201301100000
104701,2.44,201301100000
104984,1.75,201301100000
105196,2.08,201301100000
105219,2.58,201301100000
105460,1.61,201301100000
105461,0.86,201301100000
105481,0.55,201301100000
105489,2.8,201301100000
105709,2.84,201301100000
105710,2.79,201301100000
105711,2.67,201301100000
105712,1.27,201301100000
105713,0.65,201301100000
105715,2.4,201301100000
105726,1.38,201301100000
105727,1.85,201301100000
105736,1.87,201301100000
105960,2.95,201301100000
105961,2.15,201301100000
105962,2.01,201301100000
105963,2.68,201301100000
105964,2.36,201301100000
105975,2.09,201301100000
106195,2.91,201301100000
106213,2.29,201301100000
106214,2.05,201301100000
106215,1.87,201301100000
106221,2.47,201301100000
106231,2.85,201301100000
106232,2.77,201301100000
106234,2.88,201301100000
106235,2.04,201301100000
106237,1.32,201301100000
106446,1.06,201301100000
106447,0.65,201301100000
106462,1.9,201301100000
106463,1.84,201301100000
106465,1.22,201301100000
106466,2.27,201301100000
106467,1.98,201301100000
106480,1.86,201301100000
106712,1.26,201301100000
106717,1.96,201301100000
106718,1.51,201301100000
106741,1.21,201301100000
106958,2.72,201301100000
106964,1.0,201301100000
106965,0.92,201301100000
106966,1.76,201301100000
106967,0.65,201301100000
106971,0.62,201301100000
106983,1.88,201301100000
106997,1.87,201301100000
107200,1.65,201301100000
107212,2.63,201301100000
107219,2.71,201301100000
107240,0.58,201301100000
107460,1.27,201301100000
107465,0.53,201301100000
107466,1.91,201301100000
107468,1.77,201301100000
107491,0.65,201301100000
107711,2.3,201301100000
107725,0.96,201301100000
107726,0.87,201301100000
107954,1.09,201301100000
107966,1.24,201301100000
107971,2.81,201301100000
107979,2.84,201301100000
107993,1.7,201301100000
108205,1.84,201301100000
108211,1.56,201301100000
108214,2.63,201301100000
108215,1.7,201301100000
108217,2.46,201301100000
108219,1.86,201301100000
108220,1.22,201301100000
108222,1.98,201301100000
108225,0.82,201301100000
108230,2.74,201301100000
108454,1.7,201301100000
108463,2.39,201301100000
108499,1.61,201301100000
108717,2.51,201301100000
108722,1.02,201301100000
108724,1.45,201301100000
108733,1.37,201301100000
108968,1.43,201301100000
108975,2.49,201301100000
108984,1.16,201301100000
108985,2.23,201301100000
109216,1.08,201301100000
109219,0.86,201301100000
109222,2.89,201301100000
109227,0.75,201301100000
109231,1.94,201301100000
109236,1.57,201301100000
109245,1.39,201301100000
109473,1.91,201301100000
109487,1.93,201301100000
109494,1.96,201301100000
109495,1.16,201301100000
109496,2.91,201301100000
109497,1.72,201301100000
109742,2.97,201301100000
109744,2.88,201301100000
109748,0.71,201301100000
109750,2.94,201301100000
109980,2.43,201301100000
109991,0.59,201301100000
109994,2.24,201301100000
109998,1.49,201301100000
110001,0.83,201301100000
110243,1.27,201301100000
110247,1.67,201301100000
110249,1.48,201301100000
110251,1.86,201301100000
110253,0.93,201301100000
110254,1.74,201301100000
