cell,mobility,dtg
1610,2.33,201301270800
1846,0.52,201301270800
1851,1.31,201301270800
1853,1.95,201301270800
1856,2.87,201301270800
1857,2.47,201301270800
2103,2.93,201301270800
2105,2.3,201301270800
2106,1.67,201301270800
2107,0.84,201301270800
2114,2.99,201301270800
2342,1.94,201301270800
2347,1.64,201301270800
2351,0.63,201301270800
2354,2.75,201301270800
2357,2.66,201301270800
2372,1.91,201301270800
2374,2.19,201301270800
2591,1.21,201301270800
2595,0.75,201301270800
2605,2.6,201301270800
2611,2.64,201301270800
2615,0.96,201301270800
2620,2.47,201301270800
2627,1.08,201301270800
2839,1.79,201301270800
2847,1.06,201301270800
3086,1.54,201301270800
3094,2.11,201301270800
3100,2.11,201301270800
3124,2.32,201301270800
3128,1.77,201301270800
3334,2.68,201301270800
3337,2.11,201301270800
3375,2.73,201301270800
3614,1.61,201301270800
3619,2.24,201301270800
3632,2.0,201301270800
3635,2.51,201301270800
3830,2.4,201301270800
3831,0.66,201301270800
3833,2.37,201301270800
3837,1.96,201301270800
3845,2.84,201301270800
3856,2.14,201301270800
3860,0.85,201301270800
3865,2.59,201301270800
4078,1.26,201301270800
4081,2.36,201301270800
4137,1.77,201301270800
4141,1.32,201301270800
4142,2.92,201301270800
4328,0.87,201301270800
4329,0.87,201301270800
4341,0.53,201301270800
4345,2.56,201301270800
4348,1.4,201301270800
4354,2.66,201301270800
4372,1.59,201301270800
4577,2.53,201301270800
4578,1.85,201301270800
4580,2.72,201301270800
4582,1.91,201301270800
4605,2.04,201301270800
4608,1.59,201301270800
4631,1.2,201301270800
4636,0.86,201301270800
4637,0.88,201301270800
4829,0.83,201301270800
4830,1.0,201301270800
4831,2.68,201301270800
4834,2.06,201301270800
4837,0.81,201301270800
4852,2.68,201301270800
4863,1.78,201301270800
4868,1.27,201301270800
4890,0.64,201301270800
4891,1.19,201301270800
5078,1.52,201301270800
5081,1.0,201301270800
5084,2.54,201301270800
5127,1.21,201301270800
5153,1.34,201301270800
5327,2.47,201301270800
5329,1.78,201301270800
5333,2.2,201301270800
5334,1.2,201301270800
5339,2.22,201301270800
5369,0.99,201301270800
5402,1.31,201301270800
5410,2.71,201301270800
5577,1.6,201301270800
5581,2.54,201301270800
5592,1.77,201301270800
5612,1.46,201301270800
5623,2.53,201301270800
5876,1.56,201301270800
5893,1.45,201301270800
5898,2.58,201301270800
6078,2.43,201301270800
6118,2.36,201301270800
6136,0.65,201301270800
6158,2.52,201301270800
6159,1.84,201301270800
6333,1.4,201301270800
6353,0.65,201301270800
6365,1.87,201301270800
6366,1.78,201301270800
6414,0.6,201301270800
6588,1.45,201301270800
6609,2.78,201301270800
6635,1.94,201301270800
6668,1.46,201301270800
6841,2.04,201301270800
6849,0.53,201301270800
6896,2.24,201301270800
6924,2.59,201301270800
6928,1.85,201301270800
6935,0.67,201301270800
6939,1.11,201301270800
7077,0.93,201301270800
7078,2.37,201301270800
7085,1.24,201301270800
7088,2.09,201301270800
7113,2.36,201301270800
7114,1.63,201301270800
7129,2.21,201301270800
7133,2.8,201301270800
7165,2.48,201301270800
7192,2.06,201301270800
7354,2.93,201301270800
7375,0.99,201301270800
7379,1.5,201301270800
7401,2.78,201301270800
7410,2.32,201301270800
7436,2.87,201301270800
7584,1.65,201301270800
7646,2.01,201301270800
7849,2.01,201301270800
7871,1.77,201301270800
7927,1.99,201301270800
7948,1.43,201301270800
8080,1.35,201301270800
8170,1.44,201301270800
8182,1.41,201301270800
8195,2.15,201301270800
8342,2.9,201301270800
8582,0.55,201301270800
8602,2.62,201301270800
8609,1.01,201301270800
8638,0.77,201301270800
8656,2.97,201301270800
8830,1.05,201301270800
8839,2.05,201301270800
8876,2.91,201301270800
8897,1.22,201301270800
8912,2.06,201301270800
8918,1.78,201301270800
8929,2.97,201301270800
8940,0.85,201301270800
8954,1.7,201301270800
9140,0.86,201301270800
9333,1.82,201301270800
9468,1.6,201301270800
9473,1.36,201301270800
9589,2.16,201301270800
9601,1.16,201301270800
9607,2.2,201301270800
9658,2.84,201301270800
9724,1.29,201301270800
9833,2.16,201301270800
10084,2.59,201301270800
10089,2.69,201301270800
10096,0.96,201301270800
10144,1.37,201301270800
10170,2.18,201301270800
10181,1.91,201301270800
10189,1.91,201301270800
10201,1.64,201301270800
10334,2.99,201301270800
10335,1.12,201301270800
10383,2.14,201301270800
10414,1.48,201301270800
10444,1.83,201301270800
10458,1.75,201301270800
10477,1.67,201301270800
10586,2.45,201301270800
10601,2.32,201301270800
10609,1.44,201301270800
10616,1.02,201301270800
10633,1.64,201301270800
10655,0.78,201301270800
10665,2.67,201301270800
10681,1.58,201301270800
10717,2.72,201301270800
10835,0.56,201301270800
10837,1.96,201301270800
10847,1.94,201301270800
10903,0.97,201301270800
10911,1.77,201301270800
10918,2.13,201301270800
10973,0.87,201301270800
11087,0.61,201301270800
11092,1.84,201301270800
11128,2.32,201301270800
11222,0.79,201301270800
11223,1.53,201301270800
11225,2.8,201301270800
11238,1.08,201301270800
11361,1.66,201301270800
11393,0.92,201301270800
11424,2.37,201301270800
11601,0.89,201301270800
11682,1.53,201301270800
11704,2.32,201301270800
11858,3.0,201301270800
11884,2.51,201301270800
11901,2.03,201301270800
11946,2.41,201301270800
11960,2.86,201301270800
11972,0.77,201301270800
12089,0.7,201301270800
12090,1.82,201301270800
12096,2.59,201301270800
12120,1.06,201301270800
12157,0.94,201301270800
12230,2.55,201301270800
12383,2.49,201301270800
12431,2.17,201301270800
12601,2.68,201301270800
12625,2.89,201301270800
12632,1.11,201301270800
12842,1.6,201301270800
12875,2.87,201301270800
12901,2.71,201301270800
12913,2.5,201301270800
12933,1.51,201301270800
12934,2.26,201301270800
12985,1.43,201301270800
13099,1.0,201301270800
13114,1.68,201301270800
13150,1.73,201301270800
13175,1.46,201301270800
13183,1.51,201301270800
13222,2.03,201301270800
13358,2.23,201301270800
13444,1.2,201301270800
13455,0.72,201301270800
13456,2.66,201301270800
13670,0.51,201301270800
13694,1.36,201301270800
13845,1.64,201301270800
13849,2.66,201301270800
14011,1.69,201301270800
14095,0.91,201301270800
14133,1.34,201301270800
14161,1.82,201301270800
14167,1.5,201301270800
14184,1.06,201301270800
14241,2.64,201301270800
14255,2.25,201301270800
14349,0.54,201301270800
14350,2.01,201301270800
14375,2.36,201301270800
14452,1.17,201301270800
14475,1.24,201301270800
14620,0.91,201301270800
14673,2.72,201301270800
14745,0.6,201301270800
14859,0.76,201301270800
14936,2.31,201301270800
14995,2.5,201301270800
15097,2.08,201301270800
15098,0.53,201301270800
15246,2.73,201301270800
15349,3.0,201301270800
15440,1.22,201301270800
15600,2.97,201301270800
15656,2.87,201301270800
15672,2.12,201301270800
15699,1.48,201301270800
15714,1.39,201301270800
15725,0.69,201301270800
15744,2.82,201301270800
15849,0.67,201301270800
15850,1.88,201301270800
15851,2.54,201301270800
15853,2.68,201301270800
15871,1.46,201301270800
16100,0.64,201301270800
16105,2.29,201301270800
16114,1.98,201301270800
16171,2.82,201301270800
16184,0.77,201301270800
16400,1.27,201301270800
16414,2.48,201301270800
16601,2.22,201301270800
16604,0.52,201301270800
16625,2.33,201301270800
16670,1.99,201301270800
16853,2.69,201301270800
16868,2.21,201301270800
16932,2.9,201301270800
17232,1.88,201301270800
17355,2.21,201301270800
17358,1.21,201301270800
17367,1.39,201301270800
17635,2.73,201301270800
17673,0.74,201301270800
17681,0.86,201301270800
17884,1.82,201301270800
17984,2.36,201301270800
18108,1.83,201301270800
18115,1.53,201301270800
18118,1.37,201301270800
18123,2.0,201301270800
18139,2.12,201301270800
18154,1.6,201301270800
18160,2.67,201301270800
18177,1.62,201301270800
18185,0.63,201301270800
18383,2.95,201301270800
18404,2.61,201301270800
18427,2.57,201301270800
18466,2.34,201301270800
18616,2.53,201301270800
18629,2.9,201301270800
18861,1.53,201301270800
18866,2.82,201301270800
18925,2.1,201301270800
19110,0.65,201301270800
19112,2.13,201301270800
19114,1.71,201301270800
19122,1.63,201301270800
19360,1.09,201301270800
19443,1.0,201301270800
19481,0.71,201301270800
19611,2.65,201301270800
19612,1.97,201301270800
19618,1.86,201301270800
19633,2.04,201301270800
19678,1.69,201301270800
19878,1.4,201301270800
19913,1.66,201301270800
20113,2.45,201301270800
20114,2.91,201301270800
20116,1.75,201301270800
20170,0.64,201301270800
20363,0.7,201301270800
20387,2.05,201301270800
20396,2.68,201301270800
20436,2.58,201301270800
20616,1.25,201301270800
20621,2.04,201301270800
20628,2.02,201301270800
20651,2.28,201301270800
20671,0.9,201301270800
20682,1.32,201301270800
20864,1.33,201301270800
20882,2.93,201301270800
20931,0.63,201301270800
20995,2.62,201301270800
21115,2.18,201301270800
21118,2.25,201301270800
21201,2.38,201301270800
21373,1.44,201301270800
21377,1.11,201301270800
21392,2.48,201301270800
21407,1.78,201301270800
21428,2.77,201301270800
21448,0.85,201301270800
21617,1.13,201301270800
21619,1.14,201301270800
21639,2.43,201301270800
21658,2.91,201301270800
21663,0.58,201301270800
21701,0.69,201301270800
21721,1.67,201301270800
21868,1.93,201301270800
21871,2.69,201301270800
21999,0.7,201301270800
22126,1.29,201301270800
22133,0.68,201301270800
22174,2.7,201301270800
22176,2.14,201301270800
22205,1.6,201301270800
22368,2.63,201301270800
22395,1.88,201301270800
22419,2.09,201301270800
22420,1.91,201301270800
22421,1.97,201301270800
22422,0.83,201301270800
22619,2.68,201301270800
22630,1.15,201301270800
22634,2.18,201301270800
22671,1.45,201301270800
22673,2.08,201301270800
22700,0.53,201301270800
22751,1.76,201301270800
22768,2.33,201301270800
22869,0.76,201301270800
22877,2.94,201301270800
22928,0.62,201301270800
22940,2.04,201301270800
22955,2.44,201301270800
22963,1.22,201301270800
22966,0.83,201301270800
23120,1.61,201301270800
23124,2.75,201301270800
23125,2.9,201301270800
23131,0.75,201301270800
23138,1.66,201301270800
23169,2.68,201301270800
23194,1.32,201301270800
23216,0.78,201301270800
23370,2.6,201301270800
23371,1.77,201301270800
23379,2.46,201301270800
23386,1.11,201301270800
23388,2.64,201301270800
23427,1.85,201301270800
23621,2.91,201301270800
23627,1.28,201301270800
23635,1.14,201301270800
23641,0.59,201301270800
23662,0.94,201301270800
23669,0.72,201301270800
23690,2.89,201301270800
23744,0.82,201301270800
23750,2.1,201301270800
23872,2.55,201301270800
23873,2.64,201301270800
23875,1.63,201301270800
23881,1.14,201301270800
23894,1.74,201301270800
23896,2.32,201301270800
23907,1.84,201301270800
23925,1.4,201301270800
23973,2.64,201301270800
24005,0.86,201301270800
24009,1.66,201301270800
24032,2.5,201301270800
24122,0.56,201301270800
24123,2.38,201301270800
24149,2.32,201301270800
24247,1.26,201301270800
24251,1.69,201301270800
24265,2.06,201301270800
24266,1.3,201301270800
24373,2.72,201301270800
24374,1.33,201301270800
24380,1.57,201301270800
24381,1.48,201301270800
24383,2.08,201301270800
24387,2.13,201301270800
24402,2.93,201301270800
24405,2.67,201301270800
24423,1.91,201301270800
24623,1.61,201301270800
24626,1.93,201301270800
24643,2.05,201301270800
24732,2.59,201301270800
24734,1.8,201301270800
24739,3.0,201301270800
24774,2.03,201301270800
24775,1.99,201301270800
24781,2.4,201301270800
24837,1.21,201301270800
24874,2.43,201301270800
24877,0.85,201301270800
24879,2.06,201301270800
24880,2.16,201301270800
24895,2.66,201301270800
24920,0.7,201301270800
24990,0.68,201301270800
24991,1.92,201301270800
24993,0.76,201301270800
25124,2.78,201301270800
25125,2.51,201301270800
25126,1.22,201301270800
25129,2.34,201301270800
25130,2.01,201301270800
25132,0.7,201301270800
25136,0.89,201301270800
25138,2.41,201301270800
25141,1.24,201301270800
25179,1.6,201301270800
25187,1.98,201301270800
25375,2.36,201301270800
25376,1.15,201301270800
25377,1.88,201301270800
25379,0.83,201301270800
25385,2.42,201301270800
25395,1.0,201301270800
25400,1.67,201301270800
25405,1.41,201301270800
25412,2.08,201301270800
25427,2.54,201301270800
25626,2.39,201301270800
25627,2.27,201301270800
25628,0.64,201301270800
25629,2.86,201301270800
25632,1.78,201301270800
25633,2.34,201301270800
25642,2.74,201301270800
25715,1.18,201301270800
25747,1.61,201301270800
25763,0.78,201301270800
25876,0.64,201301270800
25877,2.04,201301270800
25878,2.29,201301270800
25881,0.68,201301270800
25882,2.93,201301270800
25886,0.86,201301270800
25888,1.31,201301270800
25926,2.66,201301270800
25997,1.84,201301270800
26005,1.01,201301270800
26035,1.56,201301270800
26127,1.73,201301270800
26129,2.28,201301270800
26130,1.15,201301270800
26133,1.45,201301270800
26135,2.49,201301270800
26136,1.27,201301270800
26138,0.76,201301270800
26139,2.93,201301270800
26141,2.22,201301270800
26148,2.7,201301270800
26168,1.4,201301270800
26378,1.82,201301270800
26379,1.45,201301270800
26380,2.32,201301270800
26381,0.72,201301270800
26382,0.56,201301270800
26383,0.64,201301270800
26385,2.65,201301270800
26386,2.63,201301270800
26387,0.9,201301270800
26389,2.32,201301270800
26391,2.88,201301270800
26392,2.23,201301270800
26393,1.45,201301270800
26396,2.97,201301270800
26403,2.94,201301270800
26408,2.83,201301270800
26427,2.45,201301270800
26450,2.08,201301270800
26492,2.76,201301270800
26546,0.51,201301270800
26563,2.51,201301270800
26564,1.49,201301270800
26628,1.99,201301270800
26629,0.87,201301270800
26630,1.6,201301270800
26631,0.86,201301270800
26633,1.84,201301270800
26634,0.91,201301270800
26656,1.28,201301270800
26674,2.5,201301270800
26708,1.04,201301270800
26752,1.7,201301270800
26754,1.96,201301270800
26755,2.68,201301270800
26782,1.48,201301270800
26846,1.9,201301270800
26879,1.9,201301270800
26880,1.66,201301270800
26881,1.47,201301270800
26882,2.06,201301270800
26883,2.29,201301270800
26884,1.82,201301270800
26885,2.46,201301270800
26886,1.06,201301270800
26887,2.25,201301270800
26889,1.52,201301270800
26890,2.9,201301270800
26891,0.7,201301270800
26892,2.01,201301270800
26893,1.71,201301270800
26894,1.81,201301270800
26895,2.87,201301270800
26897,2.73,201301270800
26905,1.21,201301270800
26938,1.88,201301270800
26964,0.86,201301270800
27006,0.97,201301270800
27042,1.98,201301270800
27098,1.45,201301270800
27130,2.79,201301270800
27131,1.82,201301270800
27132,1.44,201301270800
27133,1.86,201301270800
27134,2.61,201301270800
27135,0.81,201301270800
27136,1.52,201301270800
27137,1.65,201301270800
27138,2.58,201301270800
27142,1.12,201301270800
27143,2.99,201301270800
27145,2.86,201301270800
27148,1.61,201301270800
27149,2.55,201301270800
27152,1.74,201301270800
27155,2.28,201301270800
27175,2.65,201301270800
27209,2.01,201301270800
27247,1.68,201301270800
27381,1.26,201301270800
27382,3.0,201301270800
27383,1.11,201301270800
27384,2.6,201301270800
27386,1.34,201301270800
27387,2.99,201301270800
27388,0.97,201301270800
27389,0.72,201301270800
27390,0.54,201301270800
27392,1.95,201301270800
27395,1.66,201301270800
27404,1.6,201301270800
27415,2.63,201301270800
27427,2.29,201301270800
27489,2.08,201301270800
27494,0.5,201301270800
27498,0.9,201301270800
27518,2.21,201301270800
27632,2.55,201301270800
27633,2.43,201301270800
27634,2.74,201301270800
27635,1.68,201301270800
27636,0.96,201301270800
27637,1.64,201301270800
27638,2.04,201301270800
27639,1.39,201301270800
27640,3.0,201301270800
27642,2.63,201301270800
27643,1.49,201301270800
27645,0.67,201301270800
27646,0.65,201301270800
27647,1.32,201301270800
27649,2.74,201301270800
27654,0.64,201301270800
27763,2.31,201301270800
27764,2.77,201301270800
27796,0.57,201301270800
27797,1.49,201301270800
27883,1.24,201301270800
27884,1.63,201301270800
27885,2.33,201301270800
27886,2.85,201301270800
27887,2.98,201301270800
27888,2.55,201301270800
27889,1.21,201301270800
27890,1.54,201301270800
27891,0.65,201301270800
27892,0.52,201301270800
27894,1.58,201301270800
27895,1.25,201301270800
27897,0.82,201301270800
27902,1.04,201301270800
27908,2.56,201301270800
27911,1.54,201301270800
27930,2.3,201301270800
27971,1.77,201301270800
28004,1.38,201301270800
28015,1.01,201301270800
28049,0.73,201301270800
28102,0.96,201301270800
28134,2.78,201301270800
28135,2.61,201301270800
28136,1.36,201301270800
28137,2.14,201301270800
28138,1.39,201301270800
28139,1.58,201301270800
28140,1.31,201301270800
28142,1.51,201301270800
28143,2.85,201301270800
28144,2.26,201301270800
28146,1.5,201301270800
28154,1.79,201301270800
28156,1.4,201301270800
28216,0.87,201301270800
28239,1.0,201301270800
28384,1.51,201301270800
28385,2.58,201301270800
28386,1.01,201301270800
28387,1.64,201301270800
28388,0.7,201301270800
28389,2.83,201301270800
28390,0.63,201301270800
28391,1.38,201301270800
28392,1.32,201301270800
28393,2.97,201301270800
28394,2.19,201301270800
28396,2.11,201301270800
28397,2.16,201301270800
28400,1.35,201301270800
28401,2.11,201301270800
28405,0.78,201301270800
28427,0.78,201301270800
28467,2.07,201301270800
28496,2.16,201301270800
28497,1.83,201301270800
28519,1.68,201301270800
28535,1.47,201301270800
28539,2.94,201301270800
28545,2.71,201301270800
28557,1.75,201301270800
28635,2.83,201301270800
28636,1.75,201301270800
28637,1.74,201301270800
28638,2.16,201301270800
28639,1.37,201301270800
28640,1.73,201301270800
28641,1.85,201301270800
28642,2.24,201301270800
28643,1.06,201301270800
28644,0.77,201301270800
28645,0.89,201301270800
28646,2.06,201301270800
28649,2.26,201301270800
28658,2.94,201301270800
28667,2.66,201301270800
28675,1.29,201301270800
28751,1.13,201301270800
28753,1.64,201301270800
28754,1.07,201301270800
28788,2.3,201301270800
28812,1.04,201301270800
28823,1.83,201301270800
28886,1.32,201301270800
28887,1.05,201301270800
28888,2.62,201301270800
28889,2.18,201301270800
28890,1.08,201301270800
28891,2.02,201301270800
28892,1.65,201301270800
28893,2.9,201301270800
28894,2.3,201301270800
28895,1.16,201301270800
28896,2.9,201301270800
28897,2.16,201301270800
28899,2.11,201301270800
28900,1.73,201301270800
28901,0.89,201301270800
28902,2.99,201301270800
28905,1.35,201301270800
28912,0.57,201301270800
28960,2.53,201301270800
28969,1.06,201301270800
29004,2.44,201301270800
29012,2.03,201301270800
29026,2.26,201301270800
29068,2.15,201301270800
29076,1.34,201301270800
29088,0.6,201301270800
29094,1.76,201301270800
29136,2.97,201301270800
29137,2.34,201301270800
29138,0.87,201301270800
29139,1.89,201301270800
29140,2.28,201301270800
29141,2.16,201301270800
29142,2.89,201301270800
29143,2.92,201301270800
29144,2.27,201301270800
29146,2.61,201301270800
29147,2.03,201301270800
29148,2.07,201301270800
29149,2.63,201301270800
29151,1.23,201301270800
29158,1.62,201301270800
29165,1.85,201301270800
29171,1.41,201301270800
29190,0.83,201301270800
29247,2.69,201301270800
29387,2.09,201301270800
29388,2.95,201301270800
29389,2.83,201301270800
29390,0.88,201301270800
29391,1.36,201301270800
29392,2.72,201301270800
29393,1.82,201301270800
29394,1.27,201301270800
29395,2.31,201301270800
29396,1.78,201301270800
29397,0.87,201301270800
29398,0.68,201301270800
29399,1.05,201301270800
29401,2.24,201301270800
29402,2.1,201301270800
29403,0.93,201301270800
29405,1.54,201301270800
29409,2.34,201301270800
29425,0.91,201301270800
29429,2.23,201301270800
29495,0.78,201301270800
29498,1.31,201301270800
29533,2.19,201301270800
29556,0.66,201301270800
29638,0.95,201301270800
29639,2.28,201301270800
29640,1.73,201301270800
29641,1.97,201301270800
29642,0.94,201301270800
29643,1.42,201301270800
29644,1.72,201301270800
29645,1.58,201301270800
29648,0.66,201301270800
29649,1.99,201301270800
29650,2.37,201301270800
29654,1.71,201301270800
29663,1.57,201301270800
29670,1.76,201301270800
29710,0.8,201301270800
29730,2.09,201301270800
29733,2.26,201301270800
29736,1.46,201301270800
29766,2.14,201301270800
29891,1.45,201301270800
29892,0.98,201301270800
29893,2.53,201301270800
29894,2.03,201301270800
29895,2.03,201301270800
29896,2.88,201301270800
29897,0.96,201301270800
29898,0.88,201301270800
29900,1.58,201301270800
29903,1.21,201301270800
29906,2.69,201301270800
29909,0.84,201301270800
29912,1.63,201301270800
29917,2.5,201301270800
29925,1.24,201301270800
29966,1.69,201301270800
30021,0.86,201301270800
30026,1.52,201301270800
30036,2.01,201301270800
30142,0.93,201301270800
30143,1.04,201301270800
30144,0.93,201301270800
30145,1.34,201301270800
30146,2.79,201301270800
30147,1.92,201301270800
30148,1.39,201301270800
30152,0.73,201301270800
30154,2.27,201301270800
30157,0.74,201301270800
30158,1.81,201301270800
30181,0.72,201301270800
30242,2.59,201301270800
30243,1.34,201301270800
30244,2.42,201301270800
30261,2.93,201301270800
30300,2.4,201301270800
30322,1.85,201301270800
30393,2.0,201301270800
30394,2.13,201301270800
30395,1.29,201301270800
30396,1.65,201301270800
30397,1.91,201301270800
30398,1.12,201301270800
30400,2.61,201301270800
30401,1.3,201301270800
30403,1.37,201301270800
30407,2.16,201301270800
30410,1.35,201301270800
30420,1.3,201301270800
30430,0.91,201301270800
30434,0.75,201301270800
30439,2.31,201301270800
30481,1.52,201301270800
30489,2.25,201301270800
30494,1.85,201301270800
30495,2.38,201301270800
30496,0.86,201301270800
30645,2.56,201301270800
30646,2.6,201301270800
30647,1.0,201301270800
30648,2.05,201301270800
30649,1.6,201301270800
30650,2.51,201301270800
30651,0.86,201301270800
30652,1.57,201301270800
30653,2.41,201301270800
30654,1.36,201301270800
30661,1.27,201301270800
30664,2.25,201301270800
30666,0.72,201301270800
30669,0.59,201301270800
30673,1.88,201301270800
30683,2.64,201301270800
30745,2.4,201301270800
30750,2.35,201301270800
30777,1.48,201301270800
30780,2.72,201301270800
30812,1.96,201301270800
30897,2.44,201301270800
30898,2.77,201301270800
30899,1.71,201301270800
30900,1.51,201301270800
30901,1.08,201301270800
30902,2.46,201301270800
30903,2.56,201301270800
30904,2.89,201301270800
30908,2.91,201301270800
30909,2.09,201301270800
30912,1.15,201301270800
30913,1.71,201301270800
30928,1.95,201301270800
30953,2.32,201301270800
30979,2.67,201301270800
30994,2.96,201301270800
30995,1.86,201301270800
31027,2.31,201301270800
31028,1.99,201301270800
31029,2.07,201301270800
31082,1.85,201301270800
31148,1.78,201301270800
31149,0.88,201301270800
31150,1.25,201301270800
31151,2.69,201301270800
31152,2.2,201301270800
31156,2.77,201301270800
31157,1.86,201301270800
31161,0.87,201301270800
31166,1.38,201301270800
31172,0.61,201301270800
31274,1.39,201301270800
31281,2.49,201301270800
31369,1.52,201301270800
31398,1.14,201301270800
31401,1.77,201301270800
31407,1.94,201301270800
31408,2.76,201301270800
31409,0.98,201301270800
31410,0.8,201301270800
31413,2.29,201301270800
31419,1.89,201301270800
31427,2.5,201301270800
31457,1.94,201301270800
31466,2.93,201301270800
31651,1.32,201301270800
31652,1.67,201301270800
31656,1.32,201301270800
31660,2.88,201301270800
31663,2.94,201301270800
31666,2.67,201301270800
31675,2.95,201301270800
31738,1.49,201301270800
31754,1.06,201301270800
31782,0.88,201301270800
31903,0.59,201301270800
31904,2.15,201301270800
31905,0.57,201301270800
31906,1.68,201301270800
31908,2.19,201301270800
31912,1.25,201301270800
31921,2.6,201301270800
31928,1.4,201301270800
31949,0.71,201301270800
32028,2.88,201301270800
32032,2.52,201301270800
32045,0.65,201301270800
32150,2.15,201301270800
32155,1.81,201301270800
32157,1.64,201301270800
32161,1.18,201301270800
32162,2.32,201301270800
32167,1.52,201301270800
32169,0.77,201301270800
32175,2.05,201301270800
32182,2.33,201301270800
32185,1.04,201301270800
32195,1.07,201301270800
32235,2.37,201301270800
32404,0.82,201301270800
32405,2.24,201301270800
32410,1.8,201301270800
32411,2.21,201301270800
32415,2.35,201301270800
32449,1.09,201301270800
32490,0.91,201301270800
32558,1.78,201301270800
32622,1.63,201301270800
32656,2.45,201301270800
32658,2.37,201301270800
32660,0.51,201301270800
32662,2.05,201301270800
32668,2.74,201301270800
32682,1.39,201301270800
32697,2.43,201301270800
32712,2.43,201301270800
32729,2.23,201301270800
32739,2.28,201301270800
32742,1.84,201301270800
32744,0.64,201301270800
32802,2.42,201301270800
32834,1.05,201301270800
32905,0.68,201301270800
32907,0.6,201301270800
32912,0.95,201301270800
32916,2.67,201301270800
32922,1.16,201301270800
32924,1.69,201301270800
32926,0.65,201301270800
32929,2.69,201301270800
32977,0.93,201301270800
32978,2.03,201301270800
33154,0.9,201301270800
33158,1.41,201301270800
33160,2.97,201301270800
33165,2.03,201301270800
33170,2.35,201301270800
33186,0.96,201301270800
33286,1.69,201301270800
33405,0.94,201301270800
33409,0.79,201301270800
33412,2.11,201301270800
33418,2.17,201301270800
33420,2.86,201301270800
33424,2.21,201301270800
33435,2.99,201301270800
33442,2.85,201301270800
33519,1.18,201301270800
33594,2.31,201301270800
33656,2.45,201301270800
33659,1.69,201301270800
33662,2.16,201301270800
33664,2.91,201301270800
33666,2.02,201301270800
33669,1.67,201301270800
33673,2.41,201301270800
33675,1.03,201301270800
33694,1.41,201301270800
33724,1.59,201301270800
33742,0.83,201301270800
33812,2.69,201301270800
33909,1.69,201301270800
33911,2.86,201301270800
33912,2.93,201301270800
33913,1.05,201301270800
33922,0.65,201301270800
33923,1.21,201301270800
33924,0.91,201301270800
33931,1.16,201301270800
33935,2.11,201301270800
33986,2.04,201301270800
34013,2.1,201301270800
34160,1.98,201301270800
34161,2.5,201301270800
34162,1.05,201301270800
34163,2.3,201301270800
34167,1.26,201301270800
34190,0.59,201301270800
34211,2.84,201301270800
34303,1.93,201301270800
34380,2.58,201301270800
34407,1.87,201301270800
34413,2.25,201301270800
34423,1.85,201301270800
34424,1.12,201301270800
34427,1.46,201301270800
34430,2.09,201301270800
34437,1.79,201301270800
34440,2.42,201301270800
34486,2.79,201301270800
34495,2.43,201301270800
34510,0.58,201301270800
34520,1.3,201301270800
34528,0.82,201301270800
34563,2.85,201301270800
34662,0.91,201301270800
34667,2.24,201301270800
34668,0.73,201301270800
34670,0.64,201301270800
34672,2.41,201301270800
34673,0.61,201301270800
34676,2.48,201301270800
34679,2.54,201301270800
34682,2.45,201301270800
34695,2.26,201301270800
34710,2.88,201301270800
34714,2.89,201301270800
34720,2.38,201301270800
34882,2.22,201301270800
34913,1.19,201301270800
34914,2.37,201301270800
34915,1.86,201301270800
34924,0.89,201301270800
34925,1.54,201301270800
34934,2.61,201301270800
34939,0.96,201301270800
34959,1.69,201301270800
34990,2.63,201301270800
35102,1.93,201301270800
35164,2.81,201301270800
35166,1.72,201301270800
35173,0.84,201301270800
35178,2.8,201301270800
35183,1.34,201301270800
35185,2.23,201301270800
35187,1.92,201301270800
35193,1.89,201301270800
35203,2.73,201301270800
35218,2.64,201301270800
35237,1.5,201301270800
35244,1.21,201301270800
35249,0.9,201301270800
35295,2.52,201301270800
35368,0.9,201301270800
35410,1.34,201301270800
35414,2.77,201301270800
35415,1.4,201301270800
35417,1.21,201301270800
35421,1.59,201301270800
35440,2.26,201301270800
35455,1.18,201301270800
35492,0.67,201301270800
35515,1.71,201301270800
35665,0.74,201301270800
35675,1.23,201301270800
35683,1.9,201301270800
35686,1.21,201301270800
35700,1.78,201301270800
35745,0.88,201301270800
35755,1.38,201301270800
35769,1.07,201301270800
35916,1.28,201301270800
35917,1.14,201301270800
35918,2.89,201301270800
35919,1.07,201301270800
35921,0.55,201301270800
35929,2.65,201301270800
35931,2.63,201301270800
35941,1.95,201301270800
35944,1.07,201301270800
35971,2.83,201301270800
35981,2.47,201301270800
35992,1.02,201301270800
35994,2.92,201301270800
36067,2.6,201301270800
36162,1.42,201301270800
36167,0.51,201301270800
36169,1.61,201301270800
36170,1.38,201301270800
36173,1.67,201301270800
36176,2.97,201301270800
36177,0.65,201301270800
36205,0.75,201301270800
36237,2.3,201301270800
36245,2.5,201301270800
36246,1.24,201301270800
36293,0.99,201301270800
36311,1.06,201301270800
36417,1.04,201301270800
36420,0.93,201301270800
36421,1.55,201301270800
36441,2.72,201301270800
36448,1.61,201301270800
36494,2.35,201301270800
36498,1.39,201301270800
36502,1.12,201301270800
36510,0.52,201301270800
36513,1.87,201301270800
36519,2.3,201301270800
36524,2.24,201301270800
36576,2.99,201301270800
36668,1.7,201301270800
36673,2.51,201301270800
36675,1.01,201301270800
36677,2.95,201301270800
36679,2.33,201301270800
36682,0.58,201301270800
36688,2.56,201301270800
36690,0.79,201301270800
36711,2.0,201301270800
36717,0.66,201301270800
36758,2.68,201301270800
36889,2.11,201301270800
36915,1.37,201301270800
36918,1.45,201301270800
36933,2.91,201301270800
36934,2.72,201301270800
36953,2.98,201301270800
36959,1.27,201301270800
36996,2.97,201301270800
36999,2.05,201301270800
37001,1.98,201301270800
37167,2.67,201301270800
37168,2.2,201301270800
37169,1.35,201301270800
37172,1.74,201301270800
37176,1.73,201301270800
37178,1.85,201301270800
37179,2.78,201301270800
37182,2.89,201301270800
37192,2.9,201301270800
37200,2.01,201301270800
37206,1.0,201301270800
37232,1.92,201301270800
37239,1.74,201301270800
37270,0.72,201301270800
37298,0.87,201301270800
37304,1.55,201301270800
37419,0.52,201301270800
37421,2.97,201301270800
37423,2.82,201301270800
37425,0.65,201301270800
37446,1.18,201301270800
37454,1.82,201301270800
37477,2.23,201301270800
37487,2.68,201301270800
37501,2.48,201301270800
37503,2.41,201301270800
37513,0.98,201301270800
37523,1.62,201301270800
37562,1.12,201301270800
37609,0.69,201301270800
37642,1.16,201301270800
37643,1.07,201301270800
37670,1.25,201301270800
37671,2.92,201301270800
37672,1.61,201301270800
37676,2.53,201301270800
37688,0.8,201301270800
37689,2.94,201301270800
37690,1.31,201301270800
37695,2.24,201301270800
37701,1.66,201301270800
37710,2.64,201301270800
37711,2.74,201301270800
37754,1.37,201301270800
37874,2.63,201301270800
37891,0.82,201301270800
37893,1.16,201301270800
37894,0.59,201301270800
37926,0.82,201301270800
37928,0.55,201301270800
37929,2.01,201301270800
37932,1.62,201301270800
37936,1.2,201301270800
37943,1.53,201301270800
37952,1.45,201301270800
37962,2.67,201301270800
37968,0.94,201301270800
38003,1.69,201301270800
38060,2.62,201301270800
38145,2.58,201301270800
38172,2.62,201301270800
38173,0.97,201301270800
38178,0.72,201301270800
38200,2.97,201301270800
38204,2.59,201301270800
38209,0.69,201301270800
38215,1.26,201301270800
38220,2.86,201301270800
38225,2.86,201301270800
38228,0.75,201301270800
38230,1.15,201301270800
38243,1.17,201301270800
38247,0.86,201301270800
38255,1.99,201301270800
38263,0.89,201301270800
38268,1.42,201301270800
38272,0.78,201301270800
38367,2.44,201301270800
38381,1.5,201301270800
38423,1.23,201301270800
38425,2.71,201301270800
38426,1.73,201301270800
38431,2.67,201301270800
38440,1.28,201301270800
38479,0.88,201301270800
38481,2.57,201301270800
38483,2.12,201301270800
38488,0.84,201301270800
38490,0.54,201301270800
38498,2.69,201301270800
38499,2.51,201301270800
38500,1.78,201301270800
38505,1.25,201301270800
38506,1.46,201301270800
38508,1.13,201301270800
38517,2.94,201301270800
38534,0.82,201301270800
38648,1.39,201301270800
38674,2.36,201301270800
38676,1.59,201301270800
38679,1.58,201301270800
38684,2.29,201301270800
38693,0.98,201301270800
38697,2.93,201301270800
38716,0.56,201301270800
38722,1.28,201301270800
38736,3.0,201301270800
38738,1.15,201301270800
38752,2.03,201301270800
38753,1.13,201301270800
38758,2.18,201301270800
38760,2.06,201301270800
38761,1.74,201301270800
38762,2.16,201301270800
38766,1.63,201301270800
38769,1.62,201301270800
38778,1.62,201301270800
38812,0.74,201301270800
38939,2.43,201301270800
38953,1.86,201301270800
38958,0.99,201301270800
38967,0.89,201301270800
39006,2.71,201301270800
39008,1.88,201301270800
39010,2.57,201301270800
39011,1.02,201301270800
39017,1.41,201301270800
39113,1.49,201301270800
39148,0.83,201301270800
39149,1.53,201301270800
39176,2.37,201301270800
39178,2.56,201301270800
39191,2.33,201301270800
39201,1.35,201301270800
39230,2.07,201301270800
39236,2.1,201301270800
39246,2.57,201301270800
39252,2.26,201301270800
39255,2.41,201301270800
39260,1.64,201301270800
39262,2.26,201301270800
39263,1.03,201301270800
39268,0.83,201301270800
39269,0.74,201301270800
39271,2.61,201301270800
39274,0.61,201301270800
39275,1.39,201301270800
39375,0.85,201301270800
39391,0.69,201301270800
39427,0.96,201301270800
39428,2.14,201301270800
39430,2.85,201301270800
39433,1.58,201301270800
39446,1.62,201301270800
39457,1.57,201301270800
39514,1.7,201301270800
39515,1.2,201301270800
39516,2.94,201301270800
39517,1.96,201301270800
39535,1.97,201301270800
39554,1.57,201301270800
39559,2.64,201301270800
39631,1.64,201301270800
39632,2.12,201301270800
39633,1.27,201301270800
39652,1.85,201301270800
39683,1.31,201301270800
39687,1.49,201301270800
39706,1.59,201301270800
39710,2.66,201301270800
39722,2.02,201301270800
39731,1.91,201301270800
39750,0.73,201301270800
39755,0.52,201301270800
39759,0.8,201301270800
39762,1.74,201301270800
39764,2.32,201301270800
39765,1.7,201301270800
39766,2.68,201301270800
39767,0.89,201301270800
39769,1.35,201301270800
39772,0.97,201301270800
39776,2.09,201301270800
39777,0.58,201301270800
39790,2.75,201301270800
39791,1.92,201301270800
39796,0.52,201301270800
39832,2.98,201301270800
39883,0.9,201301270800
39930,1.37,201301270800
39932,2.94,201301270800
39941,1.11,201301270800
39948,1.47,201301270800
39969,2.41,201301270800
40018,1.18,201301270800
40031,0.81,201301270800
40133,1.73,201301270800
40180,1.97,201301270800
40188,2.19,201301270800
40196,1.98,201301270800
40242,0.64,201301270800
40246,1.31,201301270800
40259,2.79,201301270800
40264,1.29,201301270800
40267,1.89,201301270800
40268,2.94,201301270800
40270,2.69,201301270800
40276,1.2,201301270800
40286,0.89,201301270800
40295,0.65,201301270800
40431,2.46,201301270800
40432,1.3,201301270800
40442,1.61,201301270800
40447,1.55,201301270800
40448,2.94,201301270800
40451,2.29,201301270800
40457,2.05,201301270800
40500,1.87,201301270800
40512,1.81,201301270800
40518,2.25,201301270800
40519,2.65,201301270800
40522,0.54,201301270800
40524,1.49,201301270800
40525,2.54,201301270800
40532,1.69,201301270800
40560,2.87,201301270800
40566,2.68,201301270800
40633,2.43,201301270800
40687,2.15,201301270800
40713,0.62,201301270800
40719,0.62,201301270800
40732,1.38,201301270800
40733,0.88,201301270800
40766,1.95,201301270800
40810,1.81,201301270800
40894,1.26,201301270800
40933,0.83,201301270800
40936,1.57,201301270800
40939,1.22,201301270800
40954,1.72,201301270800
40982,1.9,201301270800
41021,1.09,201301270800
41024,1.52,201301270800
41061,1.9,201301270800
41145,1.91,201301270800
41157,2.09,201301270800
41183,1.84,201301270800
41200,1.03,201301270800
41262,0.99,201301270800
41265,2.69,201301270800
41270,2.37,201301270800
41277,1.46,201301270800
41318,0.88,201301270800
41401,2.41,201301270800
41407,0.99,201301270800
41437,1.43,201301270800
41459,1.21,201301270800
41465,2.44,201301270800
41469,1.64,201301270800
41508,1.02,201301270800
41520,1.06,201301270800
41522,1.93,201301270800
41526,1.8,201301270800
41532,1.75,201301270800
41558,1.95,201301270800
41635,0.98,201301270800
41653,1.82,201301270800
41658,1.76,201301270800
41692,0.66,201301270800
41696,0.72,201301270800
41764,2.24,201301270800
41772,2.67,201301270800
41893,2.25,201301270800
41904,1.79,201301270800
41905,2.74,201301270800
41936,2.36,201301270800
41941,1.25,201301270800
41958,1.78,201301270800
41990,2.88,201301270800
42023,2.9,201301270800
42026,1.35,201301270800
42029,2.36,201301270800
42074,2.37,201301270800
42085,1.06,201301270800
42095,1.18,201301270800
42147,1.65,201301270800
42160,1.56,201301270800
42200,1.97,201301270800
42213,1.13,201301270800
42267,1.97,201301270800
42271,0.5,201301270800
42274,1.0,201301270800
42283,2.47,201301270800
42291,2.36,201301270800
42342,2.59,201301270800
42411,0.66,201301270800
42438,2.45,201301270800
42454,2.91,201301270800
42471,1.6,201301270800
42478,2.06,201301270800
42487,1.11,201301270800
42503,2.66,201301270800
42514,1.84,201301270800
42521,1.71,201301270800
42533,1.86,201301270800
42644,1.81,201301270800
42661,1.2,201301270800
42695,2.61,201301270800
42744,2.24,201301270800
42750,0.69,201301270800
42846,1.64,201301270800
42905,1.3,201301270800
42912,1.81,201301270800
42939,2.03,201301270800
42940,1.49,201301270800
42944,0.74,201301270800
42949,1.3,201301270800
43011,1.75,201301270800
43021,2.31,201301270800
43030,2.34,201301270800
43151,2.77,201301270800
43160,0.89,201301270800
43162,2.95,201301270800
43213,0.93,201301270800
43220,2.8,201301270800
43261,2.37,201301270800
43412,2.36,201301270800
43413,1.12,201301270800
43440,1.02,201301270800
43443,1.09,201301270800
43449,1.56,201301270800
43483,2.74,201301270800
43484,2.15,201301270800
43494,1.7,201301270800
43518,1.54,201301270800
43523,1.5,201301270800
43526,2.87,201301270800
43530,2.97,201301270800
43571,0.62,201301270800
43642,1.58,201301270800
43662,2.37,201301270800
43738,2.97,201301270800
43760,2.19,201301270800
43779,2.78,201301270800
43914,0.81,201301270800
43957,2.06,201301270800
43980,1.31,201301270800
43984,0.59,201301270800
43992,2.11,201301270800
43995,0.58,201301270800
44002,1.93,201301270800
44039,2.41,201301270800
44194,2.66,201301270800
44197,0.97,201301270800
44204,2.07,201301270800
44215,1.13,201301270800
44226,0.89,201301270800
44247,2.47,201301270800
44255,2.08,201301270800
44282,0.75,201301270800
44284,2.92,201301270800
44356,2.38,201301270800
44470,0.51,201301270800
44486,0.69,201301270800
44503,1.22,201301270800
44504,2.75,201301270800
44510,1.99,201301270800
44517,1.02,201301270800
44534,1.41,201301270800
44578,0.5,201301270800
44666,1.06,201301270800
44694,1.11,201301270800
44697,2.48,201301270800
44716,2.22,201301270800
44724,1.13,201301270800
44743,2.43,201301270800
44755,2.89,201301270800
44756,0.58,201301270800
44757,1.09,201301270800
44758,2.89,201301270800
44786,1.9,201301270800
44787,1.99,201301270800
44911,2.94,201301270800
44963,1.18,201301270800
45005,1.15,201301270800
45006,0.69,201301270800
45007,1.61,201301270800
45008,0.51,201301270800
45039,2.8,201301270800
45114,1.53,201301270800
45168,1.45,201301270800
45200,1.03,201301270800
45203,2.43,201301270800
45208,2.48,201301270800
45237,2.74,201301270800
45254,2.98,201301270800
45256,1.42,201301270800
45258,3.0,201301270800
45261,2.46,201301270800
45265,2.27,201301270800
45266,0.79,201301270800
45401,0.9,201301270800
45479,1.77,201301270800
45502,2.67,201301270800
45507,2.89,201301270800
45509,2.99,201301270800
45526,1.64,201301270800
45538,2.8,201301270800
45582,0.75,201301270800
45661,0.58,201301270800
45701,1.78,201301270800
45703,0.78,201301270800
45716,1.91,201301270800
45720,1.23,201301270800
45725,1.79,201301270800
45735,2.81,201301270800
45747,0.74,201301270800
45766,2.54,201301270800
45793,0.69,201301270800
45795,0.79,201301270800
45919,2.14,201301270800
45948,1.02,201301270800
46008,1.63,201301270800
46036,0.69,201301270800
46041,2.34,201301270800
46052,1.47,201301270800
46074,2.23,201301270800
46145,2.22,201301270800
46202,2.42,201301270800
46209,0.79,201301270800
46242,2.31,201301270800
46265,2.32,201301270800
46372,2.35,201301270800
46384,1.44,201301270800
46455,0.72,201301270800
46508,0.63,201301270800
46523,2.66,201301270800
46538,1.66,201301270800
46565,0.99,201301270800
46574,2.38,201301270800
46626,1.91,201301270800
46700,1.34,201301270800
46738,2.59,201301270800
46770,1.32,201301270800
46778,1.9,201301270800
46787,2.08,201301270800
46803,0.8,201301270800
46954,0.64,201301270800
46964,2.27,201301270800
46972,0.75,201301270800
46976,0.7,201301270800
46981,2.35,201301270800
47011,2.15,201301270800
47015,2.41,201301270800
47047,2.16,201301270800
47253,0.86,201301270800
47288,1.52,201301270800
47295,2.34,201301270800
47342,0.73,201301270800
47454,1.53,201301270800
47535,1.51,201301270800
47543,1.8,201301270800
47705,2.64,201301270800
47709,1.38,201301270800
47711,2.32,201301270800
47758,2.24,201301270800
47806,2.84,201301270800
47889,2.56,201301270800
47926,1.87,201301270800
47968,1.2,201301270800
47972,0.85,201301270800
47977,0.51,201301270800
47982,1.38,201301270800
48032,2.63,201301270800
48209,1.35,201301270800
48239,2.57,201301270800
48244,1.71,201301270800
48278,1.93,201301270800
48420,1.15,201301270800
48427,0.79,201301270800
48499,0.68,201301270800
48503,1.92,201301270800
48552,2.94,201301270800
48584,0.96,201301270800
48713,2.65,201301270800
48759,2.92,201301270800
48848,0.72,201301270800
48898,1.54,201301270800
49017,1.59,201301270800
49049,2.72,201301270800
49229,0.93,201301270800
49241,0.52,201301270800
49472,1.23,201301270800
49483,1.35,201301270800
49542,2.54,201301270800
49555,2.14,201301270800
49679,0.89,201301270800
49750,0.85,201301270800
49760,2.66,201301270800
49777,0.84,201301270800
49968,2.4,201301270800
50053,1.63,201301270800
50103,2.52,201301270800
50180,1.83,201301270800
50285,1.65,201301270800
50430,1.29,201301270800
50470,1.06,201301270800
50494,2.84,201301270800
50511,2.17,201301270800
50549,0.85,201301270800
50680,2.01,201301270800
50682,0.8,201301270800
50731,0.63,201301270800
50812,2.74,201301270800
50872,2.06,201301270800
51029,1.6,201301270800
51046,0.56,201301270800
51053,0.76,201301270800
51056,0.95,201301270800
51162,0.85,201301270800
51177,2.69,201301270800
51182,2.49,201301270800
51228,2.15,201301270800
51258,0.92,201301270800
51430,0.82,201301270800
51431,2.31,201301270800
51432,0.9,201301270800
51520,1.13,201301270800
51681,1.09,201301270800
51682,1.35,201301270800
51725,1.51,201301270800
51790,0.96,201301270800
51832,0.8,201301270800
51857,2.26,201301270800
51931,2.45,201301270800
51932,1.63,201301270800
51986,0.69,201301270800
52003,0.74,201301270800
52182,2.03,201301270800
52244,1.84,201301270800
52259,0.64,201301270800
52280,0.84,201301270800
52319,1.13,201301270800
52473,2.3,201301270800
52518,1.28,201301270800
52631,0.88,201301270800
52679,1.9,201301270800
52729,2.91,201301270800
52811,1.04,201301270800
52983,1.64,201301270800
52988,0.54,201301270800
52993,1.87,201301270800
53000,0.63,201301270800
53016,2.67,201301270800
53027,2.46,201301270800
53072,1.69,201301270800
53090,2.07,201301270800
53177,1.91,201301270800
53178,2.46,201301270800
53381,0.57,201301270800
53427,1.0,201301270800
53429,2.83,201301270800
53761,2.68,201301270800
53774,1.26,201301270800
53797,2.95,201301270800
53810,2.23,201301270800
53822,0.61,201301270800
53864,1.84,201301270800
53927,2.09,201301270800
54038,2.15,201301270800
54071,0.69,201301270800
54234,1.44,201301270800
54281,2.54,201301270800
54284,2.52,201301270800
54327,0.94,201301270800
54334,0.6,201301270800
54349,1.65,201301270800
54427,1.15,201301270800
54503,1.39,201301270800
54510,1.91,201301270800
54520,1.74,201301270800
54550,0.54,201301270800
54578,1.66,201301270800
54678,2.68,201301270800
54828,2.17,201301270800
54983,1.94,201301270800
54996,0.62,201301270800
55070,2.35,201301270800
55329,2.73,201301270800
55331,0.52,201301270800
55535,2.86,201301270800
55633,1.3,201301270800
55680,1.17,201301270800
55761,0.96,201301270800
55831,2.05,201301270800
55832,2.53,201301270800
55838,1.32,201301270800
55845,1.45,201301270800
56106,1.76,201301270800
56493,2.18,201301270800
56571,1.87,201301270800
56586,2.32,201301270800
56587,1.76,201301270800
56591,1.27,201301270800
56738,1.91,201301270800
56835,2.96,201301270800
56882,0.56,201301270800
56887,1.05,201301270800
56888,0.77,201301270800
56933,0.56,201301270800
56934,1.14,201301270800
57042,2.0,201301270800
57062,2.17,201301270800
57189,2.3,201301270800
57261,0.73,201301270800
57329,1.58,201301270800
57342,2.59,201301270800
57376,1.62,201301270800
57378,2.7,201301270800
57380,1.77,201301270800
57397,0.81,201301270800
57440,0.71,201301270800
57495,2.31,201301270800
57523,0.51,201301270800
57555,2.46,201301270800
57597,2.1,201301270800
57613,0.6,201301270800
57615,2.14,201301270800
57628,0.92,201301270800
57631,1.27,201301270800
57823,0.6,201301270800
57837,1.72,201301270800
57851,2.29,201301270800
57852,1.25,201301270800
57906,0.92,201301270800
58179,1.1,201301270800
58251,1.81,201301270800
58421,1.28,201301270800
58511,0.82,201301270800
58632,1.16,201301270800
58744,1.35,201301270800
58802,2.26,201301270800
58814,1.04,201301270800
58879,0.8,201301270800
58892,2.72,201301270800
59010,2.64,201301270800
59043,2.37,201301270800
59104,1.77,201301270800
59125,1.83,201301270800
59134,1.49,201301270800
59285,2.98,201301270800
59329,2.01,201301270800
59555,2.71,201301270800
59635,2.04,201301270800
59745,0.78,201301270800
59927,1.64,201301270800
59941,1.54,201301270800
60008,1.61,201301270800
60011,2.22,201301270800
60114,1.64,201301270800
60141,1.24,201301270800
60147,0.96,201301270800
60331,1.75,201301270800
60344,2.53,201301270800
60350,1.52,201301270800
60578,0.92,201301270800
60593,2.38,201301270800
60613,1.68,201301270800
60630,1.06,201301270800
60635,1.53,201301270800
60649,1.35,201301270800
60750,0.64,201301270800
60774,1.52,201301270800
60819,1.2,201301270800
60880,2.2,201301270800
60888,2.94,201301270800
61062,0.63,201301270800
61110,1.8,201301270800
61263,1.77,201301270800
61343,0.69,201301270800
61591,1.13,201301270800
61597,2.74,201301270800
61654,2.08,201301270800
61818,1.63,201301270800
62077,2.07,201301270800
62104,1.56,201301270800
62135,1.52,201301270800
62140,1.3,201301270800
62252,2.33,201301270800
62558,0.67,201301270800
62589,2.06,201301270800
62757,0.7,201301270800
62772,0.51,201301270800
62850,1.85,201301270800
62926,1.44,201301270800
62948,1.41,201301270800
63044,1.38,201301270800
63153,2.47,201301270800
63383,1.2,201301270800
63397,0.56,201301270800
63398,0.71,201301270800
63407,0.64,201301270800
63574,1.09,201301270800
63586,2.2,201301270800
63816,1.37,201301270800
64102,1.23,201301270800
64150,1.44,201301270800
64200,1.47,201301270800
64515,1.82,201301270800
64529,1.96,201301270800
64573,1.34,201301270800
64581,2.15,201301270800
64815,1.05,201301270800
64915,2.65,201301270800
65059,0.82,201301270800
65144,1.34,201301270800
65320,1.96,201301270800
65375,2.83,201301270800
65454,1.88,201301270800
65528,2.59,201301270800
65607,2.61,201301270800
65774,1.11,201301270800
65838,2.49,201301270800
66068,2.86,201301270800
66084,2.97,201301270800
66151,1.26,201301270800
66353,0.72,201301270800
66538,1.23,201301270800
66575,0.93,201301270800
66637,0.64,201301270800
66827,1.39,201301270800
66870,1.46,201301270800
67110,2.0,201301270800
67207,1.98,201301270800
67335,0.76,201301270800
67385,1.17,201301270800
67599,1.82,201301270800
67601,1.88,201301270800
67602,0.79,201301270800
67698,0.69,201301270800
67824,0.84,201301270800
67842,1.12,201301270800
67854,2.03,201301270800
67855,0.85,201301270800
67918,0.86,201301270800
68103,2.86,201301270800
68104,1.23,201301270800
68110,0.73,201301270800
68111,1.41,201301270800
68349,1.88,201301270800
68354,1.71,201301270800
68356,2.49,201301270800
68454,2.21,201301270800
68455,1.3,201301270800
68587,1.02,201301270800
68857,2.12,201301270800
68858,1.44,201301270800
68897,0.95,201301270800
68924,0.79,201301270800
68930,1.18,201301270800
69106,0.57,201301270800
69190,0.88,201301270800
69206,2.64,201301270800
69359,1.78,201301270800
69371,1.6,201301270800
69455,1.64,201301270800
69582,2.33,201301270800
69613,2.53,201301270800
69676,2.47,201301270800
70115,2.36,201301270800
70132,0.57,201301270800
70181,0.58,201301270800
70342,1.18,201301270800
70352,2.81,201301270800
70360,2.92,201301270800
70374,1.85,201301270800
70440,1.11,201301270800
70462,0.9,201301270800
70619,1.72,201301270800
70659,1.09,201301270800
70715,1.91,201301270800
70903,2.93,201301270800
70934,1.12,201301270800
70961,1.18,201301270800
71122,1.23,201301270800
71187,1.04,201301270800
71399,0.63,201301270800
71601,2.95,201301270800
71629,1.73,201301270800
71888,1.57,201301270800
71961,2.31,201301270800
71964,2.15,201301270800
72201,0.91,201301270800
72218,1.22,201301270800
72345,2.98,201301270800
72367,2.27,201301270800
72407,1.65,201301270800
72416,1.33,201301270800
72706,1.35,201301270800
72894,0.97,201301270800
73104,2.88,201301270800
73135,1.0,201301270800
73211,2.2,201301270800
73223,2.08,201301270800
73451,2.13,201301270800
73460,2.93,201301270800
73461,2.99,201301270800
73557,0.58,201301270800
73669,1.78,201301270800
74158,1.9,201301270800
74216,1.31,201301270800
74388,2.07,201301270800
74396,1.88,201301270800
74466,0.53,201301270800
74467,2.5,201301270800
74638,0.83,201301270800
74677,1.36,201301270800
74678,1.7,201301270800
74711,1.56,201301270800
74721,2.93,201301270800
74962,2.99,201301270800
74968,2.51,201301270800
74973,2.1,201301270800
75224,0.95,201301270800
75329,0.95,201301270800
75386,1.48,201301270800
75424,1.12,201301270800
75436,1.63,201301270800
75475,0.64,201301270800
75619,0.85,201301270800
75721,0.82,201301270800
75722,2.59,201301270800
75724,1.75,201301270800
75725,2.9,201301270800
75726,1.86,201301270800
75727,2.51,201301270800
75974,2.41,201301270800
75975,1.06,201301270800
76133,0.84,201301270800
76227,2.2,201301270800
76393,1.99,201301270800
76473,1.7,201301270800
76477,2.56,201301270800
76654,1.97,201301270800
76728,0.87,201301270800
76959,1.26,201301270800
77169,2.31,201301270800
77230,1.11,201301270800
77381,1.8,201301270800
77458,2.57,201301270800
77641,1.6,201301270800
77942,1.43,201301270800
77981,0.68,201301270800
78205,2.59,201301270800
78418,2.61,201301270800
78654,2.55,201301270800
78733,1.4,201301270800
78881,1.63,201301270800
78896,2.03,201301270800
78909,0.99,201301270800
78983,1.35,201301270800
79234,2.7,201301270800
79379,2.91,201301270800
79394,0.89,201301270800
79484,0.58,201301270800
79712,2.28,201301270800
79911,1.59,201301270800
79915,1.45,201301270800
80160,1.42,201301270800
80161,2.68,201301270800
80193,1.95,201301270800
80352,2.86,201301270800
80397,2.69,201301270800
80406,1.44,201301270800
80411,0.81,201301270800
80412,2.59,201301270800
80413,2.48,201301270800
80420,1.85,201301270800
80485,1.73,201301270800
80635,2.93,201301270800
80659,2.44,201301270800
80663,0.85,201301270800
80664,1.16,201301270800
80703,1.29,201301270800
80877,0.97,201301270800
80916,2.37,201301270800
81163,0.8,201301270800
81164,1.83,201301270800
81354,1.73,201301270800
81363,1.48,201301270800
81390,2.44,201301270800
81625,2.57,201301270800
81651,0.66,201301270800
81899,1.87,201301270800
82135,1.54,201301270800
82168,1.23,201301270800
82169,1.79,201301270800
82237,2.98,201301270800
82613,2.56,201301270800
82622,2.46,201301270800
82664,0.53,201301270800
82892,0.94,201301270800
82951,2.97,201301270800
83410,2.41,201301270800
83489,0.92,201301270800
83735,2.53,201301270800
83865,1.26,201301270800
84123,2.12,201301270800
84179,1.15,201301270800
84207,1.08,201301270800
84212,1.37,201301270800
84221,2.57,201301270800
84366,0.9,201301270800
84689,2.96,201301270800
84712,1.73,201301270800
84902,2.57,201301270800
85474,1.32,201301270800
85487,1.37,201301270800
85620,1.7,201301270800
85705,0.63,201301270800
85715,2.33,201301270800
85738,1.57,201301270800
86440,0.56,201301270800
86622,2.34,201301270800
86623,0.68,201301270800
86672,0.54,201301270800
86873,0.74,201301270800
86895,1.94,201301270800
87121,2.19,201301270800
87227,1.8,201301270800
87460,1.13,201301270800
87690,2.72,201301270800
87873,2.65,201301270800
88242,2.62,201301270800
88463,2.08,201301270800
89120,0.66,201301270800
89152,0.79,201301270800
89175,2.7,201301270800
89198,2.7,201301270800
89615,1.8,201301270800
89625,2.4,201301270800
90116,1.99,201301270800
90183,1.78,201301270800
90497,1.33,201301270800
90699,2.53,201301270800
90719,1.03,201301270800
91200,0.9,201301270800
91432,2.03,201301270800
91434,2.31,201301270800
91684,0.7,201301270800
91713,2.86,201301270800
91744,1.22,201301270800
92233,1.38,201301270800
93205,0.89,201301270800
93244,0.95,201301270800
93252,1.16,201301270800
93463,0.72,201301270800
93675,2.68,201301270800
93944,2.51,201301270800
94431,1.69,201301270800
94710,1.64,201301270800
94755,0.76,201301270800
94997,2.33,201301270800
95000,0.55,201301270800
95707,2.39,201301270800
95949,2.54,201301270800
95998,1.93,201301270800
96188,1.36,201301270800
96225,1.11,201301270800
96249,1.28,201301270800
96468,1.87,201301270800
96486,1.47,201301270800
96718,2.87,201301270800
96972,1.57,201301270800
96995,1.27,201301270800
97251,0.6,201301270800
97440,1.37,201301270800
97471,0.77,201301270800
97969,1.97,201301270800
97990,0.89,201301270800
98224,2.18,201301270800
98229,0.83,201301270800
98450,1.77,201301270800
98475,2.98,201301270800
98739,0.58,201301270800
99256,0.69,201301270800
99468,2.99,201301270800
99730,2.14,201301270800
101215,0.73,201301270800
101911,1.08,201301270800
101912,0.66,201301270800
101989,2.0,201301270800
102999,2.08,201301270800
103242,0.74,201301270800
103431,2.06,201301270800
104177,1.67,201301270800
104221,2.23,201301270800
104239,2.28,201301270800
104701,2.11,201301270800
104984,1.45,201301270800
105196,1.18,201301270800
105219,1.3,201301270800
105460,0.64,201301270800
105461,2.62,201301270800
105481,0.82,201301270800
105489,1.68,201301270800
105709,1.16,201301270800
105710,1.96,201301270800
105711,1.92,201301270800
105712,1.43,201301270800
105713,2.88,201301270800
105715,2.59,201301270800
105726,1.12,201301270800
105727,2.78,201301270800
105736,2.94,201301270800
105960,0.92,201301270800
105961,2.38,201301270800
105962,0.87,201301270800
105963,2.27,201301270800
105964,0.89,201301270800
105975,2.79,201301270800
106195,1.65,201301270800
106213,1.55,201301270800
106214,0.65,201301270800
106215,2.81,201301270800
106221,1.71,201301270800
106231,1.14,201301270800
106232,1.19,201301270800
106234,1.78,201301270800
106235,1.16,201301270800
106237,2.03,201301270800
106446,2.9,201301270800
106447,1.9,201301270800
106462,2.98,201301270800
106463,1.27,201301270800
106465,0.53,201301270800
106466,0.87,201301270800
106467,1.81,201301270800
106480,0.84,201301270800
106712,2.77,201301270800
106717,0.78,201301270800
106718,2.72,201301270800
106741,1.56,201301270800
106958,0.62,201301270800
106964,1.57,201301270800
106965,2.85,201301270800
106966,2.91,201301270800
106967,1.29,201301270800
106971,0.67,201301270800
106983,1.69,201301270800
106997,2.14,201301270800
107200,2.43,201301270800
107212,1.61,201301270800
107219,2.58,201301270800
107240,1.95,201301270800
107460,1.14,201301270800
107465,1.67,201301270800
107466,2.52,201301270800
107468,1.37,201301270800
107491,2.0,201301270800
107711,0.87,201301270800
107725,1.02,201301270800
107726,1.02,201301270800
107954,1.34,201301270800
107966,2.65,201301270800
107971,0.89,201301270800
107979,0.58,201301270800
107993,2.67,201301270800
108205,1.93,201301270800
108211,2.92,201301270800
108214,1.47,201301270800
108215,0.65,201301270800
108217,2.13,201301270800
108219,2.55,201301270800
108220,2.09,201301270800
108222,1.99,201301270800
108225,2.24,201301270800
108230,1.67,201301270800
108454,0.78,201301270800
108463,2.7,201301270800
108499,2.84,201301270800
108717,1.97,201301270800
108722,1.67,201301270800
108724,2.53,201301270800
108733,1.08,201301270800
108968,0.8,201301270800
108975,1.38,201301270800
108984,2.02,201301270800
108985,1.37,201301270800
109216,0.95,201301270800
109219,0.62,201301270800
109222,0.92,201301270800
109227,1.38,201301270800
109231,1.85,201301270800
109236,0.8,201301270800
109245,2.52,201301270800
109473,2.49,201301270800
109487,1.54,201301270800
109494,1.38,201301270800
109495,2.51,201301270800
109496,2.06,201301270800
109497,1.8,201301270800
109742,1.3,201301270800
109744,2.83,201301270800
109748,1.85,201301270800
109750,2.88,201301270800
109980,0.72,201301270800
109991,1.32,201301270800
109994,2.57,201301270800
109998,2.37,201301270800
110001,1.19,201301270800
110243,1.49,201301270800
110247,2.01,201301270800
110249,0.91,201301270800
110251,2.9,201301270800
110253,2.82,201301270800
110254,0.7,201301270800
