cell,mobility,dtg
1610,1.99,201301290800
1846,1.47,201301290800
1851,1.45,201301290800
1853,0.82,201301290800
1856,1.24,201301290800
1857,1.41,201301290800
2103,1.59,201301290800
2105,0.83,201301290800
2106,1.87,201301290800
2107,0.79,201301290800
2114,2.61,201301290800
2342,2.37,201301290800
2347,1.27,201301290800
2351,0.66,201301290800
2354,2.09,201301290800
2357,2.89,201301290800
2372,2.75,201301290800
2374,2.2,201301290800
2591,2.4,201301290800
2595,2.4,201301290800
2605,2.47,201301290800
2611,0.59,201301290800
2615,2.63,201301290800
2620,2.85,201301290800
2627,2.34,201301290800
2839,2.19,201301290800
2847,1.79,201301290800
3086,2.84,201301290800
3094,0.52,201301290800
3100,1.13,201301290800
3124,0.92,201301290800
3128,0.98,201301290800
3334,1.59,201301290800
3337,2.64,201301290800
3375,2.7,201301290800
3614,1.61,201301290800
3619,1.94,201301290800
3632,1.39,201301290800
3635,0.67,201301290800
3830,2.3,201301290800
3831,0.88,201301290800
3833,3.0,201301290800
3837,1.88,201301290800
3845,0.62,201301290800
3856,2.15,201301290800
3860,2.89,201301290800
3865,1.1,201301290800
4078,2.92,201301290800
4081,2.58,201301290800
4137,2.61,201301290800
4141,1.72,201301290800
4142,0.99,201301290800
4328,2.27,201301290800
4329,0.91,201301290800
4341,1.36,201301290800
4345,0.51,201301290800
4348,2.72,201301290800
4354,1.9,201301290800
4372,2.34,201301290800
4577,1.58,201301290800
4578,1.15,201301290800
4580,1.73,201301290800
4582,1.65,201301290800
4605,2.78,201301290800
4608,1.14,201301290800
4631,0.61,201301290800
4636,1.64,201301290800
4637,0.51,201301290800
4829,0.78,201301290800
4830,2.55,201301290800
4831,2.12,201301290800
4834,1.54,201301290800
4837,2.3,201301290800
4852,1.08,201301290800
4863,2.23,201301290800
4868,1.48,201301290800
4890,2.35,201301290800
4891,1.63,201301290800
5078,1.29,201301290800
5081,0.9,201301290800
5084,2.48,201301290800
5127,2.07,201301290800
5153,1.64,201301290800
5327,0.82,201301290800
5329,2.02,201301290800
5333,2.26,201301290800
5334,2.95,201301290800
5339,1.22,201301290800
5369,1.54,201301290800
5402,1.04,201301290800
5410,1.28,201301290800
5577,2.67,201301290800
5581,2.83,201301290800
5592,1.72,201301290800
5612,2.99,201301290800
5623,1.66,201301290800
5876,2.01,201301290800
5893,2.68,201301290800
5898,2.71,201301290800
6078,0.76,201301290800
6118,2.92,201301290800
6136,1.52,201301290800
6158,1.01,201301290800
6159,0.84,201301290800
6333,1.71,201301290800
6353,1.14,201301290800
6365,2.39,201301290800
6366,0.91,201301290800
6414,2.85,201301290800
6588,2.42,201301290800
6609,2.72,201301290800
6635,1.73,201301290800
6668,2.88,201301290800
6841,2.21,201301290800
6849,1.2,201301290800
6896,2.09,201301290800
6924,1.61,201301290800
6928,1.21,201301290800
6935,1.52,201301290800
6939,2.28,201301290800
7077,2.09,201301290800
7078,1.93,201301290800
7085,2.17,201301290800
7088,2.3,201301290800
7113,2.35,201301290800
7114,2.55,201301290800
7129,0.71,201301290800
7133,0.7,201301290800
7165,2.19,201301290800
7192,2.76,201301290800
7354,2.11,201301290800
7375,0.7,201301290800
7379,1.34,201301290800
7401,1.36,201301290800
7410,0.87,201301290800
7436,1.93,201301290800
7584,2.25,201301290800
7646,2.95,201301290800
7849,2.15,201301290800
7871,2.99,201301290800
7927,1.25,201301290800
7948,1.52,201301290800
8080,2.78,201301290800
8170,0.51,201301290800
8182,2.4,201301290800
8195,2.51,201301290800
8342,0.97,201301290800
8582,2.72,201301290800
8602,2.26,201301290800
8609,0.65,201301290800
8638,2.26,201301290800
8656,0.95,201301290800
8830,2.64,201301290800
8839,1.45,201301290800
8876,1.99,201301290800
8897,2.55,201301290800
8912,1.46,201301290800
8918,1.62,201301290800
8929,1.89,201301290800
8940,1.24,201301290800
8954,1.15,201301290800
9140,1.76,201301290800
9333,1.55,201301290800
9468,1.14,201301290800
9473,1.23,201301290800
9589,0.61,201301290800
9601,2.39,201301290800
9607,1.29,201301290800
9658,1.83,201301290800
9724,2.98,201301290800
9833,1.09,201301290800
10084,2.74,201301290800
10089,2.17,201301290800
10096,2.06,201301290800
10144,1.81,201301290800
10170,0.81,201301290800
10181,1.19,201301290800
10189,2.16,201301290800
10201,1.36,201301290800
10334,0.53,201301290800
10335,0.8,201301290800
10383,0.94,201301290800
10414,2.66,201301290800
10444,0.91,201301290800
10458,0.83,201301290800
10477,2.94,201301290800
10586,3.0,201301290800
10601,1.64,201301290800
10609,2.63,201301290800
10616,2.46,201301290800
10633,0.84,201301290800
10655,2.7,201301290800
10665,2.76,201301290800
10681,2.12,201301290800
10717,2.01,201301290800
10835,1.7,201301290800
10837,2.61,201301290800
10847,2.44,201301290800
10903,1.37,201301290800
10911,2.95,201301290800
10918,1.75,201301290800
10973,1.16,201301290800
11087,2.41,201301290800
11092,1.32,201301290800
11128,2.28,201301290800
11222,2.42,201301290800
11223,0.9,201301290800
11225,1.76,201301290800
11238,1.09,201301290800
11361,2.17,201301290800
11393,1.2,201301290800
11424,2.83,201301290800
11601,1.72,201301290800
11682,2.16,201301290800
11704,2.67,201301290800
11858,2.17,201301290800
11884,1.72,201301290800
11901,1.81,201301290800
11946,1.87,201301290800
11960,1.93,201301290800
11972,1.93,201301290800
12089,2.13,201301290800
12090,1.34,201301290800
12096,1.25,201301290800
12120,1.02,201301290800
12157,2.18,201301290800
12230,0.77,201301290800
12383,1.59,201301290800
12431,1.39,201301290800
12601,0.58,201301290800
12625,2.23,201301290800
12632,2.64,201301290800
12842,0.92,201301290800
12875,2.02,201301290800
12901,2.57,201301290800
12913,2.82,201301290800
12933,1.2,201301290800
12934,1.66,201301290800
12985,1.15,201301290800
13099,2.27,201301290800
13114,1.07,201301290800
13150,0.88,201301290800
13175,2.87,201301290800
13183,2.94,201301290800
13222,1.11,201301290800
13358,0.55,201301290800
13444,1.53,201301290800
13455,2.39,201301290800
13456,1.06,201301290800
13670,0.99,201301290800
13694,2.09,201301290800
13845,0.99,201301290800
13849,1.86,201301290800
14011,2.0,201301290800
14095,1.93,201301290800
14133,0.8,201301290800
14161,2.0,201301290800
14167,2.25,201301290800
14184,1.97,201301290800
14241,1.85,201301290800
14255,2.56,201301290800
14349,0.71,201301290800
14350,1.59,201301290800
14375,2.57,201301290800
14452,2.14,201301290800
14475,1.61,201301290800
14620,2.25,201301290800
14673,2.09,201301290800
14745,0.99,201301290800
14859,0.74,201301290800
14936,2.48,201301290800
14995,2.08,201301290800
15097,0.87,201301290800
15098,1.59,201301290800
15246,0.64,201301290800
15349,2.89,201301290800
15440,2.13,201301290800
15600,2.31,201301290800
15656,1.8,201301290800
15672,0.65,201301290800
15699,2.38,201301290800
15714,0.76,201301290800
15725,1.28,201301290800
15744,2.07,201301290800
15849,1.58,201301290800
15850,2.53,201301290800
15851,0.55,201301290800
15853,1.09,201301290800
15871,2.82,201301290800
16100,0.64,201301290800
16105,0.65,201301290800
16114,1.01,201301290800
16171,2.77,201301290800
16184,2.9,201301290800
16400,2.23,201301290800
16414,1.16,201301290800
16601,2.21,201301290800
16604,2.1,201301290800
16625,2.03,201301290800
16670,1.48,201301290800
16853,0.77,201301290800
16868,1.78,201301290800
16932,1.54,201301290800
17232,2.61,201301290800
17355,2.12,201301290800
17358,1.98,201301290800
17367,2.88,201301290800
17635,2.25,201301290800
17673,2.4,201301290800
17681,2.67,201301290800
17884,1.64,201301290800
17984,0.83,201301290800
18108,2.86,201301290800
18115,2.51,201301290800
18118,1.79,201301290800
18123,2.52,201301290800
18139,0.51,201301290800
18154,2.99,201301290800
18160,1.45,201301290800
18177,2.07,201301290800
18185,2.24,201301290800
18383,1.98,201301290800
18404,1.91,201301290800
18427,2.4,201301290800
18466,1.99,201301290800
18616,1.93,201301290800
18629,2.74,201301290800
18861,0.66,201301290800
18866,1.61,201301290800
18925,1.04,201301290800
19110,2.68,201301290800
19112,0.5,201301290800
19114,2.76,201301290800
19122,2.44,201301290800
19360,3.0,201301290800
19443,0.91,201301290800
19481,2.98,201301290800
19611,1.98,201301290800
19612,2.88,201301290800
19618,1.22,201301290800
19633,1.39,201301290800
19678,1.57,201301290800
19878,1.31,201301290800
19913,2.37,201301290800
20113,2.82,201301290800
20114,1.51,201301290800
20116,2.47,201301290800
20170,1.97,201301290800
20363,0.71,201301290800
20387,1.35,201301290800
20396,1.93,201301290800
20436,1.43,201301290800
20616,1.99,201301290800
20621,1.08,201301290800
20628,1.44,201301290800
20651,0.54,201301290800
20671,2.08,201301290800
20682,0.64,201301290800
20864,2.36,201301290800
20882,2.59,201301290800
20931,1.19,201301290800
20995,1.58,201301290800
21115,2.38,201301290800
21118,1.68,201301290800
21201,1.53,201301290800
21373,0.85,201301290800
21377,0.71,201301290800
21392,0.83,201301290800
21407,1.31,201301290800
21428,1.39,201301290800
21448,2.34,201301290800
21617,2.72,201301290800
21619,2.78,201301290800
21639,0.98,201301290800
21658,2.22,201301290800
21663,0.56,201301290800
21701,2.17,201301290800
21721,2.45,201301290800
21868,2.26,201301290800
21871,2.54,201301290800
21999,1.07,201301290800
22126,2.72,201301290800
22133,2.25,201301290800
22174,2.03,201301290800
22176,0.71,201301290800
22205,2.98,201301290800
22368,1.56,201301290800
22395,0.93,201301290800
22419,2.58,201301290800
22420,2.26,201301290800
22421,2.92,201301290800
22422,1.82,201301290800
22619,1.64,201301290800
22630,1.73,201301290800
22634,2.99,201301290800
22671,0.77,201301290800
22673,1.72,201301290800
22700,1.33,201301290800
22751,1.81,201301290800
22768,1.2,201301290800
22869,2.9,201301290800
22877,2.7,201301290800
22928,1.53,201301290800
22940,2.77,201301290800
22955,2.13,201301290800
22963,0.82,201301290800
22966,1.62,201301290800
23120,2.41,201301290800
23124,1.44,201301290800
23125,2.68,201301290800
23131,1.8,201301290800
23138,1.87,201301290800
23169,2.97,201301290800
23194,1.93,201301290800
23216,0.59,201301290800
23370,2.33,201301290800
23371,0.77,201301290800
23379,1.16,201301290800
23386,1.05,201301290800
23388,1.52,201301290800
23427,2.98,201301290800
23621,1.8,201301290800
23627,1.59,201301290800
23635,2.5,201301290800
23641,2.21,201301290800
23662,2.33,201301290800
23669,1.59,201301290800
23690,2.61,201301290800
23744,1.24,201301290800
23750,2.39,201301290800
23872,1.64,201301290800
23873,2.88,201301290800
23875,1.79,201301290800
23881,0.77,201301290800
23894,1.98,201301290800
23896,1.68,201301290800
23907,2.3,201301290800
23925,2.72,201301290800
23973,2.28,201301290800
24005,1.99,201301290800
24009,1.93,201301290800
24032,0.75,201301290800
24122,2.56,201301290800
24123,1.98,201301290800
24149,2.55,201301290800
24247,2.64,201301290800
24251,2.43,201301290800
24265,1.5,201301290800
24266,1.5,201301290800
24373,2.04,201301290800
24374,1.48,201301290800
24380,2.98,201301290800
24381,2.1,201301290800
24383,0.78,201301290800
24387,2.19,201301290800
24402,2.77,201301290800
24405,2.15,201301290800
24423,1.99,201301290800
24623,2.86,201301290800
24626,2.89,201301290800
24643,2.8,201301290800
24732,1.12,201301290800
24734,2.55,201301290800
24739,2.02,201301290800
24774,2.86,201301290800
24775,1.95,201301290800
24781,0.79,201301290800
24837,1.82,201301290800
24874,0.55,201301290800
24877,0.88,201301290800
24879,2.42,201301290800
24880,1.18,201301290800
24895,0.66,201301290800
24920,2.43,201301290800
24990,1.87,201301290800
24991,1.35,201301290800
24993,0.53,201301290800
25124,1.56,201301290800
25125,1.79,201301290800
25126,2.75,201301290800
25129,1.02,201301290800
25130,2.16,201301290800
25132,1.65,201301290800
25136,1.01,201301290800
25138,2.84,201301290800
25141,0.69,201301290800
25179,2.52,201301290800
25187,1.11,201301290800
25375,1.32,201301290800
25376,1.69,201301290800
25377,0.58,201301290800
25379,0.98,201301290800
25385,1.94,201301290800
25395,2.5,201301290800
25400,1.15,201301290800
25405,2.97,201301290800
25412,1.32,201301290800
25427,2.02,201301290800
25626,0.74,201301290800
25627,2.18,201301290800
25628,0.98,201301290800
25629,2.28,201301290800
25632,2.26,201301290800
25633,1.43,201301290800
25642,1.9,201301290800
25715,2.7,201301290800
25747,2.99,201301290800
25763,1.94,201301290800
25876,1.37,201301290800
25877,0.52,201301290800
25878,1.38,201301290800
25881,0.51,201301290800
25882,0.82,201301290800
25886,2.28,201301290800
25888,1.2,201301290800
25926,1.91,201301290800
25997,0.74,201301290800
26005,1.08,201301290800
26035,1.14,201301290800
26127,2.88,201301290800
26129,1.07,201301290800
26130,2.88,201301290800
26133,1.57,201301290800
26135,2.41,201301290800
26136,2.26,201301290800
26138,2.0,201301290800
26139,0.77,201301290800
26141,1.21,201301290800
26148,1.22,201301290800
26168,1.77,201301290800
26378,2.71,201301290800
26379,2.69,201301290800
26380,2.41,201301290800
26381,0.92,201301290800
26382,1.17,201301290800
26383,2.8,201301290800
26385,2.66,201301290800
26386,2.5,201301290800
26387,1.72,201301290800
26389,0.82,201301290800
26391,0.58,201301290800
26392,1.38,201301290800
26393,1.86,201301290800
26396,2.12,201301290800
26403,2.08,201301290800
26408,2.88,201301290800
26427,1.24,201301290800
26450,2.05,201301290800
26492,1.84,201301290800
26546,1.27,201301290800
26563,2.77,201301290800
26564,2.69,201301290800
26628,1.36,201301290800
26629,1.63,201301290800
26630,2.72,201301290800
26631,2.08,201301290800
26633,0.55,201301290800
26634,0.96,201301290800
26656,0.89,201301290800
26674,1.66,201301290800
26708,2.93,201301290800
26752,0.71,201301290800
26754,2.35,201301290800
26755,1.96,201301290800
26782,0.74,201301290800
26846,2.25,201301290800
26879,2.78,201301290800
26880,1.53,201301290800
26881,0.93,201301290800
26882,0.77,201301290800
26883,1.22,201301290800
26884,2.98,201301290800
26885,1.02,201301290800
26886,1.16,201301290800
26887,0.84,201301290800
26889,2.71,201301290800
26890,2.77,201301290800
26891,0.51,201301290800
26892,1.21,201301290800
26893,2.96,201301290800
26894,1.13,201301290800
26895,2.65,201301290800
26897,2.37,201301290800
26905,1.08,201301290800
26938,1.22,201301290800
26964,0.86,201301290800
27006,2.04,201301290800
27042,1.65,201301290800
27098,1.22,201301290800
27130,0.8,201301290800
27131,0.86,201301290800
27132,1.03,201301290800
27133,2.17,201301290800
27134,2.26,201301290800
27135,2.58,201301290800
27136,1.47,201301290800
27137,0.97,201301290800
27138,2.31,201301290800
27142,0.74,201301290800
27143,2.31,201301290800
27145,1.75,201301290800
27148,2.57,201301290800
27149,0.6,201301290800
27152,0.69,201301290800
27155,1.57,201301290800
27175,0.92,201301290800
27209,0.85,201301290800
27247,1.96,201301290800
27381,2.83,201301290800
27382,1.05,201301290800
27383,2.62,201301290800
27384,0.84,201301290800
27386,0.84,201301290800
27387,1.24,201301290800
27388,1.08,201301290800
27389,1.63,201301290800
27390,0.6,201301290800
27392,2.07,201301290800
27395,0.68,201301290800
27404,0.99,201301290800
27415,1.72,201301290800
27427,2.24,201301290800
27489,0.81,201301290800
27494,2.54,201301290800
27498,2.18,201301290800
27518,0.65,201301290800
27632,1.04,201301290800
27633,2.62,201301290800
27634,1.26,201301290800
27635,2.0,201301290800
27636,2.45,201301290800
27637,1.23,201301290800
27638,1.33,201301290800
27639,1.54,201301290800
27640,0.61,201301290800
27642,0.76,201301290800
27643,2.99,201301290800
27645,2.97,201301290800
27646,2.03,201301290800
27647,1.07,201301290800
27649,1.27,201301290800
27654,2.13,201301290800
27763,1.14,201301290800
27764,2.53,201301290800
27796,1.59,201301290800
27797,0.61,201301290800
27883,1.08,201301290800
27884,1.17,201301290800
27885,2.84,201301290800
27886,0.6,201301290800
27887,1.58,201301290800
27888,1.64,201301290800
27889,2.42,201301290800
27890,1.05,201301290800
27891,0.52,201301290800
27892,2.83,201301290800
27894,0.89,201301290800
27895,0.62,201301290800
27897,2.31,201301290800
27902,0.85,201301290800
27908,0.68,201301290800
27911,2.93,201301290800
27930,0.85,201301290800
27971,2.71,201301290800
28004,2.71,201301290800
28015,1.14,201301290800
28049,1.45,201301290800
28102,1.14,201301290800
28134,2.19,201301290800
28135,1.86,201301290800
28136,0.53,201301290800
28137,2.99,201301290800
28138,2.7,201301290800
28139,0.8,201301290800
28140,2.31,201301290800
28142,0.79,201301290800
28143,1.9,201301290800
28144,2.89,201301290800
28146,2.61,201301290800
28154,2.64,201301290800
28156,2.94,201301290800
28216,2.89,201301290800
28239,2.76,201301290800
28384,1.96,201301290800
28385,1.1,201301290800
28386,2.57,201301290800
28387,1.09,201301290800
28388,1.02,201301290800
28389,2.91,201301290800
28390,2.18,201301290800
28391,2.54,201301290800
28392,3.0,201301290800
28393,0.59,201301290800
28394,0.75,201301290800
28396,2.75,201301290800
28397,0.56,201301290800
28400,2.7,201301290800
28401,1.67,201301290800
28405,2.62,201301290800
28427,0.72,201301290800
28467,2.41,201301290800
28496,0.53,201301290800
28497,2.04,201301290800
28519,1.4,201301290800
28535,2.59,201301290800
28539,2.68,201301290800
28545,0.8,201301290800
28557,0.79,201301290800
28635,0.55,201301290800
28636,2.22,201301290800
28637,1.42,201301290800
28638,0.91,201301290800
28639,2.85,201301290800
28640,1.78,201301290800
28641,2.88,201301290800
28642,0.56,201301290800
28643,2.88,201301290800
28644,1.58,201301290800
28645,1.74,201301290800
28646,2.77,201301290800
28649,2.46,201301290800
28658,2.72,201301290800
28667,0.53,201301290800
28675,1.18,201301290800
28751,1.56,201301290800
28753,2.78,201301290800
28754,1.03,201301290800
28788,2.05,201301290800
28812,2.54,201301290800
28823,1.12,201301290800
28886,2.97,201301290800
28887,2.24,201301290800
28888,0.58,201301290800
28889,1.09,201301290800
28890,1.85,201301290800
28891,2.26,201301290800
28892,0.62,201301290800
28893,1.59,201301290800
28894,1.64,201301290800
28895,2.95,201301290800
28896,2.69,201301290800
28897,1.54,201301290800
28899,0.98,201301290800
28900,1.82,201301290800
28901,0.81,201301290800
28902,2.03,201301290800
28905,2.98,201301290800
28912,2.1,201301290800
28960,2.9,201301290800
28969,2.43,201301290800
29004,0.84,201301290800
29012,1.82,201301290800
29026,1.01,201301290800
29068,0.91,201301290800
29076,1.6,201301290800
29088,0.86,201301290800
29094,1.69,201301290800
29136,2.21,201301290800
29137,0.8,201301290800
29138,2.17,201301290800
29139,1.47,201301290800
29140,0.62,201301290800
29141,1.48,201301290800
29142,2.0,201301290800
29143,1.65,201301290800
29144,1.76,201301290800
29146,1.8,201301290800
29147,1.89,201301290800
29148,1.34,201301290800
29149,2.95,201301290800
29151,1.97,201301290800
29158,1.94,201301290800
29165,2.5,201301290800
29171,2.18,201301290800
29190,2.49,201301290800
29247,2.63,201301290800
29387,1.62,201301290800
29388,2.97,201301290800
29389,0.55,201301290800
29390,1.19,201301290800
29391,1.04,201301290800
29392,2.91,201301290800
29393,2.59,201301290800
29394,2.25,201301290800
29395,1.64,201301290800
29396,0.78,201301290800
29397,1.26,201301290800
29398,1.17,201301290800
29399,1.74,201301290800
29401,1.36,201301290800
29402,0.64,201301290800
29403,1.37,201301290800
29405,2.12,201301290800
29409,0.82,201301290800
29425,1.59,201301290800
29429,2.31,201301290800
29495,1.6,201301290800
29498,1.32,201301290800
29533,2.16,201301290800
29556,1.48,201301290800
29638,1.08,201301290800
29639,0.59,201301290800
29640,0.53,201301290800
29641,2.2,201301290800
29642,0.98,201301290800
29643,2.92,201301290800
29644,2.52,201301290800
29645,1.9,201301290800
29648,2.37,201301290800
29649,0.78,201301290800
29650,1.65,201301290800
29654,2.28,201301290800
29663,2.75,201301290800
29670,2.34,201301290800
29710,0.6,201301290800
29730,2.86,201301290800
29733,2.13,201301290800
29736,1.09,201301290800
29766,0.72,201301290800
29891,2.39,201301290800
29892,0.89,201301290800
29893,1.34,201301290800
29894,1.68,201301290800
29895,1.8,201301290800
29896,0.97,201301290800
29897,2.84,201301290800
29898,2.76,201301290800
29900,0.58,201301290800
29903,1.49,201301290800
29906,2.88,201301290800
29909,2.89,201301290800
29912,2.22,201301290800
29917,2.74,201301290800
29925,2.15,201301290800
29966,2.4,201301290800
30021,2.88,201301290800
30026,1.5,201301290800
30036,2.91,201301290800
30142,1.79,201301290800
30143,2.68,201301290800
30144,0.8,201301290800
30145,2.09,201301290800
30146,2.62,201301290800
30147,1.15,201301290800
30148,1.15,201301290800
30152,2.08,201301290800
30154,2.88,201301290800
30157,2.79,201301290800
30158,0.63,201301290800
30181,1.45,201301290800
30242,2.98,201301290800
30243,2.38,201301290800
30244,1.98,201301290800
30261,0.53,201301290800
30300,2.07,201301290800
30322,0.7,201301290800
30393,2.62,201301290800
30394,0.83,201301290800
30395,2.51,201301290800
30396,2.9,201301290800
30397,0.75,201301290800
30398,2.34,201301290800
30400,2.95,201301290800
30401,0.74,201301290800
30403,2.7,201301290800
30407,0.82,201301290800
30410,2.91,201301290800
30420,2.01,201301290800
30430,1.51,201301290800
30434,2.13,201301290800
30439,1.26,201301290800
30481,1.54,201301290800
30489,1.63,201301290800
30494,2.68,201301290800
30495,1.67,201301290800
30496,2.68,201301290800
30645,1.56,201301290800
30646,0.77,201301290800
30647,1.9,201301290800
30648,2.04,201301290800
30649,2.03,201301290800
30650,2.65,201301290800
30651,2.59,201301290800
30652,2.33,201301290800
30653,0.57,201301290800
30654,1.33,201301290800
30661,1.68,201301290800
30664,1.53,201301290800
30666,0.52,201301290800
30669,2.98,201301290800
30673,1.47,201301290800
30683,2.6,201301290800
30745,0.76,201301290800
30750,2.18,201301290800
30777,1.55,201301290800
30780,0.69,201301290800
30812,2.56,201301290800
30897,1.34,201301290800
30898,0.81,201301290800
30899,0.79,201301290800
30900,2.25,201301290800
30901,1.89,201301290800
30902,1.79,201301290800
30903,1.73,201301290800
30904,1.84,201301290800
30908,2.02,201301290800
30909,1.19,201301290800
30912,1.17,201301290800
30913,2.59,201301290800
30928,2.64,201301290800
30953,2.73,201301290800
30979,0.73,201301290800
30994,2.34,201301290800
30995,1.09,201301290800
31027,0.81,201301290800
31028,1.7,201301290800
31029,2.35,201301290800
31082,1.13,201301290800
31148,2.51,201301290800
31149,2.51,201301290800
31150,0.51,201301290800
31151,2.58,201301290800
31152,2.85,201301290800
31156,0.99,201301290800
31157,2.41,201301290800
31161,0.71,201301290800
31166,0.56,201301290800
31172,3.0,201301290800
31274,0.56,201301290800
31281,1.09,201301290800
31369,1.59,201301290800
31398,1.35,201301290800
31401,0.85,201301290800
31407,2.35,201301290800
31408,1.58,201301290800
31409,2.43,201301290800
31410,1.38,201301290800
31413,2.52,201301290800
31419,2.05,201301290800
31427,1.35,201301290800
31457,2.95,201301290800
31466,1.97,201301290800
31651,2.33,201301290800
31652,2.29,201301290800
31656,1.0,201301290800
31660,1.16,201301290800
31663,2.96,201301290800
31666,0.77,201301290800
31675,1.95,201301290800
31738,2.96,201301290800
31754,1.95,201301290800
31782,1.78,201301290800
31903,2.05,201301290800
31904,2.29,201301290800
31905,2.35,201301290800
31906,2.69,201301290800
31908,0.84,201301290800
31912,1.39,201301290800
31921,1.1,201301290800
31928,2.7,201301290800
31949,2.1,201301290800
32028,2.06,201301290800
32032,0.97,201301290800
32045,0.78,201301290800
32150,2.07,201301290800
32155,2.13,201301290800
32157,2.07,201301290800
32161,0.97,201301290800
32162,0.64,201301290800
32167,2.48,201301290800
32169,2.1,201301290800
32175,2.66,201301290800
32182,0.73,201301290800
32185,0.82,201301290800
32195,2.77,201301290800
32235,2.81,201301290800
32404,0.61,201301290800
32405,1.94,201301290800
32410,1.0,201301290800
32411,1.79,201301290800
32415,1.03,201301290800
32449,1.65,201301290800
32490,1.8,201301290800
32558,0.8,201301290800
32622,0.8,201301290800
32656,0.9,201301290800
32658,1.35,201301290800
32660,2.25,201301290800
32662,0.86,201301290800
32668,1.5,201301290800
32682,1.64,201301290800
32697,2.98,201301290800
32712,1.44,201301290800
32729,1.37,201301290800
32739,1.85,201301290800
32742,1.41,201301290800
32744,2.0,201301290800
32802,0.57,201301290800
32834,2.68,201301290800
32905,2.98,201301290800
32907,2.54,201301290800
32912,1.77,201301290800
32916,1.37,201301290800
32922,1.92,201301290800
32924,1.33,201301290800
32926,0.97,201301290800
32929,2.9,201301290800
32977,0.98,201301290800
32978,2.11,201301290800
33154,2.25,201301290800
33158,2.05,201301290800
33160,1.59,201301290800
33165,0.54,201301290800
33170,0.72,201301290800
33186,1.33,201301290800
33286,0.75,201301290800
33405,1.52,201301290800
33409,2.91,201301290800
33412,1.24,201301290800
33418,2.93,201301290800
33420,1.0,201301290800
33424,1.02,201301290800
33435,2.72,201301290800
33442,1.81,201301290800
33519,2.12,201301290800
33594,1.87,201301290800
33656,1.06,201301290800
33659,1.29,201301290800
33662,0.76,201301290800
33664,1.11,201301290800
33666,2.72,201301290800
33669,1.08,201301290800
33673,2.62,201301290800
33675,2.28,201301290800
33694,2.92,201301290800
33724,1.07,201301290800
33742,2.31,201301290800
33812,1.39,201301290800
33909,1.04,201301290800
33911,1.29,201301290800
33912,1.43,201301290800
33913,1.95,201301290800
33922,0.71,201301290800
33923,1.38,201301290800
33924,2.59,201301290800
33931,1.3,201301290800
33935,2.31,201301290800
33986,2.88,201301290800
34013,1.39,201301290800
34160,2.27,201301290800
34161,2.78,201301290800
34162,0.73,201301290800
34163,2.2,201301290800
34167,2.39,201301290800
34190,2.12,201301290800
34211,2.61,201301290800
34303,0.75,201301290800
34380,1.74,201301290800
34407,0.55,201301290800
34413,1.59,201301290800
34423,2.98,201301290800
34424,1.37,201301290800
34427,1.42,201301290800
34430,2.49,201301290800
34437,2.72,201301290800
34440,2.96,201301290800
34486,2.14,201301290800
34495,0.89,201301290800
34510,1.12,201301290800
34520,0.83,201301290800
34528,2.18,201301290800
34563,1.52,201301290800
34662,2.75,201301290800
34667,1.49,201301290800
34668,0.5,201301290800
34670,1.82,201301290800
34672,2.08,201301290800
34673,2.74,201301290800
34676,2.47,201301290800
34679,0.84,201301290800
34682,0.97,201301290800
34695,0.79,201301290800
34710,0.7,201301290800
34714,0.5,201301290800
34720,2.49,201301290800
34882,1.5,201301290800
34913,2.04,201301290800
34914,2.4,201301290800
34915,1.51,201301290800
34924,1.81,201301290800
34925,1.83,201301290800
34934,1.3,201301290800
34939,2.33,201301290800
34959,0.86,201301290800
34990,0.85,201301290800
35102,0.84,201301290800
35164,1.83,201301290800
35166,1.0,201301290800
35173,2.12,201301290800
35178,2.12,201301290800
35183,1.86,201301290800
35185,2.56,201301290800
35187,2.14,201301290800
35193,2.61,201301290800
35203,2.82,201301290800
35218,0.63,201301290800
35237,1.38,201301290800
35244,1.53,201301290800
35249,2.52,201301290800
35295,2.72,201301290800
35368,0.62,201301290800
35410,0.91,201301290800
35414,1.91,201301290800
35415,1.76,201301290800
35417,2.62,201301290800
35421,0.92,201301290800
35440,1.24,201301290800
35455,2.66,201301290800
35492,0.84,201301290800
35515,2.87,201301290800
35665,2.5,201301290800
35675,1.65,201301290800
35683,0.99,201301290800
35686,1.82,201301290800
35700,2.25,201301290800
35745,2.35,201301290800
35755,0.9,201301290800
35769,0.91,201301290800
35916,0.56,201301290800
35917,2.99,201301290800
35918,2.94,201301290800
35919,1.05,201301290800
35921,0.84,201301290800
35929,1.58,201301290800
35931,0.73,201301290800
35941,2.27,201301290800
35944,2.64,201301290800
35971,0.92,201301290800
35981,0.81,201301290800
35992,2.74,201301290800
35994,1.91,201301290800
36067,3.0,201301290800
36162,2.18,201301290800
36167,1.7,201301290800
36169,0.78,201301290800
36170,2.41,201301290800
36173,1.73,201301290800
36176,1.51,201301290800
36177,1.49,201301290800
36205,1.72,201301290800
36237,1.75,201301290800
36245,0.68,201301290800
36246,1.56,201301290800
36293,1.28,201301290800
36311,2.52,201301290800
36417,1.33,201301290800
36420,2.05,201301290800
36421,2.42,201301290800
36441,2.57,201301290800
36448,1.88,201301290800
36494,1.1,201301290800
36498,1.58,201301290800
36502,2.53,201301290800
36510,2.3,201301290800
36513,1.42,201301290800
36519,2.16,201301290800
36524,1.54,201301290800
36576,1.32,201301290800
36668,1.17,201301290800
36673,1.09,201301290800
36675,0.64,201301290800
36677,1.68,201301290800
36679,1.37,201301290800
36682,2.15,201301290800
36688,1.29,201301290800
36690,2.22,201301290800
36711,1.36,201301290800
36717,1.15,201301290800
36758,0.8,201301290800
36889,1.45,201301290800
36915,1.96,201301290800
36918,2.74,201301290800
36933,0.77,201301290800
36934,2.21,201301290800
36953,2.59,201301290800
36959,2.81,201301290800
36996,2.83,201301290800
36999,1.51,201301290800
37001,2.04,201301290800
37167,1.61,201301290800
37168,2.81,201301290800
37169,2.25,201301290800
37172,1.87,201301290800
37176,1.29,201301290800
37178,2.72,201301290800
37179,2.84,201301290800
37182,2.34,201301290800
37192,1.24,201301290800
37200,1.05,201301290800
37206,1.53,201301290800
37232,1.2,201301290800
37239,2.83,201301290800
37270,2.91,201301290800
37298,0.72,201301290800
37304,2.48,201301290800
37419,1.18,201301290800
37421,1.02,201301290800
37423,1.14,201301290800
37425,2.77,201301290800
37446,1.08,201301290800
37454,0.63,201301290800
37477,2.32,201301290800
37487,2.41,201301290800
37501,0.61,201301290800
37503,2.11,201301290800
37513,2.0,201301290800
37523,1.01,201301290800
37562,0.8,201301290800
37609,1.91,201301290800
37642,2.79,201301290800
37643,0.94,201301290800
37670,2.28,201301290800
37671,1.92,201301290800
37672,1.52,201301290800
37676,1.05,201301290800
37688,1.3,201301290800
37689,1.66,201301290800
37690,2.0,201301290800
37695,1.11,201301290800
37701,1.59,201301290800
37710,1.38,201301290800
37711,0.56,201301290800
37754,0.56,201301290800
37874,0.6,201301290800
37891,2.39,201301290800
37893,1.46,201301290800
37894,2.08,201301290800
37926,1.26,201301290800
37928,2.26,201301290800
37929,1.07,201301290800
37932,2.76,201301290800
37936,1.75,201301290800
37943,1.79,201301290800
37952,0.69,201301290800
37962,1.08,201301290800
37968,1.96,201301290800
38003,1.82,201301290800
38060,1.61,201301290800
38145,2.55,201301290800
38172,1.45,201301290800
38173,2.66,201301290800
38178,2.33,201301290800
38200,0.96,201301290800
38204,0.81,201301290800
38209,1.81,201301290800
38215,1.93,201301290800
38220,2.98,201301290800
38225,1.6,201301290800
38228,2.28,201301290800
38230,2.45,201301290800
38243,2.65,201301290800
38247,1.47,201301290800
38255,1.27,201301290800
38263,1.99,201301290800
38268,1.59,201301290800
38272,2.87,201301290800
38367,2.51,201301290800
38381,1.69,201301290800
38423,1.73,201301290800
38425,0.62,201301290800
38426,1.47,201301290800
38431,1.5,201301290800
38440,2.49,201301290800
38479,1.62,201301290800
38481,0.88,201301290800
38483,1.0,201301290800
38488,2.75,201301290800
38490,1.95,201301290800
38498,1.53,201301290800
38499,1.72,201301290800
38500,1.87,201301290800
38505,1.97,201301290800
38506,0.85,201301290800
38508,1.45,201301290800
38517,1.65,201301290800
38534,1.92,201301290800
38648,1.12,201301290800
38674,2.47,201301290800
38676,0.78,201301290800
38679,2.57,201301290800
38684,2.21,201301290800
38693,2.6,201301290800
38697,1.83,201301290800
38716,0.85,201301290800
38722,2.54,201301290800
38736,2.81,201301290800
38738,2.2,201301290800
38752,0.68,201301290800
38753,1.6,201301290800
38758,1.63,201301290800
38760,2.53,201301290800
38761,0.88,201301290800
38762,1.7,201301290800
38766,1.01,201301290800
38769,1.22,201301290800
38778,1.58,201301290800
38812,2.52,201301290800
38939,0.75,201301290800
38953,1.02,201301290800
38958,2.65,201301290800
38967,2.92,201301290800
39006,1.04,201301290800
39008,2.19,201301290800
39010,2.07,201301290800
39011,2.0,201301290800
39017,1.85,201301290800
39113,0.68,201301290800
39148,2.68,201301290800
39149,0.59,201301290800
39176,1.25,201301290800
39178,0.67,201301290800
39191,1.16,201301290800
39201,1.63,201301290800
39230,1.87,201301290800
39236,2.59,201301290800
39246,2.84,201301290800
39252,2.42,201301290800
39255,1.19,201301290800
39260,1.68,201301290800
39262,2.96,201301290800
39263,1.73,201301290800
39268,1.02,201301290800
39269,2.53,201301290800
39271,0.61,201301290800
39274,2.42,201301290800
39275,0.86,201301290800
39375,1.96,201301290800
39391,2.28,201301290800
39427,2.0,201301290800
39428,0.65,201301290800
39430,2.68,201301290800
39433,2.22,201301290800
39446,1.7,201301290800
39457,2.77,201301290800
39514,1.81,201301290800
39515,1.54,201301290800
39516,0.54,201301290800
39517,1.57,201301290800
39535,2.86,201301290800
39554,0.99,201301290800
39559,1.1,201301290800
39631,2.64,201301290800
39632,1.11,201301290800
39633,0.85,201301290800
39652,2.83,201301290800
39683,1.29,201301290800
39687,0.54,201301290800
39706,1.1,201301290800
39710,0.64,201301290800
39722,0.97,201301290800
39731,1.09,201301290800
39750,0.56,201301290800
39755,2.24,201301290800
39759,2.33,201301290800
39762,0.77,201301290800
39764,2.33,201301290800
39765,1.83,201301290800
39766,2.3,201301290800
39767,2.95,201301290800
39769,2.23,201301290800
39772,1.81,201301290800
39776,0.55,201301290800
39777,0.85,201301290800
39790,2.23,201301290800
39791,0.89,201301290800
39796,1.35,201301290800
39832,0.68,201301290800
39883,2.05,201301290800
39930,2.21,201301290800
39932,2.85,201301290800
39941,2.68,201301290800
39948,1.44,201301290800
39969,1.77,201301290800
40018,1.88,201301290800
40031,1.27,201301290800
40133,1.73,201301290800
40180,0.75,201301290800
40188,1.0,201301290800
40196,1.23,201301290800
40242,2.72,201301290800
40246,1.25,201301290800
40259,0.85,201301290800
40264,2.26,201301290800
40267,1.65,201301290800
40268,0.57,201301290800
40270,0.91,201301290800
40276,2.13,201301290800
40286,0.91,201301290800
40295,0.85,201301290800
40431,1.27,201301290800
40432,1.0,201301290800
40442,1.11,201301290800
40447,2.68,201301290800
40448,1.58,201301290800
40451,1.25,201301290800
40457,1.28,201301290800
40500,2.37,201301290800
40512,2.81,201301290800
40518,2.75,201301290800
40519,1.09,201301290800
40522,1.6,201301290800
40524,1.94,201301290800
40525,1.39,201301290800
40532,0.57,201301290800
40560,2.21,201301290800
40566,2.49,201301290800
40633,0.63,201301290800
40687,0.86,201301290800
40713,2.55,201301290800
40719,2.64,201301290800
40732,1.25,201301290800
40733,0.76,201301290800
40766,0.76,201301290800
40810,0.54,201301290800
40894,1.83,201301290800
40933,2.08,201301290800
40936,0.72,201301290800
40939,1.97,201301290800
40954,1.13,201301290800
40982,1.32,201301290800
41021,1.84,201301290800
41024,0.81,201301290800
41061,2.36,201301290800
41145,2.01,201301290800
41157,2.54,201301290800
41183,2.76,201301290800
41200,2.3,201301290800
41262,2.6,201301290800
41265,1.03,201301290800
41270,0.87,201301290800
41277,1.19,201301290800
41318,1.43,201301290800
41401,2.71,201301290800
41407,1.46,201301290800
41437,2.64,201301290800
41459,1.59,201301290800
41465,1.45,201301290800
41469,1.53,201301290800
41508,2.57,201301290800
41520,1.46,201301290800
41522,1.97,201301290800
41526,1.52,201301290800
41532,2.7,201301290800
41558,0.59,201301290800
41635,2.52,201301290800
41653,1.65,201301290800
41658,0.74,201301290800
41692,2.84,201301290800
41696,0.8,201301290800
41764,2.17,201301290800
41772,0.8,201301290800
41893,2.63,201301290800
41904,2.24,201301290800
41905,2.83,201301290800
41936,1.54,201301290800
41941,2.15,201301290800
41958,0.84,201301290800
41990,0.97,201301290800
42023,2.62,201301290800
42026,1.29,201301290800
42029,1.53,201301290800
42074,1.2,201301290800
42085,1.24,201301290800
42095,0.87,201301290800
42147,2.53,201301290800
42160,2.79,201301290800
42200,2.74,201301290800
42213,2.34,201301290800
42267,2.26,201301290800
42271,1.69,201301290800
42274,1.9,201301290800
42283,1.34,201301290800
42291,2.5,201301290800
42342,1.79,201301290800
42411,1.15,201301290800
42438,2.07,201301290800
42454,1.89,201301290800
42471,2.71,201301290800
42478,1.96,201301290800
42487,2.81,201301290800
42503,2.83,201301290800
42514,2.38,201301290800
42521,2.54,201301290800
42533,2.08,201301290800
42644,2.05,201301290800
42661,1.93,201301290800
42695,0.81,201301290800
42744,2.75,201301290800
42750,2.75,201301290800
42846,0.91,201301290800
42905,0.87,201301290800
42912,1.5,201301290800
42939,2.8,201301290800
42940,0.97,201301290800
42944,2.16,201301290800
42949,2.92,201301290800
43011,2.89,201301290800
43021,1.6,201301290800
43030,1.06,201301290800
43151,2.48,201301290800
43160,0.8,201301290800
43162,1.28,201301290800
43213,1.04,201301290800
43220,2.6,201301290800
43261,0.68,201301290800
43412,1.38,201301290800
43413,1.19,201301290800
43440,0.52,201301290800
43443,1.26,201301290800
43449,2.12,201301290800
43483,0.94,201301290800
43484,0.86,201301290800
43494,2.39,201301290800
43518,0.69,201301290800
43523,1.38,201301290800
43526,2.73,201301290800
43530,1.33,201301290800
43571,2.06,201301290800
43642,1.82,201301290800
43662,2.0,201301290800
43738,1.23,201301290800
43760,1.28,201301290800
43779,2.08,201301290800
43914,0.82,201301290800
43957,0.86,201301290800
43980,0.54,201301290800
43984,1.15,201301290800
43992,1.72,201301290800
43995,1.45,201301290800
44002,2.52,201301290800
44039,0.55,201301290800
44194,1.12,201301290800
44197,2.32,201301290800
44204,1.01,201301290800
44215,2.13,201301290800
44226,2.62,201301290800
44247,0.72,201301290800
44255,0.67,201301290800
44282,1.58,201301290800
44284,1.27,201301290800
44356,1.7,201301290800
44470,1.62,201301290800
44486,2.26,201301290800
44503,2.59,201301290800
44504,1.78,201301290800
44510,0.58,201301290800
44517,0.6,201301290800
44534,2.57,201301290800
44578,1.24,201301290800
44666,1.83,201301290800
44694,0.89,201301290800
44697,1.49,201301290800
44716,1.67,201301290800
44724,0.64,201301290800
44743,1.16,201301290800
44755,1.02,201301290800
44756,2.8,201301290800
44757,0.59,201301290800
44758,1.02,201301290800
44786,1.38,201301290800
44787,2.8,201301290800
44911,1.35,201301290800
44963,2.41,201301290800
45005,0.77,201301290800
45006,2.81,201301290800
45007,2.0,201301290800
45008,2.13,201301290800
45039,2.11,201301290800
45114,2.49,201301290800
45168,0.58,201301290800
45200,1.71,201301290800
45203,1.2,201301290800
45208,2.82,201301290800
45237,1.65,201301290800
45254,2.86,201301290800
45256,1.16,201301290800
45258,1.53,201301290800
45261,1.28,201301290800
45265,1.54,201301290800
45266,0.93,201301290800
45401,1.82,201301290800
45479,2.85,201301290800
45502,1.51,201301290800
45507,0.84,201301290800
45509,2.26,201301290800
45526,0.8,201301290800
45538,2.19,201301290800
45582,2.66,201301290800
45661,2.12,201301290800
45701,2.44,201301290800
45703,2.44,201301290800
45716,0.63,201301290800
45720,1.31,201301290800
45725,2.37,201301290800
45735,2.53,201301290800
45747,2.65,201301290800
45766,1.36,201301290800
45793,1.24,201301290800
45795,1.47,201301290800
45919,2.0,201301290800
45948,0.67,201301290800
46008,0.7,201301290800
46036,1.05,201301290800
46041,2.86,201301290800
46052,0.95,201301290800
46074,2.35,201301290800
46145,1.23,201301290800
46202,1.25,201301290800
46209,2.19,201301290800
46242,2.11,201301290800
46265,1.58,201301290800
46372,0.66,201301290800
46384,0.59,201301290800
46455,2.8,201301290800
46508,0.95,201301290800
46523,1.02,201301290800
46538,1.8,201301290800
46565,2.48,201301290800
46574,2.6,201301290800
46626,1.46,201301290800
46700,2.06,201301290800
46738,0.85,201301290800
46770,2.73,201301290800
46778,2.57,201301290800
46787,1.74,201301290800
46803,2.08,201301290800
46954,0.5,201301290800
46964,1.69,201301290800
46972,1.69,201301290800
46976,2.68,201301290800
46981,2.98,201301290800
47011,1.81,201301290800
47015,2.98,201301290800
47047,2.16,201301290800
47253,1.93,201301290800
47288,2.99,201301290800
47295,0.67,201301290800
47342,2.19,201301290800
47454,2.48,201301290800
47535,0.58,201301290800
47543,0.55,201301290800
47705,2.06,201301290800
47709,1.68,201301290800
47711,1.98,201301290800
47758,1.06,201301290800
47806,1.02,201301290800
47889,2.81,201301290800
47926,2.22,201301290800
47968,1.48,201301290800
47972,2.22,201301290800
47977,2.01,201301290800
47982,1.81,201301290800
48032,1.84,201301290800
48209,2.39,201301290800
48239,2.64,201301290800
48244,1.02,201301290800
48278,1.93,201301290800
48420,0.8,201301290800
48427,1.13,201301290800
48499,0.85,201301290800
48503,2.67,201301290800
48552,2.74,201301290800
48584,1.24,201301290800
48713,0.66,201301290800
48759,0.82,201301290800
48848,1.16,201301290800
48898,1.55,201301290800
49017,0.97,201301290800
49049,1.12,201301290800
49229,2.5,201301290800
49241,1.34,201301290800
49472,1.06,201301290800
49483,2.05,201301290800
49542,2.53,201301290800
49555,1.89,201301290800
49679,0.83,201301290800
49750,2.82,201301290800
49760,2.92,201301290800
49777,2.41,201301290800
49968,1.44,201301290800
50053,2.58,201301290800
50103,0.98,201301290800
50180,2.54,201301290800
50285,2.49,201301290800
50430,2.95,201301290800
50470,2.58,201301290800
50494,1.26,201301290800
50511,2.05,201301290800
50549,0.82,201301290800
50680,2.31,201301290800
50682,2.74,201301290800
50731,2.09,201301290800
50812,0.88,201301290800
50872,1.7,201301290800
51029,2.76,201301290800
51046,2.76,201301290800
51053,1.3,201301290800
51056,1.48,201301290800
51162,1.21,201301290800
51177,2.22,201301290800
51182,1.0,201301290800
51228,2.47,201301290800
51258,2.95,201301290800
51430,2.04,201301290800
51431,1.22,201301290800
51432,0.5,201301290800
51520,2.54,201301290800
51681,2.41,201301290800
51682,2.63,201301290800
51725,2.82,201301290800
51790,2.88,201301290800
51832,0.82,201301290800
51857,1.12,201301290800
51931,1.49,201301290800
51932,2.68,201301290800
51986,1.76,201301290800
52003,1.41,201301290800
52182,0.98,201301290800
52244,1.69,201301290800
52259,2.41,201301290800
52280,1.29,201301290800
52319,2.14,201301290800
52473,1.03,201301290800
52518,1.53,201301290800
52631,0.62,201301290800
52679,2.81,201301290800
52729,2.38,201301290800
52811,1.12,201301290800
52983,2.83,201301290800
52988,2.69,201301290800
52993,1.71,201301290800
53000,0.53,201301290800
53016,1.68,201301290800
53027,1.12,201301290800
53072,2.38,201301290800
53090,2.52,201301290800
53177,1.52,201301290800
53178,2.68,201301290800
53381,2.85,201301290800
53427,1.5,201301290800
53429,1.75,201301290800
53761,2.74,201301290800
53774,0.64,201301290800
53797,0.51,201301290800
53810,1.82,201301290800
53822,0.92,201301290800
53864,2.95,201301290800
53927,2.19,201301290800
54038,2.48,201301290800
54071,1.38,201301290800
54234,1.52,201301290800
54281,1.02,201301290800
54284,2.69,201301290800
54327,1.13,201301290800
54334,0.77,201301290800
54349,1.04,201301290800
54427,1.23,201301290800
54503,0.59,201301290800
54510,2.99,201301290800
54520,2.49,201301290800
54550,2.71,201301290800
54578,1.05,201301290800
54678,0.93,201301290800
54828,2.11,201301290800
54983,2.81,201301290800
54996,2.82,201301290800
55070,2.02,201301290800
55329,2.08,201301290800
55331,1.84,201301290800
55535,1.6,201301290800
55633,1.64,201301290800
55680,2.81,201301290800
55761,1.82,201301290800
55831,1.12,201301290800
55832,0.69,201301290800
55838,1.48,201301290800
55845,2.89,201301290800
56106,2.27,201301290800
56493,0.91,201301290800
56571,2.28,201301290800
56586,2.79,201301290800
56587,2.53,201301290800
56591,2.81,201301290800
56738,2.46,201301290800
56835,0.99,201301290800
56882,1.81,201301290800
56887,0.72,201301290800
56888,0.83,201301290800
56933,1.46,201301290800
56934,1.81,201301290800
57042,1.7,201301290800
57062,1.4,201301290800
57189,2.21,201301290800
57261,1.84,201301290800
57329,2.0,201301290800
57342,1.81,201301290800
57376,2.42,201301290800
57378,1.32,201301290800
57380,1.85,201301290800
57397,2.46,201301290800
57440,2.51,201301290800
57495,0.68,201301290800
57523,0.65,201301290800
57555,2.09,201301290800
57597,2.67,201301290800
57613,1.15,201301290800
57615,2.13,201301290800
57628,2.88,201301290800
57631,1.86,201301290800
57823,1.62,201301290800
57837,1.67,201301290800
57851,1.28,201301290800
57852,2.41,201301290800
57906,0.62,201301290800
58179,1.94,201301290800
58251,0.8,201301290800
58421,0.87,201301290800
58511,0.93,201301290800
58632,1.17,201301290800
58744,2.9,201301290800
58802,0.98,201301290800
58814,0.53,201301290800
58879,2.29,201301290800
58892,2.41,201301290800
59010,0.93,201301290800
59043,2.7,201301290800
59104,2.82,201301290800
59125,1.27,201301290800
59134,2.89,201301290800
59285,2.95,201301290800
59329,2.27,201301290800
59555,2.9,201301290800
59635,1.52,201301290800
59745,1.3,201301290800
59927,1.85,201301290800
59941,2.58,201301290800
60008,0.85,201301290800
60011,2.16,201301290800
60114,2.19,201301290800
60141,2.23,201301290800
60147,1.87,201301290800
60331,2.15,201301290800
60344,0.51,201301290800
60350,0.62,201301290800
60578,2.14,201301290800
60593,0.68,201301290800
60613,0.57,201301290800
60630,2.28,201301290800
60635,0.55,201301290800
60649,1.48,201301290800
60750,0.69,201301290800
60774,0.89,201301290800
60819,0.6,201301290800
60880,2.15,201301290800
60888,2.7,201301290800
61062,2.04,201301290800
61110,0.69,201301290800
61263,1.36,201301290800
61343,2.61,201301290800
61591,1.05,201301290800
61597,1.2,201301290800
61654,0.51,201301290800
61818,1.49,201301290800
62077,1.52,201301290800
62104,0.61,201301290800
62135,0.88,201301290800
62140,2.58,201301290800
62252,2.59,201301290800
62558,2.1,201301290800
62589,1.38,201301290800
62757,1.19,201301290800
62772,0.56,201301290800
62850,1.54,201301290800
62926,0.98,201301290800
62948,2.49,201301290800
63044,2.04,201301290800
63153,0.5,201301290800
63383,1.48,201301290800
63397,2.52,201301290800
63398,2.09,201301290800
63407,0.82,201301290800
63574,2.91,201301290800
63586,2.54,201301290800
63816,1.63,201301290800
64102,1.65,201301290800
64150,1.05,201301290800
64200,2.75,201301290800
64515,2.33,201301290800
64529,1.96,201301290800
64573,0.67,201301290800
64581,1.61,201301290800
64815,1.07,201301290800
64915,0.87,201301290800
65059,0.74,201301290800
65144,1.06,201301290800
65320,1.0,201301290800
65375,1.2,201301290800
65454,1.8,201301290800
65528,0.58,201301290800
65607,1.43,201301290800
65774,0.89,201301290800
65838,0.86,201301290800
66068,0.93,201301290800
66084,2.84,201301290800
66151,2.57,201301290800
66353,0.66,201301290800
66538,0.66,201301290800
66575,2.59,201301290800
66637,2.53,201301290800
66827,1.56,201301290800
66870,2.34,201301290800
67110,1.15,201301290800
67207,2.85,201301290800
67335,2.98,201301290800
67385,1.36,201301290800
67599,2.63,201301290800
67601,2.7,201301290800
67602,0.81,201301290800
67698,1.04,201301290800
67824,2.15,201301290800
67842,0.57,201301290800
67854,2.58,201301290800
67855,2.78,201301290800
67918,0.64,201301290800
68103,2.09,201301290800
68104,1.53,201301290800
68110,1.2,201301290800
68111,2.99,201301290800
68349,2.83,201301290800
68354,1.76,201301290800
68356,0.81,201301290800
68454,2.36,201301290800
68455,2.91,201301290800
68587,2.72,201301290800
68857,0.55,201301290800
68858,2.76,201301290800
68897,0.9,201301290800
68924,1.41,201301290800
68930,1.8,201301290800
69106,1.33,201301290800
69190,1.9,201301290800
69206,1.55,201301290800
69359,1.41,201301290800
69371,2.73,201301290800
69455,0.56,201301290800
69582,2.09,201301290800
69613,0.94,201301290800
69676,1.32,201301290800
70115,2.49,201301290800
70132,1.01,201301290800
70181,1.25,201301290800
70342,2.99,201301290800
70352,2.71,201301290800
70360,1.7,201301290800
70374,2.77,201301290800
70440,2.93,201301290800
70462,1.95,201301290800
70619,2.0,201301290800
70659,1.5,201301290800
70715,0.93,201301290800
70903,0.94,201301290800
70934,0.9,201301290800
70961,0.78,201301290800
71122,0.77,201301290800
71187,0.65,201301290800
71399,2.11,201301290800
71601,1.27,201301290800
71629,0.86,201301290800
71888,0.56,201301290800
71961,2.9,201301290800
71964,2.57,201301290800
72201,1.2,201301290800
72218,2.72,201301290800
72345,0.7,201301290800
72367,0.66,201301290800
72407,2.94,201301290800
72416,2.75,201301290800
72706,0.77,201301290800
72894,1.85,201301290800
73104,0.7,201301290800
73135,1.4,201301290800
73211,1.91,201301290800
73223,1.79,201301290800
73451,0.77,201301290800
73460,1.74,201301290800
73461,2.77,201301290800
73557,2.46,201301290800
73669,2.93,201301290800
74158,2.97,201301290800
74216,2.41,201301290800
74388,0.62,201301290800
74396,1.86,201301290800
74466,0.56,201301290800
74467,1.78,201301290800
74638,0.96,201301290800
74677,1.05,201301290800
74678,2.47,201301290800
74711,0.85,201301290800
74721,1.9,201301290800
74962,2.8,201301290800
74968,2.12,201301290800
74973,1.29,201301290800
75224,1.2,201301290800
75329,2.73,201301290800
75386,2.56,201301290800
75424,1.85,201301290800
75436,1.3,201301290800
75475,2.21,201301290800
75619,2.06,201301290800
75721,1.36,201301290800
75722,1.19,201301290800
75724,1.61,201301290800
75725,1.1,201301290800
75726,2.49,201301290800
75727,1.37,201301290800
75974,0.59,201301290800
75975,1.8,201301290800
76133,1.41,201301290800
76227,0.82,201301290800
76393,1.55,201301290800
76473,0.57,201301290800
76477,2.71,201301290800
76654,1.47,201301290800
76728,1.77,201301290800
76959,2.37,201301290800
77169,1.78,201301290800
77230,0.8,201301290800
77381,0.61,201301290800
77458,2.34,201301290800
77641,1.93,201301290800
77942,1.46,201301290800
77981,1.99,201301290800
78205,1.99,201301290800
78418,2.14,201301290800
78654,0.94,201301290800
78733,0.97,201301290800
78881,1.61,201301290800
78896,0.62,201301290800
78909,2.4,201301290800
78983,2.75,201301290800
79234,2.69,201301290800
79379,1.58,201301290800
79394,2.91,201301290800
79484,2.2,201301290800
79712,1.26,201301290800
79911,1.89,201301290800
79915,2.36,201301290800
80160,0.93,201301290800
80161,1.51,201301290800
80193,1.76,201301290800
80352,2.84,201301290800
80397,2.94,201301290800
80406,2.34,201301290800
80411,1.6,201301290800
80412,2.03,201301290800
80413,2.5,201301290800
80420,2.17,201301290800
80485,2.22,201301290800
80635,1.2,201301290800
80659,2.65,201301290800
80663,0.63,201301290800
80664,2.13,201301290800
80703,2.04,201301290800
80877,1.47,201301290800
80916,0.73,201301290800
81163,2.44,201301290800
81164,0.92,201301290800
81354,1.74,201301290800
81363,2.77,201301290800
81390,0.78,201301290800
81625,1.17,201301290800
81651,0.81,201301290800
81899,0.73,201301290800
82135,0.91,201301290800
82168,2.03,201301290800
82169,2.46,201301290800
82237,1.99,201301290800
82613,2.51,201301290800
82622,1.92,201301290800
82664,2.09,201301290800
82892,2.36,201301290800
82951,1.45,201301290800
83410,1.98,201301290800
83489,2.72,201301290800
83735,1.65,201301290800
83865,1.78,201301290800
84123,1.55,201301290800
84179,1.99,201301290800
84207,1.29,201301290800
84212,2.25,201301290800
84221,2.63,201301290800
84366,1.26,201301290800
84689,1.73,201301290800
84712,2.54,201301290800
84902,1.53,201301290800
85474,2.72,201301290800
85487,1.87,201301290800
85620,2.16,201301290800
85705,1.7,201301290800
85715,2.41,201301290800
85738,2.03,201301290800
86440,0.82,201301290800
86622,2.84,201301290800
86623,2.54,201301290800
86672,0.94,201301290800
86873,2.35,201301290800
86895,0.76,201301290800
87121,0.69,201301290800
87227,2.68,201301290800
87460,2.8,201301290800
87690,2.15,201301290800
87873,1.62,201301290800
88242,1.19,201301290800
88463,1.39,201301290800
89120,2.7,201301290800
89152,0.95,201301290800
89175,1.61,201301290800
89198,2.46,201301290800
89615,2.62,201301290800
89625,0.58,201301290800
90116,2.48,201301290800
90183,2.79,201301290800
90497,0.72,201301290800
90699,0.94,201301290800
90719,0.65,201301290800
91200,2.84,201301290800
91432,1.02,201301290800
91434,2.39,201301290800
91684,0.65,201301290800
91713,2.01,201301290800
91744,1.75,201301290800
92233,1.98,201301290800
93205,1.07,201301290800
93244,1.19,201301290800
93252,2.31,201301290800
93463,1.46,201301290800
93675,0.95,201301290800
93944,2.05,201301290800
94431,0.68,201301290800
94710,0.98,201301290800
94755,1.73,201301290800
94997,2.82,201301290800
95000,0.74,201301290800
95707,0.97,201301290800
95949,1.26,201301290800
95998,0.53,201301290800
96188,1.87,201301290800
96225,1.6,201301290800
96249,2.95,201301290800
96468,0.78,201301290800
96486,2.51,201301290800
96718,1.31,201301290800
96972,1.55,201301290800
96995,2.98,201301290800
97251,2.18,201301290800
97440,0.52,201301290800
97471,1.68,201301290800
97969,2.33,201301290800
97990,0.55,201301290800
98224,2.5,201301290800
98229,1.75,201301290800
98450,1.68,201301290800
98475,1.84,201301290800
98739,2.73,201301290800
99256,2.6,201301290800
99468,2.63,201301290800
99730,2.59,201301290800
101215,1.79,201301290800
101911,2.32,201301290800
101912,1.63,201301290800
101989,2.42,201301290800
102999,2.99,201301290800
103242,2.28,201301290800
103431,1.15,201301290800
104177,2.77,201301290800
104221,1.37,201301290800
104239,1.55,201301290800
104701,2.18,201301290800
104984,1.85,201301290800
105196,0.93,201301290800
105219,2.7,201301290800
105460,2.02,201301290800
105461,0.99,201301290800
105481,2.94,201301290800
105489,1.33,201301290800
105709,2.63,201301290800
105710,2.48,201301290800
105711,1.21,201301290800
105712,2.83,201301290800
105713,0.74,201301290800
105715,0.67,201301290800
105726,1.59,201301290800
105727,0.91,201301290800
105736,2.63,201301290800
105960,1.24,201301290800
105961,0.68,201301290800
105962,0.64,201301290800
105963,0.85,201301290800
105964,1.7,201301290800
105975,0.83,201301290800
106195,2.78,201301290800
106213,2.03,201301290800
106214,1.06,201301290800
106215,1.79,201301290800
106221,1.48,201301290800
106231,2.09,201301290800
106232,1.69,201301290800
106234,2.86,201301290800
106235,0.78,201301290800
106237,0.87,201301290800
106446,1.64,201301290800
106447,2.98,201301290800
106462,1.74,201301290800
106463,1.14,201301290800
106465,1.41,201301290800
106466,1.45,201301290800
106467,1.75,201301290800
106480,1.0,201301290800
106712,1.2,201301290800
106717,2.33,201301290800
106718,2.28,201301290800
106741,2.25,201301290800
106958,0.91,201301290800
106964,2.67,201301290800
106965,1.81,201301290800
106966,0.6,201301290800
106967,0.99,201301290800
106971,0.64,201301290800
106983,0.53,201301290800
106997,1.07,201301290800
107200,0.81,201301290800
107212,1.79,201301290800
107219,2.84,201301290800
107240,0.59,201301290800
107460,0.79,201301290800
107465,2.77,201301290800
107466,1.51,201301290800
107468,1.58,201301290800
107491,2.73,201301290800
107711,1.35,201301290800
107725,0.8,201301290800
107726,1.12,201301290800
107954,1.08,201301290800
107966,0.94,201301290800
107971,1.25,201301290800
107979,0.85,201301290800
107993,2.42,201301290800
108205,2.82,201301290800
108211,2.01,201301290800
108214,0.84,201301290800
108215,2.07,201301290800
108217,0.92,201301290800
108219,0.77,201301290800
108220,1.0,201301290800
108222,1.79,201301290800
108225,0.77,201301290800
108230,0.77,201301290800
108454,0.82,201301290800
108463,2.73,201301290800
108499,2.56,201301290800
108717,1.5,201301290800
108722,1.81,201301290800
108724,1.52,201301290800
108733,2.33,201301290800
108968,0.96,201301290800
108975,1.57,201301290800
108984,2.5,201301290800
108985,0.62,201301290800
109216,0.64,201301290800
109219,2.35,201301290800
109222,1.13,201301290800
109227,1.69,201301290800
109231,1.59,201301290800
109236,1.91,201301290800
109245,1.18,201301290800
109473,2.26,201301290800
109487,2.18,201301290800
109494,0.99,201301290800
109495,1.13,201301290800
109496,2.34,201301290800
109497,1.59,201301290800
109742,2.89,201301290800
109744,2.95,201301290800
109748,1.83,201301290800
109750,0.77,201301290800
109980,1.39,201301290800
109991,1.41,201301290800
109994,1.42,201301290800
109998,1.74,201301290800
110001,0.98,201301290800
110243,2.35,201301290800
110247,2.73,201301290800
110249,0.76,201301290800
110251,2.66,201301290800
110253,2.03,201301290800
110254,2.44,201301290800
