cell,mobility,dtg
1610,1.31,201301280800
1846,2.66,201301280800
1851,2.24,201301280800
1853,1.13,201301280800
1856,2.38,201301280800
1857,2.45,201301280800
2103,1.53,201301280800
2105,1.87,201301280800
2106,2.22,201301280800
2107,2.77,201301280800
2114,1.44,201301280800
2342,0.51,201301280800
2347,0.88,201301280800
2351,2.37,201301280800
2354,2.34,201301280800
2357,1.96,201301280800
2372,1.31,201301280800
2374,1.55,201301280800
2591,2.5,201301280800
2595,2.35,201301280800
2605,2.83,201301280800
2611,0.98,201301280800
2615,0.55,201301280800
2620,2.68,201301280800
2627,2.5,201301280800
2839,1.15,201301280800
2847,1.64,201301280800
3086,1.09,201301280800
3094,0.72,201301280800
3100,1.16,201301280800
3124,1.15,201301280800
3128,1.43,201301280800
3334,2.32,201301280800
3337,2.47,201301280800
3375,0.79,201301280800
3614,2.74,201301280800
3619,2.35,201301280800
3632,1.58,201301280800
3635,2.59,201301280800
3830,2.75,201301280800
3831,1.69,201301280800
3833,1.29,201301280800
3837,2.45,201301280800
3845,1.86,201301280800
3856,2.17,201301280800
3860,1.66,201301280800
3865,1.04,201301280800
4078,2.49,201301280800
4081,1.61,201301280800
4137,0.72,201301280800
4141,1.35,201301280800
4142,1.1,201301280800
4328,2.12,201301280800
4329,1.52,201301280800
4341,2.8,201301280800
4345,1.53,201301280800
4348,2.87,201301280800
4354,1.77,201301280800
4372,2.78,201301280800
4577,1.06,201301280800
4578,0.86,201301280800
4580,2.18,201301280800
4582,2.61,201301280800
4605,2.87,201301280800
4608,0.6,201301280800
4631,1.88,201301280800
4636,2.3,201301280800
4637,1.48,201301280800
4829,2.28,201301280800
4830,1.4,201301280800
4831,2.19,201301280800
4834,1.66,201301280800
4837,0.63,201301280800
4852,1.99,201301280800
4863,2.66,201301280800
4868,1.78,201301280800
4890,1.27,201301280800
4891,2.44,201301280800
5078,1.44,201301280800
5081,2.07,201301280800
5084,1.69,201301280800
5127,1.96,201301280800
5153,1.26,201301280800
5327,1.02,201301280800
5329,2.04,201301280800
5333,1.09,201301280800
5334,2.07,201301280800
5339,2.05,201301280800
5369,1.36,201301280800
5402,0.7,201301280800
5410,0.93,201301280800
5577,1.19,201301280800
5581,2.4,201301280800
5592,2.64,201301280800
5612,1.89,201301280800
5623,2.1,201301280800
5876,1.77,201301280800
5893,0.94,201301280800
5898,0.97,201301280800
6078,2.72,201301280800
6118,2.21,201301280800
6136,1.36,201301280800
6158,1.55,201301280800
6159,0.88,201301280800
6333,2.89,201301280800
6353,1.02,201301280800
6365,1.43,201301280800
6366,0.5,201301280800
6414,1.35,201301280800
6588,2.15,201301280800
6609,1.2,201301280800
6635,2.24,201301280800
6668,1.71,201301280800
6841,0.84,201301280800
6849,0.92,201301280800
6896,2.17,201301280800
6924,2.04,201301280800
6928,1.24,201301280800
6935,1.17,201301280800
6939,2.08,201301280800
7077,1.31,201301280800
7078,0.69,201301280800
7085,1.45,201301280800
7088,1.38,201301280800
7113,2.14,201301280800
7114,1.98,201301280800
7129,0.78,201301280800
7133,2.72,201301280800
7165,0.7,201301280800
7192,1.1,201301280800
7354,1.33,201301280800
7375,0.68,201301280800
7379,0.97,201301280800
7401,1.43,201301280800
7410,1.06,201301280800
7436,0.66,201301280800
7584,1.01,201301280800
7646,1.05,201301280800
7849,1.02,201301280800
7871,1.03,201301280800
7927,1.01,201301280800
7948,0.87,201301280800
8080,2.19,201301280800
8170,2.8,201301280800
8182,2.11,201301280800
8195,2.52,201301280800
8342,1.6,201301280800
8582,1.4,201301280800
8602,0.61,201301280800
8609,1.79,201301280800
8638,2.83,201301280800
8656,0.59,201301280800
8830,1.21,201301280800
8839,0.87,201301280800
8876,2.27,201301280800
8897,2.3,201301280800
8912,2.33,201301280800
8918,1.85,201301280800
8929,1.39,201301280800
8940,2.94,201301280800
8954,2.66,201301280800
9140,1.6,201301280800
9333,1.94,201301280800
9468,2.15,201301280800
9473,1.81,201301280800
9589,2.59,201301280800
9601,2.78,201301280800
9607,2.85,201301280800
9658,2.99,201301280800
9724,2.32,201301280800
9833,1.49,201301280800
10084,1.64,201301280800
10089,1.1,201301280800
10096,2.19,201301280800
10144,1.33,201301280800
10170,1.42,201301280800
10181,0.56,201301280800
10189,2.06,201301280800
10201,0.99,201301280800
10334,2.38,201301280800
10335,2.5,201301280800
10383,0.83,201301280800
10414,1.81,201301280800
10444,1.02,201301280800
10458,2.37,201301280800
10477,1.13,201301280800
10586,2.04,201301280800
10601,2.14,201301280800
10609,1.22,201301280800
10616,1.09,201301280800
10633,0.56,201301280800
10655,0.79,201301280800
10665,2.1,201301280800
10681,0.87,201301280800
10717,0.76,201301280800
10835,1.18,201301280800
10837,2.0,201301280800
10847,2.0,201301280800
10903,0.55,201301280800
10911,1.47,201301280800
10918,1.84,201301280800
10973,1.87,201301280800
11087,2.85,201301280800
11092,1.98,201301280800
11128,1.22,201301280800
11222,2.1,201301280800
11223,1.69,201301280800
11225,2.15,201301280800
11238,0.94,201301280800
11361,1.04,201301280800
11393,1.8,201301280800
11424,2.62,201301280800
11601,2.51,201301280800
11682,2.44,201301280800
11704,1.03,201301280800
11858,1.4,201301280800
11884,0.83,201301280800
11901,0.9,201301280800
11946,1.52,201301280800
11960,2.19,201301280800
11972,1.33,201301280800
12089,0.58,201301280800
12090,2.02,201301280800
12096,1.69,201301280800
12120,2.6,201301280800
12157,1.35,201301280800
12230,1.81,201301280800
12383,2.05,201301280800
12431,1.9,201301280800
12601,2.55,201301280800
12625,1.1,201301280800
12632,0.75,201301280800
12842,2.4,201301280800
12875,1.17,201301280800
12901,2.65,201301280800
12913,1.48,201301280800
12933,1.92,201301280800
12934,1.08,201301280800
12985,2.23,201301280800
13099,1.75,201301280800
13114,1.09,201301280800
13150,2.15,201301280800
13175,2.11,201301280800
13183,2.45,201301280800
13222,1.11,201301280800
13358,0.84,201301280800
13444,1.74,201301280800
13455,1.99,201301280800
13456,1.53,201301280800
13670,2.72,201301280800
13694,0.98,201301280800
13845,1.24,201301280800
13849,1.23,201301280800
14011,2.97,201301280800
14095,1.1,201301280800
14133,2.65,201301280800
14161,2.88,201301280800
14167,0.57,201301280800
14184,0.9,201301280800
14241,1.14,201301280800
14255,0.67,201301280800
14349,1.81,201301280800
14350,2.55,201301280800
14375,0.96,201301280800
14452,2.93,201301280800
14475,2.43,201301280800
14620,2.42,201301280800
14673,1.64,201301280800
14745,2.21,201301280800
14859,2.83,201301280800
14936,1.2,201301280800
14995,2.09,201301280800
15097,1.03,201301280800
15098,2.15,201301280800
15246,0.71,201301280800
15349,1.1,201301280800
15440,1.76,201301280800
15600,2.63,201301280800
15656,2.12,201301280800
15672,0.9,201301280800
15699,1.69,201301280800
15714,1.39,201301280800
15725,0.75,201301280800
15744,2.34,201301280800
15849,1.43,201301280800
15850,1.78,201301280800
15851,2.12,201301280800
15853,1.02,201301280800
15871,1.02,201301280800
16100,0.66,201301280800
16105,2.68,201301280800
16114,1.75,201301280800
16171,2.26,201301280800
16184,2.79,201301280800
16400,1.3,201301280800
16414,2.26,201301280800
16601,1.46,201301280800
16604,1.24,201301280800
16625,1.0,201301280800
16670,2.35,201301280800
16853,1.18,201301280800
16868,1.94,201301280800
16932,1.86,201301280800
17232,1.99,201301280800
17355,2.06,201301280800
17358,0.6,201301280800
17367,2.6,201301280800
17635,1.36,201301280800
17673,2.57,201301280800
17681,0.72,201301280800
17884,2.57,201301280800
17984,2.62,201301280800
18108,1.45,201301280800
18115,2.95,201301280800
18118,2.85,201301280800
18123,2.45,201301280800
18139,0.56,201301280800
18154,1.86,201301280800
18160,2.29,201301280800
18177,2.14,201301280800
18185,1.13,201301280800
18383,1.19,201301280800
18404,0.58,201301280800
18427,2.4,201301280800
18466,2.26,201301280800
18616,2.13,201301280800
18629,2.28,201301280800
18861,1.09,201301280800
18866,1.34,201301280800
18925,0.6,201301280800
19110,1.65,201301280800
19112,0.89,201301280800
19114,2.67,201301280800
19122,0.94,201301280800
19360,1.38,201301280800
19443,1.84,201301280800
19481,2.67,201301280800
19611,0.77,201301280800
19612,2.1,201301280800
19618,2.25,201301280800
19633,1.93,201301280800
19678,2.27,201301280800
19878,1.9,201301280800
19913,0.64,201301280800
20113,1.05,201301280800
20114,0.72,201301280800
20116,1.69,201301280800
20170,2.19,201301280800
20363,0.98,201301280800
20387,2.45,201301280800
20396,1.67,201301280800
20436,2.62,201301280800
20616,2.14,201301280800
20621,1.47,201301280800
20628,1.16,201301280800
20651,2.53,201301280800
20671,1.99,201301280800
20682,1.11,201301280800
20864,1.78,201301280800
20882,2.76,201301280800
20931,0.67,201301280800
20995,2.14,201301280800
21115,2.97,201301280800
21118,2.98,201301280800
21201,1.41,201301280800
21373,1.0,201301280800
21377,2.18,201301280800
21392,1.25,201301280800
21407,1.35,201301280800
21428,2.51,201301280800
21448,2.39,201301280800
21617,1.43,201301280800
21619,1.84,201301280800
21639,2.94,201301280800
21658,2.91,201301280800
21663,1.51,201301280800
21701,1.43,201301280800
21721,1.93,201301280800
21868,2.97,201301280800
21871,1.87,201301280800
21999,0.67,201301280800
22126,1.22,201301280800
22133,1.43,201301280800
22174,2.83,201301280800
22176,2.34,201301280800
22205,1.84,201301280800
22368,2.79,201301280800
22395,2.1,201301280800
22419,1.21,201301280800
22420,2.32,201301280800
22421,1.16,201301280800
22422,1.77,201301280800
22619,0.83,201301280800
22630,2.95,201301280800
22634,1.29,201301280800
22671,1.87,201301280800
22673,1.43,201301280800
22700,1.27,201301280800
22751,2.76,201301280800
22768,1.81,201301280800
22869,1.81,201301280800
22877,1.14,201301280800
22928,0.87,201301280800
22940,2.08,201301280800
22955,1.81,201301280800
22963,1.72,201301280800
22966,2.64,201301280800
23120,1.5,201301280800
23124,1.51,201301280800
23125,2.84,201301280800
23131,1.94,201301280800
23138,1.52,201301280800
23169,1.31,201301280800
23194,2.47,201301280800
23216,2.24,201301280800
23370,2.29,201301280800
23371,2.26,201301280800
23379,2.74,201301280800
23386,2.81,201301280800
23388,1.48,201301280800
23427,2.84,201301280800
23621,1.72,201301280800
23627,1.71,201301280800
23635,0.75,201301280800
23641,1.65,201301280800
23662,1.75,201301280800
23669,0.73,201301280800
23690,0.65,201301280800
23744,2.63,201301280800
23750,1.91,201301280800
23872,2.72,201301280800
23873,2.34,201301280800
23875,0.97,201301280800
23881,1.63,201301280800
23894,1.63,201301280800
23896,2.46,201301280800
23907,2.95,201301280800
23925,1.36,201301280800
23973,0.83,201301280800
24005,2.03,201301280800
24009,0.61,201301280800
24032,0.55,201301280800
24122,2.77,201301280800
24123,2.23,201301280800
24149,1.71,201301280800
24247,1.84,201301280800
24251,2.31,201301280800
24265,2.75,201301280800
24266,2.0,201301280800
24373,1.4,201301280800
24374,2.1,201301280800
24380,2.34,201301280800
24381,0.81,201301280800
24383,1.03,201301280800
24387,2.46,201301280800
24402,2.41,201301280800
24405,1.56,201301280800
24423,2.9,201301280800
24623,1.97,201301280800
24626,2.26,201301280800
24643,0.88,201301280800
24732,1.9,201301280800
24734,0.85,201301280800
24739,2.88,201301280800
24774,0.88,201301280800
24775,2.7,201301280800
24781,1.21,201301280800
24837,1.44,201301280800
24874,2.16,201301280800
24877,0.59,201301280800
24879,1.21,201301280800
24880,1.15,201301280800
24895,1.31,201301280800
24920,0.67,201301280800
24990,1.5,201301280800
24991,1.19,201301280800
24993,1.86,201301280800
25124,0.81,201301280800
25125,0.63,201301280800
25126,2.76,201301280800
25129,1.98,201301280800
25130,2.26,201301280800
25132,0.62,201301280800
25136,1.38,201301280800
25138,2.54,201301280800
25141,1.92,201301280800
25179,2.04,201301280800
25187,0.51,201301280800
25375,2.1,201301280800
25376,0.74,201301280800
25377,0.61,201301280800
25379,1.95,201301280800
25385,2.69,201301280800
25395,0.64,201301280800
25400,1.6,201301280800
25405,1.62,201301280800
25412,2.48,201301280800
25427,0.85,201301280800
25626,2.76,201301280800
25627,0.71,201301280800
25628,0.76,201301280800
25629,0.78,201301280800
25632,2.94,201301280800
25633,1.09,201301280800
25642,1.45,201301280800
25715,1.23,201301280800
25747,1.71,201301280800
25763,2.41,201301280800
25876,1.1,201301280800
25877,1.36,201301280800
25878,0.85,201301280800
25881,1.55,201301280800
25882,2.9,201301280800
25886,0.54,201301280800
25888,2.22,201301280800
25926,1.24,201301280800
25997,2.26,201301280800
26005,0.65,201301280800
26035,1.89,201301280800
26127,2.57,201301280800
26129,1.56,201301280800
26130,1.83,201301280800
26133,2.64,201301280800
26135,1.81,201301280800
26136,1.22,201301280800
26138,2.25,201301280800
26139,1.08,201301280800
26141,1.69,201301280800
26148,0.63,201301280800
26168,2.5,201301280800
26378,2.67,201301280800
26379,1.01,201301280800
26380,2.59,201301280800
26381,1.02,201301280800
26382,1.36,201301280800
26383,1.34,201301280800
26385,2.32,201301280800
26386,1.05,201301280800
26387,2.6,201301280800
26389,1.08,201301280800
26391,1.8,201301280800
26392,0.56,201301280800
26393,1.39,201301280800
26396,2.39,201301280800
26403,2.9,201301280800
26408,1.01,201301280800
26427,1.68,201301280800
26450,0.77,201301280800
26492,1.29,201301280800
26546,2.22,201301280800
26563,0.69,201301280800
26564,0.54,201301280800
26628,0.6,201301280800
26629,0.56,201301280800
26630,2.95,201301280800
26631,1.64,201301280800
26633,1.11,201301280800
26634,1.13,201301280800
26656,2.99,201301280800
26674,1.22,201301280800
26708,1.46,201301280800
26752,1.41,201301280800
26754,2.18,201301280800
26755,2.27,201301280800
26782,2.77,201301280800
26846,1.21,201301280800
26879,1.7,201301280800
26880,1.42,201301280800
26881,2.17,201301280800
26882,1.84,201301280800
26883,0.67,201301280800
26884,2.7,201301280800
26885,1.07,201301280800
26886,0.53,201301280800
26887,1.68,201301280800
26889,2.14,201301280800
26890,0.97,201301280800
26891,1.07,201301280800
26892,1.25,201301280800
26893,2.91,201301280800
26894,2.1,201301280800
26895,2.91,201301280800
26897,1.95,201301280800
26905,1.61,201301280800
26938,2.2,201301280800
26964,0.81,201301280800
27006,1.76,201301280800
27042,1.14,201301280800
27098,0.82,201301280800
27130,2.64,201301280800
27131,2.82,201301280800
27132,0.94,201301280800
27133,1.57,201301280800
27134,1.99,201301280800
27135,2.98,201301280800
27136,1.92,201301280800
27137,1.04,201301280800
27138,2.51,201301280800
27142,1.5,201301280800
27143,1.48,201301280800
27145,2.58,201301280800
27148,2.07,201301280800
27149,1.65,201301280800
27152,1.59,201301280800
27155,0.8,201301280800
27175,0.54,201301280800
27209,2.33,201301280800
27247,2.34,201301280800
27381,1.88,201301280800
27382,1.76,201301280800
27383,1.23,201301280800
27384,1.77,201301280800
27386,2.46,201301280800
27387,1.87,201301280800
27388,2.49,201301280800
27389,1.88,201301280800
27390,2.45,201301280800
27392,1.39,201301280800
27395,2.39,201301280800
27404,2.01,201301280800
27415,1.81,201301280800
27427,1.73,201301280800
27489,1.79,201301280800
27494,1.96,201301280800
27498,1.72,201301280800
27518,2.01,201301280800
27632,3.0,201301280800
27633,2.33,201301280800
27634,1.74,201301280800
27635,2.74,201301280800
27636,1.66,201301280800
27637,1.97,201301280800
27638,0.76,201301280800
27639,0.78,201301280800
27640,2.29,201301280800
27642,0.67,201301280800
27643,0.54,201301280800
27645,2.12,201301280800
27646,2.25,201301280800
27647,0.6,201301280800
27649,1.46,201301280800
27654,1.91,201301280800
27763,2.76,201301280800
27764,2.61,201301280800
27796,1.59,201301280800
27797,1.95,201301280800
27883,1.17,201301280800
27884,2.56,201301280800
27885,1.88,201301280800
27886,0.63,201301280800
27887,2.39,201301280800
27888,1.14,201301280800
27889,1.24,201301280800
27890,1.15,201301280800
27891,2.18,201301280800
27892,2.36,201301280800
27894,0.78,201301280800
27895,2.41,201301280800
27897,2.7,201301280800
27902,0.56,201301280800
27908,2.72,201301280800
27911,1.3,201301280800
27930,1.19,201301280800
27971,1.71,201301280800
28004,1.13,201301280800
28015,2.28,201301280800
28049,1.79,201301280800
28102,2.86,201301280800
28134,0.98,201301280800
28135,2.35,201301280800
28136,1.24,201301280800
28137,2.56,201301280800
28138,1.89,201301280800
28139,2.05,201301280800
28140,2.46,201301280800
28142,1.08,201301280800
28143,1.97,201301280800
28144,2.9,201301280800
28146,1.24,201301280800
28154,2.45,201301280800
28156,2.66,201301280800
28216,2.38,201301280800
28239,1.04,201301280800
28384,2.21,201301280800
28385,2.09,201301280800
28386,1.58,201301280800
28387,1.23,201301280800
28388,2.51,201301280800
28389,1.09,201301280800
28390,1.77,201301280800
28391,2.03,201301280800
28392,1.74,201301280800
28393,0.58,201301280800
28394,1.17,201301280800
28396,1.17,201301280800
28397,2.32,201301280800
28400,1.73,201301280800
28401,2.43,201301280800
28405,1.48,201301280800
28427,1.17,201301280800
28467,1.87,201301280800
28496,0.61,201301280800
28497,2.57,201301280800
28519,1.58,201301280800
28535,0.67,201301280800
28539,2.16,201301280800
28545,0.98,201301280800
28557,1.59,201301280800
28635,1.95,201301280800
28636,2.58,201301280800
28637,2.11,201301280800
28638,1.87,201301280800
28639,1.02,201301280800
28640,2.02,201301280800
28641,0.81,201301280800
28642,2.79,201301280800
28643,2.28,201301280800
28644,2.56,201301280800
28645,0.65,201301280800
28646,2.0,201301280800
28649,0.76,201301280800
28658,1.86,201301280800
28667,1.37,201301280800
28675,2.54,201301280800
28751,1.28,201301280800
28753,1.48,201301280800
28754,0.91,201301280800
28788,2.69,201301280800
28812,0.64,201301280800
28823,1.55,201301280800
28886,2.76,201301280800
28887,1.1,201301280800
28888,1.53,201301280800
28889,2.75,201301280800
28890,0.75,201301280800
28891,0.67,201301280800
28892,2.77,201301280800
28893,2.76,201301280800
28894,1.32,201301280800
28895,0.68,201301280800
28896,1.74,201301280800
28897,1.82,201301280800
28899,0.86,201301280800
28900,1.73,201301280800
28901,1.05,201301280800
28902,2.85,201301280800
28905,2.16,201301280800
28912,2.14,201301280800
28960,2.6,201301280800
28969,2.2,201301280800
29004,1.68,201301280800
29012,0.68,201301280800
29026,2.25,201301280800
29068,1.23,201301280800
29076,1.92,201301280800
29088,0.53,201301280800
29094,2.76,201301280800
29136,1.56,201301280800
29137,2.34,201301280800
29138,1.06,201301280800
29139,1.96,201301280800
29140,0.77,201301280800
29141,0.75,201301280800
29142,2.8,201301280800
29143,2.44,201301280800
29144,1.41,201301280800
29146,0.74,201301280800
29147,2.19,201301280800
29148,1.8,201301280800
29149,1.82,201301280800
29151,0.95,201301280800
29158,2.26,201301280800
29165,2.39,201301280800
29171,2.4,201301280800
29190,2.25,201301280800
29247,1.44,201301280800
29387,0.65,201301280800
29388,1.63,201301280800
29389,1.39,201301280800
29390,2.03,201301280800
29391,1.25,201301280800
29392,1.44,201301280800
29393,0.94,201301280800
29394,2.71,201301280800
29395,0.89,201301280800
29396,1.02,201301280800
29397,2.45,201301280800
29398,1.93,201301280800
29399,2.95,201301280800
29401,0.89,201301280800
29402,2.29,201301280800
29403,0.66,201301280800
29405,1.67,201301280800
29409,2.71,201301280800
29425,2.58,201301280800
29429,0.74,201301280800
29495,0.63,201301280800
29498,2.11,201301280800
29533,2.4,201301280800
29556,1.4,201301280800
29638,2.5,201301280800
29639,1.33,201301280800
29640,1.91,201301280800
29641,0.87,201301280800
29642,0.75,201301280800
29643,2.5,201301280800
29644,1.14,201301280800
29645,2.97,201301280800
29648,1.58,201301280800
29649,0.97,201301280800
29650,1.04,201301280800
29654,2.53,201301280800
29663,2.66,201301280800
29670,0.94,201301280800
29710,2.14,201301280800
29730,2.39,201301280800
29733,2.18,201301280800
29736,1.5,201301280800
29766,2.05,201301280800
29891,1.63,201301280800
29892,2.84,201301280800
29893,0.99,201301280800
29894,2.52,201301280800
29895,1.71,201301280800
29896,1.31,201301280800
29897,1.52,201301280800
29898,0.57,201301280800
29900,2.28,201301280800
29903,2.96,201301280800
29906,0.76,201301280800
29909,1.22,201301280800
29912,2.75,201301280800
29917,2.88,201301280800
29925,2.44,201301280800
29966,2.11,201301280800
30021,2.92,201301280800
30026,1.82,201301280800
30036,2.18,201301280800
30142,0.65,201301280800
30143,1.78,201301280800
30144,2.48,201301280800
30145,2.06,201301280800
30146,2.6,201301280800
30147,0.73,201301280800
30148,0.88,201301280800
30152,2.5,201301280800
30154,0.83,201301280800
30157,1.84,201301280800
30158,0.56,201301280800
30181,2.32,201301280800
30242,1.09,201301280800
30243,0.89,201301280800
30244,0.78,201301280800
30261,1.49,201301280800
30300,2.85,201301280800
30322,1.52,201301280800
30393,1.62,201301280800
30394,1.22,201301280800
30395,1.55,201301280800
30396,1.21,201301280800
30397,0.5,201301280800
30398,1.22,201301280800
30400,2.12,201301280800
30401,0.86,201301280800
30403,2.99,201301280800
30407,1.69,201301280800
30410,2.18,201301280800
30420,1.95,201301280800
30430,0.86,201301280800
30434,0.8,201301280800
30439,1.59,201301280800
30481,1.83,201301280800
30489,0.99,201301280800
30494,0.77,201301280800
30495,1.79,201301280800
30496,1.01,201301280800
30645,0.53,201301280800
30646,0.52,201301280800
30647,2.16,201301280800
30648,2.62,201301280800
30649,1.32,201301280800
30650,1.15,201301280800
30651,1.53,201301280800
30652,2.28,201301280800
30653,0.52,201301280800
30654,0.67,201301280800
30661,0.55,201301280800
30664,1.61,201301280800
30666,1.6,201301280800
30669,0.94,201301280800
30673,1.98,201301280800
30683,0.61,201301280800
30745,1.78,201301280800
30750,2.92,201301280800
30777,0.56,201301280800
30780,2.0,201301280800
30812,0.93,201301280800
30897,0.85,201301280800
30898,1.77,201301280800
30899,1.05,201301280800
30900,2.27,201301280800
30901,0.68,201301280800
30902,0.89,201301280800
30903,1.31,201301280800
30904,2.52,201301280800
30908,1.01,201301280800
30909,1.14,201301280800
30912,1.73,201301280800
30913,2.11,201301280800
30928,1.38,201301280800
30953,2.49,201301280800
30979,2.31,201301280800
30994,1.3,201301280800
30995,1.75,201301280800
31027,1.28,201301280800
31028,2.56,201301280800
31029,2.5,201301280800
31082,2.82,201301280800
31148,0.62,201301280800
31149,1.95,201301280800
31150,2.73,201301280800
31151,1.53,201301280800
31152,1.92,201301280800
31156,1.47,201301280800
31157,2.41,201301280800
31161,0.97,201301280800
31166,2.42,201301280800
31172,2.27,201301280800
31274,1.32,201301280800
31281,1.25,201301280800
31369,1.76,201301280800
31398,0.81,201301280800
31401,1.51,201301280800
31407,2.27,201301280800
31408,1.57,201301280800
31409,1.75,201301280800
31410,1.22,201301280800
31413,2.64,201301280800
31419,1.9,201301280800
31427,1.8,201301280800
31457,0.69,201301280800
31466,2.6,201301280800
31651,2.61,201301280800
31652,1.87,201301280800
31656,1.86,201301280800
31660,2.45,201301280800
31663,2.92,201301280800
31666,1.45,201301280800
31675,0.71,201301280800
31738,0.79,201301280800
31754,2.55,201301280800
31782,0.93,201301280800
31903,0.51,201301280800
31904,1.36,201301280800
31905,1.68,201301280800
31906,1.63,201301280800
31908,2.79,201301280800
31912,2.6,201301280800
31921,1.54,201301280800
31928,2.91,201301280800
31949,2.44,201301280800
32028,2.72,201301280800
32032,2.29,201301280800
32045,1.72,201301280800
32150,2.88,201301280800
32155,0.68,201301280800
32157,1.27,201301280800
32161,1.62,201301280800
32162,1.64,201301280800
32167,1.72,201301280800
32169,2.45,201301280800
32175,2.23,201301280800
32182,0.65,201301280800
32185,0.99,201301280800
32195,2.67,201301280800
32235,1.18,201301280800
32404,2.37,201301280800
32405,1.48,201301280800
32410,0.93,201301280800
32411,1.66,201301280800
32415,2.95,201301280800
32449,0.9,201301280800
32490,0.74,201301280800
32558,2.54,201301280800
32622,2.15,201301280800
32656,1.58,201301280800
32658,0.88,201301280800
32660,0.64,201301280800
32662,1.2,201301280800
32668,2.03,201301280800
32682,2.87,201301280800
32697,0.99,201301280800
32712,1.53,201301280800
32729,2.9,201301280800
32739,1.88,201301280800
32742,0.99,201301280800
32744,2.76,201301280800
32802,1.14,201301280800
32834,1.13,201301280800
32905,1.22,201301280800
32907,1.38,201301280800
32912,2.09,201301280800
32916,0.87,201301280800
32922,0.59,201301280800
32924,2.85,201301280800
32926,1.45,201301280800
32929,1.76,201301280800
32977,1.53,201301280800
32978,1.98,201301280800
33154,1.4,201301280800
33158,2.43,201301280800
33160,0.78,201301280800
33165,2.72,201301280800
33170,2.99,201301280800
33186,1.16,201301280800
33286,1.51,201301280800
33405,1.45,201301280800
33409,2.27,201301280800
33412,2.39,201301280800
33418,2.61,201301280800
33420,1.44,201301280800
33424,2.97,201301280800
33435,2.12,201301280800
33442,0.72,201301280800
33519,2.36,201301280800
33594,0.76,201301280800
33656,0.89,201301280800
33659,2.67,201301280800
33662,2.37,201301280800
33664,1.16,201301280800
33666,1.73,201301280800
33669,1.41,201301280800
33673,2.05,201301280800
33675,2.2,201301280800
33694,0.93,201301280800
33724,0.82,201301280800
33742,1.16,201301280800
33812,1.34,201301280800
33909,1.62,201301280800
33911,0.83,201301280800
33912,1.78,201301280800
33913,0.94,201301280800
33922,2.72,201301280800
33923,1.14,201301280800
33924,2.93,201301280800
33931,0.79,201301280800
33935,1.46,201301280800
33986,2.14,201301280800
34013,1.69,201301280800
34160,2.18,201301280800
34161,1.39,201301280800
34162,1.64,201301280800
34163,1.54,201301280800
34167,1.21,201301280800
34190,0.73,201301280800
34211,2.15,201301280800
34303,2.37,201301280800
34380,0.97,201301280800
34407,0.89,201301280800
34413,2.92,201301280800
34423,1.36,201301280800
34424,0.65,201301280800
34427,1.41,201301280800
34430,2.23,201301280800
34437,2.09,201301280800
34440,1.36,201301280800
34486,1.11,201301280800
34495,0.98,201301280800
34510,1.09,201301280800
34520,2.59,201301280800
34528,2.21,201301280800
34563,2.92,201301280800
34662,2.19,201301280800
34667,2.93,201301280800
34668,2.11,201301280800
34670,1.08,201301280800
34672,0.98,201301280800
34673,2.22,201301280800
34676,1.85,201301280800
34679,0.78,201301280800
34682,2.17,201301280800
34695,1.08,201301280800
34710,0.75,201301280800
34714,2.14,201301280800
34720,0.67,201301280800
34882,1.11,201301280800
34913,1.73,201301280800
34914,0.66,201301280800
34915,1.15,201301280800
34924,0.99,201301280800
34925,1.48,201301280800
34934,2.92,201301280800
34939,1.83,201301280800
34959,1.56,201301280800
34990,0.96,201301280800
35102,2.23,201301280800
35164,1.21,201301280800
35166,1.75,201301280800
35173,2.39,201301280800
35178,1.93,201301280800
35183,1.98,201301280800
35185,1.44,201301280800
35187,1.89,201301280800
35193,1.32,201301280800
35203,2.11,201301280800
35218,2.62,201301280800
35237,2.93,201301280800
35244,1.52,201301280800
35249,1.36,201301280800
35295,0.52,201301280800
35368,2.89,201301280800
35410,0.93,201301280800
35414,2.89,201301280800
35415,0.66,201301280800
35417,2.63,201301280800
35421,0.54,201301280800
35440,2.89,201301280800
35455,2.25,201301280800
35492,2.98,201301280800
35515,2.47,201301280800
35665,1.8,201301280800
35675,1.4,201301280800
35683,2.52,201301280800
35686,2.28,201301280800
35700,0.86,201301280800
35745,2.15,201301280800
35755,1.99,201301280800
35769,0.54,201301280800
35916,1.59,201301280800
35917,1.74,201301280800
35918,1.43,201301280800
35919,1.81,201301280800
35921,1.41,201301280800
35929,2.89,201301280800
35931,0.98,201301280800
35941,1.7,201301280800
35944,2.24,201301280800
35971,1.76,201301280800
35981,2.26,201301280800
35992,1.75,201301280800
35994,2.76,201301280800
36067,1.13,201301280800
36162,2.42,201301280800
36167,2.93,201301280800
36169,0.67,201301280800
36170,2.79,201301280800
36173,1.43,201301280800
36176,1.37,201301280800
36177,0.68,201301280800
36205,1.35,201301280800
36237,0.64,201301280800
36245,2.3,201301280800
36246,2.92,201301280800
36293,1.37,201301280800
36311,1.64,201301280800
36417,1.36,201301280800
36420,1.86,201301280800
36421,2.46,201301280800
36441,2.78,201301280800
36448,0.57,201301280800
36494,1.63,201301280800
36498,1.68,201301280800
36502,2.3,201301280800
36510,2.52,201301280800
36513,1.43,201301280800
36519,2.25,201301280800
36524,2.08,201301280800
36576,1.42,201301280800
36668,2.86,201301280800
36673,1.86,201301280800
36675,2.87,201301280800
36677,0.82,201301280800
36679,1.81,201301280800
36682,2.66,201301280800
36688,1.65,201301280800
36690,2.16,201301280800
36711,0.53,201301280800
36717,2.54,201301280800
36758,0.81,201301280800
36889,0.74,201301280800
36915,2.89,201301280800
36918,2.78,201301280800
36933,1.67,201301280800
36934,0.58,201301280800
36953,2.91,201301280800
36959,0.58,201301280800
36996,0.78,201301280800
36999,1.96,201301280800
37001,1.82,201301280800
37167,0.53,201301280800
37168,1.38,201301280800
37169,1.69,201301280800
37172,2.5,201301280800
37176,2.25,201301280800
37178,1.01,201301280800
37179,2.78,201301280800
37182,2.12,201301280800
37192,1.42,201301280800
37200,0.68,201301280800
37206,1.94,201301280800
37232,0.85,201301280800
37239,1.31,201301280800
37270,1.24,201301280800
37298,0.97,201301280800
37304,0.68,201301280800
37419,1.84,201301280800
37421,1.05,201301280800
37423,2.24,201301280800
37425,1.3,201301280800
37446,0.97,201301280800
37454,2.3,201301280800
37477,2.28,201301280800
37487,1.22,201301280800
37501,2.09,201301280800
37503,0.97,201301280800
37513,2.73,201301280800
37523,1.86,201301280800
37562,1.2,201301280800
37609,0.93,201301280800
37642,1.77,201301280800
37643,2.97,201301280800
37670,0.58,201301280800
37671,1.49,201301280800
37672,0.59,201301280800
37676,1.01,201301280800
37688,2.75,201301280800
37689,2.02,201301280800
37690,2.39,201301280800
37695,1.97,201301280800
37701,1.87,201301280800
37710,2.7,201301280800
37711,0.8,201301280800
37754,2.17,201301280800
37874,2.13,201301280800
37891,2.3,201301280800
37893,1.41,201301280800
37894,2.27,201301280800
37926,1.19,201301280800
37928,1.13,201301280800
37929,1.84,201301280800
37932,2.19,201301280800
37936,2.38,201301280800
37943,2.39,201301280800
37952,1.1,201301280800
37962,1.41,201301280800
37968,1.04,201301280800
38003,1.13,201301280800
38060,2.3,201301280800
38145,0.78,201301280800
38172,2.0,201301280800
38173,2.17,201301280800
38178,0.63,201301280800
38200,1.38,201301280800
38204,2.05,201301280800
38209,2.69,201301280800
38215,1.47,201301280800
38220,1.22,201301280800
38225,2.33,201301280800
38228,1.72,201301280800
38230,0.57,201301280800
38243,2.25,201301280800
38247,2.99,201301280800
38255,1.63,201301280800
38263,1.12,201301280800
38268,2.77,201301280800
38272,0.97,201301280800
38367,0.87,201301280800
38381,0.96,201301280800
38423,1.22,201301280800
38425,1.76,201301280800
38426,2.19,201301280800
38431,1.26,201301280800
38440,2.32,201301280800
38479,2.45,201301280800
38481,0.74,201301280800
38483,1.27,201301280800
38488,1.36,201301280800
38490,1.63,201301280800
38498,0.66,201301280800
38499,2.03,201301280800
38500,0.96,201301280800
38505,1.97,201301280800
38506,1.07,201301280800
38508,2.35,201301280800
38517,2.31,201301280800
38534,0.83,201301280800
38648,0.57,201301280800
38674,2.54,201301280800
38676,2.15,201301280800
38679,1.79,201301280800
38684,2.25,201301280800
38693,1.32,201301280800
38697,2.92,201301280800
38716,2.51,201301280800
38722,2.64,201301280800
38736,2.13,201301280800
38738,1.81,201301280800
38752,2.51,201301280800
38753,2.19,201301280800
38758,1.46,201301280800
38760,0.84,201301280800
38761,1.13,201301280800
38762,2.85,201301280800
38766,1.59,201301280800
38769,0.58,201301280800
38778,0.55,201301280800
38812,1.33,201301280800
38939,0.94,201301280800
38953,1.05,201301280800
38958,2.99,201301280800
38967,0.73,201301280800
39006,1.91,201301280800
39008,2.87,201301280800
39010,0.61,201301280800
39011,1.67,201301280800
39017,1.86,201301280800
39113,2.82,201301280800
39148,2.02,201301280800
39149,1.27,201301280800
39176,2.55,201301280800
39178,1.4,201301280800
39191,1.34,201301280800
39201,0.78,201301280800
39230,1.55,201301280800
39236,1.74,201301280800
39246,2.32,201301280800
39252,1.3,201301280800
39255,1.32,201301280800
39260,2.94,201301280800
39262,2.27,201301280800
39263,2.63,201301280800
39268,2.36,201301280800
39269,0.55,201301280800
39271,1.0,201301280800
39274,2.68,201301280800
39275,1.44,201301280800
39375,0.89,201301280800
39391,2.26,201301280800
39427,2.81,201301280800
39428,1.76,201301280800
39430,1.76,201301280800
39433,2.01,201301280800
39446,1.06,201301280800
39457,1.91,201301280800
39514,1.53,201301280800
39515,1.9,201301280800
39516,2.38,201301280800
39517,2.44,201301280800
39535,2.7,201301280800
39554,2.87,201301280800
39559,1.66,201301280800
39631,1.43,201301280800
39632,0.89,201301280800
39633,1.51,201301280800
39652,1.64,201301280800
39683,2.05,201301280800
39687,2.41,201301280800
39706,1.39,201301280800
39710,2.3,201301280800
39722,1.13,201301280800
39731,0.71,201301280800
39750,2.36,201301280800
39755,2.59,201301280800
39759,2.03,201301280800
39762,0.58,201301280800
39764,2.14,201301280800
39765,2.94,201301280800
39766,1.73,201301280800
39767,1.02,201301280800
39769,0.66,201301280800
39772,1.61,201301280800
39776,2.89,201301280800
39777,2.35,201301280800
39790,2.28,201301280800
39791,2.54,201301280800
39796,1.07,201301280800
39832,2.39,201301280800
39883,2.25,201301280800
39930,1.74,201301280800
39932,1.19,201301280800
39941,1.93,201301280800
39948,0.65,201301280800
39969,2.45,201301280800
40018,2.02,201301280800
40031,1.23,201301280800
40133,2.66,201301280800
40180,2.36,201301280800
40188,2.03,201301280800
40196,1.41,201301280800
40242,0.72,201301280800
40246,2.77,201301280800
40259,2.75,201301280800
40264,1.51,201301280800
40267,1.78,201301280800
40268,0.93,201301280800
40270,1.35,201301280800
40276,1.27,201301280800
40286,2.35,201301280800
40295,2.99,201301280800
40431,2.59,201301280800
40432,2.73,201301280800
40442,1.45,201301280800
40447,2.29,201301280800
40448,2.58,201301280800
40451,2.44,201301280800
40457,1.79,201301280800
40500,2.16,201301280800
40512,0.84,201301280800
40518,0.83,201301280800
40519,0.7,201301280800
40522,1.39,201301280800
40524,2.43,201301280800
40525,2.81,201301280800
40532,2.99,201301280800
40560,2.58,201301280800
40566,1.76,201301280800
40633,0.8,201301280800
40687,2.01,201301280800
40713,1.96,201301280800
40719,0.89,201301280800
40732,1.86,201301280800
40733,0.6,201301280800
40766,2.34,201301280800
40810,1.39,201301280800
40894,1.64,201301280800
40933,2.91,201301280800
40936,0.71,201301280800
40939,2.96,201301280800
40954,2.9,201301280800
40982,0.66,201301280800
41021,0.85,201301280800
41024,1.81,201301280800
41061,1.73,201301280800
41145,2.92,201301280800
41157,1.13,201301280800
41183,2.61,201301280800
41200,2.55,201301280800
41262,2.66,201301280800
41265,1.94,201301280800
41270,1.22,201301280800
41277,2.44,201301280800
41318,2.28,201301280800
41401,0.7,201301280800
41407,0.78,201301280800
41437,1.09,201301280800
41459,0.89,201301280800
41465,1.54,201301280800
41469,0.74,201301280800
41508,1.19,201301280800
41520,2.55,201301280800
41522,0.95,201301280800
41526,1.03,201301280800
41532,2.25,201301280800
41558,2.35,201301280800
41635,2.04,201301280800
41653,1.51,201301280800
41658,1.53,201301280800
41692,2.53,201301280800
41696,2.48,201301280800
41764,1.49,201301280800
41772,1.76,201301280800
41893,1.51,201301280800
41904,1.6,201301280800
41905,0.78,201301280800
41936,2.65,201301280800
41941,0.59,201301280800
41958,0.63,201301280800
41990,0.92,201301280800
42023,0.84,201301280800
42026,2.86,201301280800
42029,2.12,201301280800
42074,0.63,201301280800
42085,0.74,201301280800
42095,2.62,201301280800
42147,2.91,201301280800
42160,2.07,201301280800
42200,1.65,201301280800
42213,1.01,201301280800
42267,1.13,201301280800
42271,0.63,201301280800
42274,2.4,201301280800
42283,1.93,201301280800
42291,2.24,201301280800
42342,1.95,201301280800
42411,1.92,201301280800
42438,2.2,201301280800
42454,0.65,201301280800
42471,0.85,201301280800
42478,2.06,201301280800
42487,2.9,201301280800
42503,1.17,201301280800
42514,2.05,201301280800
42521,1.16,201301280800
42533,2.46,201301280800
42644,2.72,201301280800
42661,2.94,201301280800
42695,0.73,201301280800
42744,1.51,201301280800
42750,1.98,201301280800
42846,2.87,201301280800
42905,1.26,201301280800
42912,0.9,201301280800
42939,1.06,201301280800
42940,2.08,201301280800
42944,2.33,201301280800
42949,1.09,201301280800
43011,0.99,201301280800
43021,0.53,201301280800
43030,2.38,201301280800
43151,2.27,201301280800
43160,2.34,201301280800
43162,1.72,201301280800
43213,2.36,201301280800
43220,0.85,201301280800
43261,0.97,201301280800
43412,1.36,201301280800
43413,2.8,201301280800
43440,1.22,201301280800
43443,1.92,201301280800
43449,1.19,201301280800
43483,2.0,201301280800
43484,0.75,201301280800
43494,1.43,201301280800
43518,0.65,201301280800
43523,1.52,201301280800
43526,1.32,201301280800
43530,0.83,201301280800
43571,1.08,201301280800
43642,1.75,201301280800
43662,1.51,201301280800
43738,2.59,201301280800
43760,2.99,201301280800
43779,0.85,201301280800
43914,2.27,201301280800
43957,0.62,201301280800
43980,0.68,201301280800
43984,0.7,201301280800
43992,2.92,201301280800
43995,0.96,201301280800
44002,1.17,201301280800
44039,0.71,201301280800
44194,2.92,201301280800
44197,2.38,201301280800
44204,0.99,201301280800
44215,2.23,201301280800
44226,1.68,201301280800
44247,2.63,201301280800
44255,1.55,201301280800
44282,1.86,201301280800
44284,1.24,201301280800
44356,0.75,201301280800
44470,0.64,201301280800
44486,1.0,201301280800
44503,1.81,201301280800
44504,0.79,201301280800
44510,0.73,201301280800
44517,0.77,201301280800
44534,1.0,201301280800
44578,1.47,201301280800
44666,1.77,201301280800
44694,2.71,201301280800
44697,1.58,201301280800
44716,2.96,201301280800
44724,1.26,201301280800
44743,2.77,201301280800
44755,3.0,201301280800
44756,1.58,201301280800
44757,1.89,201301280800
44758,1.46,201301280800
44786,2.53,201301280800
44787,1.62,201301280800
44911,2.51,201301280800
44963,2.01,201301280800
45005,1.56,201301280800
45006,0.68,201301280800
45007,1.5,201301280800
45008,1.99,201301280800
45039,0.51,201301280800
45114,1.89,201301280800
45168,2.93,201301280800
45200,1.66,201301280800
45203,1.9,201301280800
45208,2.0,201301280800
45237,2.92,201301280800
45254,1.78,201301280800
45256,2.99,201301280800
45258,2.97,201301280800
45261,2.98,201301280800
45265,1.67,201301280800
45266,2.46,201301280800
45401,2.6,201301280800
45479,0.68,201301280800
45502,1.55,201301280800
45507,1.4,201301280800
45509,2.98,201301280800
45526,0.73,201301280800
45538,1.68,201301280800
45582,0.51,201301280800
45661,2.66,201301280800
45701,2.38,201301280800
45703,0.79,201301280800
45716,0.6,201301280800
45720,1.56,201301280800
45725,2.63,201301280800
45735,2.61,201301280800
45747,2.73,201301280800
45766,2.19,201301280800
45793,1.72,201301280800
45795,0.73,201301280800
45919,1.38,201301280800
45948,1.66,201301280800
46008,0.96,201301280800
46036,1.32,201301280800
46041,2.43,201301280800
46052,2.95,201301280800
46074,2.38,201301280800
46145,0.94,201301280800
46202,2.69,201301280800
46209,2.38,201301280800
46242,1.96,201301280800
46265,1.86,201301280800
46372,2.22,201301280800
46384,1.0,201301280800
46455,1.9,201301280800
46508,1.01,201301280800
46523,2.39,201301280800
46538,2.69,201301280800
46565,1.18,201301280800
46574,1.83,201301280800
46626,1.17,201301280800
46700,1.01,201301280800
46738,2.78,201301280800
46770,0.8,201301280800
46778,0.75,201301280800
46787,1.12,201301280800
46803,1.87,201301280800
46954,0.89,201301280800
46964,1.26,201301280800
46972,2.58,201301280800
46976,2.34,201301280800
46981,1.04,201301280800
47011,2.72,201301280800
47015,2.21,201301280800
47047,1.17,201301280800
47253,0.56,201301280800
47288,0.78,201301280800
47295,1.17,201301280800
47342,2.87,201301280800
47454,2.39,201301280800
47535,1.05,201301280800
47543,1.39,201301280800
47705,1.88,201301280800
47709,1.21,201301280800
47711,1.73,201301280800
47758,2.34,201301280800
47806,2.22,201301280800
47889,2.2,201301280800
47926,1.56,201301280800
47968,1.05,201301280800
47972,0.83,201301280800
47977,1.91,201301280800
47982,1.54,201301280800
48032,1.4,201301280800
48209,0.56,201301280800
48239,1.8,201301280800
48244,1.01,201301280800
48278,2.91,201301280800
48420,2.64,201301280800
48427,0.88,201301280800
48499,2.62,201301280800
48503,0.89,201301280800
48552,2.88,201301280800
48584,1.26,201301280800
48713,0.58,201301280800
48759,2.67,201301280800
48848,1.52,201301280800
48898,1.03,201301280800
49017,1.11,201301280800
49049,1.45,201301280800
49229,2.66,201301280800
49241,2.26,201301280800
49472,0.86,201301280800
49483,2.03,201301280800
49542,2.51,201301280800
49555,2.16,201301280800
49679,1.12,201301280800
49750,0.85,201301280800
49760,2.34,201301280800
49777,0.64,201301280800
49968,2.32,201301280800
50053,1.51,201301280800
50103,2.37,201301280800
50180,2.96,201301280800
50285,1.39,201301280800
50430,2.94,201301280800
50470,1.5,201301280800
50494,1.01,201301280800
50511,2.87,201301280800
50549,1.69,201301280800
50680,0.91,201301280800
50682,0.61,201301280800
50731,1.89,201301280800
50812,1.43,201301280800
50872,0.91,201301280800
51029,1.58,201301280800
51046,2.82,201301280800
51053,2.14,201301280800
51056,0.69,201301280800
51162,1.34,201301280800
51177,1.8,201301280800
51182,1.48,201301280800
51228,1.62,201301280800
51258,2.02,201301280800
51430,1.51,201301280800
51431,2.18,201301280800
51432,2.15,201301280800
51520,2.07,201301280800
51681,1.46,201301280800
51682,1.78,201301280800
51725,1.52,201301280800
51790,1.9,201301280800
51832,1.77,201301280800
51857,1.6,201301280800
51931,2.56,201301280800
51932,2.93,201301280800
51986,1.8,201301280800
52003,0.56,201301280800
52182,1.69,201301280800
52244,1.69,201301280800
52259,2.57,201301280800
52280,1.3,201301280800
52319,1.13,201301280800
52473,0.7,201301280800
52518,1.71,201301280800
52631,1.4,201301280800
52679,2.6,201301280800
52729,2.39,201301280800
52811,2.83,201301280800
52983,2.67,201301280800
52988,1.32,201301280800
52993,2.39,201301280800
53000,2.43,201301280800
53016,2.34,201301280800
53027,2.98,201301280800
53072,1.24,201301280800
53090,2.49,201301280800
53177,1.16,201301280800
53178,0.97,201301280800
53381,1.26,201301280800
53427,2.92,201301280800
53429,2.84,201301280800
53761,0.65,201301280800
53774,0.54,201301280800
53797,2.43,201301280800
53810,2.89,201301280800
53822,0.99,201301280800
53864,2.12,201301280800
53927,2.32,201301280800
54038,0.74,201301280800
54071,1.71,201301280800
54234,2.51,201301280800
54281,2.06,201301280800
54284,1.86,201301280800
54327,1.17,201301280800
54334,2.08,201301280800
54349,0.75,201301280800
54427,2.61,201301280800
54503,1.56,201301280800
54510,1.97,201301280800
54520,2.81,201301280800
54550,1.52,201301280800
54578,2.42,201301280800
54678,0.89,201301280800
54828,2.58,201301280800
54983,1.1,201301280800
54996,2.56,201301280800
55070,2.73,201301280800
55329,2.51,201301280800
55331,2.63,201301280800
55535,0.6,201301280800
55633,2.31,201301280800
55680,1.88,201301280800
55761,1.1,201301280800
55831,0.83,201301280800
55832,2.64,201301280800
55838,1.78,201301280800
55845,2.0,201301280800
56106,0.58,201301280800
56493,2.99,201301280800
56571,2.98,201301280800
56586,1.16,201301280800
56587,2.86,201301280800
56591,1.48,201301280800
56738,2.29,201301280800
56835,1.75,201301280800
56882,1.96,201301280800
56887,0.79,201301280800
56888,2.07,201301280800
56933,2.64,201301280800
56934,1.43,201301280800
57042,1.26,201301280800
57062,0.6,201301280800
57189,0.79,201301280800
57261,2.11,201301280800
57329,1.89,201301280800
57342,2.05,201301280800
57376,0.79,201301280800
57378,1.31,201301280800
57380,2.07,201301280800
57397,1.53,201301280800
57440,0.81,201301280800
57495,1.2,201301280800
57523,1.74,201301280800
57555,0.56,201301280800
57597,2.48,201301280800
57613,2.44,201301280800
57615,1.77,201301280800
57628,2.38,201301280800
57631,0.54,201301280800
57823,0.67,201301280800
57837,2.9,201301280800
57851,2.62,201301280800
57852,1.72,201301280800
57906,2.46,201301280800
58179,1.05,201301280800
58251,2.14,201301280800
58421,2.56,201301280800
58511,2.21,201301280800
58632,1.89,201301280800
58744,1.48,201301280800
58802,1.01,201301280800
58814,1.31,201301280800
58879,2.56,201301280800
58892,2.48,201301280800
59010,2.11,201301280800
59043,0.68,201301280800
59104,2.61,201301280800
59125,0.69,201301280800
59134,1.53,201301280800
59285,2.28,201301280800
59329,1.7,201301280800
59555,1.71,201301280800
59635,2.96,201301280800
59745,0.66,201301280800
59927,2.22,201301280800
59941,1.65,201301280800
60008,0.73,201301280800
60011,2.28,201301280800
60114,2.03,201301280800
60141,2.08,201301280800
60147,1.31,201301280800
60331,2.38,201301280800
60344,0.53,201301280800
60350,0.9,201301280800
60578,1.45,201301280800
60593,1.71,201301280800
60613,1.78,201301280800
60630,2.55,201301280800
60635,1.17,201301280800
60649,1.48,201301280800
60750,1.16,201301280800
60774,0.53,201301280800
60819,1.5,201301280800
60880,2.78,201301280800
60888,2.74,201301280800
61062,0.93,201301280800
61110,1.67,201301280800
61263,2.81,201301280800
61343,0.55,201301280800
61591,2.32,201301280800
61597,2.19,201301280800
61654,2.05,201301280800
61818,2.54,201301280800
62077,2.75,201301280800
62104,1.02,201301280800
62135,1.87,201301280800
62140,1.81,201301280800
62252,2.19,201301280800
62558,2.87,201301280800
62589,1.08,201301280800
62757,2.17,201301280800
62772,1.9,201301280800
62850,0.74,201301280800
62926,1.98,201301280800
62948,2.38,201301280800
63044,2.75,201301280800
63153,2.09,201301280800
63383,1.85,201301280800
63397,1.88,201301280800
63398,2.88,201301280800
63407,0.62,201301280800
63574,0.99,201301280800
63586,2.09,201301280800
63816,0.62,201301280800
64102,2.15,201301280800
64150,2.55,201301280800
64200,1.8,201301280800
64515,2.5,201301280800
64529,2.96,201301280800
64573,2.65,201301280800
64581,1.31,201301280800
64815,1.94,201301280800
64915,2.02,201301280800
65059,0.93,201301280800
65144,0.62,201301280800
65320,1.22,201301280800
65375,0.59,201301280800
65454,1.56,201301280800
65528,1.24,201301280800
65607,1.7,201301280800
65774,0.53,201301280800
65838,2.31,201301280800
66068,2.82,201301280800
66084,0.58,201301280800
66151,1.51,201301280800
66353,1.8,201301280800
66538,1.62,201301280800
66575,2.07,201301280800
66637,1.3,201301280800
66827,1.75,201301280800
66870,0.83,201301280800
67110,2.42,201301280800
67207,2.7,201301280800
67335,2.71,201301280800
67385,2.18,201301280800
67599,1.1,201301280800
67601,0.63,201301280800
67602,1.79,201301280800
67698,2.47,201301280800
67824,2.48,201301280800
67842,2.42,201301280800
67854,2.56,201301280800
67855,2.5,201301280800
67918,1.73,201301280800
68103,1.59,201301280800
68104,2.87,201301280800
68110,2.62,201301280800
68111,2.38,201301280800
68349,2.47,201301280800
68354,2.05,201301280800
68356,2.16,201301280800
68454,2.08,201301280800
68455,2.14,201301280800
68587,1.44,201301280800
68857,0.74,201301280800
68858,1.76,201301280800
68897,2.23,201301280800
68924,0.87,201301280800
68930,2.9,201301280800
69106,0.64,201301280800
69190,1.97,201301280800
69206,0.85,201301280800
69359,1.29,201301280800
69371,1.09,201301280800
69455,2.61,201301280800
69582,2.01,201301280800
69613,2.33,201301280800
69676,2.28,201301280800
70115,2.57,201301280800
70132,2.06,201301280800
70181,1.67,201301280800
70342,2.9,201301280800
70352,1.34,201301280800
70360,2.97,201301280800
70374,2.96,201301280800
70440,1.88,201301280800
70462,1.45,201301280800
70619,2.94,201301280800
70659,1.3,201301280800
70715,1.45,201301280800
70903,2.7,201301280800
70934,2.36,201301280800
70961,2.61,201301280800
71122,2.91,201301280800
71187,1.4,201301280800
71399,0.89,201301280800
71601,0.53,201301280800
71629,0.71,201301280800
71888,1.77,201301280800
71961,2.28,201301280800
71964,2.35,201301280800
72201,2.27,201301280800
72218,0.87,201301280800
72345,2.56,201301280800
72367,0.7,201301280800
72407,2.19,201301280800
72416,1.14,201301280800
72706,2.79,201301280800
72894,0.96,201301280800
73104,1.84,201301280800
73135,0.93,201301280800
73211,2.14,201301280800
73223,0.97,201301280800
73451,2.2,201301280800
73460,1.15,201301280800
73461,0.65,201301280800
73557,0.79,201301280800
73669,1.7,201301280800
74158,2.45,201301280800
74216,2.87,201301280800
74388,2.56,201301280800
74396,1.66,201301280800
74466,2.89,201301280800
74467,2.31,201301280800
74638,0.68,201301280800
74677,2.29,201301280800
74678,1.42,201301280800
74711,0.5,201301280800
74721,2.02,201301280800
74962,1.86,201301280800
74968,1.19,201301280800
74973,1.79,201301280800
75224,2.04,201301280800
75329,0.88,201301280800
75386,2.21,201301280800
75424,1.86,201301280800
75436,1.2,201301280800
75475,2.32,201301280800
75619,0.76,201301280800
75721,2.36,201301280800
75722,1.26,201301280800
75724,0.5,201301280800
75725,1.38,201301280800
75726,1.59,201301280800
75727,0.74,201301280800
75974,2.27,201301280800
75975,0.8,201301280800
76133,0.55,201301280800
76227,0.59,201301280800
76393,0.83,201301280800
76473,2.94,201301280800
76477,0.57,201301280800
76654,2.11,201301280800
76728,2.4,201301280800
76959,2.38,201301280800
77169,0.99,201301280800
77230,1.71,201301280800
77381,1.33,201301280800
77458,2.92,201301280800
77641,0.7,201301280800
77942,2.21,201301280800
77981,0.62,201301280800
78205,0.78,201301280800
78418,0.82,201301280800
78654,1.12,201301280800
78733,2.69,201301280800
78881,2.84,201301280800
78896,2.21,201301280800
78909,1.41,201301280800
78983,1.3,201301280800
79234,1.98,201301280800
79379,2.45,201301280800
79394,1.99,201301280800
79484,2.52,201301280800
79712,2.27,201301280800
79911,0.53,201301280800
79915,0.64,201301280800
80160,1.27,201301280800
80161,1.5,201301280800
80193,2.26,201301280800
80352,2.72,201301280800
80397,2.65,201301280800
80406,1.53,201301280800
80411,2.71,201301280800
80412,1.87,201301280800
80413,1.22,201301280800
80420,1.14,201301280800
80485,0.86,201301280800
80635,2.92,201301280800
80659,1.17,201301280800
80663,1.8,201301280800
80664,1.65,201301280800
80703,2.26,201301280800
80877,2.46,201301280800
80916,2.9,201301280800
81163,2.84,201301280800
81164,2.63,201301280800
81354,2.99,201301280800
81363,2.95,201301280800
81390,1.76,201301280800
81625,2.83,201301280800
81651,2.57,201301280800
81899,0.71,201301280800
82135,2.37,201301280800
82168,2.59,201301280800
82169,2.14,201301280800
82237,2.84,201301280800
82613,2.58,201301280800
82622,1.98,201301280800
82664,2.29,201301280800
82892,1.64,201301280800
82951,2.06,201301280800
83410,2.61,201301280800
83489,2.67,201301280800
83735,0.94,201301280800
83865,1.66,201301280800
84123,2.78,201301280800
84179,1.77,201301280800
84207,1.99,201301280800
84212,1.82,201301280800
84221,2.38,201301280800
84366,1.68,201301280800
84689,1.26,201301280800
84712,2.49,201301280800
84902,2.81,201301280800
85474,2.36,201301280800
85487,2.92,201301280800
85620,0.68,201301280800
85705,1.84,201301280800
85715,2.21,201301280800
85738,2.27,201301280800
86440,1.75,201301280800
86622,2.71,201301280800
86623,1.21,201301280800
86672,2.4,201301280800
86873,1.96,201301280800
86895,1.5,201301280800
87121,0.98,201301280800
87227,0.72,201301280800
87460,1.04,201301280800
87690,2.62,201301280800
87873,1.31,201301280800
88242,1.26,201301280800
88463,2.88,201301280800
89120,1.25,201301280800
89152,0.59,201301280800
89175,2.6,201301280800
89198,1.05,201301280800
89615,0.56,201301280800
89625,2.19,201301280800
90116,2.62,201301280800
90183,0.76,201301280800
90497,2.76,201301280800
90699,1.77,201301280800
90719,1.55,201301280800
91200,0.56,201301280800
91432,1.22,201301280800
91434,1.98,201301280800
91684,1.21,201301280800
91713,2.72,201301280800
91744,0.64,201301280800
92233,1.4,201301280800
93205,1.23,201301280800
93244,0.94,201301280800
93252,2.92,201301280800
93463,0.51,201301280800
93675,1.64,201301280800
93944,2.52,201301280800
94431,2.88,201301280800
94710,1.69,201301280800
94755,2.56,201301280800
94997,2.54,201301280800
95000,0.52,201301280800
95707,2.78,201301280800
95949,2.32,201301280800
95998,1.19,201301280800
96188,0.87,201301280800
96225,2.66,201301280800
96249,2.18,201301280800
96468,1.6,201301280800
96486,2.63,201301280800
96718,1.51,201301280800
96972,1.53,201301280800
96995,2.34,201301280800
97251,2.81,201301280800
97440,1.35,201301280800
97471,1.25,201301280800
97969,2.12,201301280800
97990,0.64,201301280800
98224,2.46,201301280800
98229,2.84,201301280800
98450,2.47,201301280800
98475,2.87,201301280800
98739,1.98,201301280800
99256,1.42,201301280800
99468,1.47,201301280800
99730,2.59,201301280800
101215,2.66,201301280800
101911,1.39,201301280800
101912,1.02,201301280800
101989,0.84,201301280800
102999,0.62,201301280800
103242,2.23,201301280800
103431,2.94,201301280800
104177,2.81,201301280800
104221,0.58,201301280800
104239,1.06,201301280800
104701,0.5,201301280800
104984,1.23,201301280800
105196,2.65,201301280800
105219,2.69,201301280800
105460,2.53,201301280800
105461,2.52,201301280800
105481,1.59,201301280800
105489,2.95,201301280800
105709,2.6,201301280800
105710,2.14,201301280800
105711,0.91,201301280800
105712,0.72,201301280800
105713,2.74,201301280800
105715,0.62,201301280800
105726,1.39,201301280800
105727,2.9,201301280800
105736,2.51,201301280800
105960,2.13,201301280800
105961,1.8,201301280800
105962,2.08,201301280800
105963,1.33,201301280800
105964,2.8,201301280800
105975,2.82,201301280800
106195,1.22,201301280800
106213,2.44,201301280800
106214,0.88,201301280800
106215,0.5,201301280800
106221,1.51,201301280800
106231,1.84,201301280800
106232,2.59,201301280800
106234,1.78,201301280800
106235,2.6,201301280800
106237,1.22,201301280800
106446,0.89,201301280800
106447,2.5,201301280800
106462,2.65,201301280800
106463,2.32,201301280800
106465,2.54,201301280800
106466,0.91,201301280800
106467,1.5,201301280800
106480,1.71,201301280800
106712,1.11,201301280800
106717,2.78,201301280800
106718,2.99,201301280800
106741,2.6,201301280800
106958,1.41,201301280800
106964,2.8,201301280800
106965,1.16,201301280800
106966,2.91,201301280800
106967,2.28,201301280800
106971,1.48,201301280800
106983,2.29,201301280800
106997,0.77,201301280800
107200,2.33,201301280800
107212,1.31,201301280800
107219,0.52,201301280800
107240,0.51,201301280800
107460,0.7,201301280800
107465,2.43,201301280800
107466,2.37,201301280800
107468,0.77,201301280800
107491,2.84,201301280800
107711,2.2,201301280800
107725,1.98,201301280800
107726,1.9,201301280800
107954,1.31,201301280800
107966,1.16,201301280800
107971,2.71,201301280800
107979,1.61,201301280800
107993,2.94,201301280800
108205,1.5,201301280800
108211,1.46,201301280800
108214,1.05,201301280800
108215,1.77,201301280800
108217,2.24,201301280800
108219,2.61,201301280800
108220,2.77,201301280800
108222,1.51,201301280800
108225,1.01,201301280800
108230,1.08,201301280800
108454,1.28,201301280800
108463,1.85,201301280800
108499,2.06,201301280800
108717,0.66,201301280800
108722,0.67,201301280800
108724,2.4,201301280800
108733,0.72,201301280800
108968,2.58,201301280800
108975,1.44,201301280800
108984,2.5,201301280800
108985,1.08,201301280800
109216,1.87,201301280800
109219,2.23,201301280800
109222,2.29,201301280800
109227,0.99,201301280800
109231,0.69,201301280800
109236,1.91,201301280800
109245,0.96,201301280800
109473,2.85,201301280800
109487,2.75,201301280800
109494,2.33,201301280800
109495,2.08,201301280800
109496,2.76,201301280800
109497,1.17,201301280800
109742,2.44,201301280800
109744,1.54,201301280800
109748,0.68,201301280800
109750,2.21,201301280800
109980,2.92,201301280800
109991,0.95,201301280800
109994,1.94,201301280800
109998,2.66,201301280800
110001,0.81,201301280800
110243,2.32,201301280800
110247,2.47,201301280800
110249,0.78,201301280800
110251,1.43,201301280800
110253,1.55,201301280800
110254,2.25,201301280800
