cell,mobility,dtg
1610,2.6,201301130800
1846,1.37,201301130800
1851,2.19,201301130800
1853,1.94,201301130800
1856,0.84,201301130800
1857,0.79,201301130800
2103,2.66,201301130800
2105,0.79,201301130800
2106,0.96,201301130800
2107,2.26,201301130800
2114,0.53,201301130800
2342,2.93,201301130800
2347,0.91,201301130800
2351,2.04,201301130800
2354,0.5,201301130800
2357,2.93,201301130800
2372,2.7,201301130800
2374,1.52,201301130800
2591,0.79,201301130800
2595,2.56,201301130800
2605,2.58,201301130800
2611,2.26,201301130800
2615,2.85,201301130800
2620,0.66,201301130800
2627,1.2,201301130800
2839,1.08,201301130800
2847,1.88,201301130800
3086,1.26,201301130800
3094,2.34,201301130800
3100,1.66,201301130800
3124,1.69,201301130800
3128,0.75,201301130800
3334,1.57,201301130800
3337,1.71,201301130800
3375,0.5,201301130800
3614,1.15,201301130800
3619,2.53,201301130800
3632,1.44,201301130800
3635,1.19,201301130800
3830,0.92,201301130800
3831,2.11,201301130800
3833,2.86,201301130800
3837,2.84,201301130800
3845,2.46,201301130800
3856,2.2,201301130800
3860,2.84,201301130800
3865,1.32,201301130800
4078,1.45,201301130800
4081,2.9,201301130800
4137,2.96,201301130800
4141,1.78,201301130800
4142,2.37,201301130800
4328,0.68,201301130800
4329,2.57,201301130800
4341,1.99,201301130800
4345,0.67,201301130800
4348,0.71,201301130800
4354,1.44,201301130800
4372,2.75,201301130800
4577,0.84,201301130800
4578,2.25,201301130800
4580,2.96,201301130800
4582,2.97,201301130800
4605,1.18,201301130800
4608,1.94,201301130800
4631,1.38,201301130800
4636,2.01,201301130800
4637,1.18,201301130800
4829,1.11,201301130800
4830,0.78,201301130800
4831,2.03,201301130800
4834,1.07,201301130800
4837,2.93,201301130800
4852,2.15,201301130800
4863,2.09,201301130800
4868,0.66,201301130800
4890,1.14,201301130800
4891,2.99,201301130800
5078,2.72,201301130800
5081,1.14,201301130800
5084,2.34,201301130800
5127,1.56,201301130800
5153,1.64,201301130800
5327,2.73,201301130800
5329,1.22,201301130800
5333,0.51,201301130800
5334,2.63,201301130800
5339,0.75,201301130800
5369,0.75,201301130800
5402,2.27,201301130800
5410,2.91,201301130800
5577,2.84,201301130800
5581,1.87,201301130800
5592,2.69,201301130800
5612,1.82,201301130800
5623,1.42,201301130800
5876,0.6,201301130800
5893,0.93,201301130800
5898,1.41,201301130800
6078,2.05,201301130800
6118,0.85,201301130800
6136,0.54,201301130800
6158,1.59,201301130800
6159,1.68,201301130800
6333,2.82,201301130800
6353,2.22,201301130800
6365,1.05,201301130800
6366,0.85,201301130800
6414,2.52,201301130800
6588,0.86,201301130800
6609,2.13,201301130800
6635,1.5,201301130800
6668,2.67,201301130800
6841,0.95,201301130800
6849,2.88,201301130800
6896,1.83,201301130800
6924,1.23,201301130800
6928,1.16,201301130800
6935,2.2,201301130800
6939,0.86,201301130800
7077,1.78,201301130800
7078,1.79,201301130800
7085,1.89,201301130800
7088,2.28,201301130800
7113,2.57,201301130800
7114,1.29,201301130800
7129,1.07,201301130800
7133,1.25,201301130800
7165,0.76,201301130800
7192,1.89,201301130800
7354,2.42,201301130800
7375,0.83,201301130800
7379,1.66,201301130800
7401,2.6,201301130800
7410,2.21,201301130800
7436,1.37,201301130800
7584,1.85,201301130800
7646,1.87,201301130800
7849,1.81,201301130800
7871,0.84,201301130800
7927,2.94,201301130800
7948,1.11,201301130800
8080,0.79,201301130800
8170,0.69,201301130800
8182,2.11,201301130800
8195,2.34,201301130800
8342,1.2,201301130800
8582,0.63,201301130800
8602,2.47,201301130800
8609,0.65,201301130800
8638,2.67,201301130800
8656,1.75,201301130800
8830,2.3,201301130800
8839,2.63,201301130800
8876,0.61,201301130800
8897,0.67,201301130800
8912,2.94,201301130800
8918,1.26,201301130800
8929,0.93,201301130800
8940,1.14,201301130800
8954,2.43,201301130800
9140,1.96,201301130800
9333,2.73,201301130800
9468,0.71,201301130800
9473,1.0,201301130800
9589,1.33,201301130800
9601,2.98,201301130800
9607,2.24,201301130800
9658,2.39,201301130800
9724,2.91,201301130800
9833,2.54,201301130800
10084,1.27,201301130800
10089,2.44,201301130800
10096,2.65,201301130800
10144,1.57,201301130800
10170,2.92,201301130800
10181,2.15,201301130800
10189,2.37,201301130800
10201,1.94,201301130800
10334,2.53,201301130800
10335,0.73,201301130800
10383,1.22,201301130800
10414,1.75,201301130800
10444,1.92,201301130800
10458,1.06,201301130800
10477,0.99,201301130800
10586,1.93,201301130800
10601,0.72,201301130800
10609,2.93,201301130800
10616,0.71,201301130800
10633,0.94,201301130800
10655,1.88,201301130800
10665,2.85,201301130800
10681,0.71,201301130800
10717,2.36,201301130800
10835,2.68,201301130800
10837,0.57,201301130800
10847,1.96,201301130800
10903,0.86,201301130800
10911,1.18,201301130800
10918,2.34,201301130800
10973,2.2,201301130800
11087,2.75,201301130800
11092,2.93,201301130800
11128,2.69,201301130800
11222,2.1,201301130800
11223,0.83,201301130800
11225,2.97,201301130800
11238,1.38,201301130800
11361,0.82,201301130800
11393,1.09,201301130800
11424,2.66,201301130800
11601,2.23,201301130800
11682,2.47,201301130800
11704,2.61,201301130800
11858,1.05,201301130800
11884,2.38,201301130800
11901,1.91,201301130800
11946,1.58,201301130800
11960,1.92,201301130800
11972,1.26,201301130800
12089,2.65,201301130800
12090,1.81,201301130800
12096,2.11,201301130800
12120,0.54,201301130800
12157,1.08,201301130800
12230,2.3,201301130800
12383,0.69,201301130800
12431,1.16,201301130800
12601,1.48,201301130800
12625,1.76,201301130800
12632,2.88,201301130800
12842,1.23,201301130800
12875,2.06,201301130800
12901,2.46,201301130800
12913,0.98,201301130800
12933,1.15,201301130800
12934,1.4,201301130800
12985,1.02,201301130800
13099,1.36,201301130800
13114,1.03,201301130800
13150,0.73,201301130800
13175,1.03,201301130800
13183,1.94,201301130800
13222,1.12,201301130800
13358,0.66,201301130800
13444,2.35,201301130800
13455,1.4,201301130800
13456,1.2,201301130800
13670,0.85,201301130800
13694,2.25,201301130800
13845,2.82,201301130800
13849,1.36,201301130800
14011,2.38,201301130800
14095,2.58,201301130800
14133,0.56,201301130800
14161,2.34,201301130800
14167,0.57,201301130800
14184,2.75,201301130800
14241,1.2,201301130800
14255,1.08,201301130800
14349,0.76,201301130800
14350,1.8,201301130800
14375,1.06,201301130800
14452,2.54,201301130800
14475,1.34,201301130800
14620,1.37,201301130800
14673,2.1,201301130800
14745,1.26,201301130800
14859,0.66,201301130800
14936,1.22,201301130800
14995,1.55,201301130800
15097,2.74,201301130800
15098,1.04,201301130800
15246,0.87,201301130800
15349,0.79,201301130800
15440,1.68,201301130800
15600,0.77,201301130800
15656,1.75,201301130800
15672,1.67,201301130800
15699,1.15,201301130800
15714,1.9,201301130800
15725,1.97,201301130800
15744,0.78,201301130800
15849,0.52,201301130800
15850,2.97,201301130800
15851,1.74,201301130800
15853,1.49,201301130800
15871,1.86,201301130800
16100,0.98,201301130800
16105,2.72,201301130800
16114,2.72,201301130800
16171,0.84,201301130800
16184,2.93,201301130800
16400,1.03,201301130800
16414,1.17,201301130800
16601,1.16,201301130800
16604,1.2,201301130800
16625,1.36,201301130800
16670,2.05,201301130800
16853,2.1,201301130800
16868,2.16,201301130800
16932,2.51,201301130800
17232,2.49,201301130800
17355,1.57,201301130800
17358,2.21,201301130800
17367,2.28,201301130800
17635,1.4,201301130800
17673,2.91,201301130800
17681,2.16,201301130800
17884,1.94,201301130800
17984,1.66,201301130800
18108,1.21,201301130800
18115,1.51,201301130800
18118,1.47,201301130800
18123,2.76,201301130800
18139,0.9,201301130800
18154,2.8,201301130800
18160,1.6,201301130800
18177,0.88,201301130800
18185,0.65,201301130800
18383,0.58,201301130800
18404,1.57,201301130800
18427,1.26,201301130800
18466,0.65,201301130800
18616,1.75,201301130800
18629,2.84,201301130800
18861,0.62,201301130800
18866,1.83,201301130800
18925,1.3,201301130800
19110,1.84,201301130800
19112,2.35,201301130800
19114,1.71,201301130800
19122,1.36,201301130800
19360,1.18,201301130800
19443,1.57,201301130800
19481,1.07,201301130800
19611,0.62,201301130800
19612,2.67,201301130800
19618,1.6,201301130800
19633,2.5,201301130800
19678,2.96,201301130800
19878,0.61,201301130800
19913,0.64,201301130800
20113,0.86,201301130800
20114,1.6,201301130800
20116,2.17,201301130800
20170,1.8,201301130800
20363,1.35,201301130800
20387,1.43,201301130800
20396,2.48,201301130800
20436,2.39,201301130800
20616,2.88,201301130800
20621,2.59,201301130800
20628,0.54,201301130800
20651,2.44,201301130800
20671,1.37,201301130800
20682,1.53,201301130800
20864,2.65,201301130800
20882,1.98,201301130800
20931,1.95,201301130800
20995,0.72,201301130800
21115,1.65,201301130800
21118,1.87,201301130800
21201,2.47,201301130800
21373,1.13,201301130800
21377,2.88,201301130800
21392,2.55,201301130800
21407,2.27,201301130800
21428,0.63,201301130800
21448,0.6,201301130800
21617,1.73,201301130800
21619,2.97,201301130800
21639,2.63,201301130800
21658,2.18,201301130800
21663,1.58,201301130800
21701,1.44,201301130800
21721,2.42,201301130800
21868,0.54,201301130800
21871,0.65,201301130800
21999,2.32,201301130800
22126,1.74,201301130800
22133,2.4,201301130800
22174,1.05,201301130800
22176,2.42,201301130800
22205,1.06,201301130800
22368,1.71,201301130800
22395,0.72,201301130800
22419,2.37,201301130800
22420,1.06,201301130800
22421,1.87,201301130800
22422,0.61,201301130800
22619,0.77,201301130800
22630,2.18,201301130800
22634,1.75,201301130800
22671,2.99,201301130800
22673,0.71,201301130800
22700,2.18,201301130800
22751,2.91,201301130800
22768,2.26,201301130800
22869,1.21,201301130800
22877,2.56,201301130800
22928,0.94,201301130800
22940,1.3,201301130800
22955,2.61,201301130800
22963,0.67,201301130800
22966,1.05,201301130800
23120,2.09,201301130800
23124,2.04,201301130800
23125,1.83,201301130800
23131,2.57,201301130800
23138,1.77,201301130800
23169,0.69,201301130800
23194,1.33,201301130800
23216,0.9,201301130800
23370,2.39,201301130800
23371,2.86,201301130800
23379,1.25,201301130800
23386,1.77,201301130800
23388,2.45,201301130800
23427,2.57,201301130800
23621,0.79,201301130800
23627,2.12,201301130800
23635,2.46,201301130800
23641,1.15,201301130800
23662,2.59,201301130800
23669,1.92,201301130800
23690,2.45,201301130800
23744,2.52,201301130800
23750,2.12,201301130800
23872,1.52,201301130800
23873,1.79,201301130800
23875,2.78,201301130800
23881,2.88,201301130800
23894,1.85,201301130800
23896,1.86,201301130800
23907,0.94,201301130800
23925,1.54,201301130800
23973,2.88,201301130800
24005,2.13,201301130800
24009,1.42,201301130800
24032,2.64,201301130800
24122,2.79,201301130800
24123,1.87,201301130800
24149,0.92,201301130800
24247,1.24,201301130800
24251,0.89,201301130800
24265,1.22,201301130800
24266,1.66,201301130800
24373,0.93,201301130800
24374,0.67,201301130800
24380,1.69,201301130800
24381,0.73,201301130800
24383,2.98,201301130800
24387,1.87,201301130800
24402,2.02,201301130800
24405,2.09,201301130800
24423,1.98,201301130800
24623,0.88,201301130800
24626,2.48,201301130800
24643,0.67,201301130800
24732,0.69,201301130800
24734,1.63,201301130800
24739,2.14,201301130800
24774,1.34,201301130800
24775,2.38,201301130800
24781,1.05,201301130800
24837,0.98,201301130800
24874,0.71,201301130800
24877,2.35,201301130800
24879,1.32,201301130800
24880,2.69,201301130800
24895,2.09,201301130800
24920,1.17,201301130800
24990,2.35,201301130800
24991,1.65,201301130800
24993,1.32,201301130800
25124,0.61,201301130800
25125,1.16,201301130800
25126,2.67,201301130800
25129,1.94,201301130800
25130,1.82,201301130800
25132,1.63,201301130800
25136,1.44,201301130800
25138,1.34,201301130800
25141,1.67,201301130800
25179,1.7,201301130800
25187,2.6,201301130800
25375,1.25,201301130800
25376,0.88,201301130800
25377,1.48,201301130800
25379,1.49,201301130800
25385,2.61,201301130800
25395,1.48,201301130800
25400,0.57,201301130800
25405,0.74,201301130800
25412,1.73,201301130800
25427,2.65,201301130800
25626,2.72,201301130800
25627,1.52,201301130800
25628,1.18,201301130800
25629,2.42,201301130800
25632,1.62,201301130800
25633,0.78,201301130800
25642,1.57,201301130800
25715,1.31,201301130800
25747,0.85,201301130800
25763,1.46,201301130800
25876,1.22,201301130800
25877,1.14,201301130800
25878,1.19,201301130800
25881,2.88,201301130800
25882,1.89,201301130800
25886,2.69,201301130800
25888,2.96,201301130800
25926,1.04,201301130800
25997,2.66,201301130800
26005,2.94,201301130800
26035,1.35,201301130800
26127,2.32,201301130800
26129,2.84,201301130800
26130,1.15,201301130800
26133,1.12,201301130800
26135,2.02,201301130800
26136,1.39,201301130800
26138,2.97,201301130800
26139,1.63,201301130800
26141,2.16,201301130800
26148,0.83,201301130800
26168,2.26,201301130800
26378,1.44,201301130800
26379,1.81,201301130800
26380,0.89,201301130800
26381,0.72,201301130800
26382,2.75,201301130800
26383,2.92,201301130800
26385,0.89,201301130800
26386,0.92,201301130800
26387,1.39,201301130800
26389,1.83,201301130800
26391,0.84,201301130800
26392,2.85,201301130800
26393,2.73,201301130800
26396,2.96,201301130800
26403,2.46,201301130800
26408,0.94,201301130800
26427,2.82,201301130800
26450,2.11,201301130800
26492,2.76,201301130800
26546,0.75,201301130800
26563,0.91,201301130800
26564,1.21,201301130800
26628,1.36,201301130800
26629,1.21,201301130800
26630,2.22,201301130800
26631,0.78,201301130800
26633,2.5,201301130800
26634,0.87,201301130800
26656,0.99,201301130800
26674,2.5,201301130800
26708,1.03,201301130800
26752,2.57,201301130800
26754,2.71,201301130800
26755,2.83,201301130800
26782,2.35,201301130800
26846,2.95,201301130800
26879,2.55,201301130800
26880,1.79,201301130800
26881,2.46,201301130800
26882,1.42,201301130800
26883,1.4,201301130800
26884,1.76,201301130800
26885,1.15,201301130800
26886,0.53,201301130800
26887,1.88,201301130800
26889,2.7,201301130800
26890,2.97,201301130800
26891,1.75,201301130800
26892,1.57,201301130800
26893,0.92,201301130800
26894,2.78,201301130800
26895,2.31,201301130800
26897,2.02,201301130800
26905,1.05,201301130800
26938,2.62,201301130800
26964,2.91,201301130800
27006,1.32,201301130800
27042,0.61,201301130800
27098,1.88,201301130800
27130,2.85,201301130800
27131,2.48,201301130800
27132,1.88,201301130800
27133,0.69,201301130800
27134,1.61,201301130800
27135,0.68,201301130800
27136,2.22,201301130800
27137,1.32,201301130800
27138,0.96,201301130800
27142,2.24,201301130800
27143,2.26,201301130800
27145,2.52,201301130800
27148,1.36,201301130800
27149,2.6,201301130800
27152,2.22,201301130800
27155,2.3,201301130800
27175,2.57,201301130800
27209,1.54,201301130800
27247,1.54,201301130800
27381,1.09,201301130800
27382,1.49,201301130800
27383,2.18,201301130800
27384,2.33,201301130800
27386,1.12,201301130800
27387,0.54,201301130800
27388,2.4,201301130800
27389,1.03,201301130800
27390,2.35,201301130800
27392,0.77,201301130800
27395,1.55,201301130800
27404,0.94,201301130800
27415,2.54,201301130800
27427,2.14,201301130800
27489,1.21,201301130800
27494,2.6,201301130800
27498,1.86,201301130800
27518,0.53,201301130800
27632,1.37,201301130800
27633,1.44,201301130800
27634,0.68,201301130800
27635,2.08,201301130800
27636,0.8,201301130800
27637,1.26,201301130800
27638,2.77,201301130800
27639,1.05,201301130800
27640,2.91,201301130800
27642,2.54,201301130800
27643,1.82,201301130800
27645,2.01,201301130800
27646,0.75,201301130800
27647,1.77,201301130800
27649,2.21,201301130800
27654,2.42,201301130800
27763,0.82,201301130800
27764,1.91,201301130800
27796,1.64,201301130800
27797,2.72,201301130800
27883,1.34,201301130800
27884,0.6,201301130800
27885,2.87,201301130800
27886,0.74,201301130800
27887,1.45,201301130800
27888,2.98,201301130800
27889,1.37,201301130800
27890,1.23,201301130800
27891,1.13,201301130800
27892,1.78,201301130800
27894,2.31,201301130800
27895,0.97,201301130800
27897,0.68,201301130800
27902,1.66,201301130800
27908,2.72,201301130800
27911,2.05,201301130800
27930,1.9,201301130800
27971,0.56,201301130800
28004,2.74,201301130800
28015,1.38,201301130800
28049,0.9,201301130800
28102,1.6,201301130800
28134,1.11,201301130800
28135,0.91,201301130800
28136,2.82,201301130800
28137,0.86,201301130800
28138,1.44,201301130800
28139,2.21,201301130800
28140,2.56,201301130800
28142,0.76,201301130800
28143,2.37,201301130800
28144,2.84,201301130800
28146,0.99,201301130800
28154,2.55,201301130800
28156,1.15,201301130800
28216,1.47,201301130800
28239,2.53,201301130800
28384,2.76,201301130800
28385,2.37,201301130800
28386,2.34,201301130800
28387,2.69,201301130800
28388,1.23,201301130800
28389,2.44,201301130800
28390,2.28,201301130800
28391,1.78,201301130800
28392,1.36,201301130800
28393,2.54,201301130800
28394,1.18,201301130800
28396,1.28,201301130800
28397,1.23,201301130800
28400,0.69,201301130800
28401,1.13,201301130800
28405,1.53,201301130800
28427,2.41,201301130800
28467,1.11,201301130800
28496,0.88,201301130800
28497,0.52,201301130800
28519,0.78,201301130800
28535,1.61,201301130800
28539,2.38,201301130800
28545,1.38,201301130800
28557,2.67,201301130800
28635,1.28,201301130800
28636,2.89,201301130800
28637,1.27,201301130800
28638,2.3,201301130800
28639,1.14,201301130800
28640,1.28,201301130800
28641,1.87,201301130800
28642,1.59,201301130800
28643,2.02,201301130800
28644,0.57,201301130800
28645,1.45,201301130800
28646,0.85,201301130800
28649,1.37,201301130800
28658,0.98,201301130800
28667,2.17,201301130800
28675,2.01,201301130800
28751,2.31,201301130800
28753,1.65,201301130800
28754,2.66,201301130800
28788,1.99,201301130800
28812,2.73,201301130800
28823,2.11,201301130800
28886,1.65,201301130800
28887,1.85,201301130800
28888,2.99,201301130800
28889,1.26,201301130800
28890,0.66,201301130800
28891,1.55,201301130800
28892,2.34,201301130800
28893,2.48,201301130800
28894,2.44,201301130800
28895,1.58,201301130800
28896,2.62,201301130800
28897,2.7,201301130800
28899,2.79,201301130800
28900,2.17,201301130800
28901,1.56,201301130800
28902,0.71,201301130800
28905,1.97,201301130800
28912,0.69,201301130800
28960,0.8,201301130800
28969,0.56,201301130800
29004,1.51,201301130800
29012,2.19,201301130800
29026,0.74,201301130800
29068,2.27,201301130800
29076,1.74,201301130800
29088,2.87,201301130800
29094,0.83,201301130800
29136,0.91,201301130800
29137,1.9,201301130800
29138,1.42,201301130800
29139,2.35,201301130800
29140,1.21,201301130800
29141,0.8,201301130800
29142,2.67,201301130800
29143,2.05,201301130800
29144,1.43,201301130800
29146,0.6,201301130800
29147,2.14,201301130800
29148,1.25,201301130800
29149,1.49,201301130800
29151,1.33,201301130800
29158,2.39,201301130800
29165,0.88,201301130800
29171,2.03,201301130800
29190,2.54,201301130800
29247,1.51,201301130800
29387,1.79,201301130800
29388,2.46,201301130800
29389,2.93,201301130800
29390,2.74,201301130800
29391,1.07,201301130800
29392,2.96,201301130800
29393,2.37,201301130800
29394,1.34,201301130800
29395,2.18,201301130800
29396,1.94,201301130800
29397,1.88,201301130800
29398,1.37,201301130800
29399,1.64,201301130800
29401,2.07,201301130800
29402,2.26,201301130800
29403,1.59,201301130800
29405,2.62,201301130800
29409,2.1,201301130800
29425,2.92,201301130800
29429,2.15,201301130800
29495,1.81,201301130800
29498,0.61,201301130800
29533,1.87,201301130800
29556,0.51,201301130800
29638,2.53,201301130800
29639,2.33,201301130800
29640,2.94,201301130800
29641,1.13,201301130800
29642,2.91,201301130800
29643,0.8,201301130800
29644,0.58,201301130800
29645,1.5,201301130800
29648,2.31,201301130800
29649,1.13,201301130800
29650,0.79,201301130800
29654,2.81,201301130800
29663,0.6,201301130800
29670,0.98,201301130800
29710,2.37,201301130800
29730,2.49,201301130800
29733,2.34,201301130800
29736,1.09,201301130800
29766,2.22,201301130800
29891,0.88,201301130800
29892,1.03,201301130800
29893,0.53,201301130800
29894,2.7,201301130800
29895,1.03,201301130800
29896,2.69,201301130800
29897,2.13,201301130800
29898,1.15,201301130800
29900,1.77,201301130800
29903,2.89,201301130800
29906,2.96,201301130800
29909,1.15,201301130800
29912,1.94,201301130800
29917,1.15,201301130800
29925,1.25,201301130800
29966,1.32,201301130800
30021,1.91,201301130800
30026,2.05,201301130800
30036,1.21,201301130800
30142,2.65,201301130800
30143,2.43,201301130800
30144,0.86,201301130800
30145,2.0,201301130800
30146,2.76,201301130800
30147,2.26,201301130800
30148,1.87,201301130800
30152,1.68,201301130800
30154,1.12,201301130800
30157,0.82,201301130800
30158,1.42,201301130800
30181,1.58,201301130800
30242,2.86,201301130800
30243,0.82,201301130800
30244,2.59,201301130800
30261,1.22,201301130800
30300,2.62,201301130800
30322,1.06,201301130800
30393,2.26,201301130800
30394,2.67,201301130800
30395,0.57,201301130800
30396,2.29,201301130800
30397,2.21,201301130800
30398,1.19,201301130800
30400,1.45,201301130800
30401,0.53,201301130800
30403,2.55,201301130800
30407,0.86,201301130800
30410,0.79,201301130800
30420,1.78,201301130800
30430,1.69,201301130800
30434,1.29,201301130800
30439,2.34,201301130800
30481,2.01,201301130800
30489,1.58,201301130800
30494,2.09,201301130800
30495,1.76,201301130800
30496,1.58,201301130800
30645,0.59,201301130800
30646,0.73,201301130800
30647,0.79,201301130800
30648,0.94,201301130800
30649,0.79,201301130800
30650,1.42,201301130800
30651,2.62,201301130800
30652,1.59,201301130800
30653,1.46,201301130800
30654,1.4,201301130800
30661,1.52,201301130800
30664,1.04,201301130800
30666,2.94,201301130800
30669,2.72,201301130800
30673,0.55,201301130800
30683,2.95,201301130800
30745,0.92,201301130800
30750,0.72,201301130800
30777,0.93,201301130800
30780,2.95,201301130800
30812,1.15,201301130800
30897,2.07,201301130800
30898,0.8,201301130800
30899,2.93,201301130800
30900,0.77,201301130800
30901,1.72,201301130800
30902,1.23,201301130800
30903,2.2,201301130800
30904,1.81,201301130800
30908,1.11,201301130800
30909,1.57,201301130800
30912,2.59,201301130800
30913,0.68,201301130800
30928,2.53,201301130800
30953,2.37,201301130800
30979,1.93,201301130800
30994,2.63,201301130800
30995,2.21,201301130800
31027,1.62,201301130800
31028,2.02,201301130800
31029,2.2,201301130800
31082,2.97,201301130800
31148,2.58,201301130800
31149,1.07,201301130800
31150,1.05,201301130800
31151,2.7,201301130800
31152,2.44,201301130800
31156,2.51,201301130800
31157,0.65,201301130800
31161,1.9,201301130800
31166,1.58,201301130800
31172,2.53,201301130800
31274,1.01,201301130800
31281,0.97,201301130800
31369,0.79,201301130800
31398,1.05,201301130800
31401,1.17,201301130800
31407,1.73,201301130800
31408,1.64,201301130800
31409,2.83,201301130800
31410,2.26,201301130800
31413,0.54,201301130800
31419,1.27,201301130800
31427,2.45,201301130800
31457,1.12,201301130800
31466,1.44,201301130800
31651,1.36,201301130800
31652,1.2,201301130800
31656,2.71,201301130800
31660,0.61,201301130800
31663,2.15,201301130800
31666,1.57,201301130800
31675,1.51,201301130800
31738,1.95,201301130800
31754,2.57,201301130800
31782,2.57,201301130800
31903,1.81,201301130800
31904,1.6,201301130800
31905,2.45,201301130800
31906,1.43,201301130800
31908,1.69,201301130800
31912,2.9,201301130800
31921,0.91,201301130800
31928,2.43,201301130800
31949,1.19,201301130800
32028,0.64,201301130800
32032,2.5,201301130800
32045,2.73,201301130800
32150,2.83,201301130800
32155,1.49,201301130800
32157,1.04,201301130800
32161,1.7,201301130800
32162,2.38,201301130800
32167,2.62,201301130800
32169,0.55,201301130800
32175,1.0,201301130800
32182,2.64,201301130800
32185,2.04,201301130800
32195,1.35,201301130800
32235,1.35,201301130800
32404,0.64,201301130800
32405,2.49,201301130800
32410,1.08,201301130800
32411,2.82,201301130800
32415,2.59,201301130800
32449,0.91,201301130800
32490,0.86,201301130800
32558,1.81,201301130800
32622,2.24,201301130800
32656,1.09,201301130800
32658,2.12,201301130800
32660,2.35,201301130800
32662,1.92,201301130800
32668,1.54,201301130800
32682,2.17,201301130800
32697,2.01,201301130800
32712,1.54,201301130800
32729,1.91,201301130800
32739,1.14,201301130800
32742,2.54,201301130800
32744,1.32,201301130800
32802,0.75,201301130800
32834,1.63,201301130800
32905,1.45,201301130800
32907,0.53,201301130800
32912,0.74,201301130800
32916,2.47,201301130800
32922,1.92,201301130800
32924,0.73,201301130800
32926,1.03,201301130800
32929,2.91,201301130800
32977,0.63,201301130800
32978,1.79,201301130800
33154,1.86,201301130800
33158,2.44,201301130800
33160,1.72,201301130800
33165,1.66,201301130800
33170,2.03,201301130800
33186,2.02,201301130800
33286,1.13,201301130800
33405,0.76,201301130800
33409,2.23,201301130800
33412,1.35,201301130800
33418,2.24,201301130800
33420,2.62,201301130800
33424,2.24,201301130800
33435,2.31,201301130800
33442,1.11,201301130800
33519,2.82,201301130800
33594,1.19,201301130800
33656,1.1,201301130800
33659,1.82,201301130800
33662,0.68,201301130800
33664,0.61,201301130800
33666,2.07,201301130800
33669,1.24,201301130800
33673,2.36,201301130800
33675,0.89,201301130800
33694,3.0,201301130800
33724,2.8,201301130800
33742,0.77,201301130800
33812,2.69,201301130800
33909,2.64,201301130800
33911,1.82,201301130800
33912,2.63,201301130800
33913,1.37,201301130800
33922,2.5,201301130800
33923,1.95,201301130800
33924,2.03,201301130800
33931,1.07,201301130800
33935,2.13,201301130800
33986,0.51,201301130800
34013,1.28,201301130800
34160,0.9,201301130800
34161,2.65,201301130800
34162,2.44,201301130800
34163,2.84,201301130800
34167,2.04,201301130800
34190,1.84,201301130800
34211,1.88,201301130800
34303,0.81,201301130800
34380,1.88,201301130800
34407,0.57,201301130800
34413,2.21,201301130800
34423,2.39,201301130800
34424,1.3,201301130800
34427,2.19,201301130800
34430,2.92,201301130800
34437,1.18,201301130800
34440,1.8,201301130800
34486,1.3,201301130800
34495,0.51,201301130800
34510,2.83,201301130800
34520,1.44,201301130800
34528,2.64,201301130800
34563,1.15,201301130800
34662,1.74,201301130800
34667,1.18,201301130800
34668,1.1,201301130800
34670,1.27,201301130800
34672,2.52,201301130800
34673,1.08,201301130800
34676,1.83,201301130800
34679,0.71,201301130800
34682,2.07,201301130800
34695,0.67,201301130800
34710,0.84,201301130800
34714,1.3,201301130800
34720,1.47,201301130800
34882,2.85,201301130800
34913,2.07,201301130800
34914,2.8,201301130800
34915,2.26,201301130800
34924,1.61,201301130800
34925,1.0,201301130800
34934,2.14,201301130800
34939,0.7,201301130800
34959,2.2,201301130800
34990,1.85,201301130800
35102,2.64,201301130800
35164,1.82,201301130800
35166,2.04,201301130800
35173,1.9,201301130800
35178,1.6,201301130800
35183,1.37,201301130800
35185,2.49,201301130800
35187,0.6,201301130800
35193,1.39,201301130800
35203,1.14,201301130800
35218,0.99,201301130800
35237,1.36,201301130800
35244,2.22,201301130800
35249,2.74,201301130800
35295,2.7,201301130800
35368,1.2,201301130800
35410,2.9,201301130800
35414,2.65,201301130800
35415,0.99,201301130800
35417,2.9,201301130800
35421,0.55,201301130800
35440,2.77,201301130800
35455,1.81,201301130800
35492,1.93,201301130800
35515,0.96,201301130800
35665,1.24,201301130800
35675,1.38,201301130800
35683,2.91,201301130800
35686,2.35,201301130800
35700,2.09,201301130800
35745,2.09,201301130800
35755,0.94,201301130800
35769,0.99,201301130800
35916,2.02,201301130800
35917,2.6,201301130800
35918,2.3,201301130800
35919,1.44,201301130800
35921,2.91,201301130800
35929,2.03,201301130800
35931,0.72,201301130800
35941,2.09,201301130800
35944,2.36,201301130800
35971,1.45,201301130800
35981,1.41,201301130800
35992,2.58,201301130800
35994,1.73,201301130800
36067,1.66,201301130800
36162,1.2,201301130800
36167,1.47,201301130800
36169,1.67,201301130800
36170,1.67,201301130800
36173,2.74,201301130800
36176,2.05,201301130800
36177,2.28,201301130800
36205,2.21,201301130800
36237,1.74,201301130800
36245,1.6,201301130800
36246,1.2,201301130800
36293,1.58,201301130800
36311,2.03,201301130800
36417,2.08,201301130800
36420,2.72,201301130800
36421,2.18,201301130800
36441,1.49,201301130800
36448,2.1,201301130800
36494,1.86,201301130800
36498,1.26,201301130800
36502,1.6,201301130800
36510,1.99,201301130800
36513,2.32,201301130800
36519,2.97,201301130800
36524,2.25,201301130800
36576,1.9,201301130800
36668,2.6,201301130800
36673,0.86,201301130800
36675,1.04,201301130800
36677,1.09,201301130800
36679,2.54,201301130800
36682,1.57,201301130800
36688,1.64,201301130800
36690,0.54,201301130800
36711,1.21,201301130800
36717,2.6,201301130800
36758,2.32,201301130800
36889,0.95,201301130800
36915,2.38,201301130800
36918,0.7,201301130800
36933,0.83,201301130800
36934,1.59,201301130800
36953,1.84,201301130800
36959,1.89,201301130800
36996,2.84,201301130800
36999,1.76,201301130800
37001,1.81,201301130800
37167,0.72,201301130800
37168,1.47,201301130800
37169,1.26,201301130800
37172,2.07,201301130800
37176,1.51,201301130800
37178,2.43,201301130800
37179,1.66,201301130800
37182,2.48,201301130800
37192,2.71,201301130800
37200,1.52,201301130800
37206,2.15,201301130800
37232,2.79,201301130800
37239,2.53,201301130800
37270,1.83,201301130800
37298,2.96,201301130800
37304,2.54,201301130800
37419,2.9,201301130800
37421,1.65,201301130800
37423,1.7,201301130800
37425,2.95,201301130800
37446,0.84,201301130800
37454,1.61,201301130800
37477,0.86,201301130800
37487,2.93,201301130800
37501,2.09,201301130800
37503,0.58,201301130800
37513,2.67,201301130800
37523,2.27,201301130800
37562,1.11,201301130800
37609,0.53,201301130800
37642,2.04,201301130800
37643,1.08,201301130800
37670,1.68,201301130800
37671,1.1,201301130800
37672,1.12,201301130800
37676,1.99,201301130800
37688,1.74,201301130800
37689,1.72,201301130800
37690,2.06,201301130800
37695,2.54,201301130800
37701,2.41,201301130800
37710,0.74,201301130800
37711,1.11,201301130800
37754,0.91,201301130800
37874,1.36,201301130800
37891,2.72,201301130800
37893,1.06,201301130800
37894,2.61,201301130800
37926,1.75,201301130800
37928,2.52,201301130800
37929,1.82,201301130800
37932,2.24,201301130800
37936,1.77,201301130800
37943,1.17,201301130800
37952,2.7,201301130800
37962,2.32,201301130800
37968,2.16,201301130800
38003,1.13,201301130800
38060,0.65,201301130800
38145,1.2,201301130800
38172,2.47,201301130800
38173,2.15,201301130800
38178,2.49,201301130800
38200,0.58,201301130800
38204,1.68,201301130800
38209,2.9,201301130800
38215,0.91,201301130800
38220,1.45,201301130800
38225,1.58,201301130800
38228,2.46,201301130800
38230,2.19,201301130800
38243,2.02,201301130800
38247,0.63,201301130800
38255,1.28,201301130800
38263,1.24,201301130800
38268,1.39,201301130800
38272,2.07,201301130800
38367,2.66,201301130800
38381,1.86,201301130800
38423,1.3,201301130800
38425,2.87,201301130800
38426,2.74,201301130800
38431,2.45,201301130800
38440,2.05,201301130800
38479,2.45,201301130800
38481,0.79,201301130800
38483,0.8,201301130800
38488,2.65,201301130800
38490,1.79,201301130800
38498,1.15,201301130800
38499,0.74,201301130800
38500,1.07,201301130800
38505,0.89,201301130800
38506,0.92,201301130800
38508,2.13,201301130800
38517,1.63,201301130800
38534,2.3,201301130800
38648,1.56,201301130800
38674,1.26,201301130800
38676,0.96,201301130800
38679,1.23,201301130800
38684,2.53,201301130800
38693,1.17,201301130800
38697,2.09,201301130800
38716,0.69,201301130800
38722,2.42,201301130800
38736,1.54,201301130800
38738,2.68,201301130800
38752,1.6,201301130800
38753,1.15,201301130800
38758,1.42,201301130800
38760,1.39,201301130800
38761,0.76,201301130800
38762,0.66,201301130800
38766,2.77,201301130800
38769,1.54,201301130800
38778,1.22,201301130800
38812,1.32,201301130800
38939,2.43,201301130800
38953,2.42,201301130800
38958,0.82,201301130800
38967,1.76,201301130800
39006,1.51,201301130800
39008,2.66,201301130800
39010,0.98,201301130800
39011,2.97,201301130800
39017,2.34,201301130800
39113,1.54,201301130800
39148,1.36,201301130800
39149,1.95,201301130800
39176,1.88,201301130800
39178,0.6,201301130800
39191,0.7,201301130800
39201,1.32,201301130800
39230,1.55,201301130800
39236,2.62,201301130800
39246,1.58,201301130800
39252,0.81,201301130800
39255,1.47,201301130800
39260,0.75,201301130800
39262,2.98,201301130800
39263,2.97,201301130800
39268,1.44,201301130800
39269,1.72,201301130800
39271,1.62,201301130800
39274,2.52,201301130800
39275,1.94,201301130800
39375,0.77,201301130800
39391,2.44,201301130800
39427,1.94,201301130800
39428,2.06,201301130800
39430,2.5,201301130800
39433,2.44,201301130800
39446,2.01,201301130800
39457,1.15,201301130800
39514,2.01,201301130800
39515,1.18,201301130800
39516,1.4,201301130800
39517,2.97,201301130800
39535,0.56,201301130800
39554,2.74,201301130800
39559,1.8,201301130800
39631,1.7,201301130800
39632,2.66,201301130800
39633,1.91,201301130800
39652,1.78,201301130800
39683,2.14,201301130800
39687,1.31,201301130800
39706,1.48,201301130800
39710,1.28,201301130800
39722,1.56,201301130800
39731,2.94,201301130800
39750,0.52,201301130800
39755,0.58,201301130800
39759,2.44,201301130800
39762,0.65,201301130800
39764,2.86,201301130800
39765,0.71,201301130800
39766,2.92,201301130800
39767,2.27,201301130800
39769,2.17,201301130800
39772,2.05,201301130800
39776,1.26,201301130800
39777,2.2,201301130800
39790,1.95,201301130800
39791,1.66,201301130800
39796,1.63,201301130800
39832,2.57,201301130800
39883,0.56,201301130800
39930,1.74,201301130800
39932,1.43,201301130800
39941,1.09,201301130800
39948,1.51,201301130800
39969,1.41,201301130800
40018,1.09,201301130800
40031,0.58,201301130800
40133,2.24,201301130800
40180,2.3,201301130800
40188,1.51,201301130800
40196,1.9,201301130800
40242,0.54,201301130800
40246,2.28,201301130800
40259,2.04,201301130800
40264,2.85,201301130800
40267,1.36,201301130800
40268,2.66,201301130800
40270,1.59,201301130800
40276,1.23,201301130800
40286,2.93,201301130800
40295,1.47,201301130800
40431,1.78,201301130800
40432,1.17,201301130800
40442,2.83,201301130800
40447,0.81,201301130800
40448,2.3,201301130800
40451,2.85,201301130800
40457,2.33,201301130800
40500,1.98,201301130800
40512,1.73,201301130800
40518,0.77,201301130800
40519,1.25,201301130800
40522,1.02,201301130800
40524,0.85,201301130800
40525,0.94,201301130800
40532,1.58,201301130800
40560,2.3,201301130800
40566,2.39,201301130800
40633,2.5,201301130800
40687,1.5,201301130800
40713,1.48,201301130800
40719,1.66,201301130800
40732,1.5,201301130800
40733,0.63,201301130800
40766,1.56,201301130800
40810,1.48,201301130800
40894,1.08,201301130800
40933,1.15,201301130800
40936,2.38,201301130800
40939,1.89,201301130800
40954,1.97,201301130800
40982,1.55,201301130800
41021,2.32,201301130800
41024,2.32,201301130800
41061,1.97,201301130800
41145,2.27,201301130800
41157,1.5,201301130800
41183,0.84,201301130800
41200,1.99,201301130800
41262,2.53,201301130800
41265,1.9,201301130800
41270,1.6,201301130800
41277,2.27,201301130800
41318,1.08,201301130800
41401,2.82,201301130800
41407,1.3,201301130800
41437,2.89,201301130800
41459,2.45,201301130800
41465,0.94,201301130800
41469,2.55,201301130800
41508,1.49,201301130800
41520,1.15,201301130800
41522,1.15,201301130800
41526,0.68,201301130800
41532,2.88,201301130800
41558,2.97,201301130800
41635,1.99,201301130800
41653,1.8,201301130800
41658,2.61,201301130800
41692,1.42,201301130800
41696,0.82,201301130800
41764,1.71,201301130800
41772,2.1,201301130800
41893,1.04,201301130800
41904,1.6,201301130800
41905,2.25,201301130800
41936,2.48,201301130800
41941,2.83,201301130800
41958,1.09,201301130800
41990,2.56,201301130800
42023,0.68,201301130800
42026,0.68,201301130800
42029,0.99,201301130800
42074,0.71,201301130800
42085,0.81,201301130800
42095,2.62,201301130800
42147,2.75,201301130800
42160,2.22,201301130800
42200,2.5,201301130800
42213,2.71,201301130800
42267,2.43,201301130800
42271,2.77,201301130800
42274,0.73,201301130800
42283,1.75,201301130800
42291,1.1,201301130800
42342,1.45,201301130800
42411,2.45,201301130800
42438,1.97,201301130800
42454,2.7,201301130800
42471,2.09,201301130800
42478,2.93,201301130800
42487,1.77,201301130800
42503,0.99,201301130800
42514,0.85,201301130800
42521,2.8,201301130800
42533,2.82,201301130800
42644,1.93,201301130800
42661,0.59,201301130800
42695,2.72,201301130800
42744,1.9,201301130800
42750,1.8,201301130800
42846,0.6,201301130800
42905,1.88,201301130800
42912,1.4,201301130800
42939,2.72,201301130800
42940,2.68,201301130800
42944,1.44,201301130800
42949,0.9,201301130800
43011,1.78,201301130800
43021,2.95,201301130800
43030,1.71,201301130800
43151,1.69,201301130800
43160,2.54,201301130800
43162,1.3,201301130800
43213,2.13,201301130800
43220,1.22,201301130800
43261,2.94,201301130800
43412,1.04,201301130800
43413,0.91,201301130800
43440,2.06,201301130800
43443,0.84,201301130800
43449,0.54,201301130800
43483,1.92,201301130800
43484,1.92,201301130800
43494,1.51,201301130800
43518,1.29,201301130800
43523,2.71,201301130800
43526,1.54,201301130800
43530,2.83,201301130800
43571,0.77,201301130800
43642,1.66,201301130800
43662,2.64,201301130800
43738,1.92,201301130800
43760,2.72,201301130800
43779,2.99,201301130800
43914,1.26,201301130800
43957,1.79,201301130800
43980,2.63,201301130800
43984,2.56,201301130800
43992,2.55,201301130800
43995,2.0,201301130800
44002,2.52,201301130800
44039,0.75,201301130800
44194,1.34,201301130800
44197,0.82,201301130800
44204,1.95,201301130800
44215,1.91,201301130800
44226,1.78,201301130800
44247,0.74,201301130800
44255,0.94,201301130800
44282,2.19,201301130800
44284,1.54,201301130800
44356,0.55,201301130800
44470,2.75,201301130800
44486,2.06,201301130800
44503,1.63,201301130800
44504,2.37,201301130800
44510,0.64,201301130800
44517,1.15,201301130800
44534,2.6,201301130800
44578,1.21,201301130800
44666,2.78,201301130800
44694,1.6,201301130800
44697,0.91,201301130800
44716,2.92,201301130800
44724,2.24,201301130800
44743,2.29,201301130800
44755,1.9,201301130800
44756,2.68,201301130800
44757,2.94,201301130800
44758,1.33,201301130800
44786,2.36,201301130800
44787,2.58,201301130800
44911,1.58,201301130800
44963,2.3,201301130800
45005,2.22,201301130800
45006,2.21,201301130800
45007,1.9,201301130800
45008,1.64,201301130800
45039,1.42,201301130800
45114,1.54,201301130800
45168,1.18,201301130800
45200,1.94,201301130800
45203,2.95,201301130800
45208,1.71,201301130800
45237,1.45,201301130800
45254,1.63,201301130800
45256,1.14,201301130800
45258,0.78,201301130800
45261,1.87,201301130800
45265,2.78,201301130800
45266,2.45,201301130800
45401,0.83,201301130800
45479,2.03,201301130800
45502,1.06,201301130800
45507,1.88,201301130800
45509,2.81,201301130800
45526,2.33,201301130800
45538,1.84,201301130800
45582,2.92,201301130800
45661,1.72,201301130800
45701,2.11,201301130800
45703,2.22,201301130800
45716,2.77,201301130800
45720,2.37,201301130800
45725,2.3,201301130800
45735,2.23,201301130800
45747,1.4,201301130800
45766,2.74,201301130800
45793,2.26,201301130800
45795,0.72,201301130800
45919,1.59,201301130800
45948,2.35,201301130800
46008,2.62,201301130800
46036,1.2,201301130800
46041,1.86,201301130800
46052,0.64,201301130800
46074,2.46,201301130800
46145,0.57,201301130800
46202,1.03,201301130800
46209,2.17,201301130800
46242,2.92,201301130800
46265,1.81,201301130800
46372,2.53,201301130800
46384,1.51,201301130800
46455,0.69,201301130800
46508,0.82,201301130800
46523,2.65,201301130800
46538,0.81,201301130800
46565,0.54,201301130800
46574,1.16,201301130800
46626,1.4,201301130800
46700,2.46,201301130800
46738,2.87,201301130800
46770,1.4,201301130800
46778,0.96,201301130800
46787,2.16,201301130800
46803,2.65,201301130800
46954,2.73,201301130800
46964,2.89,201301130800
46972,1.42,201301130800
46976,0.95,201301130800
46981,0.76,201301130800
47011,2.18,201301130800
47015,0.85,201301130800
47047,2.4,201301130800
47253,2.7,201301130800
47288,2.48,201301130800
47295,2.23,201301130800
47342,0.92,201301130800
47454,0.97,201301130800
47535,2.42,201301130800
47543,1.01,201301130800
47705,2.56,201301130800
47709,2.3,201301130800
47711,2.1,201301130800
47758,1.82,201301130800
47806,0.81,201301130800
47889,2.65,201301130800
47926,2.57,201301130800
47968,0.54,201301130800
47972,2.35,201301130800
47977,2.58,201301130800
47982,2.91,201301130800
48032,2.9,201301130800
48209,1.0,201301130800
48239,1.87,201301130800
48244,2.35,201301130800
48278,1.48,201301130800
48420,0.8,201301130800
48427,0.54,201301130800
48499,0.78,201301130800
48503,2.55,201301130800
48552,1.84,201301130800
48584,2.25,201301130800
48713,1.89,201301130800
48759,1.3,201301130800
48848,2.61,201301130800
48898,1.5,201301130800
49017,2.49,201301130800
49049,2.1,201301130800
49229,1.66,201301130800
49241,1.08,201301130800
49472,1.23,201301130800
49483,2.39,201301130800
49542,1.14,201301130800
49555,1.31,201301130800
49679,1.33,201301130800
49750,1.6,201301130800
49760,2.99,201301130800
49777,0.6,201301130800
49968,1.36,201301130800
50053,1.91,201301130800
50103,1.53,201301130800
50180,0.61,201301130800
50285,0.91,201301130800
50430,1.63,201301130800
50470,1.73,201301130800
50494,2.44,201301130800
50511,0.93,201301130800
50549,1.72,201301130800
50680,1.72,201301130800
50682,0.83,201301130800
50731,0.79,201301130800
50812,0.57,201301130800
50872,1.61,201301130800
51029,2.99,201301130800
51046,0.88,201301130800
51053,0.7,201301130800
51056,2.89,201301130800
51162,2.85,201301130800
51177,1.48,201301130800
51182,0.55,201301130800
51228,1.81,201301130800
51258,1.79,201301130800
51430,1.07,201301130800
51431,1.75,201301130800
51432,2.87,201301130800
51520,1.42,201301130800
51681,1.98,201301130800
51682,2.12,201301130800
51725,2.48,201301130800
51790,1.33,201301130800
51832,1.89,201301130800
51857,1.48,201301130800
51931,1.67,201301130800
51932,0.87,201301130800
51986,2.98,201301130800
52003,2.46,201301130800
52182,1.31,201301130800
52244,2.31,201301130800
52259,1.1,201301130800
52280,0.62,201301130800
52319,1.71,201301130800
52473,2.05,201301130800
52518,1.52,201301130800
52631,0.91,201301130800
52679,1.03,201301130800
52729,0.51,201301130800
52811,2.07,201301130800
52983,2.93,201301130800
52988,2.1,201301130800
52993,1.23,201301130800
53000,1.03,201301130800
53016,0.87,201301130800
53027,1.11,201301130800
53072,0.87,201301130800
53090,0.58,201301130800
53177,1.08,201301130800
53178,1.07,201301130800
53381,0.74,201301130800
53427,1.98,201301130800
53429,1.15,201301130800
53761,0.54,201301130800
53774,2.87,201301130800
53797,1.27,201301130800
53810,2.13,201301130800
53822,1.74,201301130800
53864,0.87,201301130800
53927,2.64,201301130800
54038,1.27,201301130800
54071,2.62,201301130800
54234,2.71,201301130800
54281,1.82,201301130800
54284,2.47,201301130800
54327,2.17,201301130800
54334,2.37,201301130800
54349,2.9,201301130800
54427,2.45,201301130800
54503,2.75,201301130800
54510,2.47,201301130800
54520,1.38,201301130800
54550,2.21,201301130800
54578,1.47,201301130800
54678,2.67,201301130800
54828,2.33,201301130800
54983,1.86,201301130800
54996,1.41,201301130800
55070,2.47,201301130800
55329,1.42,201301130800
55331,2.73,201301130800
55535,2.15,201301130800
55633,1.46,201301130800
55680,1.03,201301130800
55761,2.54,201301130800
55831,1.31,201301130800
55832,1.96,201301130800
55838,2.55,201301130800
55845,0.79,201301130800
56106,2.18,201301130800
56493,2.31,201301130800
56571,0.72,201301130800
56586,2.0,201301130800
56587,2.96,201301130800
56591,2.26,201301130800
56738,1.21,201301130800
56835,1.44,201301130800
56882,2.89,201301130800
56887,2.17,201301130800
56888,0.85,201301130800
56933,2.27,201301130800
56934,1.01,201301130800
57042,0.61,201301130800
57062,1.06,201301130800
57189,2.62,201301130800
57261,2.72,201301130800
57329,1.27,201301130800
57342,2.06,201301130800
57376,2.84,201301130800
57378,0.81,201301130800
57380,1.56,201301130800
57397,0.98,201301130800
57440,2.68,201301130800
57495,1.38,201301130800
57523,1.99,201301130800
57555,1.82,201301130800
57597,0.77,201301130800
57613,2.44,201301130800
57615,2.78,201301130800
57628,1.88,201301130800
57631,2.08,201301130800
57823,2.44,201301130800
57837,2.05,201301130800
57851,2.43,201301130800
57852,2.15,201301130800
57906,0.6,201301130800
58179,1.57,201301130800
58251,2.72,201301130800
58421,2.17,201301130800
58511,2.07,201301130800
58632,1.1,201301130800
58744,2.14,201301130800
58802,1.01,201301130800
58814,2.45,201301130800
58879,2.0,201301130800
58892,0.97,201301130800
59010,1.96,201301130800
59043,1.39,201301130800
59104,1.03,201301130800
59125,2.41,201301130800
59134,2.71,201301130800
59285,2.47,201301130800
59329,1.76,201301130800
59555,2.41,201301130800
59635,2.58,201301130800
59745,0.96,201301130800
59927,1.72,201301130800
59941,2.72,201301130800
60008,0.77,201301130800
60011,1.28,201301130800
60114,2.73,201301130800
60141,2.86,201301130800
60147,0.79,201301130800
60331,0.67,201301130800
60344,0.52,201301130800
60350,2.2,201301130800
60578,2.62,201301130800
60593,0.62,201301130800
60613,1.83,201301130800
60630,1.21,201301130800
60635,1.51,201301130800
60649,2.51,201301130800
60750,1.96,201301130800
60774,1.83,201301130800
60819,2.45,201301130800
60880,1.43,201301130800
60888,1.88,201301130800
61062,2.19,201301130800
61110,2.55,201301130800
61263,2.71,201301130800
61343,2.52,201301130800
61591,2.6,201301130800
61597,0.95,201301130800
61654,1.53,201301130800
61818,1.17,201301130800
62077,1.56,201301130800
62104,1.39,201301130800
62135,2.38,201301130800
62140,2.59,201301130800
62252,1.87,201301130800
62558,1.27,201301130800
62589,0.75,201301130800
62757,1.59,201301130800
62772,2.57,201301130800
62850,1.6,201301130800
62926,2.22,201301130800
62948,2.82,201301130800
63044,0.79,201301130800
63153,2.99,201301130800
63383,0.51,201301130800
63397,2.39,201301130800
63398,2.03,201301130800
63407,2.48,201301130800
63574,1.9,201301130800
63586,1.48,201301130800
63816,2.02,201301130800
64102,2.8,201301130800
64150,0.89,201301130800
64200,2.08,201301130800
64515,2.53,201301130800
64529,2.85,201301130800
64573,0.8,201301130800
64581,2.94,201301130800
64815,1.74,201301130800
64915,1.09,201301130800
65059,1.95,201301130800
65144,1.0,201301130800
65320,0.82,201301130800
65375,2.21,201301130800
65454,1.85,201301130800
65528,0.75,201301130800
65607,2.12,201301130800
65774,2.33,201301130800
65838,1.49,201301130800
66068,0.5,201301130800
66084,1.95,201301130800
66151,2.71,201301130800
66353,0.83,201301130800
66538,0.57,201301130800
66575,0.84,201301130800
66637,0.71,201301130800
66827,0.87,201301130800
66870,1.68,201301130800
67110,1.31,201301130800
67207,2.41,201301130800
67335,1.44,201301130800
67385,1.61,201301130800
67599,0.52,201301130800
67601,1.36,201301130800
67602,2.95,201301130800
67698,2.28,201301130800
67824,2.3,201301130800
67842,1.84,201301130800
67854,0.7,201301130800
67855,2.57,201301130800
67918,1.37,201301130800
68103,1.91,201301130800
68104,2.8,201301130800
68110,2.62,201301130800
68111,2.84,201301130800
68349,1.77,201301130800
68354,2.87,201301130800
68356,1.82,201301130800
68454,1.97,201301130800
68455,1.81,201301130800
68587,2.69,201301130800
68857,1.24,201301130800
68858,0.75,201301130800
68897,1.35,201301130800
68924,0.69,201301130800
68930,2.41,201301130800
69106,0.95,201301130800
69190,0.97,201301130800
69206,1.29,201301130800
69359,1.22,201301130800
69371,0.81,201301130800
69455,1.91,201301130800
69582,2.61,201301130800
69613,0.91,201301130800
69676,0.59,201301130800
70115,2.15,201301130800
70132,0.95,201301130800
70181,1.49,201301130800
70342,1.08,201301130800
70352,1.77,201301130800
70360,2.3,201301130800
70374,0.51,201301130800
70440,1.23,201301130800
70462,0.52,201301130800
70619,2.33,201301130800
70659,0.75,201301130800
70715,0.79,201301130800
70903,1.57,201301130800
70934,0.86,201301130800
70961,2.32,201301130800
71122,1.07,201301130800
71187,0.72,201301130800
71399,0.89,201301130800
71601,1.43,201301130800
71629,1.87,201301130800
71888,0.55,201301130800
71961,0.58,201301130800
71964,1.84,201301130800
72201,2.38,201301130800
72218,1.6,201301130800
72345,0.8,201301130800
72367,2.33,201301130800
72407,0.69,201301130800
72416,1.86,201301130800
72706,1.09,201301130800
72894,1.02,201301130800
73104,2.23,201301130800
73135,2.21,201301130800
73211,0.7,201301130800
73223,1.75,201301130800
73451,0.8,201301130800
73460,2.07,201301130800
73461,2.08,201301130800
73557,2.75,201301130800
73669,1.51,201301130800
74158,1.62,201301130800
74216,2.44,201301130800
74388,0.6,201301130800
74396,1.1,201301130800
74466,2.08,201301130800
74467,1.76,201301130800
74638,2.21,201301130800
74677,2.96,201301130800
74678,2.29,201301130800
74711,2.62,201301130800
74721,2.74,201301130800
74962,2.49,201301130800
74968,0.84,201301130800
74973,1.65,201301130800
75224,1.69,201301130800
75329,2.69,201301130800
75386,2.35,201301130800
75424,2.06,201301130800
75436,2.58,201301130800
75475,2.21,201301130800
75619,0.54,201301130800
75721,1.77,201301130800
75722,0.76,201301130800
75724,1.64,201301130800
75725,2.28,201301130800
75726,1.48,201301130800
75727,2.79,201301130800
75974,1.75,201301130800
75975,2.26,201301130800
76133,1.26,201301130800
76227,0.84,201301130800
76393,1.35,201301130800
76473,1.93,201301130800
76477,2.63,201301130800
76654,1.46,201301130800
76728,1.01,201301130800
76959,2.45,201301130800
77169,2.1,201301130800
77230,2.66,201301130800
77381,2.49,201301130800
77458,2.02,201301130800
77641,1.91,201301130800
77942,2.94,201301130800
77981,2.94,201301130800
78205,1.01,201301130800
78418,1.59,201301130800
78654,1.42,201301130800
78733,1.7,201301130800
78881,1.01,201301130800
78896,1.45,201301130800
78909,2.04,201301130800
78983,0.69,201301130800
79234,1.02,201301130800
79379,1.67,201301130800
79394,1.78,201301130800
79484,2.05,201301130800
79712,2.76,201301130800
79911,0.93,201301130800
79915,1.58,201301130800
80160,1.62,201301130800
80161,2.68,201301130800
80193,2.92,201301130800
80352,2.82,201301130800
80397,1.29,201301130800
80406,2.83,201301130800
80411,1.01,201301130800
80412,1.9,201301130800
80413,2.69,201301130800
80420,1.8,201301130800
80485,2.99,201301130800
80635,1.72,201301130800
80659,2.53,201301130800
80663,1.27,201301130800
80664,1.76,201301130800
80703,1.67,201301130800
80877,2.71,201301130800
80916,1.71,201301130800
81163,2.17,201301130800
81164,2.07,201301130800
81354,1.79,201301130800
81363,0.82,201301130800
81390,2.49,201301130800
81625,1.25,201301130800
81651,1.84,201301130800
81899,1.33,201301130800
82135,2.12,201301130800
82168,1.15,201301130800
82169,2.95,201301130800
82237,0.91,201301130800
82613,1.12,201301130800
82622,2.91,201301130800
82664,2.62,201301130800
82892,2.48,201301130800
82951,1.19,201301130800
83410,2.91,201301130800
83489,0.94,201301130800
83735,1.58,201301130800
83865,0.61,201301130800
84123,2.12,201301130800
84179,0.69,201301130800
84207,1.54,201301130800
84212,1.35,201301130800
84221,2.67,201301130800
84366,2.28,201301130800
84689,1.09,201301130800
84712,1.53,201301130800
84902,2.34,201301130800
85474,1.4,201301130800
85487,2.69,201301130800
85620,2.64,201301130800
85705,1.04,201301130800
85715,0.84,201301130800
85738,2.33,201301130800
86440,1.53,201301130800
86622,1.17,201301130800
86623,2.25,201301130800
86672,2.52,201301130800
86873,1.04,201301130800
86895,2.8,201301130800
87121,1.12,201301130800
87227,2.27,201301130800
87460,1.01,201301130800
87690,2.98,201301130800
87873,1.52,201301130800
88242,1.05,201301130800
88463,2.37,201301130800
89120,1.32,201301130800
89152,2.91,201301130800
89175,2.84,201301130800
89198,2.92,201301130800
89615,2.86,201301130800
89625,1.64,201301130800
90116,1.32,201301130800
90183,2.12,201301130800
90497,1.51,201301130800
90699,2.15,201301130800
90719,1.26,201301130800
91200,0.69,201301130800
91432,1.96,201301130800
91434,1.0,201301130800
91684,0.61,201301130800
91713,2.11,201301130800
91744,2.06,201301130800
92233,0.99,201301130800
93205,2.15,201301130800
93244,2.87,201301130800
93252,1.02,201301130800
93463,0.6,201301130800
93675,0.53,201301130800
93944,1.5,201301130800
94431,1.86,201301130800
94710,0.54,201301130800
94755,1.2,201301130800
94997,1.49,201301130800
95000,1.47,201301130800
95707,2.54,201301130800
95949,2.71,201301130800
95998,1.02,201301130800
96188,0.8,201301130800
96225,1.48,201301130800
96249,1.08,201301130800
96468,2.05,201301130800
96486,1.6,201301130800
96718,1.21,201301130800
96972,0.92,201301130800
96995,0.53,201301130800
97251,1.69,201301130800
97440,2.7,201301130800
97471,1.31,201301130800
97969,1.34,201301130800
97990,1.25,201301130800
98224,2.4,201301130800
98229,1.62,201301130800
98450,2.9,201301130800
98475,1.37,201301130800
98739,1.25,201301130800
99256,1.51,201301130800
99468,1.31,201301130800
99730,1.33,201301130800
101215,0.56,201301130800
101911,1.86,201301130800
101912,0.91,201301130800
101989,2.86,201301130800
102999,1.14,201301130800
103242,1.62,201301130800
103431,1.38,201301130800
104177,1.1,201301130800
104221,0.85,201301130800
104239,0.94,201301130800
104701,2.22,201301130800
104984,1.4,201301130800
105196,0.52,201301130800
105219,1.27,201301130800
105460,2.99,201301130800
105461,2.67,201301130800
105481,2.7,201301130800
105489,2.37,201301130800
105709,1.0,201301130800
105710,2.0,201301130800
105711,2.73,201301130800
105712,2.64,201301130800
105713,1.4,201301130800
105715,1.42,201301130800
105726,2.54,201301130800
105727,1.35,201301130800
105736,0.99,201301130800
105960,1.63,201301130800
105961,2.15,201301130800
105962,0.87,201301130800
105963,0.66,201301130800
105964,2.53,201301130800
105975,2.96,201301130800
106195,2.33,201301130800
106213,2.12,201301130800
106214,2.79,201301130800
106215,2.09,201301130800
106221,2.41,201301130800
106231,1.73,201301130800
106232,2.65,201301130800
106234,2.23,201301130800
106235,2.22,201301130800
106237,2.94,201301130800
106446,1.29,201301130800
106447,2.08,201301130800
106462,0.61,201301130800
106463,2.34,201301130800
106465,2.65,201301130800
106466,1.43,201301130800
106467,0.84,201301130800
106480,2.55,201301130800
106712,2.28,201301130800
106717,1.45,201301130800
106718,1.17,201301130800
106741,2.16,201301130800
106958,0.54,201301130800
106964,2.7,201301130800
106965,2.25,201301130800
106966,1.22,201301130800
106967,1.22,201301130800
106971,2.07,201301130800
106983,1.25,201301130800
106997,1.53,201301130800
107200,1.26,201301130800
107212,1.77,201301130800
107219,2.01,201301130800
107240,1.43,201301130800
107460,1.69,201301130800
107465,1.7,201301130800
107466,1.29,201301130800
107468,0.73,201301130800
107491,2.29,201301130800
107711,1.99,201301130800
107725,0.84,201301130800
107726,2.97,201301130800
107954,2.85,201301130800
107966,2.47,201301130800
107971,1.44,201301130800
107979,0.93,201301130800
107993,1.47,201301130800
108205,0.59,201301130800
108211,1.21,201301130800
108214,2.65,201301130800
108215,2.01,201301130800
108217,0.78,201301130800
108219,1.97,201301130800
108220,0.59,201301130800
108222,1.28,201301130800
108225,0.93,201301130800
108230,1.85,201301130800
108454,1.98,201301130800
108463,2.96,201301130800
108499,0.8,201301130800
108717,0.84,201301130800
108722,2.91,201301130800
108724,2.21,201301130800
108733,1.53,201301130800
108968,1.28,201301130800
108975,2.43,201301130800
108984,1.72,201301130800
108985,2.7,201301130800
109216,2.16,201301130800
109219,0.57,201301130800
109222,1.12,201301130800
109227,2.46,201301130800
109231,0.6,201301130800
109236,2.31,201301130800
109245,0.87,201301130800
109473,1.72,201301130800
109487,1.16,201301130800
109494,2.26,201301130800
109495,1.96,201301130800
109496,0.9,201301130800
109497,1.59,201301130800
109742,2.2,201301130800
109744,1.5,201301130800
109748,1.39,201301130800
109750,1.96,201301130800
109980,2.87,201301130800
109991,0.96,201301130800
109994,2.27,201301130800
109998,2.33,201301130800
110001,1.32,201301130800
110243,2.69,201301130800
110247,2.55,201301130800
110249,2.57,201301130800
110251,2.5,201301130800
110253,2.29,201301130800
110254,2.84,201301130800
