cell,mobility,dtg
1610,0.9,201301221600
1846,1.18,201301221600
1851,1.98,201301221600
1853,2.1,201301221600
1856,1.93,201301221600
1857,2.14,201301221600
2103,0.78,201301221600
2105,2.97,201301221600
2106,1.97,201301221600
2107,0.61,201301221600
2114,1.18,201301221600
2342,1.82,201301221600
2347,0.93,201301221600
2351,1.93,201301221600
2354,0.54,201301221600
2357,2.43,201301221600
2372,2.95,201301221600
2374,2.36,201301221600
2591,1.09,201301221600
2595,1.77,201301221600
2605,1.94,201301221600
2611,1.2,201301221600
2615,1.42,201301221600
2620,1.48,201301221600
2627,1.62,201301221600
2839,2.47,201301221600
2847,0.88,201301221600
3086,1.31,201301221600
3094,2.54,201301221600
3100,2.3,201301221600
3124,2.05,201301221600
3128,2.28,201301221600
3334,1.08,201301221600
3337,0.74,201301221600
3375,2.3,201301221600
3614,2.79,201301221600
3619,2.65,201301221600
3632,0.97,201301221600
3635,0.71,201301221600
3830,2.57,201301221600
3831,2.46,201301221600
3833,2.46,201301221600
3837,1.96,201301221600
3845,1.11,201301221600
3856,2.04,201301221600
3860,1.54,201301221600
3865,2.38,201301221600
4078,2.76,201301221600
4081,2.38,201301221600
4137,1.69,201301221600
4141,2.28,201301221600
4142,0.99,201301221600
4328,1.83,201301221600
4329,0.66,201301221600
4341,0.92,201301221600
4345,1.27,201301221600
4348,1.06,201301221600
4354,1.76,201301221600
4372,2.03,201301221600
4577,2.77,201301221600
4578,2.48,201301221600
4580,1.35,201301221600
4582,2.97,201301221600
4605,1.9,201301221600
4608,1.33,201301221600
4631,1.82,201301221600
4636,2.48,201301221600
4637,2.57,201301221600
4829,0.91,201301221600
4830,2.72,201301221600
4831,2.9,201301221600
4834,1.73,201301221600
4837,1.06,201301221600
4852,2.16,201301221600
4863,2.89,201301221600
4868,1.19,201301221600
4890,2.93,201301221600
4891,1.26,201301221600
5078,2.81,201301221600
5081,1.44,201301221600
5084,1.43,201301221600
5127,2.24,201301221600
5153,2.66,201301221600
5327,2.47,201301221600
5329,1.54,201301221600
5333,2.32,201301221600
5334,1.22,201301221600
5339,0.66,201301221600
5369,0.61,201301221600
5402,0.59,201301221600
5410,0.79,201301221600
5577,0.76,201301221600
5581,1.6,201301221600
5592,1.66,201301221600
5612,0.58,201301221600
5623,2.38,201301221600
5876,2.03,201301221600
5893,0.61,201301221600
5898,2.39,201301221600
6078,0.99,201301221600
6118,1.11,201301221600
6136,0.58,201301221600
6158,1.44,201301221600
6159,2.35,201301221600
6333,1.37,201301221600
6353,0.71,201301221600
6365,2.37,201301221600
6366,2.13,201301221600
6414,1.74,201301221600
6588,2.41,201301221600
6609,2.6,201301221600
6635,2.78,201301221600
6668,1.92,201301221600
6841,1.67,201301221600
6849,2.71,201301221600
6896,1.31,201301221600
6924,2.86,201301221600
6928,2.15,201301221600
6935,0.52,201301221600
6939,0.51,201301221600
7077,1.22,201301221600
7078,2.1,201301221600
7085,0.87,201301221600
7088,0.5,201301221600
7113,2.78,201301221600
7114,2.03,201301221600
7129,2.31,201301221600
7133,2.46,201301221600
7165,1.03,201301221600
7192,2.37,201301221600
7354,0.77,201301221600
7375,1.64,201301221600
7379,1.21,201301221600
7401,0.61,201301221600
7410,1.79,201301221600
7436,1.87,201301221600
7584,2.19,201301221600
7646,0.76,201301221600
7849,1.41,201301221600
7871,2.71,201301221600
7927,2.55,201301221600
7948,1.71,201301221600
8080,0.54,201301221600
8170,2.04,201301221600
8182,0.57,201301221600
8195,0.51,201301221600
8342,1.0,201301221600
8582,1.95,201301221600
8602,2.07,201301221600
8609,1.65,201301221600
8638,2.46,201301221600
8656,1.58,201301221600
8830,2.03,201301221600
8839,1.9,201301221600
8876,0.75,201301221600
8897,1.34,201301221600
8912,1.21,201301221600
8918,2.92,201301221600
8929,1.48,201301221600
8940,0.62,201301221600
8954,0.84,201301221600
9140,2.56,201301221600
9333,0.93,201301221600
9468,1.99,201301221600
9473,1.65,201301221600
9589,0.71,201301221600
9601,2.56,201301221600
9607,2.2,201301221600
9658,1.77,201301221600
9724,2.56,201301221600
9833,0.92,201301221600
10084,2.94,201301221600
10089,0.65,201301221600
10096,1.16,201301221600
10144,1.57,201301221600
10170,1.6,201301221600
10181,2.17,201301221600
10189,2.17,201301221600
10201,1.76,201301221600
10334,2.74,201301221600
10335,2.2,201301221600
10383,1.25,201301221600
10414,2.96,201301221600
10444,2.87,201301221600
10458,1.1,201301221600
10477,2.77,201301221600
10586,2.48,201301221600
10601,1.38,201301221600
10609,1.09,201301221600
10616,2.4,201301221600
10633,2.34,201301221600
10655,0.89,201301221600
10665,1.0,201301221600
10681,2.67,201301221600
10717,2.98,201301221600
10835,1.08,201301221600
10837,2.37,201301221600
10847,1.89,201301221600
10903,2.22,201301221600
10911,1.85,201301221600
10918,2.0,201301221600
10973,2.08,201301221600
11087,0.83,201301221600
11092,1.68,201301221600
11128,2.32,201301221600
11222,1.82,201301221600
11223,1.29,201301221600
11225,2.36,201301221600
11238,2.85,201301221600
11361,2.95,201301221600
11393,1.13,201301221600
11424,1.37,201301221600
11601,2.89,201301221600
11682,2.39,201301221600
11704,0.89,201301221600
11858,1.81,201301221600
11884,0.87,201301221600
11901,1.35,201301221600
11946,1.96,201301221600
11960,0.6,201301221600
11972,2.11,201301221600
12089,1.97,201301221600
12090,2.69,201301221600
12096,2.84,201301221600
12120,2.39,201301221600
12157,0.79,201301221600
12230,2.14,201301221600
12383,2.64,201301221600
12431,0.69,201301221600
12601,1.31,201301221600
12625,1.13,201301221600
12632,1.1,201301221600
12842,2.76,201301221600
12875,1.71,201301221600
12901,1.52,201301221600
12913,0.62,201301221600
12933,1.83,201301221600
12934,2.79,201301221600
12985,1.62,201301221600
13099,1.83,201301221600
13114,1.64,201301221600
13150,2.72,201301221600
13175,1.77,201301221600
13183,1.06,201301221600
13222,1.43,201301221600
13358,2.16,201301221600
13444,0.79,201301221600
13455,1.47,201301221600
13456,1.86,201301221600
13670,2.88,201301221600
13694,2.02,201301221600
13845,0.93,201301221600
13849,2.64,201301221600
14011,0.51,201301221600
14095,1.31,201301221600
14133,2.65,201301221600
14161,2.62,201301221600
14167,2.11,201301221600
14184,2.53,201301221600
14241,1.21,201301221600
14255,1.56,201301221600
14349,1.04,201301221600
14350,2.39,201301221600
14375,1.82,201301221600
14452,2.59,201301221600
14475,1.43,201301221600
14620,1.1,201301221600
14673,1.13,201301221600
14745,2.16,201301221600
14859,1.49,201301221600
14936,1.84,201301221600
14995,1.43,201301221600
15097,2.48,201301221600
15098,2.71,201301221600
15246,2.56,201301221600
15349,0.84,201301221600
15440,1.19,201301221600
15600,1.22,201301221600
15656,1.3,201301221600
15672,2.23,201301221600
15699,1.66,201301221600
15714,0.66,201301221600
15725,1.12,201301221600
15744,2.21,201301221600
15849,1.9,201301221600
15850,2.03,201301221600
15851,1.3,201301221600
15853,1.27,201301221600
15871,0.92,201301221600
16100,0.65,201301221600
16105,2.12,201301221600
16114,0.84,201301221600
16171,0.56,201301221600
16184,1.55,201301221600
16400,2.59,201301221600
16414,1.6,201301221600
16601,2.7,201301221600
16604,2.54,201301221600
16625,2.46,201301221600
16670,1.07,201301221600
16853,2.73,201301221600
16868,0.94,201301221600
16932,1.38,201301221600
17232,2.54,201301221600
17355,2.24,201301221600
17358,0.51,201301221600
17367,1.93,201301221600
17635,2.03,201301221600
17673,2.59,201301221600
17681,0.72,201301221600
17884,1.84,201301221600
17984,1.49,201301221600
18108,0.99,201301221600
18115,2.61,201301221600
18118,2.03,201301221600
18123,1.15,201301221600
18139,1.89,201301221600
18154,1.06,201301221600
18160,1.65,201301221600
18177,0.74,201301221600
18185,0.88,201301221600
18383,2.59,201301221600
18404,0.81,201301221600
18427,1.44,201301221600
18466,1.29,201301221600
18616,1.14,201301221600
18629,0.85,201301221600
18861,1.65,201301221600
18866,2.32,201301221600
18925,1.35,201301221600
19110,2.48,201301221600
19112,2.01,201301221600
19114,2.12,201301221600
19122,2.03,201301221600
19360,1.64,201301221600
19443,1.25,201301221600
19481,1.02,201301221600
19611,0.99,201301221600
19612,2.24,201301221600
19618,2.58,201301221600
19633,2.53,201301221600
19678,1.41,201301221600
19878,1.81,201301221600
19913,0.72,201301221600
20113,2.96,201301221600
20114,2.29,201301221600
20116,0.52,201301221600
20170,2.03,201301221600
20363,2.08,201301221600
20387,2.14,201301221600
20396,2.44,201301221600
20436,1.54,201301221600
20616,2.61,201301221600
20621,2.73,201301221600
20628,1.46,201301221600
20651,0.57,201301221600
20671,1.04,201301221600
20682,2.86,201301221600
20864,2.54,201301221600
20882,1.81,201301221600
20931,2.38,201301221600
20995,2.95,201301221600
21115,2.96,201301221600
21118,2.49,201301221600
21201,2.7,201301221600
21373,2.79,201301221600
21377,2.58,201301221600
21392,2.28,201301221600
21407,2.58,201301221600
21428,0.62,201301221600
21448,1.16,201301221600
21617,2.74,201301221600
21619,0.99,201301221600
21639,2.44,201301221600
21658,0.7,201301221600
21663,0.51,201301221600
21701,1.77,201301221600
21721,2.91,201301221600
21868,2.61,201301221600
21871,2.85,201301221600
21999,1.19,201301221600
22126,0.64,201301221600
22133,1.01,201301221600
22174,2.8,201301221600
22176,2.22,201301221600
22205,2.01,201301221600
22368,1.27,201301221600
22395,1.32,201301221600
22419,1.05,201301221600
22420,1.5,201301221600
22421,1.06,201301221600
22422,2.74,201301221600
22619,1.79,201301221600
22630,1.83,201301221600
22634,0.83,201301221600
22671,1.0,201301221600
22673,1.72,201301221600
22700,2.26,201301221600
22751,1.21,201301221600
22768,2.31,201301221600
22869,0.93,201301221600
22877,2.73,201301221600
22928,2.16,201301221600
22940,2.27,201301221600
22955,1.44,201301221600
22963,0.57,201301221600
22966,2.15,201301221600
23120,1.67,201301221600
23124,0.67,201301221600
23125,1.9,201301221600
23131,2.49,201301221600
23138,1.9,201301221600
23169,2.16,201301221600
23194,0.89,201301221600
23216,2.9,201301221600
23370,0.55,201301221600
23371,1.36,201301221600
23379,2.14,201301221600
23386,1.11,201301221600
23388,1.28,201301221600
23427,1.06,201301221600
23621,2.99,201301221600
23627,2.33,201301221600
23635,0.72,201301221600
23641,1.75,201301221600
23662,0.78,201301221600
23669,1.8,201301221600
23690,2.52,201301221600
23744,2.15,201301221600
23750,2.7,201301221600
23872,0.6,201301221600
23873,2.83,201301221600
23875,2.54,201301221600
23881,2.21,201301221600
23894,0.56,201301221600
23896,0.95,201301221600
23907,1.0,201301221600
23925,1.17,201301221600
23973,1.34,201301221600
24005,2.59,201301221600
24009,2.0,201301221600
24032,1.46,201301221600
24122,1.07,201301221600
24123,1.76,201301221600
24149,1.68,201301221600
24247,0.96,201301221600
24251,1.4,201301221600
24265,2.15,201301221600
24266,1.45,201301221600
24373,2.4,201301221600
24374,1.76,201301221600
24380,2.21,201301221600
24381,0.78,201301221600
24383,2.52,201301221600
24387,0.66,201301221600
24402,0.79,201301221600
24405,2.44,201301221600
24423,2.24,201301221600
24623,2.16,201301221600
24626,2.75,201301221600
24643,2.53,201301221600
24732,2.77,201301221600
24734,1.77,201301221600
24739,1.94,201301221600
24774,2.25,201301221600
24775,1.65,201301221600
24781,1.03,201301221600
24837,1.71,201301221600
24874,2.0,201301221600
24877,0.61,201301221600
24879,1.29,201301221600
24880,2.65,201301221600
24895,2.72,201301221600
24920,1.24,201301221600
24990,1.89,201301221600
24991,2.26,201301221600
24993,2.69,201301221600
25124,0.61,201301221600
25125,1.47,201301221600
25126,2.66,201301221600
25129,0.9,201301221600
25130,0.61,201301221600
25132,1.31,201301221600
25136,1.88,201301221600
25138,0.5,201301221600
25141,2.62,201301221600
25179,1.11,201301221600
25187,1.08,201301221600
25375,2.77,201301221600
25376,1.5,201301221600
25377,1.24,201301221600
25379,1.13,201301221600
25385,2.48,201301221600
25395,0.86,201301221600
25400,1.79,201301221600
25405,1.1,201301221600
25412,0.71,201301221600
25427,2.48,201301221600
25626,1.24,201301221600
25627,1.93,201301221600
25628,1.55,201301221600
25629,1.06,201301221600
25632,2.6,201301221600
25633,1.71,201301221600
25642,2.44,201301221600
25715,1.16,201301221600
25747,2.49,201301221600
25763,2.44,201301221600
25876,1.55,201301221600
25877,1.07,201301221600
25878,2.14,201301221600
25881,1.03,201301221600
25882,1.87,201301221600
25886,2.68,201301221600
25888,3.0,201301221600
25926,1.95,201301221600
25997,1.82,201301221600
26005,1.06,201301221600
26035,1.09,201301221600
26127,1.21,201301221600
26129,0.66,201301221600
26130,1.36,201301221600
26133,2.55,201301221600
26135,1.72,201301221600
26136,0.92,201301221600
26138,2.62,201301221600
26139,1.92,201301221600
26141,2.97,201301221600
26148,0.88,201301221600
26168,0.52,201301221600
26378,1.53,201301221600
26379,1.92,201301221600
26380,2.56,201301221600
26381,0.83,201301221600
26382,2.72,201301221600
26383,2.99,201301221600
26385,2.89,201301221600
26386,0.7,201301221600
26387,1.61,201301221600
26389,2.11,201301221600
26391,2.42,201301221600
26392,2.58,201301221600
26393,0.97,201301221600
26396,2.99,201301221600
26403,1.86,201301221600
26408,1.63,201301221600
26427,2.04,201301221600
26450,1.44,201301221600
26492,1.26,201301221600
26546,2.03,201301221600
26563,2.64,201301221600
26564,2.53,201301221600
26628,0.88,201301221600
26629,1.15,201301221600
26630,2.99,201301221600
26631,1.73,201301221600
26633,1.17,201301221600
26634,2.98,201301221600
26656,0.84,201301221600
26674,2.42,201301221600
26708,2.02,201301221600
26752,1.66,201301221600
26754,1.1,201301221600
26755,1.4,201301221600
26782,2.33,201301221600
26846,2.57,201301221600
26879,0.78,201301221600
26880,2.09,201301221600
26881,2.01,201301221600
26882,1.09,201301221600
26883,0.97,201301221600
26884,2.42,201301221600
26885,1.75,201301221600
26886,1.87,201301221600
26887,2.41,201301221600
26889,1.86,201301221600
26890,2.83,201301221600
26891,2.28,201301221600
26892,0.77,201301221600
26893,1.41,201301221600
26894,1.78,201301221600
26895,1.56,201301221600
26897,1.51,201301221600
26905,0.91,201301221600
26938,2.38,201301221600
26964,0.76,201301221600
27006,0.65,201301221600
27042,1.26,201301221600
27098,2.18,201301221600
27130,2.67,201301221600
27131,2.15,201301221600
27132,1.17,201301221600
27133,0.7,201301221600
27134,1.77,201301221600
27135,1.31,201301221600
27136,2.53,201301221600
27137,2.52,201301221600
27138,0.84,201301221600
27142,0.77,201301221600
27143,2.52,201301221600
27145,2.14,201301221600
27148,1.62,201301221600
27149,2.23,201301221600
27152,1.58,201301221600
27155,2.14,201301221600
27175,1.94,201301221600
27209,2.59,201301221600
27247,1.36,201301221600
27381,0.7,201301221600
27382,2.97,201301221600
27383,0.75,201301221600
27384,2.73,201301221600
27386,1.26,201301221600
27387,1.24,201301221600
27388,0.99,201301221600
27389,2.89,201301221600
27390,2.64,201301221600
27392,1.03,201301221600
27395,2.68,201301221600
27404,2.07,201301221600
27415,2.38,201301221600
27427,2.92,201301221600
27489,0.7,201301221600
27494,1.13,201301221600
27498,1.01,201301221600
27518,2.41,201301221600
27632,2.83,201301221600
27633,0.62,201301221600
27634,1.07,201301221600
27635,2.68,201301221600
27636,2.62,201301221600
27637,2.23,201301221600
27638,1.46,201301221600
27639,2.85,201301221600
27640,2.34,201301221600
27642,1.44,201301221600
27643,1.4,201301221600
27645,1.62,201301221600
27646,0.8,201301221600
27647,2.59,201301221600
27649,1.85,201301221600
27654,0.64,201301221600
27763,2.95,201301221600
27764,0.82,201301221600
27796,1.48,201301221600
27797,1.63,201301221600
27883,1.1,201301221600
27884,1.25,201301221600
27885,2.47,201301221600
27886,2.74,201301221600
27887,1.65,201301221600
27888,2.12,201301221600
27889,1.97,201301221600
27890,2.27,201301221600
27891,0.69,201301221600
27892,2.28,201301221600
27894,1.66,201301221600
27895,2.43,201301221600
27897,1.63,201301221600
27902,2.25,201301221600
27908,0.55,201301221600
27911,2.97,201301221600
27930,1.92,201301221600
27971,2.6,201301221600
28004,1.08,201301221600
28015,2.2,201301221600
28049,0.67,201301221600
28102,2.13,201301221600
28134,2.0,201301221600
28135,1.81,201301221600
28136,2.75,201301221600
28137,2.94,201301221600
28138,2.42,201301221600
28139,0.86,201301221600
28140,1.89,201301221600
28142,1.47,201301221600
28143,2.44,201301221600
28144,2.73,201301221600
28146,2.71,201301221600
28154,1.64,201301221600
28156,1.37,201301221600
28216,2.65,201301221600
28239,2.52,201301221600
28384,0.76,201301221600
28385,1.43,201301221600
28386,2.72,201301221600
28387,0.97,201301221600
28388,1.67,201301221600
28389,1.95,201301221600
28390,2.35,201301221600
28391,2.79,201301221600
28392,0.73,201301221600
28393,2.13,201301221600
28394,2.47,201301221600
28396,1.76,201301221600
28397,2.08,201301221600
28400,0.77,201301221600
28401,2.92,201301221600
28405,1.52,201301221600
28427,0.64,201301221600
28467,2.44,201301221600
28496,1.82,201301221600
28497,2.11,201301221600
28519,2.16,201301221600
28535,2.88,201301221600
28539,0.56,201301221600
28545,2.7,201301221600
28557,1.12,201301221600
28635,1.04,201301221600
28636,1.68,201301221600
28637,0.6,201301221600
28638,1.7,201301221600
28639,2.51,201301221600
28640,1.8,201301221600
28641,2.2,201301221600
28642,1.85,201301221600
28643,1.79,201301221600
28644,1.7,201301221600
28645,1.77,201301221600
28646,2.63,201301221600
28649,1.19,201301221600
28658,1.18,201301221600
28667,2.82,201301221600
28675,1.84,201301221600
28751,2.47,201301221600
28753,2.52,201301221600
28754,2.48,201301221600
28788,2.63,201301221600
28812,2.37,201301221600
28823,1.29,201301221600
28886,1.22,201301221600
28887,2.12,201301221600
28888,0.74,201301221600
28889,1.48,201301221600
28890,1.14,201301221600
28891,1.91,201301221600
28892,2.43,201301221600
28893,1.27,201301221600
28894,2.34,201301221600
28895,1.46,201301221600
28896,2.69,201301221600
28897,0.88,201301221600
28899,2.6,201301221600
28900,2.77,201301221600
28901,2.18,201301221600
28902,1.92,201301221600
28905,1.32,201301221600
28912,2.85,201301221600
28960,2.11,201301221600
28969,2.38,201301221600
29004,2.01,201301221600
29012,2.29,201301221600
29026,1.54,201301221600
29068,2.42,201301221600
29076,2.4,201301221600
29088,1.3,201301221600
29094,0.99,201301221600
29136,1.47,201301221600
29137,2.45,201301221600
29138,1.25,201301221600
29139,1.59,201301221600
29140,2.82,201301221600
29141,1.51,201301221600
29142,0.55,201301221600
29143,2.25,201301221600
29144,1.06,201301221600
29146,0.91,201301221600
29147,0.76,201301221600
29148,1.57,201301221600
29149,0.51,201301221600
29151,1.21,201301221600
29158,1.35,201301221600
29165,1.08,201301221600
29171,0.86,201301221600
29190,2.48,201301221600
29247,2.49,201301221600
29387,2.3,201301221600
29388,1.1,201301221600
29389,2.39,201301221600
29390,0.87,201301221600
29391,2.32,201301221600
29392,1.51,201301221600
29393,0.51,201301221600
29394,2.45,201301221600
29395,2.81,201301221600
29396,1.07,201301221600
29397,0.51,201301221600
29398,1.94,201301221600
29399,2.35,201301221600
29401,0.71,201301221600
29402,2.08,201301221600
29403,0.88,201301221600
29405,2.21,201301221600
29409,2.89,201301221600
29425,2.33,201301221600
29429,2.18,201301221600
29495,1.54,201301221600
29498,1.89,201301221600
29533,2.39,201301221600
29556,1.56,201301221600
29638,2.57,201301221600
29639,1.23,201301221600
29640,1.68,201301221600
29641,2.95,201301221600
29642,1.56,201301221600
29643,2.36,201301221600
29644,2.06,201301221600
29645,1.78,201301221600
29648,0.93,201301221600
29649,2.04,201301221600
29650,2.87,201301221600
29654,0.62,201301221600
29663,0.82,201301221600
29670,1.58,201301221600
29710,1.9,201301221600
29730,2.59,201301221600
29733,2.23,201301221600
29736,0.8,201301221600
29766,0.69,201301221600
29891,0.61,201301221600
29892,1.14,201301221600
29893,1.09,201301221600
29894,1.56,201301221600
29895,1.1,201301221600
29896,2.06,201301221600
29897,1.4,201301221600
29898,1.35,201301221600
29900,2.47,201301221600
29903,2.15,201301221600
29906,1.27,201301221600
29909,1.12,201301221600
29912,2.3,201301221600
29917,0.95,201301221600
29925,1.99,201301221600
29966,1.81,201301221600
30021,0.6,201301221600
30026,0.89,201301221600
30036,0.64,201301221600
30142,2.53,201301221600
30143,2.52,201301221600
30144,2.62,201301221600
30145,1.71,201301221600
30146,2.94,201301221600
30147,2.95,201301221600
30148,1.75,201301221600
30152,2.6,201301221600
30154,1.25,201301221600
30157,2.6,201301221600
30158,2.55,201301221600
30181,0.8,201301221600
30242,2.65,201301221600
30243,1.91,201301221600
30244,2.84,201301221600
30261,2.87,201301221600
30300,2.98,201301221600
30322,0.79,201301221600
30393,0.53,201301221600
30394,1.52,201301221600
30395,2.17,201301221600
30396,2.14,201301221600
30397,2.21,201301221600
30398,1.7,201301221600
30400,0.9,201301221600
30401,2.1,201301221600
30403,0.86,201301221600
30407,1.7,201301221600
30410,2.05,201301221600
30420,1.47,201301221600
30430,1.14,201301221600
30434,2.4,201301221600
30439,2.41,201301221600
30481,0.81,201301221600
30489,1.46,201301221600
30494,0.95,201301221600
30495,1.14,201301221600
30496,0.63,201301221600
30645,2.32,201301221600
30646,1.19,201301221600
30647,2.46,201301221600
30648,2.95,201301221600
30649,1.75,201301221600
30650,1.74,201301221600
30651,2.21,201301221600
30652,1.64,201301221600
30653,2.43,201301221600
30654,2.7,201301221600
30661,2.37,201301221600
30664,2.08,201301221600
30666,2.81,201301221600
30669,2.1,201301221600
30673,1.72,201301221600
30683,0.64,201301221600
30745,2.81,201301221600
30750,0.9,201301221600
30777,0.95,201301221600
30780,2.86,201301221600
30812,1.9,201301221600
30897,1.69,201301221600
30898,2.3,201301221600
30899,1.41,201301221600
30900,1.97,201301221600
30901,1.82,201301221600
30902,1.23,201301221600
30903,1.9,201301221600
30904,1.66,201301221600
30908,2.85,201301221600
30909,0.72,201301221600
30912,1.65,201301221600
30913,1.43,201301221600
30928,2.27,201301221600
30953,0.89,201301221600
30979,2.27,201301221600
30994,0.78,201301221600
30995,1.98,201301221600
31027,1.23,201301221600
31028,0.68,201301221600
31029,1.04,201301221600
31082,2.5,201301221600
31148,1.37,201301221600
31149,0.82,201301221600
31150,2.27,201301221600
31151,2.6,201301221600
31152,1.41,201301221600
31156,2.01,201301221600
31157,2.96,201301221600
31161,1.88,201301221600
31166,1.56,201301221600
31172,1.31,201301221600
31274,0.75,201301221600
31281,2.26,201301221600
31369,1.13,201301221600
31398,1.72,201301221600
31401,2.06,201301221600
31407,0.72,201301221600
31408,0.84,201301221600
31409,2.22,201301221600
31410,2.99,201301221600
31413,0.63,201301221600
31419,2.22,201301221600
31427,2.88,201301221600
31457,1.05,201301221600
31466,2.59,201301221600
31651,2.57,201301221600
31652,2.97,201301221600
31656,2.08,201301221600
31660,2.21,201301221600
31663,1.67,201301221600
31666,0.55,201301221600
31675,2.7,201301221600
31738,2.33,201301221600
31754,2.33,201301221600
31782,1.57,201301221600
31903,2.97,201301221600
31904,0.84,201301221600
31905,2.19,201301221600
31906,1.24,201301221600
31908,1.42,201301221600
31912,2.01,201301221600
31921,1.95,201301221600
31928,2.58,201301221600
31949,1.11,201301221600
32028,1.53,201301221600
32032,0.53,201301221600
32045,1.93,201301221600
32150,2.4,201301221600
32155,2.81,201301221600
32157,0.88,201301221600
32161,1.54,201301221600
32162,1.55,201301221600
32167,1.36,201301221600
32169,0.85,201301221600
32175,2.22,201301221600
32182,0.91,201301221600
32185,0.92,201301221600
32195,2.93,201301221600
32235,1.28,201301221600
32404,0.72,201301221600
32405,1.86,201301221600
32410,2.74,201301221600
32411,2.9,201301221600
32415,1.07,201301221600
32449,2.01,201301221600
32490,1.9,201301221600
32558,1.66,201301221600
32622,2.15,201301221600
32656,2.77,201301221600
32658,1.89,201301221600
32660,2.85,201301221600
32662,0.55,201301221600
32668,2.6,201301221600
32682,1.19,201301221600
32697,1.58,201301221600
32712,0.96,201301221600
32729,2.31,201301221600
32739,2.89,201301221600
32742,2.79,201301221600
32744,1.88,201301221600
32802,1.77,201301221600
32834,0.62,201301221600
32905,1.37,201301221600
32907,2.09,201301221600
32912,0.83,201301221600
32916,1.14,201301221600
32922,2.22,201301221600
32924,1.18,201301221600
32926,0.76,201301221600
32929,2.36,201301221600
32977,2.12,201301221600
32978,1.41,201301221600
33154,2.92,201301221600
33158,2.19,201301221600
33160,1.08,201301221600
33165,0.83,201301221600
33170,1.75,201301221600
33186,1.02,201301221600
33286,2.66,201301221600
33405,1.36,201301221600
33409,1.41,201301221600
33412,2.16,201301221600
33418,1.76,201301221600
33420,1.16,201301221600
33424,1.94,201301221600
33435,1.53,201301221600
33442,2.53,201301221600
33519,2.2,201301221600
33594,1.62,201301221600
33656,1.9,201301221600
33659,1.14,201301221600
33662,1.8,201301221600
33664,1.49,201301221600
33666,2.44,201301221600
33669,2.77,201301221600
33673,1.05,201301221600
33675,2.68,201301221600
33694,2.28,201301221600
33724,2.77,201301221600
33742,2.62,201301221600
33812,2.36,201301221600
33909,1.93,201301221600
33911,0.84,201301221600
33912,2.76,201301221600
33913,1.43,201301221600
33922,2.58,201301221600
33923,2.99,201301221600
33924,0.77,201301221600
33931,1.77,201301221600
33935,2.87,201301221600
33986,2.37,201301221600
34013,2.67,201301221600
34160,2.18,201301221600
34161,2.25,201301221600
34162,1.35,201301221600
34163,2.99,201301221600
34167,2.9,201301221600
34190,0.93,201301221600
34211,2.87,201301221600
34303,1.07,201301221600
34380,1.58,201301221600
34407,0.69,201301221600
34413,1.22,201301221600
34423,1.53,201301221600
34424,1.57,201301221600
34427,1.01,201301221600
34430,1.46,201301221600
34437,1.05,201301221600
34440,0.9,201301221600
34486,2.25,201301221600
34495,1.65,201301221600
34510,2.72,201301221600
34520,2.33,201301221600
34528,1.57,201301221600
34563,1.33,201301221600
34662,2.92,201301221600
34667,0.66,201301221600
34668,1.03,201301221600
34670,1.92,201301221600
34672,1.94,201301221600
34673,2.59,201301221600
34676,0.55,201301221600
34679,0.81,201301221600
34682,2.68,201301221600
34695,1.11,201301221600
34710,2.01,201301221600
34714,1.91,201301221600
34720,0.65,201301221600
34882,1.17,201301221600
34913,0.51,201301221600
34914,2.67,201301221600
34915,1.6,201301221600
34924,0.8,201301221600
34925,2.49,201301221600
34934,1.94,201301221600
34939,1.47,201301221600
34959,1.69,201301221600
34990,2.52,201301221600
35102,1.97,201301221600
35164,2.69,201301221600
35166,2.87,201301221600
35173,0.92,201301221600
35178,2.91,201301221600
35183,2.38,201301221600
35185,2.49,201301221600
35187,0.57,201301221600
35193,2.14,201301221600
35203,2.55,201301221600
35218,0.93,201301221600
35237,2.69,201301221600
35244,2.79,201301221600
35249,1.6,201301221600
35295,0.93,201301221600
35368,2.01,201301221600
35410,1.83,201301221600
35414,1.34,201301221600
35415,1.45,201301221600
35417,1.76,201301221600
35421,2.99,201301221600
35440,0.99,201301221600
35455,2.61,201301221600
35492,2.7,201301221600
35515,0.65,201301221600
35665,2.71,201301221600
35675,2.58,201301221600
35683,1.92,201301221600
35686,0.67,201301221600
35700,2.58,201301221600
35745,2.63,201301221600
35755,1.3,201301221600
35769,2.34,201301221600
35916,2.95,201301221600
35917,1.41,201301221600
35918,1.53,201301221600
35919,0.82,201301221600
35921,0.66,201301221600
35929,2.52,201301221600
35931,1.83,201301221600
35941,1.16,201301221600
35944,1.57,201301221600
35971,2.77,201301221600
35981,2.69,201301221600
35992,2.34,201301221600
35994,2.91,201301221600
36067,1.45,201301221600
36162,1.56,201301221600
36167,2.33,201301221600
36169,2.51,201301221600
36170,1.32,201301221600
36173,2.32,201301221600
36176,0.7,201301221600
36177,1.9,201301221600
36205,1.55,201301221600
36237,1.3,201301221600
36245,1.52,201301221600
36246,0.87,201301221600
36293,1.36,201301221600
36311,2.15,201301221600
36417,2.8,201301221600
36420,0.68,201301221600
36421,2.3,201301221600
36441,0.62,201301221600
36448,2.69,201301221600
36494,2.01,201301221600
36498,2.68,201301221600
36502,1.54,201301221600
36510,1.77,201301221600
36513,1.97,201301221600
36519,1.13,201301221600
36524,1.51,201301221600
36576,2.45,201301221600
36668,1.36,201301221600
36673,0.94,201301221600
36675,2.11,201301221600
36677,2.7,201301221600
36679,1.71,201301221600
36682,1.7,201301221600
36688,1.25,201301221600
36690,0.88,201301221600
36711,2.77,201301221600
36717,1.23,201301221600
36758,1.33,201301221600
36889,0.57,201301221600
36915,1.62,201301221600
36918,1.76,201301221600
36933,2.41,201301221600
36934,0.65,201301221600
36953,1.25,201301221600
36959,1.87,201301221600
36996,0.58,201301221600
36999,2.17,201301221600
37001,2.09,201301221600
37167,2.64,201301221600
37168,2.87,201301221600
37169,1.12,201301221600
37172,2.62,201301221600
37176,1.68,201301221600
37178,0.9,201301221600
37179,1.49,201301221600
37182,1.73,201301221600
37192,2.93,201301221600
37200,1.34,201301221600
37206,2.01,201301221600
37232,0.62,201301221600
37239,1.36,201301221600
37270,1.23,201301221600
37298,2.8,201301221600
37304,2.21,201301221600
37419,1.86,201301221600
37421,2.51,201301221600
37423,1.67,201301221600
37425,1.97,201301221600
37446,0.65,201301221600
37454,0.78,201301221600
37477,2.34,201301221600
37487,1.67,201301221600
37501,1.38,201301221600
37503,1.2,201301221600
37513,1.18,201301221600
37523,1.55,201301221600
37562,2.66,201301221600
37609,1.03,201301221600
37642,1.38,201301221600
37643,2.14,201301221600
37670,2.92,201301221600
37671,2.68,201301221600
37672,2.43,201301221600
37676,0.7,201301221600
37688,2.12,201301221600
37689,2.88,201301221600
37690,1.74,201301221600
37695,2.73,201301221600
37701,0.79,201301221600
37710,2.81,201301221600
37711,1.59,201301221600
37754,1.88,201301221600
37874,1.09,201301221600
37891,1.64,201301221600
37893,2.66,201301221600
37894,1.84,201301221600
37926,1.31,201301221600
37928,0.94,201301221600
37929,1.32,201301221600
37932,0.93,201301221600
37936,2.24,201301221600
37943,1.66,201301221600
37952,2.25,201301221600
37962,1.42,201301221600
37968,1.74,201301221600
38003,2.29,201301221600
38060,1.7,201301221600
38145,2.74,201301221600
38172,0.75,201301221600
38173,1.38,201301221600
38178,0.71,201301221600
38200,0.88,201301221600
38204,2.7,201301221600
38209,2.42,201301221600
38215,1.6,201301221600
38220,2.87,201301221600
38225,1.69,201301221600
38228,2.81,201301221600
38230,1.41,201301221600
38243,1.14,201301221600
38247,1.72,201301221600
38255,1.99,201301221600
38263,1.61,201301221600
38268,0.51,201301221600
38272,2.03,201301221600
38367,1.17,201301221600
38381,1.23,201301221600
38423,1.2,201301221600
38425,1.27,201301221600
38426,0.62,201301221600
38431,0.91,201301221600
38440,0.99,201301221600
38479,2.79,201301221600
38481,1.12,201301221600
38483,0.8,201301221600
38488,2.81,201301221600
38490,2.94,201301221600
38498,2.11,201301221600
38499,2.86,201301221600
38500,2.07,201301221600
38505,1.55,201301221600
38506,2.2,201301221600
38508,0.62,201301221600
38517,0.62,201301221600
38534,1.11,201301221600
38648,0.77,201301221600
38674,2.12,201301221600
38676,2.63,201301221600
38679,2.75,201301221600
38684,2.5,201301221600
38693,1.2,201301221600
38697,2.44,201301221600
38716,1.43,201301221600
38722,1.41,201301221600
38736,1.77,201301221600
38738,0.57,201301221600
38752,2.37,201301221600
38753,2.84,201301221600
38758,0.93,201301221600
38760,1.41,201301221600
38761,1.92,201301221600
38762,1.65,201301221600
38766,0.6,201301221600
38769,1.67,201301221600
38778,0.66,201301221600
38812,2.04,201301221600
38939,1.37,201301221600
38953,1.9,201301221600
38958,0.93,201301221600
38967,2.27,201301221600
39006,0.92,201301221600
39008,0.83,201301221600
39010,1.82,201301221600
39011,1.11,201301221600
39017,1.68,201301221600
39113,2.66,201301221600
39148,1.45,201301221600
39149,2.61,201301221600
39176,2.54,201301221600
39178,2.92,201301221600
39191,2.89,201301221600
39201,1.98,201301221600
39230,2.88,201301221600
39236,0.5,201301221600
39246,1.24,201301221600
39252,2.65,201301221600
39255,2.72,201301221600
39260,1.2,201301221600
39262,0.94,201301221600
39263,0.58,201301221600
39268,2.67,201301221600
39269,2.6,201301221600
39271,1.58,201301221600
39274,1.46,201301221600
39275,1.98,201301221600
39375,1.85,201301221600
39391,2.17,201301221600
39427,2.17,201301221600
39428,1.12,201301221600
39430,1.32,201301221600
39433,1.03,201301221600
39446,0.91,201301221600
39457,1.9,201301221600
39514,0.65,201301221600
39515,0.89,201301221600
39516,0.9,201301221600
39517,2.54,201301221600
39535,2.76,201301221600
39554,0.52,201301221600
39559,2.93,201301221600
39631,0.76,201301221600
39632,2.54,201301221600
39633,2.04,201301221600
39652,2.03,201301221600
39683,2.83,201301221600
39687,1.0,201301221600
39706,2.06,201301221600
39710,1.4,201301221600
39722,2.08,201301221600
39731,2.34,201301221600
39750,2.02,201301221600
39755,1.13,201301221600
39759,0.85,201301221600
39762,1.0,201301221600
39764,0.82,201301221600
39765,0.65,201301221600
39766,2.56,201301221600
39767,1.91,201301221600
39769,2.29,201301221600
39772,1.68,201301221600
39776,2.91,201301221600
39777,2.3,201301221600
39790,1.97,201301221600
39791,0.7,201301221600
39796,1.89,201301221600
39832,2.86,201301221600
39883,1.96,201301221600
39930,2.19,201301221600
39932,1.62,201301221600
39941,0.8,201301221600
39948,2.51,201301221600
39969,2.81,201301221600
40018,1.63,201301221600
40031,0.94,201301221600
40133,1.41,201301221600
40180,2.54,201301221600
40188,2.09,201301221600
40196,2.15,201301221600
40242,1.75,201301221600
40246,2.98,201301221600
40259,1.35,201301221600
40264,2.4,201301221600
40267,1.58,201301221600
40268,1.31,201301221600
40270,2.4,201301221600
40276,1.79,201301221600
40286,1.32,201301221600
40295,2.83,201301221600
40431,2.38,201301221600
40432,1.68,201301221600
40442,0.59,201301221600
40447,0.85,201301221600
40448,0.88,201301221600
40451,1.02,201301221600
40457,1.42,201301221600
40500,2.39,201301221600
40512,2.52,201301221600
40518,2.61,201301221600
40519,2.19,201301221600
40522,2.47,201301221600
40524,2.85,201301221600
40525,0.65,201301221600
40532,0.68,201301221600
40560,2.1,201301221600
40566,0.87,201301221600
40633,1.4,201301221600
40687,1.29,201301221600
40713,2.9,201301221600
40719,1.09,201301221600
40732,2.5,201301221600
40733,2.75,201301221600
40766,2.96,201301221600
40810,1.97,201301221600
40894,0.91,201301221600
40933,2.7,201301221600
40936,0.55,201301221600
40939,0.9,201301221600
40954,0.92,201301221600
40982,1.92,201301221600
41021,1.34,201301221600
41024,2.55,201301221600
41061,1.7,201301221600
41145,1.06,201301221600
41157,2.67,201301221600
41183,1.73,201301221600
41200,2.0,201301221600
41262,1.37,201301221600
41265,1.94,201301221600
41270,2.71,201301221600
41277,1.19,201301221600
41318,1.35,201301221600
41401,1.25,201301221600
41407,0.98,201301221600
41437,2.68,201301221600
41459,1.88,201301221600
41465,2.52,201301221600
41469,2.6,201301221600
41508,2.09,201301221600
41520,1.39,201301221600
41522,2.16,201301221600
41526,2.27,201301221600
41532,2.63,201301221600
41558,2.85,201301221600
41635,0.67,201301221600
41653,1.4,201301221600
41658,1.29,201301221600
41692,0.91,201301221600
41696,2.53,201301221600
41764,2.69,201301221600
41772,0.83,201301221600
41893,2.8,201301221600
41904,2.27,201301221600
41905,2.48,201301221600
41936,1.22,201301221600
41941,2.18,201301221600
41958,1.92,201301221600
41990,1.42,201301221600
42023,2.16,201301221600
42026,2.13,201301221600
42029,2.58,201301221600
42074,2.1,201301221600
42085,2.83,201301221600
42095,1.37,201301221600
42147,2.36,201301221600
42160,2.02,201301221600
42200,1.61,201301221600
42213,2.97,201301221600
42267,1.04,201301221600
42271,1.36,201301221600
42274,2.12,201301221600
42283,1.97,201301221600
42291,1.38,201301221600
42342,0.98,201301221600
42411,2.17,201301221600
42438,2.06,201301221600
42454,0.63,201301221600
42471,1.06,201301221600
42478,0.89,201301221600
42487,2.24,201301221600
42503,2.42,201301221600
42514,2.76,201301221600
42521,2.54,201301221600
42533,0.55,201301221600
42644,2.01,201301221600
42661,1.81,201301221600
42695,2.21,201301221600
42744,1.56,201301221600
42750,2.27,201301221600
42846,0.97,201301221600
42905,2.18,201301221600
42912,2.06,201301221600
42939,2.18,201301221600
42940,2.17,201301221600
42944,2.4,201301221600
42949,1.25,201301221600
43011,2.6,201301221600
43021,0.61,201301221600
43030,2.41,201301221600
43151,1.18,201301221600
43160,1.46,201301221600
43162,1.81,201301221600
43213,1.01,201301221600
43220,1.92,201301221600
43261,1.52,201301221600
43412,2.21,201301221600
43413,1.24,201301221600
43440,2.29,201301221600
43443,1.6,201301221600
43449,2.33,201301221600
43483,2.92,201301221600
43484,2.16,201301221600
43494,1.37,201301221600
43518,1.82,201301221600
43523,0.77,201301221600
43526,2.41,201301221600
43530,0.65,201301221600
43571,2.22,201301221600
43642,1.82,201301221600
43662,2.07,201301221600
43738,2.72,201301221600
43760,1.02,201301221600
43779,1.93,201301221600
43914,2.93,201301221600
43957,1.93,201301221600
43980,1.21,201301221600
43984,1.38,201301221600
43992,2.15,201301221600
43995,2.34,201301221600
44002,0.85,201301221600
44039,0.6,201301221600
44194,1.99,201301221600
44197,2.13,201301221600
44204,1.12,201301221600
44215,1.01,201301221600
44226,2.06,201301221600
44247,0.96,201301221600
44255,2.05,201301221600
44282,2.39,201301221600
44284,2.09,201301221600
44356,2.18,201301221600
44470,0.6,201301221600
44486,2.4,201301221600
44503,0.64,201301221600
44504,2.43,201301221600
44510,0.93,201301221600
44517,1.58,201301221600
44534,1.45,201301221600
44578,0.94,201301221600
44666,1.71,201301221600
44694,0.88,201301221600
44697,1.34,201301221600
44716,0.61,201301221600
44724,2.01,201301221600
44743,0.75,201301221600
44755,1.5,201301221600
44756,2.66,201301221600
44757,2.53,201301221600
44758,1.63,201301221600
44786,0.79,201301221600
44787,1.9,201301221600
44911,1.91,201301221600
44963,2.28,201301221600
45005,1.8,201301221600
45006,1.12,201301221600
45007,0.93,201301221600
45008,1.27,201301221600
45039,2.77,201301221600
45114,2.56,201301221600
45168,0.61,201301221600
45200,2.58,201301221600
45203,0.94,201301221600
45208,2.23,201301221600
45237,1.61,201301221600
45254,0.72,201301221600
45256,0.6,201301221600
45258,2.14,201301221600
45261,2.73,201301221600
45265,0.62,201301221600
45266,1.64,201301221600
45401,1.14,201301221600
45479,2.19,201301221600
45502,2.15,201301221600
45507,1.78,201301221600
45509,1.24,201301221600
45526,1.11,201301221600
45538,1.96,201301221600
45582,0.68,201301221600
45661,2.57,201301221600
45701,1.84,201301221600
45703,2.64,201301221600
45716,0.81,201301221600
45720,2.49,201301221600
45725,0.62,201301221600
45735,0.8,201301221600
45747,1.83,201301221600
45766,0.67,201301221600
45793,1.55,201301221600
45795,1.88,201301221600
45919,0.78,201301221600
45948,0.69,201301221600
46008,1.72,201301221600
46036,1.95,201301221600
46041,2.8,201301221600
46052,2.96,201301221600
46074,2.7,201301221600
46145,2.41,201301221600
46202,0.86,201301221600
46209,2.69,201301221600
46242,1.45,201301221600
46265,2.25,201301221600
46372,0.8,201301221600
46384,1.39,201301221600
46455,2.74,201301221600
46508,1.56,201301221600
46523,1.14,201301221600
46538,0.88,201301221600
46565,0.54,201301221600
46574,0.63,201301221600
46626,1.73,201301221600
46700,2.99,201301221600
46738,0.64,201301221600
46770,0.88,201301221600
46778,1.33,201301221600
46787,2.22,201301221600
46803,1.35,201301221600
46954,2.83,201301221600
46964,0.74,201301221600
46972,0.6,201301221600
46976,0.79,201301221600
46981,2.5,201301221600
47011,2.63,201301221600
47015,0.78,201301221600
47047,0.95,201301221600
47253,2.8,201301221600
47288,0.88,201301221600
47295,0.6,201301221600
47342,2.59,201301221600
47454,2.16,201301221600
47535,1.47,201301221600
47543,1.89,201301221600
47705,0.94,201301221600
47709,1.32,201301221600
47711,1.65,201301221600
47758,2.09,201301221600
47806,1.08,201301221600
47889,2.26,201301221600
47926,0.65,201301221600
47968,1.74,201301221600
47972,0.79,201301221600
47977,2.15,201301221600
47982,2.55,201301221600
48032,2.0,201301221600
48209,2.37,201301221600
48239,2.19,201301221600
48244,2.65,201301221600
48278,1.21,201301221600
48420,1.64,201301221600
48427,1.23,201301221600
48499,2.56,201301221600
48503,1.49,201301221600
48552,1.94,201301221600
48584,1.96,201301221600
48713,2.65,201301221600
48759,2.26,201301221600
48848,2.18,201301221600
48898,1.79,201301221600
49017,2.67,201301221600
49049,2.85,201301221600
49229,1.46,201301221600
49241,2.88,201301221600
49472,1.87,201301221600
49483,1.58,201301221600
49542,2.34,201301221600
49555,0.88,201301221600
49679,2.96,201301221600
49750,0.5,201301221600
49760,1.45,201301221600
49777,2.67,201301221600
49968,1.41,201301221600
50053,1.45,201301221600
50103,0.76,201301221600
50180,1.47,201301221600
50285,1.61,201301221600
50430,0.97,201301221600
50470,2.71,201301221600
50494,2.13,201301221600
50511,1.8,201301221600
50549,2.88,201301221600
50680,2.71,201301221600
50682,1.16,201301221600
50731,2.15,201301221600
50812,0.51,201301221600
50872,1.43,201301221600
51029,2.81,201301221600
51046,1.56,201301221600
51053,1.29,201301221600
51056,0.95,201301221600
51162,2.25,201301221600
51177,1.28,201301221600
51182,2.52,201301221600
51228,2.02,201301221600
51258,0.99,201301221600
51430,0.98,201301221600
51431,0.67,201301221600
51432,1.08,201301221600
51520,2.01,201301221600
51681,2.98,201301221600
51682,2.61,201301221600
51725,1.12,201301221600
51790,2.83,201301221600
51832,0.93,201301221600
51857,1.76,201301221600
51931,2.08,201301221600
51932,1.36,201301221600
51986,0.61,201301221600
52003,0.71,201301221600
52182,1.61,201301221600
52244,2.01,201301221600
52259,2.21,201301221600
52280,1.78,201301221600
52319,1.77,201301221600
52473,1.43,201301221600
52518,1.6,201301221600
52631,2.37,201301221600
52679,0.55,201301221600
52729,2.23,201301221600
52811,1.14,201301221600
52983,0.77,201301221600
52988,0.66,201301221600
52993,2.37,201301221600
53000,2.85,201301221600
53016,2.52,201301221600
53027,1.92,201301221600
53072,2.58,201301221600
53090,2.37,201301221600
53177,2.55,201301221600
53178,0.56,201301221600
53381,0.77,201301221600
53427,0.69,201301221600
53429,1.17,201301221600
53761,1.64,201301221600
53774,2.61,201301221600
53797,2.74,201301221600
53810,1.59,201301221600
53822,1.26,201301221600
53864,1.88,201301221600
53927,1.91,201301221600
54038,1.15,201301221600
54071,1.17,201301221600
54234,1.81,201301221600
54281,0.97,201301221600
54284,2.05,201301221600
54327,0.8,201301221600
54334,1.8,201301221600
54349,1.77,201301221600
54427,1.34,201301221600
54503,2.39,201301221600
54510,2.8,201301221600
54520,1.61,201301221600
54550,0.87,201301221600
54578,2.91,201301221600
54678,2.11,201301221600
54828,2.02,201301221600
54983,1.71,201301221600
54996,2.99,201301221600
55070,1.08,201301221600
55329,1.09,201301221600
55331,0.52,201301221600
55535,1.41,201301221600
55633,1.1,201301221600
55680,2.56,201301221600
55761,1.31,201301221600
55831,2.48,201301221600
55832,1.04,201301221600
55838,0.79,201301221600
55845,2.49,201301221600
56106,2.39,201301221600
56493,1.48,201301221600
56571,0.87,201301221600
56586,2.2,201301221600
56587,2.03,201301221600
56591,2.77,201301221600
56738,0.57,201301221600
56835,2.13,201301221600
56882,2.39,201301221600
56887,1.16,201301221600
56888,1.02,201301221600
56933,0.64,201301221600
56934,2.67,201301221600
57042,2.24,201301221600
57062,1.07,201301221600
57189,2.1,201301221600
57261,0.94,201301221600
57329,0.77,201301221600
57342,0.97,201301221600
57376,2.03,201301221600
57378,0.82,201301221600
57380,1.94,201301221600
57397,2.39,201301221600
57440,2.23,201301221600
57495,1.95,201301221600
57523,1.65,201301221600
57555,1.09,201301221600
57597,0.53,201301221600
57613,2.61,201301221600
57615,1.87,201301221600
57628,2.5,201301221600
57631,2.86,201301221600
57823,2.06,201301221600
57837,2.0,201301221600
57851,2.9,201301221600
57852,2.22,201301221600
57906,0.67,201301221600
58179,1.33,201301221600
58251,2.32,201301221600
58421,0.98,201301221600
58511,1.45,201301221600
58632,2.5,201301221600
58744,2.27,201301221600
58802,0.82,201301221600
58814,2.82,201301221600
58879,2.18,201301221600
58892,1.17,201301221600
59010,2.63,201301221600
59043,1.69,201301221600
59104,2.73,201301221600
59125,2.17,201301221600
59134,0.64,201301221600
59285,1.53,201301221600
59329,1.72,201301221600
59555,0.78,201301221600
59635,2.95,201301221600
59745,1.91,201301221600
59927,2.58,201301221600
59941,0.65,201301221600
60008,0.87,201301221600
60011,1.0,201301221600
60114,2.23,201301221600
60141,0.78,201301221600
60147,1.44,201301221600
60331,1.99,201301221600
60344,2.47,201301221600
60350,1.34,201301221600
60578,2.06,201301221600
60593,2.38,201301221600
60613,2.06,201301221600
60630,1.79,201301221600
60635,1.24,201301221600
60649,0.73,201301221600
60750,2.11,201301221600
60774,1.0,201301221600
60819,1.12,201301221600
60880,2.19,201301221600
60888,2.32,201301221600
61062,1.24,201301221600
61110,2.58,201301221600
61263,2.21,201301221600
61343,1.91,201301221600
61591,2.17,201301221600
61597,1.72,201301221600
61654,2.92,201301221600
61818,1.45,201301221600
62077,2.62,201301221600
62104,0.77,201301221600
62135,1.48,201301221600
62140,2.41,201301221600
62252,1.77,201301221600
62558,2.68,201301221600
62589,2.59,201301221600
62757,2.17,201301221600
62772,1.93,201301221600
62850,2.1,201301221600
62926,1.06,201301221600
62948,0.54,201301221600
63044,1.77,201301221600
63153,1.41,201301221600
63383,1.14,201301221600
63397,2.54,201301221600
63398,2.34,201301221600
63407,1.27,201301221600
63574,0.98,201301221600
63586,2.67,201301221600
63816,1.69,201301221600
64102,2.76,201301221600
64150,0.81,201301221600
64200,0.73,201301221600
64515,2.86,201301221600
64529,1.75,201301221600
64573,2.6,201301221600
64581,1.55,201301221600
64815,0.99,201301221600
64915,1.68,201301221600
65059,1.43,201301221600
65144,1.51,201301221600
65320,1.84,201301221600
65375,1.0,201301221600
65454,2.76,201301221600
65528,1.97,201301221600
65607,1.31,201301221600
65774,2.15,201301221600
65838,1.76,201301221600
66068,1.76,201301221600
66084,1.66,201301221600
66151,1.87,201301221600
66353,2.76,201301221600
66538,1.09,201301221600
66575,1.24,201301221600
66637,1.53,201301221600
66827,2.69,201301221600
66870,2.4,201301221600
67110,1.92,201301221600
67207,0.79,201301221600
67335,2.27,201301221600
67385,2.58,201301221600
67599,1.47,201301221600
67601,1.64,201301221600
67602,1.12,201301221600
67698,1.7,201301221600
67824,1.4,201301221600
67842,2.89,201301221600
67854,2.44,201301221600
67855,2.79,201301221600
67918,0.5,201301221600
68103,1.16,201301221600
68104,2.23,201301221600
68110,2.3,201301221600
68111,2.58,201301221600
68349,0.75,201301221600
68354,2.25,201301221600
68356,1.71,201301221600
68454,1.59,201301221600
68455,1.5,201301221600
68587,0.78,201301221600
68857,2.15,201301221600
68858,0.68,201301221600
68897,2.37,201301221600
68924,1.92,201301221600
68930,2.25,201301221600
69106,0.55,201301221600
69190,2.52,201301221600
69206,1.7,201301221600
69359,1.87,201301221600
69371,1.46,201301221600
69455,2.89,201301221600
69582,2.52,201301221600
69613,0.56,201301221600
69676,2.03,201301221600
70115,2.15,201301221600
70132,0.5,201301221600
70181,1.93,201301221600
70342,1.83,201301221600
70352,2.33,201301221600
70360,2.21,201301221600
70374,2.81,201301221600
70440,2.93,201301221600
70462,0.76,201301221600
70619,2.88,201301221600
70659,1.52,201301221600
70715,1.51,201301221600
70903,2.24,201301221600
70934,2.6,201301221600
70961,2.17,201301221600
71122,2.64,201301221600
71187,2.18,201301221600
71399,1.36,201301221600
71601,1.09,201301221600
71629,1.91,201301221600
71888,1.88,201301221600
71961,0.84,201301221600
71964,2.67,201301221600
72201,2.47,201301221600
72218,2.01,201301221600
72345,1.43,201301221600
72367,2.94,201301221600
72407,2.66,201301221600
72416,2.35,201301221600
72706,0.51,201301221600
72894,0.86,201301221600
73104,2.48,201301221600
73135,1.36,201301221600
73211,1.32,201301221600
73223,2.23,201301221600
73451,2.77,201301221600
73460,1.58,201301221600
73461,1.99,201301221600
73557,1.28,201301221600
73669,2.47,201301221600
74158,1.85,201301221600
74216,1.17,201301221600
74388,1.2,201301221600
74396,1.05,201301221600
74466,0.91,201301221600
74467,2.57,201301221600
74638,1.34,201301221600
74677,1.42,201301221600
74678,2.98,201301221600
74711,2.79,201301221600
74721,2.07,201301221600
74962,1.96,201301221600
74968,2.01,201301221600
74973,1.11,201301221600
75224,1.7,201301221600
75329,1.16,201301221600
75386,1.77,201301221600
75424,2.07,201301221600
75436,0.81,201301221600
75475,1.52,201301221600
75619,2.74,201301221600
75721,1.67,201301221600
75722,0.81,201301221600
75724,1.4,201301221600
75725,2.5,201301221600
75726,0.58,201301221600
75727,2.18,201301221600
75974,1.84,201301221600
75975,2.5,201301221600
76133,1.37,201301221600
76227,0.76,201301221600
76393,2.41,201301221600
76473,2.09,201301221600
76477,0.9,201301221600
76654,1.14,201301221600
76728,1.93,201301221600
76959,0.68,201301221600
77169,1.29,201301221600
77230,2.03,201301221600
77381,0.93,201301221600
77458,1.83,201301221600
77641,1.24,201301221600
77942,2.79,201301221600
77981,2.59,201301221600
78205,1.46,201301221600
78418,0.85,201301221600
78654,1.88,201301221600
78733,2.01,201301221600
78881,2.47,201301221600
78896,1.15,201301221600
78909,1.24,201301221600
78983,1.99,201301221600
79234,1.73,201301221600
79379,2.72,201301221600
79394,0.6,201301221600
79484,2.64,201301221600
79712,1.8,201301221600
79911,1.84,201301221600
79915,1.37,201301221600
80160,1.81,201301221600
80161,2.6,201301221600
80193,2.97,201301221600
80352,1.66,201301221600
80397,0.57,201301221600
80406,1.04,201301221600
80411,1.58,201301221600
80412,1.06,201301221600
80413,1.34,201301221600
80420,2.93,201301221600
80485,2.11,201301221600
80635,0.73,201301221600
80659,1.84,201301221600
80663,2.21,201301221600
80664,2.21,201301221600
80703,1.23,201301221600
80877,1.72,201301221600
80916,1.58,201301221600
81163,0.7,201301221600
81164,1.44,201301221600
81354,2.39,201301221600
81363,1.68,201301221600
81390,1.2,201301221600
81625,2.57,201301221600
81651,1.48,201301221600
81899,1.38,201301221600
82135,0.54,201301221600
82168,1.27,201301221600
82169,1.29,201301221600
82237,0.96,201301221600
82613,1.54,201301221600
82622,2.6,201301221600
82664,2.62,201301221600
82892,0.6,201301221600
82951,1.5,201301221600
83410,2.0,201301221600
83489,2.63,201301221600
83735,2.17,201301221600
83865,2.33,201301221600
84123,1.02,201301221600
84179,2.28,201301221600
84207,0.77,201301221600
84212,1.58,201301221600
84221,1.04,201301221600
84366,0.58,201301221600
84689,1.87,201301221600
84712,0.86,201301221600
84902,0.95,201301221600
85474,2.29,201301221600
85487,0.61,201301221600
85620,1.76,201301221600
85705,2.24,201301221600
85715,0.58,201301221600
85738,1.98,201301221600
86440,2.87,201301221600
86622,2.67,201301221600
86623,1.34,201301221600
86672,0.72,201301221600
86873,0.65,201301221600
86895,0.68,201301221600
87121,1.04,201301221600
87227,0.99,201301221600
87460,2.0,201301221600
87690,0.93,201301221600
87873,1.92,201301221600
88242,2.34,201301221600
88463,2.9,201301221600
89120,2.68,201301221600
89152,2.81,201301221600
89175,0.9,201301221600
89198,1.45,201301221600
89615,0.99,201301221600
89625,1.5,201301221600
90116,0.56,201301221600
90183,0.55,201301221600
90497,2.51,201301221600
90699,2.69,201301221600
90719,0.73,201301221600
91200,2.64,201301221600
91432,1.49,201301221600
91434,2.44,201301221600
91684,1.84,201301221600
91713,1.54,201301221600
91744,2.74,201301221600
92233,2.78,201301221600
93205,1.22,201301221600
93244,1.02,201301221600
93252,0.92,201301221600
93463,2.72,201301221600
93675,1.5,201301221600
93944,1.84,201301221600
94431,2.24,201301221600
94710,0.7,201301221600
94755,1.6,201301221600
94997,1.05,201301221600
95000,2.62,201301221600
95707,2.02,201301221600
95949,1.71,201301221600
95998,2.37,201301221600
96188,1.34,201301221600
96225,2.69,201301221600
96249,1.6,201301221600
96468,1.29,201301221600
96486,0.61,201301221600
96718,2.91,201301221600
96972,1.07,201301221600
96995,1.75,201301221600
97251,2.58,201301221600
97440,1.89,201301221600
97471,1.52,201301221600
97969,2.99,201301221600
97990,2.04,201301221600
98224,1.35,201301221600
98229,2.77,201301221600
98450,2.36,201301221600
98475,1.08,201301221600
98739,0.83,201301221600
99256,2.04,201301221600
99468,1.75,201301221600
99730,1.51,201301221600
101215,0.64,201301221600
101911,2.56,201301221600
101912,1.57,201301221600
101989,2.51,201301221600
102999,1.48,201301221600
103242,2.69,201301221600
103431,2.66,201301221600
104177,1.62,201301221600
104221,2.39,201301221600
104239,1.49,201301221600
104701,1.57,201301221600
104984,1.09,201301221600
105196,1.67,201301221600
105219,2.73,201301221600
105460,1.95,201301221600
105461,1.18,201301221600
105481,2.87,201301221600
105489,1.25,201301221600
105709,0.63,201301221600
105710,1.98,201301221600
105711,1.19,201301221600
105712,2.04,201301221600
105713,0.65,201301221600
105715,1.23,201301221600
105726,1.97,201301221600
105727,2.75,201301221600
105736,1.38,201301221600
105960,2.8,201301221600
105961,0.98,201301221600
105962,2.14,201301221600
105963,2.61,201301221600
105964,1.83,201301221600
105975,0.79,201301221600
106195,0.72,201301221600
106213,2.3,201301221600
106214,1.22,201301221600
106215,2.29,201301221600
106221,0.94,201301221600
106231,2.01,201301221600
106232,2.67,201301221600
106234,1.84,201301221600
106235,2.08,201301221600
106237,2.36,201301221600
106446,2.53,201301221600
106447,1.31,201301221600
106462,2.14,201301221600
106463,1.01,201301221600
106465,0.53,201301221600
106466,0.77,201301221600
106467,0.86,201301221600
106480,2.12,201301221600
106712,2.13,201301221600
106717,1.44,201301221600
106718,2.33,201301221600
106741,1.92,201301221600
106958,2.92,201301221600
106964,0.77,201301221600
106965,2.13,201301221600
106966,0.67,201301221600
106967,2.28,201301221600
106971,1.01,201301221600
106983,1.0,201301221600
106997,1.92,201301221600
107200,0.74,201301221600
107212,2.36,201301221600
107219,1.21,201301221600
107240,1.93,201301221600
107460,2.78,201301221600
107465,2.11,201301221600
107466,0.83,201301221600
107468,2.35,201301221600
107491,2.02,201301221600
107711,1.81,201301221600
107725,2.81,201301221600
107726,2.25,201301221600
107954,0.79,201301221600
107966,2.34,201301221600
107971,1.62,201301221600
107979,1.82,201301221600
107993,2.58,201301221600
108205,1.54,201301221600
108211,2.83,201301221600
108214,2.54,201301221600
108215,0.65,201301221600
108217,1.09,201301221600
108219,1.04,201301221600
108220,1.58,201301221600
108222,0.62,201301221600
108225,2.85,201301221600
108230,2.48,201301221600
108454,1.55,201301221600
108463,1.27,201301221600
108499,2.98,201301221600
108717,1.81,201301221600
108722,2.62,201301221600
108724,0.65,201301221600
108733,1.41,201301221600
108968,1.71,201301221600
108975,1.48,201301221600
108984,0.94,201301221600
108985,1.2,201301221600
109216,1.15,201301221600
109219,0.77,201301221600
109222,2.57,201301221600
109227,2.98,201301221600
109231,1.66,201301221600
109236,2.97,201301221600
109245,1.49,201301221600
109473,0.74,201301221600
109487,0.94,201301221600
109494,1.02,201301221600
109495,2.1,201301221600
109496,2.18,201301221600
109497,1.08,201301221600
109742,1.18,201301221600
109744,2.77,201301221600
109748,2.07,201301221600
109750,1.39,201301221600
109980,1.03,201301221600
109991,1.59,201301221600
109994,0.82,201301221600
109998,1.57,201301221600
110001,0.72,201301221600
110243,2.97,201301221600
110247,1.93,201301221600
110249,1.74,201301221600
110251,0.82,201301221600
110253,1.9,201301221600
110254,1.96,201301221600
