cell,mobility,dtg
1610,2.17,201301150000
1846,1.91,201301150000
1851,2.02,201301150000
1853,2.66,201301150000
1856,1.46,201301150000
1857,1.5,201301150000
2103,2.55,201301150000
2105,2.24,201301150000
2106,2.8,201301150000
2107,1.97,201301150000
2114,2.08,201301150000
2342,1.75,201301150000
2347,1.88,201301150000
2351,1.02,201301150000
2354,1.01,201301150000
2357,2.4,201301150000
2372,2.92,201301150000
2374,2.12,201301150000
2591,1.81,201301150000
2595,0.93,201301150000
2605,1.46,201301150000
2611,0.56,201301150000
2615,0.98,201301150000
2620,2.53,201301150000
2627,2.52,201301150000
2839,2.77,201301150000
2847,2.65,201301150000
3086,2.44,201301150000
3094,1.04,201301150000
3100,2.81,201301150000
3124,2.37,201301150000
3128,0.86,201301150000
3334,1.22,201301150000
3337,0.66,201301150000
3375,1.36,201301150000
3614,1.26,201301150000
3619,2.99,201301150000
3632,2.17,201301150000
3635,2.12,201301150000
3830,2.7,201301150000
3831,2.43,201301150000
3833,2.1,201301150000
3837,2.05,201301150000
3845,2.92,201301150000
3856,1.71,201301150000
3860,2.07,201301150000
3865,1.73,201301150000
4078,1.08,201301150000
4081,2.07,201301150000
4137,1.56,201301150000
4141,2.31,201301150000
4142,0.86,201301150000
4328,1.72,201301150000
4329,1.77,201301150000
4341,0.57,201301150000
4345,1.69,201301150000
4348,1.43,201301150000
4354,1.06,201301150000
4372,1.63,201301150000
4577,1.53,201301150000
4578,2.12,201301150000
4580,2.64,201301150000
4582,0.63,201301150000
4605,2.43,201301150000
4608,1.03,201301150000
4631,2.13,201301150000
4636,2.5,201301150000
4637,2.13,201301150000
4829,1.95,201301150000
4830,2.05,201301150000
4831,2.46,201301150000
4834,2.03,201301150000
4837,0.72,201301150000
4852,0.54,201301150000
4863,1.63,201301150000
4868,1.74,201301150000
4890,1.67,201301150000
4891,2.72,201301150000
5078,2.49,201301150000
5081,2.81,201301150000
5084,1.18,201301150000
5127,0.57,201301150000
5153,2.74,201301150000
5327,2.27,201301150000
5329,0.91,201301150000
5333,2.05,201301150000
5334,2.41,201301150000
5339,2.0,201301150000
5369,0.87,201301150000
5402,0.94,201301150000
5410,2.59,201301150000
5577,2.17,201301150000
5581,2.18,201301150000
5592,0.66,201301150000
5612,0.89,201301150000
5623,1.84,201301150000
5876,1.24,201301150000
5893,1.11,201301150000
5898,2.47,201301150000
6078,1.09,201301150000
6118,2.31,201301150000
6136,2.09,201301150000
6158,1.79,201301150000
6159,1.76,201301150000
6333,2.72,201301150000
6353,1.33,201301150000
6365,1.3,201301150000
6366,2.66,201301150000
6414,1.51,201301150000
6588,0.64,201301150000
6609,0.82,201301150000
6635,1.11,201301150000
6668,1.21,201301150000
6841,2.38,201301150000
6849,1.18,201301150000
6896,1.53,201301150000
6924,2.95,201301150000
6928,2.69,201301150000
6935,1.33,201301150000
6939,2.47,201301150000
7077,1.91,201301150000
7078,0.79,201301150000
7085,1.51,201301150000
7088,2.61,201301150000
7113,0.67,201301150000
7114,2.92,201301150000
7129,2.53,201301150000
7133,2.09,201301150000
7165,1.35,201301150000
7192,2.5,201301150000
7354,1.46,201301150000
7375,1.8,201301150000
7379,1.73,201301150000
7401,2.3,201301150000
7410,1.46,201301150000
7436,2.08,201301150000
7584,2.1,201301150000
7646,0.8,201301150000
7849,0.99,201301150000
7871,1.4,201301150000
7927,2.61,201301150000
7948,1.73,201301150000
8080,1.43,201301150000
8170,2.28,201301150000
8182,1.48,201301150000
8195,2.63,201301150000
8342,1.71,201301150000
8582,1.05,201301150000
8602,1.26,201301150000
8609,2.86,201301150000
8638,0.53,201301150000
8656,2.42,201301150000
8830,1.68,201301150000
8839,1.25,201301150000
8876,2.55,201301150000
8897,1.19,201301150000
8912,0.96,201301150000
8918,1.32,201301150000
8929,2.57,201301150000
8940,0.57,201301150000
8954,2.5,201301150000
9140,2.52,201301150000
9333,2.09,201301150000
9468,2.71,201301150000
9473,2.35,201301150000
9589,2.7,201301150000
9601,2.42,201301150000
9607,1.21,201301150000
9658,2.0,201301150000
9724,2.46,201301150000
9833,2.05,201301150000
10084,1.88,201301150000
10089,2.26,201301150000
10096,2.06,201301150000
10144,2.35,201301150000
10170,1.15,201301150000
10181,0.67,201301150000
10189,2.87,201301150000
10201,0.95,201301150000
10334,1.18,201301150000
10335,2.61,201301150000
10383,2.9,201301150000
10414,2.14,201301150000
10444,1.32,201301150000
10458,2.35,201301150000
10477,1.67,201301150000
10586,2.61,201301150000
10601,2.78,201301150000
10609,2.58,201301150000
10616,1.91,201301150000
10633,2.0,201301150000
10655,1.37,201301150000
10665,0.73,201301150000
10681,1.05,201301150000
10717,2.66,201301150000
10835,0.8,201301150000
10837,2.31,201301150000
10847,2.74,201301150000
10903,2.74,201301150000
10911,0.95,201301150000
10918,0.6,201301150000
10973,1.79,201301150000
11087,2.73,201301150000
11092,2.02,201301150000
11128,2.2,201301150000
11222,2.58,201301150000
11223,1.61,201301150000
11225,1.89,201301150000
11238,1.26,201301150000
11361,0.51,201301150000
11393,2.37,201301150000
11424,2.57,201301150000
11601,2.51,201301150000
11682,1.6,201301150000
11704,1.79,201301150000
11858,1.97,201301150000
11884,0.82,201301150000
11901,1.87,201301150000
11946,1.8,201301150000
11960,2.55,201301150000
11972,1.93,201301150000
12089,1.17,201301150000
12090,2.39,201301150000
12096,2.95,201301150000
12120,2.31,201301150000
12157,2.14,201301150000
12230,2.51,201301150000
12383,2.14,201301150000
12431,1.37,201301150000
12601,2.34,201301150000
12625,2.07,201301150000
12632,2.19,201301150000
12842,1.65,201301150000
12875,1.75,201301150000
12901,1.49,201301150000
12913,2.36,201301150000
12933,1.94,201301150000
12934,1.69,201301150000
12985,2.18,201301150000
13099,1.35,201301150000
13114,2.92,201301150000
13150,1.73,201301150000
13175,0.99,201301150000
13183,2.0,201301150000
13222,0.68,201301150000
13358,1.77,201301150000
13444,2.9,201301150000
13455,2.01,201301150000
13456,2.91,201301150000
13670,1.46,201301150000
13694,2.38,201301150000
13845,1.9,201301150000
13849,1.56,201301150000
14011,2.19,201301150000
14095,2.69,201301150000
14133,0.79,201301150000
14161,1.22,201301150000
14167,2.25,201301150000
14184,2.22,201301150000
14241,2.89,201301150000
14255,1.54,201301150000
14349,0.83,201301150000
14350,2.12,201301150000
14375,1.43,201301150000
14452,2.19,201301150000
14475,1.44,201301150000
14620,1.47,201301150000
14673,2.7,201301150000
14745,2.92,201301150000
14859,1.11,201301150000
14936,2.09,201301150000
14995,2.39,201301150000
15097,0.91,201301150000
15098,0.76,201301150000
15246,2.58,201301150000
15349,2.95,201301150000
15440,1.39,201301150000
15600,2.13,201301150000
15656,1.22,201301150000
15672,2.21,201301150000
15699,1.76,201301150000
15714,1.87,201301150000
15725,0.79,201301150000
15744,1.26,201301150000
15849,2.91,201301150000
15850,2.81,201301150000
15851,2.7,201301150000
15853,1.53,201301150000
15871,1.72,201301150000
16100,1.15,201301150000
16105,1.45,201301150000
16114,1.42,201301150000
16171,1.6,201301150000
16184,1.26,201301150000
16400,2.58,201301150000
16414,1.01,201301150000
16601,0.99,201301150000
16604,1.24,201301150000
16625,1.13,201301150000
16670,2.75,201301150000
16853,0.74,201301150000
16868,0.84,201301150000
16932,2.16,201301150000
17232,1.76,201301150000
17355,1.96,201301150000
17358,0.67,201301150000
17367,2.03,201301150000
17635,2.88,201301150000
17673,1.41,201301150000
17681,2.51,201301150000
17884,1.2,201301150000
17984,1.26,201301150000
18108,1.52,201301150000
18115,2.92,201301150000
18118,2.54,201301150000
18123,1.54,201301150000
18139,1.45,201301150000
18154,0.64,201301150000
18160,2.91,201301150000
18177,2.66,201301150000
18185,0.82,201301150000
18383,3.0,201301150000
18404,0.52,201301150000
18427,1.87,201301150000
18466,1.52,201301150000
18616,2.86,201301150000
18629,0.9,201301150000
18861,1.41,201301150000
18866,2.09,201301150000
18925,1.08,201301150000
19110,1.19,201301150000
19112,2.92,201301150000
19114,2.38,201301150000
19122,1.1,201301150000
19360,1.95,201301150000
19443,0.7,201301150000
19481,1.83,201301150000
19611,2.36,201301150000
19612,0.95,201301150000
19618,2.23,201301150000
19633,1.73,201301150000
19678,0.53,201301150000
19878,0.65,201301150000
19913,1.25,201301150000
20113,2.13,201301150000
20114,2.72,201301150000
20116,2.96,201301150000
20170,2.9,201301150000
20363,2.07,201301150000
20387,1.03,201301150000
20396,1.03,201301150000
20436,2.2,201301150000
20616,2.14,201301150000
20621,1.99,201301150000
20628,2.76,201301150000
20651,1.2,201301150000
20671,2.13,201301150000
20682,1.18,201301150000
20864,2.81,201301150000
20882,0.69,201301150000
20931,1.15,201301150000
20995,2.73,201301150000
21115,2.44,201301150000
21118,1.87,201301150000
21201,1.44,201301150000
21373,2.17,201301150000
21377,2.01,201301150000
21392,2.98,201301150000
21407,2.21,201301150000
21428,1.83,201301150000
21448,2.48,201301150000
21617,1.47,201301150000
21619,2.95,201301150000
21639,2.59,201301150000
21658,1.26,201301150000
21663,2.87,201301150000
21701,0.92,201301150000
21721,1.32,201301150000
21868,1.23,201301150000
21871,2.38,201301150000
21999,2.61,201301150000
22126,2.44,201301150000
22133,2.6,201301150000
22174,0.88,201301150000
22176,1.28,201301150000
22205,0.69,201301150000
22368,1.25,201301150000
22395,2.44,201301150000
22419,2.96,201301150000
22420,2.09,201301150000
22421,1.12,201301150000
22422,2.37,201301150000
22619,2.56,201301150000
22630,0.62,201301150000
22634,2.57,201301150000
22671,1.98,201301150000
22673,1.3,201301150000
22700,2.36,201301150000
22751,0.76,201301150000
22768,1.88,201301150000
22869,0.95,201301150000
22877,2.19,201301150000
22928,2.22,201301150000
22940,0.86,201301150000
22955,2.18,201301150000
22963,1.01,201301150000
22966,0.8,201301150000
23120,2.14,201301150000
23124,1.78,201301150000
23125,1.45,201301150000
23131,1.58,201301150000
23138,1.99,201301150000
23169,2.21,201301150000
23194,0.98,201301150000
23216,0.61,201301150000
23370,2.49,201301150000
23371,1.88,201301150000
23379,1.08,201301150000
23386,0.58,201301150000
23388,2.31,201301150000
23427,2.2,201301150000
23621,1.19,201301150000
23627,2.14,201301150000
23635,0.95,201301150000
23641,1.38,201301150000
23662,1.66,201301150000
23669,2.75,201301150000
23690,2.69,201301150000
23744,1.7,201301150000
23750,1.18,201301150000
23872,1.59,201301150000
23873,2.04,201301150000
23875,2.58,201301150000
23881,1.77,201301150000
23894,2.51,201301150000
23896,2.55,201301150000
23907,1.11,201301150000
23925,2.68,201301150000
23973,1.87,201301150000
24005,2.42,201301150000
24009,2.2,201301150000
24032,0.67,201301150000
24122,0.97,201301150000
24123,2.96,201301150000
24149,1.43,201301150000
24247,2.4,201301150000
24251,2.08,201301150000
24265,0.95,201301150000
24266,2.9,201301150000
24373,2.62,201301150000
24374,1.4,201301150000
24380,1.47,201301150000
24381,1.64,201301150000
24383,2.97,201301150000
24387,2.9,201301150000
24402,1.87,201301150000
24405,2.75,201301150000
24423,0.8,201301150000
24623,2.94,201301150000
24626,1.41,201301150000
24643,2.16,201301150000
24732,2.57,201301150000
24734,0.89,201301150000
24739,1.96,201301150000
24774,2.32,201301150000
24775,2.2,201301150000
24781,2.3,201301150000
24837,0.61,201301150000
24874,1.13,201301150000
24877,1.0,201301150000
24879,1.85,201301150000
24880,2.03,201301150000
24895,2.15,201301150000
24920,2.22,201301150000
24990,1.53,201301150000
24991,1.13,201301150000
24993,0.9,201301150000
25124,1.21,201301150000
25125,1.74,201301150000
25126,1.16,201301150000
25129,2.04,201301150000
25130,1.02,201301150000
25132,2.09,201301150000
25136,2.21,201301150000
25138,0.72,201301150000
25141,0.75,201301150000
25179,1.14,201301150000
25187,1.65,201301150000
25375,2.24,201301150000
25376,2.9,201301150000
25377,0.5,201301150000
25379,0.71,201301150000
25385,1.28,201301150000
25395,1.38,201301150000
25400,2.5,201301150000
25405,1.26,201301150000
25412,1.86,201301150000
25427,1.7,201301150000
25626,1.29,201301150000
25627,2.78,201301150000
25628,1.72,201301150000
25629,1.3,201301150000
25632,0.79,201301150000
25633,2.75,201301150000
25642,1.94,201301150000
25715,2.65,201301150000
25747,2.41,201301150000
25763,2.23,201301150000
25876,2.45,201301150000
25877,0.85,201301150000
25878,2.13,201301150000
25881,1.48,201301150000
25882,1.09,201301150000
25886,2.3,201301150000
25888,2.91,201301150000
25926,1.23,201301150000
25997,0.9,201301150000
26005,2.55,201301150000
26035,2.11,201301150000
26127,1.6,201301150000
26129,0.73,201301150000
26130,1.54,201301150000
26133,1.33,201301150000
26135,1.77,201301150000
26136,1.66,201301150000
26138,2.36,201301150000
26139,2.24,201301150000
26141,1.24,201301150000
26148,1.88,201301150000
26168,2.48,201301150000
26378,1.74,201301150000
26379,0.71,201301150000
26380,1.51,201301150000
26381,2.89,201301150000
26382,1.51,201301150000
26383,2.26,201301150000
26385,0.9,201301150000
26386,2.07,201301150000
26387,0.69,201301150000
26389,2.93,201301150000
26391,2.39,201301150000
26392,2.18,201301150000
26393,1.17,201301150000
26396,2.83,201301150000
26403,1.39,201301150000
26408,2.53,201301150000
26427,1.49,201301150000
26450,2.19,201301150000
26492,1.61,201301150000
26546,2.72,201301150000
26563,1.9,201301150000
26564,2.99,201301150000
26628,2.78,201301150000
26629,2.6,201301150000
26630,1.52,201301150000
26631,2.8,201301150000
26633,2.56,201301150000
26634,1.24,201301150000
26656,1.17,201301150000
26674,2.0,201301150000
26708,0.82,201301150000
26752,0.89,201301150000
26754,1.54,201301150000
26755,2.58,201301150000
26782,2.82,201301150000
26846,0.73,201301150000
26879,1.91,201301150000
26880,2.64,201301150000
26881,2.04,201301150000
26882,2.3,201301150000
26883,1.35,201301150000
26884,2.01,201301150000
26885,0.78,201301150000
26886,1.51,201301150000
26887,2.81,201301150000
26889,2.83,201301150000
26890,1.34,201301150000
26891,0.55,201301150000
26892,0.7,201301150000
26893,0.54,201301150000
26894,2.84,201301150000
26895,1.85,201301150000
26897,1.56,201301150000
26905,2.29,201301150000
26938,1.23,201301150000
26964,1.37,201301150000
27006,1.57,201301150000
27042,1.9,201301150000
27098,2.99,201301150000
27130,1.1,201301150000
27131,1.34,201301150000
27132,0.99,201301150000
27133,2.51,201301150000
27134,1.64,201301150000
27135,2.22,201301150000
27136,0.99,201301150000
27137,2.11,201301150000
27138,1.93,201301150000
27142,1.87,201301150000
27143,0.95,201301150000
27145,2.73,201301150000
27148,1.54,201301150000
27149,0.7,201301150000
27152,2.34,201301150000
27155,1.31,201301150000
27175,2.25,201301150000
27209,1.13,201301150000
27247,1.95,201301150000
27381,1.62,201301150000
27382,1.38,201301150000
27383,0.74,201301150000
27384,1.58,201301150000
27386,2.75,201301150000
27387,2.11,201301150000
27388,2.05,201301150000
27389,2.21,201301150000
27390,0.51,201301150000
27392,1.0,201301150000
27395,1.15,201301150000
27404,0.62,201301150000
27415,2.6,201301150000
27427,0.79,201301150000
27489,0.67,201301150000
27494,1.26,201301150000
27498,0.85,201301150000
27518,2.07,201301150000
27632,1.87,201301150000
27633,1.01,201301150000
27634,2.12,201301150000
27635,2.63,201301150000
27636,1.6,201301150000
27637,2.99,201301150000
27638,1.75,201301150000
27639,1.1,201301150000
27640,1.01,201301150000
27642,2.9,201301150000
27643,1.24,201301150000
27645,0.54,201301150000
27646,2.13,201301150000
27647,2.55,201301150000
27649,2.62,201301150000
27654,1.53,201301150000
27763,1.36,201301150000
27764,0.73,201301150000
27796,2.15,201301150000
27797,1.57,201301150000
27883,2.3,201301150000
27884,1.19,201301150000
27885,1.07,201301150000
27886,2.89,201301150000
27887,0.84,201301150000
27888,2.28,201301150000
27889,1.01,201301150000
27890,1.92,201301150000
27891,1.15,201301150000
27892,2.55,201301150000
27894,1.45,201301150000
27895,2.74,201301150000
27897,2.9,201301150000
27902,2.33,201301150000
27908,1.43,201301150000
27911,2.3,201301150000
27930,2.86,201301150000
27971,2.46,201301150000
28004,1.43,201301150000
28015,1.06,201301150000
28049,2.78,201301150000
28102,2.32,201301150000
28134,1.62,201301150000
28135,2.12,201301150000
28136,2.84,201301150000
28137,1.32,201301150000
28138,0.69,201301150000
28139,2.0,201301150000
28140,2.62,201301150000
28142,2.58,201301150000
28143,2.46,201301150000
28144,1.88,201301150000
28146,1.55,201301150000
28154,2.73,201301150000
28156,1.88,201301150000
28216,0.56,201301150000
28239,0.63,201301150000
28384,1.08,201301150000
28385,1.68,201301150000
28386,1.51,201301150000
28387,2.67,201301150000
28388,0.92,201301150000
28389,2.82,201301150000
28390,0.87,201301150000
28391,2.02,201301150000
28392,0.73,201301150000
28393,1.07,201301150000
28394,0.96,201301150000
28396,0.61,201301150000
28397,0.83,201301150000
28400,1.01,201301150000
28401,1.89,201301150000
28405,1.5,201301150000
28427,1.01,201301150000
28467,2.36,201301150000
28496,1.55,201301150000
28497,0.8,201301150000
28519,1.16,201301150000
28535,2.27,201301150000
28539,2.94,201301150000
28545,1.21,201301150000
28557,0.71,201301150000
28635,0.5,201301150000
28636,0.74,201301150000
28637,0.7,201301150000
28638,0.72,201301150000
28639,2.69,201301150000
28640,1.83,201301150000
28641,2.41,201301150000
28642,1.03,201301150000
28643,2.49,201301150000
28644,2.33,201301150000
28645,1.87,201301150000
28646,0.64,201301150000
28649,2.63,201301150000
28658,2.72,201301150000
28667,1.69,201301150000
28675,1.71,201301150000
28751,1.78,201301150000
28753,1.89,201301150000
28754,0.58,201301150000
28788,1.56,201301150000
28812,1.82,201301150000
28823,1.25,201301150000
28886,0.81,201301150000
28887,1.19,201301150000
28888,1.17,201301150000
28889,0.81,201301150000
28890,1.04,201301150000
28891,1.38,201301150000
28892,1.24,201301150000
28893,2.7,201301150000
28894,0.98,201301150000
28895,1.51,201301150000
28896,2.53,201301150000
28897,1.59,201301150000
28899,2.45,201301150000
28900,0.67,201301150000
28901,1.69,201301150000
28902,0.57,201301150000
28905,2.79,201301150000
28912,1.72,201301150000
28960,1.75,201301150000
28969,0.53,201301150000
29004,2.16,201301150000
29012,1.68,201301150000
29026,2.86,201301150000
29068,1.66,201301150000
29076,2.08,201301150000
29088,2.04,201301150000
29094,1.68,201301150000
29136,2.64,201301150000
29137,1.95,201301150000
29138,1.53,201301150000
29139,1.98,201301150000
29140,1.96,201301150000
29141,2.85,201301150000
29142,0.82,201301150000
29143,0.98,201301150000
29144,1.42,201301150000
29146,1.49,201301150000
29147,1.23,201301150000
29148,1.19,201301150000
29149,2.66,201301150000
29151,0.69,201301150000
29158,2.63,201301150000
29165,1.18,201301150000
29171,1.34,201301150000
29190,1.11,201301150000
29247,0.96,201301150000
29387,0.91,201301150000
29388,2.97,201301150000
29389,2.36,201301150000
29390,1.57,201301150000
29391,2.36,201301150000
29392,1.84,201301150000
29393,2.77,201301150000
29394,0.96,201301150000
29395,1.42,201301150000
29396,0.5,201301150000
29397,1.25,201301150000
29398,2.04,201301150000
29399,0.79,201301150000
29401,1.41,201301150000
29402,1.39,201301150000
29403,1.48,201301150000
29405,1.8,201301150000
29409,2.56,201301150000
29425,2.3,201301150000
29429,2.17,201301150000
29495,0.97,201301150000
29498,1.75,201301150000
29533,2.48,201301150000
29556,2.48,201301150000
29638,1.82,201301150000
29639,2.49,201301150000
29640,1.11,201301150000
29641,0.82,201301150000
29642,1.36,201301150000
29643,2.77,201301150000
29644,0.8,201301150000
29645,1.61,201301150000
29648,2.85,201301150000
29649,2.64,201301150000
29650,2.14,201301150000
29654,1.59,201301150000
29663,1.95,201301150000
29670,0.67,201301150000
29710,1.23,201301150000
29730,2.48,201301150000
29733,2.76,201301150000
29736,2.42,201301150000
29766,1.09,201301150000
29891,0.76,201301150000
29892,1.45,201301150000
29893,0.8,201301150000
29894,2.95,201301150000
29895,1.17,201301150000
29896,0.62,201301150000
29897,2.01,201301150000
29898,2.53,201301150000
29900,2.95,201301150000
29903,1.42,201301150000
29906,0.74,201301150000
29909,2.71,201301150000
29912,1.66,201301150000
29917,1.41,201301150000
29925,2.13,201301150000
29966,0.5,201301150000
30021,1.19,201301150000
30026,2.08,201301150000
30036,2.37,201301150000
30142,2.45,201301150000
30143,0.83,201301150000
30144,1.67,201301150000
30145,1.83,201301150000
30146,1.96,201301150000
30147,1.94,201301150000
30148,1.47,201301150000
30152,1.52,201301150000
30154,2.4,201301150000
30157,0.73,201301150000
30158,0.72,201301150000
30181,2.09,201301150000
30242,2.46,201301150000
30243,0.63,201301150000
30244,0.64,201301150000
30261,0.86,201301150000
30300,2.22,201301150000
30322,1.63,201301150000
30393,2.95,201301150000
30394,2.95,201301150000
30395,1.31,201301150000
30396,1.41,201301150000
30397,1.16,201301150000
30398,1.99,201301150000
30400,1.11,201301150000
30401,2.18,201301150000
30403,0.74,201301150000
30407,1.43,201301150000
30410,2.51,201301150000
30420,2.09,201301150000
30430,1.82,201301150000
30434,0.56,201301150000
30439,1.92,201301150000
30481,1.9,201301150000
30489,2.89,201301150000
30494,2.5,201301150000
30495,1.67,201301150000
30496,1.42,201301150000
30645,1.52,201301150000
30646,1.54,201301150000
30647,0.62,201301150000
30648,0.68,201301150000
30649,2.44,201301150000
30650,1.2,201301150000
30651,1.5,201301150000
30652,2.86,201301150000
30653,1.37,201301150000
30654,0.5,201301150000
30661,1.06,201301150000
30664,1.73,201301150000
30666,1.93,201301150000
30669,2.97,201301150000
30673,0.56,201301150000
30683,1.65,201301150000
30745,0.98,201301150000
30750,2.65,201301150000
30777,2.94,201301150000
30780,0.91,201301150000
30812,1.86,201301150000
30897,2.22,201301150000
30898,1.31,201301150000
30899,2.44,201301150000
30900,0.85,201301150000
30901,1.43,201301150000
30902,1.1,201301150000
30903,2.46,201301150000
30904,2.99,201301150000
30908,1.18,201301150000
30909,2.32,201301150000
30912,1.72,201301150000
30913,1.42,201301150000
30928,0.93,201301150000
30953,2.25,201301150000
30979,2.26,201301150000
30994,2.32,201301150000
30995,2.21,201301150000
31027,1.69,201301150000
31028,1.38,201301150000
31029,2.52,201301150000
31082,1.0,201301150000
31148,2.48,201301150000
31149,2.11,201301150000
31150,1.26,201301150000
31151,2.17,201301150000
31152,2.09,201301150000
31156,1.34,201301150000
31157,1.74,201301150000
31161,0.72,201301150000
31166,2.93,201301150000
31172,2.76,201301150000
31274,1.03,201301150000
31281,2.51,201301150000
31369,0.72,201301150000
31398,1.42,201301150000
31401,1.41,201301150000
31407,0.85,201301150000
31408,2.79,201301150000
31409,2.88,201301150000
31410,1.96,201301150000
31413,2.7,201301150000
31419,2.26,201301150000
31427,1.51,201301150000
31457,2.78,201301150000
31466,2.93,201301150000
31651,1.68,201301150000
31652,2.66,201301150000
31656,1.08,201301150000
31660,2.72,201301150000
31663,1.06,201301150000
31666,2.91,201301150000
31675,2.22,201301150000
31738,0.69,201301150000
31754,2.71,201301150000
31782,3.0,201301150000
31903,1.17,201301150000
31904,1.31,201301150000
31905,2.09,201301150000
31906,2.57,201301150000
31908,0.88,201301150000
31912,2.9,201301150000
31921,0.74,201301150000
31928,1.63,201301150000
31949,2.83,201301150000
32028,2.29,201301150000
32032,2.24,201301150000
32045,1.24,201301150000
32150,2.35,201301150000
32155,1.84,201301150000
32157,2.61,201301150000
32161,2.07,201301150000
32162,2.83,201301150000
32167,2.23,201301150000
32169,1.46,201301150000
32175,1.52,201301150000
32182,0.89,201301150000
32185,0.64,201301150000
32195,1.23,201301150000
32235,2.14,201301150000
32404,2.92,201301150000
32405,2.31,201301150000
32410,0.86,201301150000
32411,1.05,201301150000
32415,2.46,201301150000
32449,1.23,201301150000
32490,1.08,201301150000
32558,1.89,201301150000
32622,1.46,201301150000
32656,1.02,201301150000
32658,2.12,201301150000
32660,2.09,201301150000
32662,1.06,201301150000
32668,1.06,201301150000
32682,1.82,201301150000
32697,0.51,201301150000
32712,1.08,201301150000
32729,0.86,201301150000
32739,1.84,201301150000
32742,1.1,201301150000
32744,1.66,201301150000
32802,0.58,201301150000
32834,1.84,201301150000
32905,2.28,201301150000
32907,2.97,201301150000
32912,2.47,201301150000
32916,2.26,201301150000
32922,1.25,201301150000
32924,1.83,201301150000
32926,2.22,201301150000
32929,2.41,201301150000
32977,2.39,201301150000
32978,0.73,201301150000
33154,1.5,201301150000
33158,2.14,201301150000
33160,1.46,201301150000
33165,2.89,201301150000
33170,2.49,201301150000
33186,1.49,201301150000
33286,1.92,201301150000
33405,0.68,201301150000
33409,1.75,201301150000
33412,2.61,201301150000
33418,1.25,201301150000
33420,1.65,201301150000
33424,2.46,201301150000
33435,1.49,201301150000
33442,2.78,201301150000
33519,1.29,201301150000
33594,0.69,201301150000
33656,2.0,201301150000
33659,2.54,201301150000
33662,2.02,201301150000
33664,1.01,201301150000
33666,2.81,201301150000
33669,1.71,201301150000
33673,1.63,201301150000
33675,1.82,201301150000
33694,1.7,201301150000
33724,2.92,201301150000
33742,2.22,201301150000
33812,1.4,201301150000
33909,0.61,201301150000
33911,2.01,201301150000
33912,1.44,201301150000
33913,1.49,201301150000
33922,2.0,201301150000
33923,1.78,201301150000
33924,1.27,201301150000
33931,0.56,201301150000
33935,1.58,201301150000
33986,1.51,201301150000
34013,1.78,201301150000
34160,0.85,201301150000
34161,2.29,201301150000
34162,2.47,201301150000
34163,1.4,201301150000
34167,2.04,201301150000
34190,2.81,201301150000
34211,1.79,201301150000
34303,2.37,201301150000
34380,1.22,201301150000
34407,1.52,201301150000
34413,0.67,201301150000
34423,2.79,201301150000
34424,2.41,201301150000
34427,0.58,201301150000
34430,2.12,201301150000
34437,0.57,201301150000
34440,1.71,201301150000
34486,2.6,201301150000
34495,2.26,201301150000
34510,2.87,201301150000
34520,2.37,201301150000
34528,2.08,201301150000
34563,2.39,201301150000
34662,2.24,201301150000
34667,2.47,201301150000
34668,1.86,201301150000
34670,0.66,201301150000
34672,1.39,201301150000
34673,1.08,201301150000
34676,2.62,201301150000
34679,2.36,201301150000
34682,2.66,201301150000
34695,0.92,201301150000
34710,2.75,201301150000
34714,2.73,201301150000
34720,1.84,201301150000
34882,1.06,201301150000
34913,2.8,201301150000
34914,2.41,201301150000
34915,1.44,201301150000
34924,0.81,201301150000
34925,2.07,201301150000
34934,2.11,201301150000
34939,2.27,201301150000
34959,2.7,201301150000
34990,0.74,201301150000
35102,1.87,201301150000
35164,0.94,201301150000
35166,0.63,201301150000
35173,0.77,201301150000
35178,2.11,201301150000
35183,1.74,201301150000
35185,2.63,201301150000
35187,1.59,201301150000
35193,0.67,201301150000
35203,2.98,201301150000
35218,2.02,201301150000
35237,1.75,201301150000
35244,2.76,201301150000
35249,0.6,201301150000
35295,1.99,201301150000
35368,2.24,201301150000
35410,1.63,201301150000
35414,1.99,201301150000
35415,1.57,201301150000
35417,2.32,201301150000
35421,1.78,201301150000
35440,1.55,201301150000
35455,1.42,201301150000
35492,1.95,201301150000
35515,1.41,201301150000
35665,1.22,201301150000
35675,2.04,201301150000
35683,2.91,201301150000
35686,2.28,201301150000
35700,1.57,201301150000
35745,0.95,201301150000
35755,2.6,201301150000
35769,1.99,201301150000
35916,0.96,201301150000
35917,1.96,201301150000
35918,1.55,201301150000
35919,2.09,201301150000
35921,2.95,201301150000
35929,0.5,201301150000
35931,1.4,201301150000
35941,2.23,201301150000
35944,2.24,201301150000
35971,0.5,201301150000
35981,1.7,201301150000
35992,1.15,201301150000
35994,0.88,201301150000
36067,2.04,201301150000
36162,1.91,201301150000
36167,1.3,201301150000
36169,2.04,201301150000
36170,1.28,201301150000
36173,1.27,201301150000
36176,1.66,201301150000
36177,1.56,201301150000
36205,2.37,201301150000
36237,1.7,201301150000
36245,1.43,201301150000
36246,1.01,201301150000
36293,0.69,201301150000
36311,2.53,201301150000
36417,1.98,201301150000
36420,2.34,201301150000
36421,2.56,201301150000
36441,2.03,201301150000
36448,1.52,201301150000
36494,1.05,201301150000
36498,0.66,201301150000
36502,0.92,201301150000
36510,1.52,201301150000
36513,1.58,201301150000
36519,2.64,201301150000
36524,1.79,201301150000
36576,1.78,201301150000
36668,1.46,201301150000
36673,1.6,201301150000
36675,1.89,201301150000
36677,2.16,201301150000
36679,2.98,201301150000
36682,1.5,201301150000
36688,2.32,201301150000
36690,0.84,201301150000
36711,1.21,201301150000
36717,2.35,201301150000
36758,1.65,201301150000
36889,1.89,201301150000
36915,2.75,201301150000
36918,2.99,201301150000
36933,1.02,201301150000
36934,2.27,201301150000
36953,1.02,201301150000
36959,2.04,201301150000
36996,1.1,201301150000
36999,2.65,201301150000
37001,1.94,201301150000
37167,1.85,201301150000
37168,2.57,201301150000
37169,0.65,201301150000
37172,0.6,201301150000
37176,1.98,201301150000
37178,2.62,201301150000
37179,2.46,201301150000
37182,2.64,201301150000
37192,0.57,201301150000
37200,2.56,201301150000
37206,0.96,201301150000
37232,0.87,201301150000
37239,1.04,201301150000
37270,1.65,201301150000
37298,1.02,201301150000
37304,1.02,201301150000
37419,1.08,201301150000
37421,2.62,201301150000
37423,2.92,201301150000
37425,2.6,201301150000
37446,2.15,201301150000
37454,2.55,201301150000
37477,1.99,201301150000
37487,2.73,201301150000
37501,0.77,201301150000
37503,1.11,201301150000
37513,2.08,201301150000
37523,1.01,201301150000
37562,1.41,201301150000
37609,2.93,201301150000
37642,2.72,201301150000
37643,1.37,201301150000
37670,1.39,201301150000
37671,0.66,201301150000
37672,0.69,201301150000
37676,0.79,201301150000
37688,2.71,201301150000
37689,2.59,201301150000
37690,0.61,201301150000
37695,0.84,201301150000
37701,1.22,201301150000
37710,1.54,201301150000
37711,1.79,201301150000
37754,1.69,201301150000
37874,2.05,201301150000
37891,1.99,201301150000
37893,2.66,201301150000
37894,1.09,201301150000
37926,2.61,201301150000
37928,0.62,201301150000
37929,2.26,201301150000
37932,2.51,201301150000
37936,2.64,201301150000
37943,1.87,201301150000
37952,0.63,201301150000
37962,1.44,201301150000
37968,1.98,201301150000
38003,0.95,201301150000
38060,1.58,201301150000
38145,1.28,201301150000
38172,2.47,201301150000
38173,1.35,201301150000
38178,0.56,201301150000
38200,2.4,201301150000
38204,0.98,201301150000
38209,1.04,201301150000
38215,2.85,201301150000
38220,2.41,201301150000
38225,1.46,201301150000
38228,1.87,201301150000
38230,1.78,201301150000
38243,2.9,201301150000
38247,2.21,201301150000
38255,1.07,201301150000
38263,1.4,201301150000
38268,1.79,201301150000
38272,0.73,201301150000
38367,1.72,201301150000
38381,1.96,201301150000
38423,0.86,201301150000
38425,2.61,201301150000
38426,2.22,201301150000
38431,0.92,201301150000
38440,1.58,201301150000
38479,2.77,201301150000
38481,2.75,201301150000
38483,2.36,201301150000
38488,0.57,201301150000
38490,0.51,201301150000
38498,1.98,201301150000
38499,1.61,201301150000
38500,1.11,201301150000
38505,0.87,201301150000
38506,2.38,201301150000
38508,0.71,201301150000
38517,2.12,201301150000
38534,2.13,201301150000
38648,1.52,201301150000
38674,1.2,201301150000
38676,2.28,201301150000
38679,1.8,201301150000
38684,1.22,201301150000
38693,1.99,201301150000
38697,1.94,201301150000
38716,2.65,201301150000
38722,2.36,201301150000
38736,1.86,201301150000
38738,2.83,201301150000
38752,2.59,201301150000
38753,1.68,201301150000
38758,1.02,201301150000
38760,2.84,201301150000
38761,0.77,201301150000
38762,1.4,201301150000
38766,1.0,201301150000
38769,2.01,201301150000
38778,2.8,201301150000
38812,1.25,201301150000
38939,0.7,201301150000
38953,0.59,201301150000
38958,1.21,201301150000
38967,2.73,201301150000
39006,2.65,201301150000
39008,2.08,201301150000
39010,2.23,201301150000
39011,1.96,201301150000
39017,2.54,201301150000
39113,1.66,201301150000
39148,1.8,201301150000
39149,2.72,201301150000
39176,2.01,201301150000
39178,1.95,201301150000
39191,2.11,201301150000
39201,0.9,201301150000
39230,1.23,201301150000
39236,0.88,201301150000
39246,2.6,201301150000
39252,1.94,201301150000
39255,1.62,201301150000
39260,0.85,201301150000
39262,2.67,201301150000
39263,2.2,201301150000
39268,0.73,201301150000
39269,2.96,201301150000
39271,0.86,201301150000
39274,2.72,201301150000
39275,2.49,201301150000
39375,1.14,201301150000
39391,2.94,201301150000
39427,0.93,201301150000
39428,2.68,201301150000
39430,1.19,201301150000
39433,1.49,201301150000
39446,0.61,201301150000
39457,0.63,201301150000
39514,0.59,201301150000
39515,2.6,201301150000
39516,1.02,201301150000
39517,1.09,201301150000
39535,2.07,201301150000
39554,1.7,201301150000
39559,1.21,201301150000
39631,2.03,201301150000
39632,0.56,201301150000
39633,2.99,201301150000
39652,1.13,201301150000
39683,2.68,201301150000
39687,2.82,201301150000
39706,1.68,201301150000
39710,2.32,201301150000
39722,2.51,201301150000
39731,2.3,201301150000
39750,0.76,201301150000
39755,1.03,201301150000
39759,0.94,201301150000
39762,2.76,201301150000
39764,1.03,201301150000
39765,1.71,201301150000
39766,2.28,201301150000
39767,2.83,201301150000
39769,2.43,201301150000
39772,2.58,201301150000
39776,0.82,201301150000
39777,1.36,201301150000
39790,1.55,201301150000
39791,1.1,201301150000
39796,0.9,201301150000
39832,0.99,201301150000
39883,2.66,201301150000
39930,1.94,201301150000
39932,2.07,201301150000
39941,1.79,201301150000
39948,2.63,201301150000
39969,1.37,201301150000
40018,1.93,201301150000
40031,1.19,201301150000
40133,1.45,201301150000
40180,0.87,201301150000
40188,2.98,201301150000
40196,2.24,201301150000
40242,2.55,201301150000
40246,1.98,201301150000
40259,1.87,201301150000
40264,2.63,201301150000
40267,1.09,201301150000
40268,1.75,201301150000
40270,0.66,201301150000
40276,2.47,201301150000
40286,0.9,201301150000
40295,0.63,201301150000
40431,1.98,201301150000
40432,2.9,201301150000
40442,1.28,201301150000
40447,2.53,201301150000
40448,2.67,201301150000
40451,2.53,201301150000
40457,2.75,201301150000
40500,1.18,201301150000
40512,1.07,201301150000
40518,0.88,201301150000
40519,2.61,201301150000
40522,2.47,201301150000
40524,2.36,201301150000
40525,0.72,201301150000
40532,1.78,201301150000
40560,2.01,201301150000
40566,0.98,201301150000
40633,2.9,201301150000
40687,2.78,201301150000
40713,1.21,201301150000
40719,1.9,201301150000
40732,0.73,201301150000
40733,1.18,201301150000
40766,2.4,201301150000
40810,0.77,201301150000
40894,2.59,201301150000
40933,1.83,201301150000
40936,2.89,201301150000
40939,0.58,201301150000
40954,2.19,201301150000
40982,2.63,201301150000
41021,2.82,201301150000
41024,2.2,201301150000
41061,2.87,201301150000
41145,2.47,201301150000
41157,2.77,201301150000
41183,2.78,201301150000
41200,1.95,201301150000
41262,1.68,201301150000
41265,1.75,201301150000
41270,0.72,201301150000
41277,0.85,201301150000
41318,1.44,201301150000
41401,0.7,201301150000
41407,0.89,201301150000
41437,2.31,201301150000
41459,1.7,201301150000
41465,0.87,201301150000
41469,0.76,201301150000
41508,1.12,201301150000
41520,2.71,201301150000
41522,2.93,201301150000
41526,1.46,201301150000
41532,1.26,201301150000
41558,2.71,201301150000
41635,0.51,201301150000
41653,1.7,201301150000
41658,1.32,201301150000
41692,1.73,201301150000
41696,1.39,201301150000
41764,1.98,201301150000
41772,2.69,201301150000
41893,2.0,201301150000
41904,1.09,201301150000
41905,2.84,201301150000
41936,2.49,201301150000
41941,2.82,201301150000
41958,2.97,201301150000
41990,1.05,201301150000
42023,1.15,201301150000
42026,1.36,201301150000
42029,1.69,201301150000
42074,0.55,201301150000
42085,2.47,201301150000
42095,2.89,201301150000
42147,1.73,201301150000
42160,1.22,201301150000
42200,1.28,201301150000
42213,1.21,201301150000
42267,2.31,201301150000
42271,2.45,201301150000
42274,1.44,201301150000
42283,1.65,201301150000
42291,2.19,201301150000
42342,1.88,201301150000
42411,1.94,201301150000
42438,2.49,201301150000
42454,2.91,201301150000
42471,1.98,201301150000
42478,2.22,201301150000
42487,2.99,201301150000
42503,1.8,201301150000
42514,0.56,201301150000
42521,1.59,201301150000
42533,2.18,201301150000
42644,0.69,201301150000
42661,2.53,201301150000
42695,2.92,201301150000
42744,1.8,201301150000
42750,2.39,201301150000
42846,2.34,201301150000
42905,2.66,201301150000
42912,1.71,201301150000
42939,2.41,201301150000
42940,2.29,201301150000
42944,1.79,201301150000
42949,0.91,201301150000
43011,2.98,201301150000
43021,2.82,201301150000
43030,2.46,201301150000
43151,1.75,201301150000
43160,2.14,201301150000
43162,2.18,201301150000
43213,2.38,201301150000
43220,0.94,201301150000
43261,2.53,201301150000
43412,1.08,201301150000
43413,1.92,201301150000
43440,0.8,201301150000
43443,0.57,201301150000
43449,0.92,201301150000
43483,0.79,201301150000
43484,2.56,201301150000
43494,0.72,201301150000
43518,2.48,201301150000
43523,1.22,201301150000
43526,2.97,201301150000
43530,0.54,201301150000
43571,2.4,201301150000
43642,0.66,201301150000
43662,1.17,201301150000
43738,2.0,201301150000
43760,1.77,201301150000
43779,2.13,201301150000
43914,2.77,201301150000
43957,2.34,201301150000
43980,0.54,201301150000
43984,2.17,201301150000
43992,1.48,201301150000
43995,1.19,201301150000
44002,2.6,201301150000
44039,1.55,201301150000
44194,2.0,201301150000
44197,2.13,201301150000
44204,0.78,201301150000
44215,2.67,201301150000
44226,2.12,201301150000
44247,1.39,201301150000
44255,2.9,201301150000
44282,1.16,201301150000
44284,1.6,201301150000
44356,0.71,201301150000
44470,1.27,201301150000
44486,1.33,201301150000
44503,2.48,201301150000
44504,1.57,201301150000
44510,0.81,201301150000
44517,2.27,201301150000
44534,2.68,201301150000
44578,0.79,201301150000
44666,1.41,201301150000
44694,0.54,201301150000
44697,1.08,201301150000
44716,2.35,201301150000
44724,2.68,201301150000
44743,2.08,201301150000
44755,2.5,201301150000
44756,0.55,201301150000
44757,1.72,201301150000
44758,1.19,201301150000
44786,0.88,201301150000
44787,1.52,201301150000
44911,0.54,201301150000
44963,1.5,201301150000
45005,0.95,201301150000
45006,1.55,201301150000
45007,2.2,201301150000
45008,1.66,201301150000
45039,1.97,201301150000
45114,2.03,201301150000
45168,1.31,201301150000
45200,2.43,201301150000
45203,0.52,201301150000
45208,0.96,201301150000
45237,1.45,201301150000
45254,2.94,201301150000
45256,0.76,201301150000
45258,1.74,201301150000
45261,2.7,201301150000
45265,1.26,201301150000
45266,2.25,201301150000
45401,0.69,201301150000
45479,2.98,201301150000
45502,2.15,201301150000
45507,2.69,201301150000
45509,1.15,201301150000
45526,1.67,201301150000
45538,0.93,201301150000
45582,2.19,201301150000
45661,1.91,201301150000
45701,1.16,201301150000
45703,0.62,201301150000
45716,0.89,201301150000
45720,2.21,201301150000
45725,2.16,201301150000
45735,1.04,201301150000
45747,1.43,201301150000
45766,1.98,201301150000
45793,1.45,201301150000
45795,1.81,201301150000
45919,0.98,201301150000
45948,2.16,201301150000
46008,2.77,201301150000
46036,0.65,201301150000
46041,1.39,201301150000
46052,2.86,201301150000
46074,0.57,201301150000
46145,1.45,201301150000
46202,0.8,201301150000
46209,1.24,201301150000
46242,2.02,201301150000
46265,0.7,201301150000
46372,2.16,201301150000
46384,0.77,201301150000
46455,2.52,201301150000
46508,2.82,201301150000
46523,2.79,201301150000
46538,2.44,201301150000
46565,0.58,201301150000
46574,2.31,201301150000
46626,1.94,201301150000
46700,2.06,201301150000
46738,0.78,201301150000
46770,1.52,201301150000
46778,2.92,201301150000
46787,1.12,201301150000
46803,2.71,201301150000
46954,1.37,201301150000
46964,2.65,201301150000
46972,1.02,201301150000
46976,0.69,201301150000
46981,2.01,201301150000
47011,2.33,201301150000
47015,2.18,201301150000
47047,0.69,201301150000
47253,1.8,201301150000
47288,1.65,201301150000
47295,2.19,201301150000
47342,0.79,201301150000
47454,0.7,201301150000
47535,0.65,201301150000
47543,2.13,201301150000
47705,1.42,201301150000
47709,2.39,201301150000
47711,1.28,201301150000
47758,1.37,201301150000
47806,1.63,201301150000
47889,1.2,201301150000
47926,1.49,201301150000
47968,1.03,201301150000
47972,1.12,201301150000
47977,2.92,201301150000
47982,0.73,201301150000
48032,1.36,201301150000
48209,1.49,201301150000
48239,2.56,201301150000
48244,0.91,201301150000
48278,0.59,201301150000
48420,1.95,201301150000
48427,0.86,201301150000
48499,1.83,201301150000
48503,2.71,201301150000
48552,2.67,201301150000
48584,1.28,201301150000
48713,1.69,201301150000
48759,2.53,201301150000
48848,1.02,201301150000
48898,1.74,201301150000
49017,0.9,201301150000
49049,1.46,201301150000
49229,0.59,201301150000
49241,2.17,201301150000
49472,2.91,201301150000
49483,1.31,201301150000
49542,2.35,201301150000
49555,1.4,201301150000
49679,2.61,201301150000
49750,1.62,201301150000
49760,0.71,201301150000
49777,2.14,201301150000
49968,1.51,201301150000
50053,2.94,201301150000
50103,2.12,201301150000
50180,2.86,201301150000
50285,1.3,201301150000
50430,0.67,201301150000
50470,2.24,201301150000
50494,2.98,201301150000
50511,0.52,201301150000
50549,1.69,201301150000
50680,0.93,201301150000
50682,2.82,201301150000
50731,2.2,201301150000
50812,1.37,201301150000
50872,0.69,201301150000
51029,1.13,201301150000
51046,2.44,201301150000
51053,1.04,201301150000
51056,2.26,201301150000
51162,1.09,201301150000
51177,2.07,201301150000
51182,1.43,201301150000
51228,2.17,201301150000
51258,2.62,201301150000
51430,2.17,201301150000
51431,2.21,201301150000
51432,1.53,201301150000
51520,1.58,201301150000
51681,2.53,201301150000
51682,1.77,201301150000
51725,0.68,201301150000
51790,2.1,201301150000
51832,1.61,201301150000
51857,2.72,201301150000
51931,1.51,201301150000
51932,0.6,201301150000
51986,1.31,201301150000
52003,2.6,201301150000
52182,2.95,201301150000
52244,2.53,201301150000
52259,1.15,201301150000
52280,1.07,201301150000
52319,2.33,201301150000
52473,0.91,201301150000
52518,1.42,201301150000
52631,1.54,201301150000
52679,2.69,201301150000
52729,2.79,201301150000
52811,0.73,201301150000
52983,1.15,201301150000
52988,1.83,201301150000
52993,1.08,201301150000
53000,2.21,201301150000
53016,2.87,201301150000
53027,1.59,201301150000
53072,1.75,201301150000
53090,1.29,201301150000
53177,2.39,201301150000
53178,1.31,201301150000
53381,0.98,201301150000
53427,1.85,201301150000
53429,1.72,201301150000
53761,0.93,201301150000
53774,2.36,201301150000
53797,1.82,201301150000
53810,2.78,201301150000
53822,1.62,201301150000
53864,2.98,201301150000
53927,1.15,201301150000
54038,1.21,201301150000
54071,2.86,201301150000
54234,1.03,201301150000
54281,1.5,201301150000
54284,1.74,201301150000
54327,1.71,201301150000
54334,1.37,201301150000
54349,1.2,201301150000
54427,2.22,201301150000
54503,2.22,201301150000
54510,1.14,201301150000
54520,3.0,201301150000
54550,2.14,201301150000
54578,1.78,201301150000
54678,2.46,201301150000
54828,2.55,201301150000
54983,1.52,201301150000
54996,2.74,201301150000
55070,1.69,201301150000
55329,0.69,201301150000
55331,1.38,201301150000
55535,2.79,201301150000
55633,2.28,201301150000
55680,0.93,201301150000
55761,0.92,201301150000
55831,0.92,201301150000
55832,2.78,201301150000
55838,0.57,201301150000
55845,2.53,201301150000
56106,0.87,201301150000
56493,2.36,201301150000
56571,2.92,201301150000
56586,2.07,201301150000
56587,1.0,201301150000
56591,2.01,201301150000
56738,2.35,201301150000
56835,2.86,201301150000
56882,0.92,201301150000
56887,1.9,201301150000
56888,0.69,201301150000
56933,2.3,201301150000
56934,0.89,201301150000
57042,1.6,201301150000
57062,0.6,201301150000
57189,0.5,201301150000
57261,0.91,201301150000
57329,0.75,201301150000
57342,1.22,201301150000
57376,1.3,201301150000
57378,1.4,201301150000
57380,1.21,201301150000
57397,0.86,201301150000
57440,1.92,201301150000
57495,2.23,201301150000
57523,2.11,201301150000
57555,0.5,201301150000
57597,1.78,201301150000
57613,1.6,201301150000
57615,2.13,201301150000
57628,2.82,201301150000
57631,2.17,201301150000
57823,1.77,201301150000
57837,0.68,201301150000
57851,2.28,201301150000
57852,2.98,201301150000
57906,2.05,201301150000
58179,0.75,201301150000
58251,1.47,201301150000
58421,1.55,201301150000
58511,2.31,201301150000
58632,1.55,201301150000
58744,1.33,201301150000
58802,0.8,201301150000
58814,1.64,201301150000
58879,2.95,201301150000
58892,0.58,201301150000
59010,1.25,201301150000
59043,2.95,201301150000
59104,0.77,201301150000
59125,1.07,201301150000
59134,2.1,201301150000
59285,0.59,201301150000
59329,1.86,201301150000
59555,1.25,201301150000
59635,0.79,201301150000
59745,2.59,201301150000
59927,0.66,201301150000
59941,0.94,201301150000
60008,1.46,201301150000
60011,0.78,201301150000
60114,0.99,201301150000
60141,2.21,201301150000
60147,1.75,201301150000
60331,2.99,201301150000
60344,2.14,201301150000
60350,1.89,201301150000
60578,2.2,201301150000
60593,2.43,201301150000
60613,2.37,201301150000
60630,0.68,201301150000
60635,2.75,201301150000
60649,2.61,201301150000
60750,2.54,201301150000
60774,2.35,201301150000
60819,0.88,201301150000
60880,1.17,201301150000
60888,1.49,201301150000
61062,2.15,201301150000
61110,2.47,201301150000
61263,2.0,201301150000
61343,2.18,201301150000
61591,1.43,201301150000
61597,2.49,201301150000
61654,1.58,201301150000
61818,2.56,201301150000
62077,2.21,201301150000
62104,2.04,201301150000
62135,1.23,201301150000
62140,1.28,201301150000
62252,1.47,201301150000
62558,2.38,201301150000
62589,0.91,201301150000
62757,2.2,201301150000
62772,1.38,201301150000
62850,0.75,201301150000
62926,1.44,201301150000
62948,1.48,201301150000
63044,1.49,201301150000
63153,2.0,201301150000
63383,0.95,201301150000
63397,0.56,201301150000
63398,1.77,201301150000
63407,1.33,201301150000
63574,2.09,201301150000
63586,1.46,201301150000
63816,2.75,201301150000
64102,0.68,201301150000
64150,1.93,201301150000
64200,1.43,201301150000
64515,2.45,201301150000
64529,2.99,201301150000
64573,0.75,201301150000
64581,1.34,201301150000
64815,0.84,201301150000
64915,1.61,201301150000
65059,2.79,201301150000
65144,1.64,201301150000
65320,1.53,201301150000
65375,1.99,201301150000
65454,2.98,201301150000
65528,2.25,201301150000
65607,2.91,201301150000
65774,2.91,201301150000
65838,2.26,201301150000
66068,2.17,201301150000
66084,2.59,201301150000
66151,1.58,201301150000
66353,1.66,201301150000
66538,1.68,201301150000
66575,2.86,201301150000
66637,0.96,201301150000
66827,0.67,201301150000
66870,2.06,201301150000
67110,1.79,201301150000
67207,2.28,201301150000
67335,2.05,201301150000
67385,2.17,201301150000
67599,2.43,201301150000
67601,2.86,201301150000
67602,1.05,201301150000
67698,2.34,201301150000
67824,0.82,201301150000
67842,1.91,201301150000
67854,2.77,201301150000
67855,2.36,201301150000
67918,0.89,201301150000
68103,2.97,201301150000
68104,2.52,201301150000
68110,1.35,201301150000
68111,1.52,201301150000
68349,2.42,201301150000
68354,1.64,201301150000
68356,1.16,201301150000
68454,2.21,201301150000
68455,2.35,201301150000
68587,1.55,201301150000
68857,1.95,201301150000
68858,2.68,201301150000
68897,2.75,201301150000
68924,2.28,201301150000
68930,1.84,201301150000
69106,2.78,201301150000
69190,2.16,201301150000
69206,0.92,201301150000
69359,1.42,201301150000
69371,2.35,201301150000
69455,2.59,201301150000
69582,1.9,201301150000
69613,1.87,201301150000
69676,0.88,201301150000
70115,0.75,201301150000
70132,1.6,201301150000
70181,0.6,201301150000
70342,2.35,201301150000
70352,2.7,201301150000
70360,1.36,201301150000
70374,0.93,201301150000
70440,2.78,201301150000
70462,2.65,201301150000
70619,0.83,201301150000
70659,2.1,201301150000
70715,1.2,201301150000
70903,1.26,201301150000
70934,1.81,201301150000
70961,1.81,201301150000
71122,0.69,201301150000
71187,2.97,201301150000
71399,0.7,201301150000
71601,2.27,201301150000
71629,2.35,201301150000
71888,0.74,201301150000
71961,1.47,201301150000
71964,1.65,201301150000
72201,1.44,201301150000
72218,1.0,201301150000
72345,1.08,201301150000
72367,1.04,201301150000
72407,1.27,201301150000
72416,1.85,201301150000
72706,2.69,201301150000
72894,1.54,201301150000
73104,2.97,201301150000
73135,1.32,201301150000
73211,1.61,201301150000
73223,2.09,201301150000
73451,2.77,201301150000
73460,1.08,201301150000
73461,2.88,201301150000
73557,2.65,201301150000
73669,1.17,201301150000
74158,0.77,201301150000
74216,0.82,201301150000
74388,0.61,201301150000
74396,2.2,201301150000
74466,1.8,201301150000
74467,2.97,201301150000
74638,1.7,201301150000
74677,1.26,201301150000
74678,1.84,201301150000
74711,1.55,201301150000
74721,2.28,201301150000
74962,2.67,201301150000
74968,1.26,201301150000
74973,2.82,201301150000
75224,2.04,201301150000
75329,1.44,201301150000
75386,2.66,201301150000
75424,2.04,201301150000
75436,2.24,201301150000
75475,0.97,201301150000
75619,2.22,201301150000
75721,1.14,201301150000
75722,2.27,201301150000
75724,2.83,201301150000
75725,1.97,201301150000
75726,1.53,201301150000
75727,1.43,201301150000
75974,1.43,201301150000
75975,1.94,201301150000
76133,1.5,201301150000
76227,1.61,201301150000
76393,1.81,201301150000
76473,2.78,201301150000
76477,0.94,201301150000
76654,0.53,201301150000
76728,1.93,201301150000
76959,2.09,201301150000
77169,2.71,201301150000
77230,1.86,201301150000
77381,0.89,201301150000
77458,0.95,201301150000
77641,0.88,201301150000
77942,0.51,201301150000
77981,0.65,201301150000
78205,1.06,201301150000
78418,2.59,201301150000
78654,1.2,201301150000
78733,2.88,201301150000
78881,2.09,201301150000
78896,1.97,201301150000
78909,1.77,201301150000
78983,2.36,201301150000
79234,1.75,201301150000
79379,2.13,201301150000
79394,2.64,201301150000
79484,2.55,201301150000
79712,2.34,201301150000
79911,1.73,201301150000
79915,0.84,201301150000
80160,2.86,201301150000
80161,1.7,201301150000
80193,2.58,201301150000
80352,0.9,201301150000
80397,1.63,201301150000
80406,1.54,201301150000
80411,2.83,201301150000
80412,0.75,201301150000
80413,2.57,201301150000
80420,0.75,201301150000
80485,0.74,201301150000
80635,2.88,201301150000
80659,2.84,201301150000
80663,0.59,201301150000
80664,0.91,201301150000
80703,0.72,201301150000
80877,1.75,201301150000
80916,2.9,201301150000
81163,1.08,201301150000
81164,2.31,201301150000
81354,1.42,201301150000
81363,2.05,201301150000
81390,1.55,201301150000
81625,1.8,201301150000
81651,2.5,201301150000
81899,1.44,201301150000
82135,2.03,201301150000
82168,1.56,201301150000
82169,1.44,201301150000
82237,0.68,201301150000
82613,0.83,201301150000
82622,2.05,201301150000
82664,1.36,201301150000
82892,1.78,201301150000
82951,1.49,201301150000
83410,1.79,201301150000
83489,0.99,201301150000
83735,2.29,201301150000
83865,0.69,201301150000
84123,2.57,201301150000
84179,2.63,201301150000
84207,1.84,201301150000
84212,1.23,201301150000
84221,0.58,201301150000
84366,1.04,201301150000
84689,2.97,201301150000
84712,1.11,201301150000
84902,2.29,201301150000
85474,1.45,201301150000
85487,2.09,201301150000
85620,1.23,201301150000
85705,1.19,201301150000
85715,2.97,201301150000
85738,2.59,201301150000
86440,1.28,201301150000
86622,1.83,201301150000
86623,2.47,201301150000
86672,2.76,201301150000
86873,2.6,201301150000
86895,1.37,201301150000
87121,2.25,201301150000
87227,1.34,201301150000
87460,1.12,201301150000
87690,2.67,201301150000
87873,2.86,201301150000
88242,0.69,201301150000
88463,1.88,201301150000
89120,2.07,201301150000
89152,2.86,201301150000
89175,1.28,201301150000
89198,0.66,201301150000
89615,0.65,201301150000
89625,0.99,201301150000
90116,1.52,201301150000
90183,0.61,201301150000
90497,2.16,201301150000
90699,1.47,201301150000
90719,1.39,201301150000
91200,1.6,201301150000
91432,1.99,201301150000
91434,1.29,201301150000
91684,1.65,201301150000
91713,1.95,201301150000
91744,1.47,201301150000
92233,2.77,201301150000
93205,1.36,201301150000
93244,2.51,201301150000
93252,1.86,201301150000
93463,0.78,201301150000
93675,2.49,201301150000
93944,2.96,201301150000
94431,1.78,201301150000
94710,2.11,201301150000
94755,0.67,201301150000
94997,2.71,201301150000
95000,1.0,201301150000
95707,0.62,201301150000
95949,2.81,201301150000
95998,2.69,201301150000
96188,2.02,201301150000
96225,0.6,201301150000
96249,2.26,201301150000
96468,2.95,201301150000
96486,0.64,201301150000
96718,1.87,201301150000
96972,2.81,201301150000
96995,1.28,201301150000
97251,0.66,201301150000
97440,2.88,201301150000
97471,1.57,201301150000
97969,0.66,201301150000
97990,2.79,201301150000
98224,2.7,201301150000
98229,1.54,201301150000
98450,0.67,201301150000
98475,2.74,201301150000
98739,0.89,201301150000
99256,2.45,201301150000
99468,1.26,201301150000
99730,2.66,201301150000
101215,2.54,201301150000
101911,0.62,201301150000
101912,0.97,201301150000
101989,2.82,201301150000
102999,1.91,201301150000
103242,2.95,201301150000
103431,2.59,201301150000
104177,2.3,201301150000
104221,2.01,201301150000
104239,1.29,201301150000
104701,1.32,201301150000
104984,1.26,201301150000
105196,1.52,201301150000
105219,1.5,201301150000
105460,1.89,201301150000
105461,0.62,201301150000
105481,1.16,201301150000
105489,1.98,201301150000
105709,0.75,201301150000
105710,0.69,201301150000
105711,2.41,201301150000
105712,2.48,201301150000
105713,2.33,201301150000
105715,0.7,201301150000
105726,2.62,201301150000
105727,2.46,201301150000
105736,0.85,201301150000
105960,2.62,201301150000
105961,2.67,201301150000
105962,2.82,201301150000
105963,2.7,201301150000
105964,2.5,201301150000
105975,2.36,201301150000
106195,1.63,201301150000
106213,2.36,201301150000
106214,0.58,201301150000
106215,0.89,201301150000
106221,1.11,201301150000
106231,2.65,201301150000
106232,0.7,201301150000
106234,2.16,201301150000
106235,2.14,201301150000
106237,2.04,201301150000
106446,0.99,201301150000
106447,2.63,201301150000
106462,1.31,201301150000
106463,1.83,201301150000
106465,0.83,201301150000
106466,2.06,201301150000
106467,2.09,201301150000
106480,1.9,201301150000
106712,1.79,201301150000
106717,2.76,201301150000
106718,2.44,201301150000
106741,2.87,201301150000
106958,1.93,201301150000
106964,2.76,201301150000
106965,1.45,201301150000
106966,1.45,201301150000
106967,0.63,201301150000
106971,2.88,201301150000
106983,2.37,201301150000
106997,1.91,201301150000
107200,0.57,201301150000
107212,2.14,201301150000
107219,2.87,201301150000
107240,1.03,201301150000
107460,2.6,201301150000
107465,1.85,201301150000
107466,2.46,201301150000
107468,1.83,201301150000
107491,0.54,201301150000
107711,2.13,201301150000
107725,0.82,201301150000
107726,1.47,201301150000
107954,1.26,201301150000
107966,0.79,201301150000
107971,2.4,201301150000
107979,2.68,201301150000
107993,1.66,201301150000
108205,2.61,201301150000
108211,0.54,201301150000
108214,1.53,201301150000
108215,2.29,201301150000
108217,1.97,201301150000
108219,2.34,201301150000
108220,2.32,201301150000
108222,2.23,201301150000
108225,2.27,201301150000
108230,0.85,201301150000
108454,2.89,201301150000
108463,1.8,201301150000
108499,2.2,201301150000
108717,0.6,201301150000
108722,0.61,201301150000
108724,2.98,201301150000
108733,2.62,201301150000
108968,2.48,201301150000
108975,0.85,201301150000
108984,2.04,201301150000
108985,0.73,201301150000
109216,0.98,201301150000
109219,0.86,201301150000
109222,0.72,201301150000
109227,2.29,201301150000
109231,1.85,201301150000
109236,1.72,201301150000
109245,1.15,201301150000
109473,0.56,201301150000
109487,2.22,201301150000
109494,2.42,201301150000
109495,1.11,201301150000
109496,0.71,201301150000
109497,0.8,201301150000
109742,1.18,201301150000
109744,2.91,201301150000
109748,2.46,201301150000
109750,2.54,201301150000
109980,2.1,201301150000
109991,1.99,201301150000
109994,1.78,201301150000
109998,2.21,201301150000
110001,1.96,201301150000
110243,0.97,201301150000
110247,1.68,201301150000
110249,2.38,201301150000
110251,1.23,201301150000
110253,1.24,201301150000
110254,0.71,201301150000
