cell,mobility,dtg
1610,1.78,201301161600
1846,2.32,201301161600
1851,0.63,201301161600
1853,0.5,201301161600
1856,1.34,201301161600
1857,0.56,201301161600
2103,1.69,201301161600
2105,3.0,201301161600
2106,1.88,201301161600
2107,2.64,201301161600
2114,1.3,201301161600
2342,1.78,201301161600
2347,2.07,201301161600
2351,1.4,201301161600
2354,0.56,201301161600
2357,1.52,201301161600
2372,2.55,201301161600
2374,1.3,201301161600
2591,1.27,201301161600
2595,2.57,201301161600
2605,1.59,201301161600
2611,1.76,201301161600
2615,0.97,201301161600
2620,0.73,201301161600
2627,1.48,201301161600
2839,0.54,201301161600
2847,2.54,201301161600
3086,2.34,201301161600
3094,1.25,201301161600
3100,2.87,201301161600
3124,2.56,201301161600
3128,2.61,201301161600
3334,0.57,201301161600
3337,1.83,201301161600
3375,1.76,201301161600
3614,0.79,201301161600
3619,2.89,201301161600
3632,1.83,201301161600
3635,2.46,201301161600
3830,1.79,201301161600
3831,2.2,201301161600
3833,0.98,201301161600
3837,0.97,201301161600
3845,1.51,201301161600
3856,1.42,201301161600
3860,0.9,201301161600
3865,0.95,201301161600
4078,1.07,201301161600
4081,1.28,201301161600
4137,2.27,201301161600
4141,2.1,201301161600
4142,2.54,201301161600
4328,2.76,201301161600
4329,0.57,201301161600
4341,1.94,201301161600
4345,0.77,201301161600
4348,2.3,201301161600
4354,1.65,201301161600
4372,2.41,201301161600
4577,2.8,201301161600
4578,2.67,201301161600
4580,1.13,201301161600
4582,0.75,201301161600
4605,1.65,201301161600
4608,2.73,201301161600
4631,0.88,201301161600
4636,1.06,201301161600
4637,2.7,201301161600
4829,1.69,201301161600
4830,2.42,201301161600
4831,0.64,201301161600
4834,2.6,201301161600
4837,0.72,201301161600
4852,2.41,201301161600
4863,0.58,201301161600
4868,0.8,201301161600
4890,0.79,201301161600
4891,1.07,201301161600
5078,1.44,201301161600
5081,1.33,201301161600
5084,1.31,201301161600
5127,1.96,201301161600
5153,2.47,201301161600
5327,1.21,201301161600
5329,1.87,201301161600
5333,1.65,201301161600
5334,2.77,201301161600
5339,0.84,201301161600
5369,0.91,201301161600
5402,2.06,201301161600
5410,2.83,201301161600
5577,0.62,201301161600
5581,0.9,201301161600
5592,0.86,201301161600
5612,1.0,201301161600
5623,1.39,201301161600
5876,1.33,201301161600
5893,0.6,201301161600
5898,0.73,201301161600
6078,2.84,201301161600
6118,2.66,201301161600
6136,1.75,201301161600
6158,0.89,201301161600
6159,2.22,201301161600
6333,1.26,201301161600
6353,2.26,201301161600
6365,1.75,201301161600
6366,2.3,201301161600
6414,2.63,201301161600
6588,1.04,201301161600
6609,2.8,201301161600
6635,2.42,201301161600
6668,1.58,201301161600
6841,0.58,201301161600
6849,2.56,201301161600
6896,2.41,201301161600
6924,1.53,201301161600
6928,2.73,201301161600
6935,2.66,201301161600
6939,1.11,201301161600
7077,2.21,201301161600
7078,2.36,201301161600
7085,1.41,201301161600
7088,1.47,201301161600
7113,1.24,201301161600
7114,1.4,201301161600
7129,0.83,201301161600
7133,1.25,201301161600
7165,1.03,201301161600
7192,1.28,201301161600
7354,0.94,201301161600
7375,1.89,201301161600
7379,1.95,201301161600
7401,1.94,201301161600
7410,0.81,201301161600
7436,1.55,201301161600
7584,0.75,201301161600
7646,2.54,201301161600
7849,2.9,201301161600
7871,0.93,201301161600
7927,2.2,201301161600
7948,1.0,201301161600
8080,1.93,201301161600
8170,1.82,201301161600
8182,1.52,201301161600
8195,2.15,201301161600
8342,1.43,201301161600
8582,1.6,201301161600
8602,0.8,201301161600
8609,1.88,201301161600
8638,2.97,201301161600
8656,2.86,201301161600
8830,1.21,201301161600
8839,2.11,201301161600
8876,1.5,201301161600
8897,2.53,201301161600
8912,0.98,201301161600
8918,0.55,201301161600
8929,2.23,201301161600
8940,1.94,201301161600
8954,2.47,201301161600
9140,2.3,201301161600
9333,2.52,201301161600
9468,1.51,201301161600
9473,0.7,201301161600
9589,2.11,201301161600
9601,2.11,201301161600
9607,2.6,201301161600
9658,2.01,201301161600
9724,2.5,201301161600
9833,1.58,201301161600
10084,2.25,201301161600
10089,2.04,201301161600
10096,1.25,201301161600
10144,1.89,201301161600
10170,1.93,201301161600
10181,2.97,201301161600
10189,0.93,201301161600
10201,0.83,201301161600
10334,0.65,201301161600
10335,0.54,201301161600
10383,1.1,201301161600
10414,1.29,201301161600
10444,2.61,201301161600
10458,1.95,201301161600
10477,1.3,201301161600
10586,0.96,201301161600
10601,0.72,201301161600
10609,0.57,201301161600
10616,2.66,201301161600
10633,3.0,201301161600
10655,2.15,201301161600
10665,0.74,201301161600
10681,2.02,201301161600
10717,2.11,201301161600
10835,1.93,201301161600
10837,1.31,201301161600
10847,2.88,201301161600
10903,2.82,201301161600
10911,2.43,201301161600
10918,0.53,201301161600
10973,1.41,201301161600
11087,1.05,201301161600
11092,0.59,201301161600
11128,2.04,201301161600
11222,2.17,201301161600
11223,2.38,201301161600
11225,2.39,201301161600
11238,0.79,201301161600
11361,2.76,201301161600
11393,0.98,201301161600
11424,0.61,201301161600
11601,1.27,201301161600
11682,2.76,201301161600
11704,2.13,201301161600
11858,0.75,201301161600
11884,0.96,201301161600
11901,0.79,201301161600
11946,0.95,201301161600
11960,1.72,201301161600
11972,2.8,201301161600
12089,1.6,201301161600
12090,2.31,201301161600
12096,2.35,201301161600
12120,0.61,201301161600
12157,1.2,201301161600
12230,1.8,201301161600
12383,1.27,201301161600
12431,1.77,201301161600
12601,2.22,201301161600
12625,0.96,201301161600
12632,1.69,201301161600
12842,2.69,201301161600
12875,1.4,201301161600
12901,0.55,201301161600
12913,2.9,201301161600
12933,1.71,201301161600
12934,0.91,201301161600
12985,1.36,201301161600
13099,1.75,201301161600
13114,2.97,201301161600
13150,1.93,201301161600
13175,1.37,201301161600
13183,0.56,201301161600
13222,0.82,201301161600
13358,1.95,201301161600
13444,0.69,201301161600
13455,0.82,201301161600
13456,1.93,201301161600
13670,1.94,201301161600
13694,2.74,201301161600
13845,2.46,201301161600
13849,1.48,201301161600
14011,2.22,201301161600
14095,1.34,201301161600
14133,0.67,201301161600
14161,2.03,201301161600
14167,1.49,201301161600
14184,1.88,201301161600
14241,2.95,201301161600
14255,2.64,201301161600
14349,2.14,201301161600
14350,0.69,201301161600
14375,2.9,201301161600
14452,2.82,201301161600
14475,2.21,201301161600
14620,2.93,201301161600
14673,0.75,201301161600
14745,1.98,201301161600
14859,2.94,201301161600
14936,2.52,201301161600
14995,1.27,201301161600
15097,2.52,201301161600
15098,0.93,201301161600
15246,1.65,201301161600
15349,2.95,201301161600
15440,2.27,201301161600
15600,1.22,201301161600
15656,1.87,201301161600
15672,1.68,201301161600
15699,1.8,201301161600
15714,1.87,201301161600
15725,2.43,201301161600
15744,1.26,201301161600
15849,1.96,201301161600
15850,1.68,201301161600
15851,1.15,201301161600
15853,1.8,201301161600
15871,1.17,201301161600
16100,0.9,201301161600
16105,1.85,201301161600
16114,2.14,201301161600
16171,1.08,201301161600
16184,2.8,201301161600
16400,1.62,201301161600
16414,1.94,201301161600
16601,2.94,201301161600
16604,1.59,201301161600
16625,2.41,201301161600
16670,2.5,201301161600
16853,0.57,201301161600
16868,1.02,201301161600
16932,1.03,201301161600
17232,1.59,201301161600
17355,2.94,201301161600
17358,1.39,201301161600
17367,2.09,201301161600
17635,2.46,201301161600
17673,0.57,201301161600
17681,2.09,201301161600
17884,1.76,201301161600
17984,1.3,201301161600
18108,2.11,201301161600
18115,1.51,201301161600
18118,1.48,201301161600
18123,1.63,201301161600
18139,1.34,201301161600
18154,2.89,201301161600
18160,2.92,201301161600
18177,1.74,201301161600
18185,1.22,201301161600
18383,2.5,201301161600
18404,1.31,201301161600
18427,2.68,201301161600
18466,1.75,201301161600
18616,0.88,201301161600
18629,2.07,201301161600
18861,2.7,201301161600
18866,1.13,201301161600
18925,0.83,201301161600
19110,1.15,201301161600
19112,1.31,201301161600
19114,1.74,201301161600
19122,2.21,201301161600
19360,1.11,201301161600
19443,2.98,201301161600
19481,1.35,201301161600
19611,1.87,201301161600
19612,0.87,201301161600
19618,1.18,201301161600
19633,1.39,201301161600
19678,1.15,201301161600
19878,2.52,201301161600
19913,1.17,201301161600
20113,1.26,201301161600
20114,2.25,201301161600
20116,1.66,201301161600
20170,0.66,201301161600
20363,0.79,201301161600
20387,0.57,201301161600
20396,0.61,201301161600
20436,2.83,201301161600
20616,0.75,201301161600
20621,1.16,201301161600
20628,2.21,201301161600
20651,0.93,201301161600
20671,1.35,201301161600
20682,2.18,201301161600
20864,1.02,201301161600
20882,1.12,201301161600
20931,0.59,201301161600
20995,2.68,201301161600
21115,2.38,201301161600
21118,2.3,201301161600
21201,1.05,201301161600
21373,0.77,201301161600
21377,1.99,201301161600
21392,0.88,201301161600
21407,1.72,201301161600
21428,2.67,201301161600
21448,1.06,201301161600
21617,2.81,201301161600
21619,0.77,201301161600
21639,2.53,201301161600
21658,2.39,201301161600
21663,1.36,201301161600
21701,0.62,201301161600
21721,0.52,201301161600
21868,1.17,201301161600
21871,1.8,201301161600
21999,2.47,201301161600
22126,1.07,201301161600
22133,1.78,201301161600
22174,2.38,201301161600
22176,1.76,201301161600
22205,2.02,201301161600
22368,1.81,201301161600
22395,1.78,201301161600
22419,2.38,201301161600
22420,1.82,201301161600
22421,1.68,201301161600
22422,1.8,201301161600
22619,1.17,201301161600
22630,0.54,201301161600
22634,2.37,201301161600
22671,2.38,201301161600
22673,1.82,201301161600
22700,0.7,201301161600
22751,1.28,201301161600
22768,2.78,201301161600
22869,1.12,201301161600
22877,0.53,201301161600
22928,0.94,201301161600
22940,0.82,201301161600
22955,1.55,201301161600
22963,2.21,201301161600
22966,2.27,201301161600
23120,1.79,201301161600
23124,1.91,201301161600
23125,1.38,201301161600
23131,0.74,201301161600
23138,1.5,201301161600
23169,2.4,201301161600
23194,2.71,201301161600
23216,1.01,201301161600
23370,1.51,201301161600
23371,1.76,201301161600
23379,1.64,201301161600
23386,1.87,201301161600
23388,1.98,201301161600
23427,2.86,201301161600
23621,1.86,201301161600
23627,1.76,201301161600
23635,2.91,201301161600
23641,1.07,201301161600
23662,1.19,201301161600
23669,1.75,201301161600
23690,1.56,201301161600
23744,2.7,201301161600
23750,2.4,201301161600
23872,0.7,201301161600
23873,1.23,201301161600
23875,0.84,201301161600
23881,1.96,201301161600
23894,1.78,201301161600
23896,0.79,201301161600
23907,1.52,201301161600
23925,1.67,201301161600
23973,0.52,201301161600
24005,1.32,201301161600
24009,2.98,201301161600
24032,1.7,201301161600
24122,2.46,201301161600
24123,0.74,201301161600
24149,1.42,201301161600
24247,0.91,201301161600
24251,2.12,201301161600
24265,2.77,201301161600
24266,2.11,201301161600
24373,1.09,201301161600
24374,2.69,201301161600
24380,2.95,201301161600
24381,2.98,201301161600
24383,1.96,201301161600
24387,2.17,201301161600
24402,0.53,201301161600
24405,2.45,201301161600
24423,1.27,201301161600
24623,0.63,201301161600
24626,0.69,201301161600
24643,1.75,201301161600
24732,2.84,201301161600
24734,0.78,201301161600
24739,2.6,201301161600
24774,2.43,201301161600
24775,1.61,201301161600
24781,1.01,201301161600
24837,1.27,201301161600
24874,1.24,201301161600
24877,1.35,201301161600
24879,2.36,201301161600
24880,1.07,201301161600
24895,0.69,201301161600
24920,2.3,201301161600
24990,1.44,201301161600
24991,2.43,201301161600
24993,1.13,201301161600
25124,1.2,201301161600
25125,0.62,201301161600
25126,0.84,201301161600
25129,0.83,201301161600
25130,1.91,201301161600
25132,1.7,201301161600
25136,2.69,201301161600
25138,0.71,201301161600
25141,2.59,201301161600
25179,2.3,201301161600
25187,2.01,201301161600
25375,1.1,201301161600
25376,2.88,201301161600
25377,2.52,201301161600
25379,1.28,201301161600
25385,0.94,201301161600
25395,2.51,201301161600
25400,2.03,201301161600
25405,2.87,201301161600
25412,1.84,201301161600
25427,1.59,201301161600
25626,2.0,201301161600
25627,2.26,201301161600
25628,2.62,201301161600
25629,2.99,201301161600
25632,2.18,201301161600
25633,2.4,201301161600
25642,1.42,201301161600
25715,1.0,201301161600
25747,2.74,201301161600
25763,1.49,201301161600
25876,2.63,201301161600
25877,2.67,201301161600
25878,2.71,201301161600
25881,0.69,201301161600
25882,0.62,201301161600
25886,2.56,201301161600
25888,0.91,201301161600
25926,1.49,201301161600
25997,0.78,201301161600
26005,1.53,201301161600
26035,0.84,201301161600
26127,1.01,201301161600
26129,1.08,201301161600
26130,2.4,201301161600
26133,0.7,201301161600
26135,1.54,201301161600
26136,1.46,201301161600
26138,1.59,201301161600
26139,1.18,201301161600
26141,2.01,201301161600
26148,1.04,201301161600
26168,1.84,201301161600
26378,1.07,201301161600
26379,2.23,201301161600
26380,2.53,201301161600
26381,1.16,201301161600
26382,2.25,201301161600
26383,1.21,201301161600
26385,2.77,201301161600
26386,2.34,201301161600
26387,2.38,201301161600
26389,0.7,201301161600
26391,0.92,201301161600
26392,1.16,201301161600
26393,0.85,201301161600
26396,1.03,201301161600
26403,1.36,201301161600
26408,0.95,201301161600
26427,2.71,201301161600
26450,2.2,201301161600
26492,0.64,201301161600
26546,2.37,201301161600
26563,1.36,201301161600
26564,2.48,201301161600
26628,0.53,201301161600
26629,1.42,201301161600
26630,1.8,201301161600
26631,2.28,201301161600
26633,0.86,201301161600
26634,2.62,201301161600
26656,2.57,201301161600
26674,2.59,201301161600
26708,1.64,201301161600
26752,0.61,201301161600
26754,0.82,201301161600
26755,2.12,201301161600
26782,0.66,201301161600
26846,2.65,201301161600
26879,2.78,201301161600
26880,1.67,201301161600
26881,3.0,201301161600
26882,2.28,201301161600
26883,2.96,201301161600
26884,0.76,201301161600
26885,2.49,201301161600
26886,1.71,201301161600
26887,0.54,201301161600
26889,1.05,201301161600
26890,0.99,201301161600
26891,2.75,201301161600
26892,2.81,201301161600
26893,1.13,201301161600
26894,2.45,201301161600
26895,1.05,201301161600
26897,2.97,201301161600
26905,1.42,201301161600
26938,0.58,201301161600
26964,1.89,201301161600
27006,1.52,201301161600
27042,2.63,201301161600
27098,2.96,201301161600
27130,0.86,201301161600
27131,2.2,201301161600
27132,0.55,201301161600
27133,2.36,201301161600
27134,1.07,201301161600
27135,2.59,201301161600
27136,2.99,201301161600
27137,1.54,201301161600
27138,0.53,201301161600
27142,1.87,201301161600
27143,1.01,201301161600
27145,0.72,201301161600
27148,2.09,201301161600
27149,0.59,201301161600
27152,1.59,201301161600
27155,1.34,201301161600
27175,1.39,201301161600
27209,2.0,201301161600
27247,0.81,201301161600
27381,1.53,201301161600
27382,0.74,201301161600
27383,1.22,201301161600
27384,2.06,201301161600
27386,0.71,201301161600
27387,2.78,201301161600
27388,1.17,201301161600
27389,1.4,201301161600
27390,0.53,201301161600
27392,1.67,201301161600
27395,1.75,201301161600
27404,2.32,201301161600
27415,2.81,201301161600
27427,1.54,201301161600
27489,1.53,201301161600
27494,2.37,201301161600
27498,1.45,201301161600
27518,1.41,201301161600
27632,0.93,201301161600
27633,2.73,201301161600
27634,2.79,201301161600
27635,2.44,201301161600
27636,1.13,201301161600
27637,1.79,201301161600
27638,0.84,201301161600
27639,1.55,201301161600
27640,1.12,201301161600
27642,0.83,201301161600
27643,2.36,201301161600
27645,2.02,201301161600
27646,1.22,201301161600
27647,0.91,201301161600
27649,1.77,201301161600
27654,1.84,201301161600
27763,1.58,201301161600
27764,1.85,201301161600
27796,0.9,201301161600
27797,2.39,201301161600
27883,0.92,201301161600
27884,1.77,201301161600
27885,1.75,201301161600
27886,1.23,201301161600
27887,0.62,201301161600
27888,1.58,201301161600
27889,2.6,201301161600
27890,1.28,201301161600
27891,1.09,201301161600
27892,0.98,201301161600
27894,2.95,201301161600
27895,1.83,201301161600
27897,2.19,201301161600
27902,1.55,201301161600
27908,2.08,201301161600
27911,0.97,201301161600
27930,1.53,201301161600
27971,3.0,201301161600
28004,0.84,201301161600
28015,2.04,201301161600
28049,1.51,201301161600
28102,1.52,201301161600
28134,2.47,201301161600
28135,2.83,201301161600
28136,1.63,201301161600
28137,1.31,201301161600
28138,2.51,201301161600
28139,2.78,201301161600
28140,1.03,201301161600
28142,1.32,201301161600
28143,2.79,201301161600
28144,0.53,201301161600
28146,1.39,201301161600
28154,1.17,201301161600
28156,0.66,201301161600
28216,0.63,201301161600
28239,2.11,201301161600
28384,1.55,201301161600
28385,0.89,201301161600
28386,2.2,201301161600
28387,0.77,201301161600
28388,1.12,201301161600
28389,2.22,201301161600
28390,1.77,201301161600
28391,1.75,201301161600
28392,2.89,201301161600
28393,1.85,201301161600
28394,2.56,201301161600
28396,2.98,201301161600
28397,0.75,201301161600
28400,1.76,201301161600
28401,1.53,201301161600
28405,2.01,201301161600
28427,1.98,201301161600
28467,2.1,201301161600
28496,0.54,201301161600
28497,0.67,201301161600
28519,1.19,201301161600
28535,2.45,201301161600
28539,1.02,201301161600
28545,1.01,201301161600
28557,1.04,201301161600
28635,2.34,201301161600
28636,1.2,201301161600
28637,0.67,201301161600
28638,2.98,201301161600
28639,1.18,201301161600
28640,2.94,201301161600
28641,2.84,201301161600
28642,1.95,201301161600
28643,1.18,201301161600
28644,0.86,201301161600
28645,0.57,201301161600
28646,1.18,201301161600
28649,0.86,201301161600
28658,2.76,201301161600
28667,1.2,201301161600
28675,1.55,201301161600
28751,1.06,201301161600
28753,2.06,201301161600
28754,2.1,201301161600
28788,2.68,201301161600
28812,1.6,201301161600
28823,2.23,201301161600
28886,1.17,201301161600
28887,1.65,201301161600
28888,1.15,201301161600
28889,1.18,201301161600
28890,1.48,201301161600
28891,1.67,201301161600
28892,1.89,201301161600
28893,1.98,201301161600
28894,0.57,201301161600
28895,1.74,201301161600
28896,2.09,201301161600
28897,1.22,201301161600
28899,1.65,201301161600
28900,2.24,201301161600
28901,2.24,201301161600
28902,0.94,201301161600
28905,1.58,201301161600
28912,1.22,201301161600
28960,1.66,201301161600
28969,0.81,201301161600
29004,1.11,201301161600
29012,2.31,201301161600
29026,1.21,201301161600
29068,2.84,201301161600
29076,2.7,201301161600
29088,0.62,201301161600
29094,1.54,201301161600
29136,1.65,201301161600
29137,0.73,201301161600
29138,2.31,201301161600
29139,1.28,201301161600
29140,2.06,201301161600
29141,2.7,201301161600
29142,2.88,201301161600
29143,1.72,201301161600
29144,1.15,201301161600
29146,1.58,201301161600
29147,2.59,201301161600
29148,1.21,201301161600
29149,1.62,201301161600
29151,2.46,201301161600
29158,2.82,201301161600
29165,2.37,201301161600
29171,0.59,201301161600
29190,1.59,201301161600
29247,1.02,201301161600
29387,2.93,201301161600
29388,0.84,201301161600
29389,0.76,201301161600
29390,2.51,201301161600
29391,2.72,201301161600
29392,0.84,201301161600
29393,0.84,201301161600
29394,1.07,201301161600
29395,2.34,201301161600
29396,1.14,201301161600
29397,1.46,201301161600
29398,2.18,201301161600
29399,1.06,201301161600
29401,2.66,201301161600
29402,0.86,201301161600
29403,2.14,201301161600
29405,0.88,201301161600
29409,1.49,201301161600
29425,2.63,201301161600
29429,1.51,201301161600
29495,1.84,201301161600
29498,0.58,201301161600
29533,2.96,201301161600
29556,2.82,201301161600
29638,0.82,201301161600
29639,2.59,201301161600
29640,0.69,201301161600
29641,1.9,201301161600
29642,2.63,201301161600
29643,0.76,201301161600
29644,2.21,201301161600
29645,2.16,201301161600
29648,2.91,201301161600
29649,1.89,201301161600
29650,2.84,201301161600
29654,2.34,201301161600
29663,2.11,201301161600
29670,1.52,201301161600
29710,0.94,201301161600
29730,2.28,201301161600
29733,2.57,201301161600
29736,2.54,201301161600
29766,0.91,201301161600
29891,1.3,201301161600
29892,1.5,201301161600
29893,3.0,201301161600
29894,1.15,201301161600
29895,1.33,201301161600
29896,1.61,201301161600
29897,2.92,201301161600
29898,1.36,201301161600
29900,1.16,201301161600
29903,1.06,201301161600
29906,1.7,201301161600
29909,1.3,201301161600
29912,1.63,201301161600
29917,1.55,201301161600
29925,2.12,201301161600
29966,2.87,201301161600
30021,2.66,201301161600
30026,1.39,201301161600
30036,0.69,201301161600
30142,1.67,201301161600
30143,0.65,201301161600
30144,0.81,201301161600
30145,0.63,201301161600
30146,0.52,201301161600
30147,0.89,201301161600
30148,2.14,201301161600
30152,2.24,201301161600
30154,2.68,201301161600
30157,1.08,201301161600
30158,1.2,201301161600
30181,1.62,201301161600
30242,0.94,201301161600
30243,2.43,201301161600
30244,1.21,201301161600
30261,2.86,201301161600
30300,1.5,201301161600
30322,1.9,201301161600
30393,2.38,201301161600
30394,2.69,201301161600
30395,0.66,201301161600
30396,2.04,201301161600
30397,0.6,201301161600
30398,0.75,201301161600
30400,0.64,201301161600
30401,1.39,201301161600
30403,1.57,201301161600
30407,2.04,201301161600
30410,1.77,201301161600
30420,0.77,201301161600
30430,2.68,201301161600
30434,1.8,201301161600
30439,1.78,201301161600
30481,1.98,201301161600
30489,2.03,201301161600
30494,0.79,201301161600
30495,1.38,201301161600
30496,1.98,201301161600
30645,2.68,201301161600
30646,2.45,201301161600
30647,2.38,201301161600
30648,1.16,201301161600
30649,2.71,201301161600
30650,1.75,201301161600
30651,0.73,201301161600
30652,2.26,201301161600
30653,1.14,201301161600
30654,2.18,201301161600
30661,1.28,201301161600
30664,0.71,201301161600
30666,1.3,201301161600
30669,1.86,201301161600
30673,2.51,201301161600
30683,1.6,201301161600
30745,2.17,201301161600
30750,2.78,201301161600
30777,1.97,201301161600
30780,2.59,201301161600
30812,0.91,201301161600
30897,0.82,201301161600
30898,1.03,201301161600
30899,0.94,201301161600
30900,2.92,201301161600
30901,1.28,201301161600
30902,0.52,201301161600
30903,1.57,201301161600
30904,1.55,201301161600
30908,0.99,201301161600
30909,1.57,201301161600
30912,1.45,201301161600
30913,1.71,201301161600
30928,0.69,201301161600
30953,2.11,201301161600
30979,2.86,201301161600
30994,2.21,201301161600
30995,0.99,201301161600
31027,1.05,201301161600
31028,2.09,201301161600
31029,2.95,201301161600
31082,0.63,201301161600
31148,0.67,201301161600
31149,1.16,201301161600
31150,2.51,201301161600
31151,2.16,201301161600
31152,2.83,201301161600
31156,2.7,201301161600
31157,1.19,201301161600
31161,1.58,201301161600
31166,1.48,201301161600
31172,1.03,201301161600
31274,2.62,201301161600
31281,1.3,201301161600
31369,0.99,201301161600
31398,2.28,201301161600
31401,2.12,201301161600
31407,1.31,201301161600
31408,2.08,201301161600
31409,2.78,201301161600
31410,2.69,201301161600
31413,1.84,201301161600
31419,2.9,201301161600
31427,2.31,201301161600
31457,0.74,201301161600
31466,0.85,201301161600
31651,2.28,201301161600
31652,2.77,201301161600
31656,0.98,201301161600
31660,0.65,201301161600
31663,2.15,201301161600
31666,1.22,201301161600
31675,2.3,201301161600
31738,2.19,201301161600
31754,1.51,201301161600
31782,0.99,201301161600
31903,2.71,201301161600
31904,1.41,201301161600
31905,0.99,201301161600
31906,1.16,201301161600
31908,2.48,201301161600
31912,2.33,201301161600
31921,3.0,201301161600
31928,2.2,201301161600
31949,0.84,201301161600
32028,1.14,201301161600
32032,1.22,201301161600
32045,1.58,201301161600
32150,1.28,201301161600
32155,2.39,201301161600
32157,1.26,201301161600
32161,0.93,201301161600
32162,1.65,201301161600
32167,2.95,201301161600
32169,1.63,201301161600
32175,2.14,201301161600
32182,1.44,201301161600
32185,2.37,201301161600
32195,0.65,201301161600
32235,2.45,201301161600
32404,0.55,201301161600
32405,2.76,201301161600
32410,2.49,201301161600
32411,1.72,201301161600
32415,1.72,201301161600
32449,1.0,201301161600
32490,1.48,201301161600
32558,2.64,201301161600
32622,0.58,201301161600
32656,1.21,201301161600
32658,2.12,201301161600
32660,0.63,201301161600
32662,2.74,201301161600
32668,2.48,201301161600
32682,2.39,201301161600
32697,2.15,201301161600
32712,1.48,201301161600
32729,1.48,201301161600
32739,0.66,201301161600
32742,1.46,201301161600
32744,0.81,201301161600
32802,2.4,201301161600
32834,0.61,201301161600
32905,1.35,201301161600
32907,2.47,201301161600
32912,0.97,201301161600
32916,0.73,201301161600
32922,2.82,201301161600
32924,1.24,201301161600
32926,1.74,201301161600
32929,2.89,201301161600
32977,0.8,201301161600
32978,1.41,201301161600
33154,1.71,201301161600
33158,1.99,201301161600
33160,2.88,201301161600
33165,2.4,201301161600
33170,1.59,201301161600
33186,2.17,201301161600
33286,1.92,201301161600
33405,2.4,201301161600
33409,2.1,201301161600
33412,1.37,201301161600
33418,1.52,201301161600
33420,0.55,201301161600
33424,2.09,201301161600
33435,0.93,201301161600
33442,2.75,201301161600
33519,2.09,201301161600
33594,1.61,201301161600
33656,2.63,201301161600
33659,2.68,201301161600
33662,2.97,201301161600
33664,2.16,201301161600
33666,0.67,201301161600
33669,0.71,201301161600
33673,0.65,201301161600
33675,1.4,201301161600
33694,1.65,201301161600
33724,1.41,201301161600
33742,2.46,201301161600
33812,1.97,201301161600
33909,1.03,201301161600
33911,1.47,201301161600
33912,1.79,201301161600
33913,1.87,201301161600
33922,0.99,201301161600
33923,2.08,201301161600
33924,1.68,201301161600
33931,0.81,201301161600
33935,2.86,201301161600
33986,2.9,201301161600
34013,1.28,201301161600
34160,2.01,201301161600
34161,0.95,201301161600
34162,1.67,201301161600
34163,2.44,201301161600
34167,1.15,201301161600
34190,2.25,201301161600
34211,1.98,201301161600
34303,2.81,201301161600
34380,1.35,201301161600
34407,2.18,201301161600
34413,2.16,201301161600
34423,2.54,201301161600
34424,2.82,201301161600
34427,1.6,201301161600
34430,2.55,201301161600
34437,1.4,201301161600
34440,2.69,201301161600
34486,2.54,201301161600
34495,0.57,201301161600
34510,1.42,201301161600
34520,0.65,201301161600
34528,1.25,201301161600
34563,2.76,201301161600
34662,0.98,201301161600
34667,1.67,201301161600
34668,2.24,201301161600
34670,2.93,201301161600
34672,0.61,201301161600
34673,0.97,201301161600
34676,0.64,201301161600
34679,2.26,201301161600
34682,0.99,201301161600
34695,0.7,201301161600
34710,1.04,201301161600
34714,2.71,201301161600
34720,2.03,201301161600
34882,0.68,201301161600
34913,0.71,201301161600
34914,1.44,201301161600
34915,1.73,201301161600
34924,2.86,201301161600
34925,2.85,201301161600
34934,1.38,201301161600
34939,1.2,201301161600
34959,1.14,201301161600
34990,0.87,201301161600
35102,1.12,201301161600
35164,2.89,201301161600
35166,2.2,201301161600
35173,1.13,201301161600
35178,2.23,201301161600
35183,0.83,201301161600
35185,2.05,201301161600
35187,2.3,201301161600
35193,0.65,201301161600
35203,2.39,201301161600
35218,3.0,201301161600
35237,0.8,201301161600
35244,2.5,201301161600
35249,1.96,201301161600
35295,2.96,201301161600
35368,1.72,201301161600
35410,1.22,201301161600
35414,1.84,201301161600
35415,2.99,201301161600
35417,2.22,201301161600
35421,1.82,201301161600
35440,1.72,201301161600
35455,1.53,201301161600
35492,1.33,201301161600
35515,2.6,201301161600
35665,0.85,201301161600
35675,0.58,201301161600
35683,1.27,201301161600
35686,1.43,201301161600
35700,1.87,201301161600
35745,1.66,201301161600
35755,1.8,201301161600
35769,2.85,201301161600
35916,0.94,201301161600
35917,1.73,201301161600
35918,0.97,201301161600
35919,2.25,201301161600
35921,0.62,201301161600
35929,0.7,201301161600
35931,1.01,201301161600
35941,1.11,201301161600
35944,1.09,201301161600
35971,1.86,201301161600
35981,1.44,201301161600
35992,1.44,201301161600
35994,2.63,201301161600
36067,0.7,201301161600
36162,2.79,201301161600
36167,1.86,201301161600
36169,1.88,201301161600
36170,2.82,201301161600
36173,2.9,201301161600
36176,1.13,201301161600
36177,0.64,201301161600
36205,2.08,201301161600
36237,1.59,201301161600
36245,1.48,201301161600
36246,2.17,201301161600
36293,1.44,201301161600
36311,0.67,201301161600
36417,0.94,201301161600
36420,1.15,201301161600
36421,0.84,201301161600
36441,2.9,201301161600
36448,2.29,201301161600
36494,2.32,201301161600
36498,1.9,201301161600
36502,2.49,201301161600
36510,0.93,201301161600
36513,2.22,201301161600
36519,2.76,201301161600
36524,1.7,201301161600
36576,1.08,201301161600
36668,1.0,201301161600
36673,1.29,201301161600
36675,1.08,201301161600
36677,2.31,201301161600
36679,1.27,201301161600
36682,0.75,201301161600
36688,1.95,201301161600
36690,2.59,201301161600
36711,2.34,201301161600
36717,2.85,201301161600
36758,1.49,201301161600
36889,1.89,201301161600
36915,2.16,201301161600
36918,2.12,201301161600
36933,1.15,201301161600
36934,2.81,201301161600
36953,2.62,201301161600
36959,1.87,201301161600
36996,2.88,201301161600
36999,1.19,201301161600
37001,1.57,201301161600
37167,2.88,201301161600
37168,1.15,201301161600
37169,0.59,201301161600
37172,2.51,201301161600
37176,2.44,201301161600
37178,1.52,201301161600
37179,1.76,201301161600
37182,1.77,201301161600
37192,0.56,201301161600
37200,2.41,201301161600
37206,1.93,201301161600
37232,1.33,201301161600
37239,2.5,201301161600
37270,2.51,201301161600
37298,2.25,201301161600
37304,2.07,201301161600
37419,1.64,201301161600
37421,2.43,201301161600
37423,1.34,201301161600
37425,1.74,201301161600
37446,0.97,201301161600
37454,2.72,201301161600
37477,1.66,201301161600
37487,1.59,201301161600
37501,1.59,201301161600
37503,2.31,201301161600
37513,1.76,201301161600
37523,0.79,201301161600
37562,2.64,201301161600
37609,2.28,201301161600
37642,1.45,201301161600
37643,2.56,201301161600
37670,1.71,201301161600
37671,1.62,201301161600
37672,2.45,201301161600
37676,1.06,201301161600
37688,1.61,201301161600
37689,2.24,201301161600
37690,1.18,201301161600
37695,2.22,201301161600
37701,2.37,201301161600
37710,2.01,201301161600
37711,1.18,201301161600
37754,0.8,201301161600
37874,2.15,201301161600
37891,2.02,201301161600
37893,2.47,201301161600
37894,2.03,201301161600
37926,1.23,201301161600
37928,1.94,201301161600
37929,2.59,201301161600
37932,0.51,201301161600
37936,2.55,201301161600
37943,2.41,201301161600
37952,2.44,201301161600
37962,2.82,201301161600
37968,2.19,201301161600
38003,1.43,201301161600
38060,1.31,201301161600
38145,0.75,201301161600
38172,1.08,201301161600
38173,2.05,201301161600
38178,0.79,201301161600
38200,1.69,201301161600
38204,0.54,201301161600
38209,1.62,201301161600
38215,0.94,201301161600
38220,1.38,201301161600
38225,1.74,201301161600
38228,1.06,201301161600
38230,2.73,201301161600
38243,2.28,201301161600
38247,1.05,201301161600
38255,2.28,201301161600
38263,1.09,201301161600
38268,2.44,201301161600
38272,2.21,201301161600
38367,2.83,201301161600
38381,2.83,201301161600
38423,1.57,201301161600
38425,0.79,201301161600
38426,1.9,201301161600
38431,1.31,201301161600
38440,1.33,201301161600
38479,2.85,201301161600
38481,2.77,201301161600
38483,0.67,201301161600
38488,1.62,201301161600
38490,0.89,201301161600
38498,2.5,201301161600
38499,1.32,201301161600
38500,2.69,201301161600
38505,1.98,201301161600
38506,2.63,201301161600
38508,2.17,201301161600
38517,2.28,201301161600
38534,0.87,201301161600
38648,1.37,201301161600
38674,0.97,201301161600
38676,2.4,201301161600
38679,1.99,201301161600
38684,0.97,201301161600
38693,1.82,201301161600
38697,1.76,201301161600
38716,0.92,201301161600
38722,0.64,201301161600
38736,1.02,201301161600
38738,0.94,201301161600
38752,2.42,201301161600
38753,2.02,201301161600
38758,1.52,201301161600
38760,2.39,201301161600
38761,2.28,201301161600
38762,1.03,201301161600
38766,2.35,201301161600
38769,2.57,201301161600
38778,1.08,201301161600
38812,0.76,201301161600
38939,1.0,201301161600
38953,2.47,201301161600
38958,2.12,201301161600
38967,1.26,201301161600
39006,0.56,201301161600
39008,1.14,201301161600
39010,2.59,201301161600
39011,1.67,201301161600
39017,2.29,201301161600
39113,1.2,201301161600
39148,0.6,201301161600
39149,1.38,201301161600
39176,2.5,201301161600
39178,0.82,201301161600
39191,1.4,201301161600
39201,0.54,201301161600
39230,1.84,201301161600
39236,1.48,201301161600
39246,2.81,201301161600
39252,0.72,201301161600
39255,1.48,201301161600
39260,2.87,201301161600
39262,2.18,201301161600
39263,1.69,201301161600
39268,1.39,201301161600
39269,1.16,201301161600
39271,2.4,201301161600
39274,1.1,201301161600
39275,2.16,201301161600
39375,0.99,201301161600
39391,1.54,201301161600
39427,1.75,201301161600
39428,0.83,201301161600
39430,2.99,201301161600
39433,2.4,201301161600
39446,2.69,201301161600
39457,1.92,201301161600
39514,1.74,201301161600
39515,2.73,201301161600
39516,1.75,201301161600
39517,1.16,201301161600
39535,2.06,201301161600
39554,2.41,201301161600
39559,0.83,201301161600
39631,2.96,201301161600
39632,0.63,201301161600
39633,0.57,201301161600
39652,2.55,201301161600
39683,0.58,201301161600
39687,2.12,201301161600
39706,1.09,201301161600
39710,1.03,201301161600
39722,1.11,201301161600
39731,2.17,201301161600
39750,1.48,201301161600
39755,0.63,201301161600
39759,1.3,201301161600
39762,2.95,201301161600
39764,2.39,201301161600
39765,1.69,201301161600
39766,2.13,201301161600
39767,2.83,201301161600
39769,0.84,201301161600
39772,1.15,201301161600
39776,0.9,201301161600
39777,2.61,201301161600
39790,0.68,201301161600
39791,2.1,201301161600
39796,2.57,201301161600
39832,0.71,201301161600
39883,1.88,201301161600
39930,1.54,201301161600
39932,0.84,201301161600
39941,1.52,201301161600
39948,1.97,201301161600
39969,1.16,201301161600
40018,2.31,201301161600
40031,2.52,201301161600
40133,0.97,201301161600
40180,1.91,201301161600
40188,1.36,201301161600
40196,2.11,201301161600
40242,2.35,201301161600
40246,0.73,201301161600
40259,1.85,201301161600
40264,0.56,201301161600
40267,2.81,201301161600
40268,0.57,201301161600
40270,1.26,201301161600
40276,2.47,201301161600
40286,1.64,201301161600
40295,2.77,201301161600
40431,1.84,201301161600
40432,1.44,201301161600
40442,1.75,201301161600
40447,1.48,201301161600
40448,0.53,201301161600
40451,2.54,201301161600
40457,2.55,201301161600
40500,0.98,201301161600
40512,0.71,201301161600
40518,0.79,201301161600
40519,2.03,201301161600
40522,2.88,201301161600
40524,2.49,201301161600
40525,1.65,201301161600
40532,1.91,201301161600
40560,2.31,201301161600
40566,0.58,201301161600
40633,2.96,201301161600
40687,2.22,201301161600
40713,1.83,201301161600
40719,1.03,201301161600
40732,1.51,201301161600
40733,1.7,201301161600
40766,1.34,201301161600
40810,1.9,201301161600
40894,0.51,201301161600
40933,1.48,201301161600
40936,1.78,201301161600
40939,0.54,201301161600
40954,1.61,201301161600
40982,0.77,201301161600
41021,2.9,201301161600
41024,1.76,201301161600
41061,0.74,201301161600
41145,1.54,201301161600
41157,2.59,201301161600
41183,1.64,201301161600
41200,2.86,201301161600
41262,0.54,201301161600
41265,2.58,201301161600
41270,2.56,201301161600
41277,1.44,201301161600
41318,1.02,201301161600
41401,1.85,201301161600
41407,0.6,201301161600
41437,2.02,201301161600
41459,1.09,201301161600
41465,0.72,201301161600
41469,0.66,201301161600
41508,1.28,201301161600
41520,1.09,201301161600
41522,1.46,201301161600
41526,1.69,201301161600
41532,1.68,201301161600
41558,0.88,201301161600
41635,0.78,201301161600
41653,2.43,201301161600
41658,2.48,201301161600
41692,1.9,201301161600
41696,2.21,201301161600
41764,1.75,201301161600
41772,0.67,201301161600
41893,0.86,201301161600
41904,0.74,201301161600
41905,1.43,201301161600
41936,2.12,201301161600
41941,0.79,201301161600
41958,1.22,201301161600
41990,2.01,201301161600
42023,2.03,201301161600
42026,2.93,201301161600
42029,2.52,201301161600
42074,1.13,201301161600
42085,1.63,201301161600
42095,2.58,201301161600
42147,1.86,201301161600
42160,3.0,201301161600
42200,1.22,201301161600
42213,1.16,201301161600
42267,1.47,201301161600
42271,1.01,201301161600
42274,1.5,201301161600
42283,1.86,201301161600
42291,1.48,201301161600
42342,1.54,201301161600
42411,2.3,201301161600
42438,0.95,201301161600
42454,0.95,201301161600
42471,2.77,201301161600
42478,1.33,201301161600
42487,2.1,201301161600
42503,2.81,201301161600
42514,2.73,201301161600
42521,1.48,201301161600
42533,0.51,201301161600
42644,1.6,201301161600
42661,2.73,201301161600
42695,1.52,201301161600
42744,1.19,201301161600
42750,1.58,201301161600
42846,2.42,201301161600
42905,0.91,201301161600
42912,2.67,201301161600
42939,0.69,201301161600
42940,0.65,201301161600
42944,2.33,201301161600
42949,1.55,201301161600
43011,0.98,201301161600
43021,0.64,201301161600
43030,2.47,201301161600
43151,0.77,201301161600
43160,1.69,201301161600
43162,1.25,201301161600
43213,2.67,201301161600
43220,0.54,201301161600
43261,2.9,201301161600
43412,1.37,201301161600
43413,1.19,201301161600
43440,1.24,201301161600
43443,2.4,201301161600
43449,2.7,201301161600
43483,0.94,201301161600
43484,1.58,201301161600
43494,2.31,201301161600
43518,2.09,201301161600
43523,1.0,201301161600
43526,2.74,201301161600
43530,1.31,201301161600
43571,0.66,201301161600
43642,0.99,201301161600
43662,2.67,201301161600
43738,1.96,201301161600
43760,2.17,201301161600
43779,1.18,201301161600
43914,2.13,201301161600
43957,0.52,201301161600
43980,0.7,201301161600
43984,2.76,201301161600
43992,2.61,201301161600
43995,2.99,201301161600
44002,0.68,201301161600
44039,2.2,201301161600
44194,0.74,201301161600
44197,2.37,201301161600
44204,1.12,201301161600
44215,1.62,201301161600
44226,1.33,201301161600
44247,0.74,201301161600
44255,1.42,201301161600
44282,1.15,201301161600
44284,1.59,201301161600
44356,2.21,201301161600
44470,0.94,201301161600
44486,1.46,201301161600
44503,0.87,201301161600
44504,0.58,201301161600
44510,1.04,201301161600
44517,2.22,201301161600
44534,1.44,201301161600
44578,1.36,201301161600
44666,1.33,201301161600
44694,0.99,201301161600
44697,1.41,201301161600
44716,2.21,201301161600
44724,0.97,201301161600
44743,2.23,201301161600
44755,2.34,201301161600
44756,2.5,201301161600
44757,1.9,201301161600
44758,2.24,201301161600
44786,1.43,201301161600
44787,1.29,201301161600
44911,1.67,201301161600
44963,0.73,201301161600
45005,2.96,201301161600
45006,2.02,201301161600
45007,0.72,201301161600
45008,2.89,201301161600
45039,1.33,201301161600
45114,1.53,201301161600
45168,1.72,201301161600
45200,0.84,201301161600
45203,0.61,201301161600
45208,1.94,201301161600
45237,2.28,201301161600
45254,2.76,201301161600
45256,1.75,201301161600
45258,2.52,201301161600
45261,2.32,201301161600
45265,0.95,201301161600
45266,0.62,201301161600
45401,2.53,201301161600
45479,0.93,201301161600
45502,2.1,201301161600
45507,0.91,201301161600
45509,2.3,201301161600
45526,0.69,201301161600
45538,2.3,201301161600
45582,0.64,201301161600
45661,2.76,201301161600
45701,2.86,201301161600
45703,2.19,201301161600
45716,2.94,201301161600
45720,0.7,201301161600
45725,2.49,201301161600
45735,0.62,201301161600
45747,0.55,201301161600
45766,2.93,201301161600
45793,1.5,201301161600
45795,0.83,201301161600
45919,0.57,201301161600
45948,1.17,201301161600
46008,2.6,201301161600
46036,2.38,201301161600
46041,1.84,201301161600
46052,2.42,201301161600
46074,0.94,201301161600
46145,2.59,201301161600
46202,2.61,201301161600
46209,2.05,201301161600
46242,2.47,201301161600
46265,1.57,201301161600
46372,1.19,201301161600
46384,1.11,201301161600
46455,1.94,201301161600
46508,2.8,201301161600
46523,1.71,201301161600
46538,0.54,201301161600
46565,2.04,201301161600
46574,1.73,201301161600
46626,0.89,201301161600
46700,2.98,201301161600
46738,2.71,201301161600
46770,1.64,201301161600
46778,2.79,201301161600
46787,2.95,201301161600
46803,2.98,201301161600
46954,1.03,201301161600
46964,1.62,201301161600
46972,2.47,201301161600
46976,2.12,201301161600
46981,1.84,201301161600
47011,0.98,201301161600
47015,1.11,201301161600
47047,1.94,201301161600
47253,1.93,201301161600
47288,1.04,201301161600
47295,2.94,201301161600
47342,2.65,201301161600
47454,2.58,201301161600
47535,2.38,201301161600
47543,2.34,201301161600
47705,2.68,201301161600
47709,2.81,201301161600
47711,0.65,201301161600
47758,1.67,201301161600
47806,2.05,201301161600
47889,2.19,201301161600
47926,2.88,201301161600
47968,1.91,201301161600
47972,2.2,201301161600
47977,1.59,201301161600
47982,2.98,201301161600
48032,1.0,201301161600
48209,1.73,201301161600
48239,1.85,201301161600
48244,2.89,201301161600
48278,2.73,201301161600
48420,1.71,201301161600
48427,1.04,201301161600
48499,2.44,201301161600
48503,1.6,201301161600
48552,1.73,201301161600
48584,0.52,201301161600
48713,1.02,201301161600
48759,1.89,201301161600
48848,1.82,201301161600
48898,2.59,201301161600
49017,1.79,201301161600
49049,1.91,201301161600
49229,2.63,201301161600
49241,0.68,201301161600
49472,1.83,201301161600
49483,0.57,201301161600
49542,0.66,201301161600
49555,1.91,201301161600
49679,2.52,201301161600
49750,0.75,201301161600
49760,0.63,201301161600
49777,2.39,201301161600
49968,1.23,201301161600
50053,2.96,201301161600
50103,1.66,201301161600
50180,2.8,201301161600
50285,1.43,201301161600
50430,0.5,201301161600
50470,1.12,201301161600
50494,0.8,201301161600
50511,0.55,201301161600
50549,1.39,201301161600
50680,1.45,201301161600
50682,1.74,201301161600
50731,1.6,201301161600
50812,1.71,201301161600
50872,1.54,201301161600
51029,1.33,201301161600
51046,1.18,201301161600
51053,2.54,201301161600
51056,1.17,201301161600
51162,1.68,201301161600
51177,1.66,201301161600
51182,2.16,201301161600
51228,0.95,201301161600
51258,0.64,201301161600
51430,2.16,201301161600
51431,2.99,201301161600
51432,2.6,201301161600
51520,1.96,201301161600
51681,2.73,201301161600
51682,1.26,201301161600
51725,2.77,201301161600
51790,2.96,201301161600
51832,1.27,201301161600
51857,2.82,201301161600
51931,0.59,201301161600
51932,1.07,201301161600
51986,2.78,201301161600
52003,1.26,201301161600
52182,0.97,201301161600
52244,1.95,201301161600
52259,1.89,201301161600
52280,1.11,201301161600
52319,0.77,201301161600
52473,0.52,201301161600
52518,2.98,201301161600
52631,0.9,201301161600
52679,1.73,201301161600
52729,1.79,201301161600
52811,0.82,201301161600
52983,1.87,201301161600
52988,2.21,201301161600
52993,0.56,201301161600
53000,1.04,201301161600
53016,0.85,201301161600
53027,1.35,201301161600
53072,1.94,201301161600
53090,1.21,201301161600
53177,2.78,201301161600
53178,2.91,201301161600
53381,0.85,201301161600
53427,2.67,201301161600
53429,1.1,201301161600
53761,1.29,201301161600
53774,1.22,201301161600
53797,1.62,201301161600
53810,1.66,201301161600
53822,1.95,201301161600
53864,0.98,201301161600
53927,0.77,201301161600
54038,1.95,201301161600
54071,2.69,201301161600
54234,2.0,201301161600
54281,1.15,201301161600
54284,2.41,201301161600
54327,3.0,201301161600
54334,2.59,201301161600
54349,0.89,201301161600
54427,2.6,201301161600
54503,1.66,201301161600
54510,0.79,201301161600
54520,2.23,201301161600
54550,2.93,201301161600
54578,2.2,201301161600
54678,1.93,201301161600
54828,1.94,201301161600
54983,1.92,201301161600
54996,2.9,201301161600
55070,0.73,201301161600
55329,2.89,201301161600
55331,2.33,201301161600
55535,1.31,201301161600
55633,2.84,201301161600
55680,2.5,201301161600
55761,1.2,201301161600
55831,1.32,201301161600
55832,1.01,201301161600
55838,2.35,201301161600
55845,1.05,201301161600
56106,2.57,201301161600
56493,1.05,201301161600
56571,1.05,201301161600
56586,2.77,201301161600
56587,1.79,201301161600
56591,1.03,201301161600
56738,2.15,201301161600
56835,1.01,201301161600
56882,0.9,201301161600
56887,0.79,201301161600
56888,1.7,201301161600
56933,1.9,201301161600
56934,1.6,201301161600
57042,1.28,201301161600
57062,2.02,201301161600
57189,1.65,201301161600
57261,2.22,201301161600
57329,1.24,201301161600
57342,2.03,201301161600
57376,2.75,201301161600
57378,2.83,201301161600
57380,0.83,201301161600
57397,2.01,201301161600
57440,2.42,201301161600
57495,1.86,201301161600
57523,1.58,201301161600
57555,1.12,201301161600
57597,1.35,201301161600
57613,2.21,201301161600
57615,1.02,201301161600
57628,1.81,201301161600
57631,2.41,201301161600
57823,2.38,201301161600
57837,1.27,201301161600
57851,0.53,201301161600
57852,1.6,201301161600
57906,2.91,201301161600
58179,0.87,201301161600
58251,2.94,201301161600
58421,1.77,201301161600
58511,0.84,201301161600
58632,2.72,201301161600
58744,2.27,201301161600
58802,0.8,201301161600
58814,1.47,201301161600
58879,2.41,201301161600
58892,1.31,201301161600
59010,1.48,201301161600
59043,0.68,201301161600
59104,0.93,201301161600
59125,2.56,201301161600
59134,0.63,201301161600
59285,1.29,201301161600
59329,1.82,201301161600
59555,1.22,201301161600
59635,1.08,201301161600
59745,1.08,201301161600
59927,2.69,201301161600
59941,1.21,201301161600
60008,1.19,201301161600
60011,2.94,201301161600
60114,2.34,201301161600
60141,1.74,201301161600
60147,1.13,201301161600
60331,1.75,201301161600
60344,2.2,201301161600
60350,1.07,201301161600
60578,2.32,201301161600
60593,1.24,201301161600
60613,2.53,201301161600
60630,2.96,201301161600
60635,1.17,201301161600
60649,1.26,201301161600
60750,2.83,201301161600
60774,2.62,201301161600
60819,0.8,201301161600
60880,1.84,201301161600
60888,1.2,201301161600
61062,2.2,201301161600
61110,2.34,201301161600
61263,2.34,201301161600
61343,2.69,201301161600
61591,1.36,201301161600
61597,2.99,201301161600
61654,0.72,201301161600
61818,2.73,201301161600
62077,0.66,201301161600
62104,0.89,201301161600
62135,2.25,201301161600
62140,2.92,201301161600
62252,2.5,201301161600
62558,2.83,201301161600
62589,0.89,201301161600
62757,1.37,201301161600
62772,0.84,201301161600
62850,1.07,201301161600
62926,1.27,201301161600
62948,2.37,201301161600
63044,1.19,201301161600
63153,2.86,201301161600
63383,1.18,201301161600
63397,1.94,201301161600
63398,0.98,201301161600
63407,1.11,201301161600
63574,2.12,201301161600
63586,1.42,201301161600
63816,1.34,201301161600
64102,2.29,201301161600
64150,1.92,201301161600
64200,2.45,201301161600
64515,1.95,201301161600
64529,1.66,201301161600
64573,1.5,201301161600
64581,0.53,201301161600
64815,2.71,201301161600
64915,1.25,201301161600
65059,2.75,201301161600
65144,1.42,201301161600
65320,2.77,201301161600
65375,0.52,201301161600
65454,1.44,201301161600
65528,2.91,201301161600
65607,1.0,201301161600
65774,2.94,201301161600
65838,0.62,201301161600
66068,2.6,201301161600
66084,2.37,201301161600
66151,2.58,201301161600
66353,0.83,201301161600
66538,2.09,201301161600
66575,1.83,201301161600
66637,1.41,201301161600
66827,1.94,201301161600
66870,1.75,201301161600
67110,1.79,201301161600
67207,2.8,201301161600
67335,1.1,201301161600
67385,2.04,201301161600
67599,1.36,201301161600
67601,2.82,201301161600
67602,0.96,201301161600
67698,0.61,201301161600
67824,2.49,201301161600
67842,2.78,201301161600
67854,1.99,201301161600
67855,1.18,201301161600
67918,1.15,201301161600
68103,1.46,201301161600
68104,1.84,201301161600
68110,0.88,201301161600
68111,1.5,201301161600
68349,0.84,201301161600
68354,1.58,201301161600
68356,2.38,201301161600
68454,1.27,201301161600
68455,0.87,201301161600
68587,2.58,201301161600
68857,1.31,201301161600
68858,2.9,201301161600
68897,1.21,201301161600
68924,1.46,201301161600
68930,2.55,201301161600
69106,1.47,201301161600
69190,0.84,201301161600
69206,2.34,201301161600
69359,0.67,201301161600
69371,1.36,201301161600
69455,2.76,201301161600
69582,1.37,201301161600
69613,1.95,201301161600
69676,2.44,201301161600
70115,1.37,201301161600
70132,2.6,201301161600
70181,2.59,201301161600
70342,2.72,201301161600
70352,1.29,201301161600
70360,2.47,201301161600
70374,1.59,201301161600
70440,1.11,201301161600
70462,1.19,201301161600
70619,2.99,201301161600
70659,1.3,201301161600
70715,1.8,201301161600
70903,1.36,201301161600
70934,2.3,201301161600
70961,2.59,201301161600
71122,1.94,201301161600
71187,1.49,201301161600
71399,2.04,201301161600
71601,1.49,201301161600
71629,2.86,201301161600
71888,2.29,201301161600
71961,2.28,201301161600
71964,0.74,201301161600
72201,1.82,201301161600
72218,2.32,201301161600
72345,2.18,201301161600
72367,2.28,201301161600
72407,0.72,201301161600
72416,1.89,201301161600
72706,1.0,201301161600
72894,0.93,201301161600
73104,0.95,201301161600
73135,2.83,201301161600
73211,2.82,201301161600
73223,2.91,201301161600
73451,2.27,201301161600
73460,0.67,201301161600
73461,2.42,201301161600
73557,0.88,201301161600
73669,2.62,201301161600
74158,1.0,201301161600
74216,0.63,201301161600
74388,1.95,201301161600
74396,1.87,201301161600
74466,0.53,201301161600
74467,1.57,201301161600
74638,2.97,201301161600
74677,2.28,201301161600
74678,2.66,201301161600
74711,0.71,201301161600
74721,0.53,201301161600
74962,2.95,201301161600
74968,2.33,201301161600
74973,2.61,201301161600
75224,0.96,201301161600
75329,0.74,201301161600
75386,1.87,201301161600
75424,2.87,201301161600
75436,1.91,201301161600
75475,1.66,201301161600
75619,1.43,201301161600
75721,0.57,201301161600
75722,1.09,201301161600
75724,0.63,201301161600
75725,1.77,201301161600
75726,0.59,201301161600
75727,1.42,201301161600
75974,2.81,201301161600
75975,1.65,201301161600
76133,1.94,201301161600
76227,1.87,201301161600
76393,2.11,201301161600
76473,1.73,201301161600
76477,0.65,201301161600
76654,2.04,201301161600
76728,2.84,201301161600
76959,1.09,201301161600
77169,1.37,201301161600
77230,1.76,201301161600
77381,1.17,201301161600
77458,0.58,201301161600
77641,1.31,201301161600
77942,2.66,201301161600
77981,2.95,201301161600
78205,2.76,201301161600
78418,0.96,201301161600
78654,2.34,201301161600
78733,0.92,201301161600
78881,2.21,201301161600
78896,2.56,201301161600
78909,0.61,201301161600
78983,1.28,201301161600
79234,1.72,201301161600
79379,1.06,201301161600
79394,0.83,201301161600
79484,1.23,201301161600
79712,1.64,201301161600
79911,2.82,201301161600
79915,2.02,201301161600
80160,1.94,201301161600
80161,2.72,201301161600
80193,1.54,201301161600
80352,2.04,201301161600
80397,2.53,201301161600
80406,0.55,201301161600
80411,2.41,201301161600
80412,1.98,201301161600
80413,1.24,201301161600
80420,1.81,201301161600
80485,2.74,201301161600
80635,2.79,201301161600
80659,2.7,201301161600
80663,2.96,201301161600
80664,2.58,201301161600
80703,2.73,201301161600
80877,2.59,201301161600
80916,1.38,201301161600
81163,1.92,201301161600
81164,1.99,201301161600
81354,1.47,201301161600
81363,2.3,201301161600
81390,0.76,201301161600
81625,2.73,201301161600
81651,2.96,201301161600
81899,2.64,201301161600
82135,2.44,201301161600
82168,1.85,201301161600
82169,2.83,201301161600
82237,1.36,201301161600
82613,0.86,201301161600
82622,2.99,201301161600
82664,2.55,201301161600
82892,2.14,201301161600
82951,1.66,201301161600
83410,2.49,201301161600
83489,1.13,201301161600
83735,1.02,201301161600
83865,2.04,201301161600
84123,1.98,201301161600
84179,1.46,201301161600
84207,0.78,201301161600
84212,1.54,201301161600
84221,3.0,201301161600
84366,0.58,201301161600
84689,2.2,201301161600
84712,1.94,201301161600
84902,2.69,201301161600
85474,1.28,201301161600
85487,2.98,201301161600
85620,2.54,201301161600
85705,2.43,201301161600
85715,0.7,201301161600
85738,2.24,201301161600
86440,2.84,201301161600
86622,2.88,201301161600
86623,0.79,201301161600
86672,1.57,201301161600
86873,2.67,201301161600
86895,1.41,201301161600
87121,1.89,201301161600
87227,1.62,201301161600
87460,2.62,201301161600
87690,1.73,201301161600
87873,2.75,201301161600
88242,1.65,201301161600
88463,2.84,201301161600
89120,0.93,201301161600
89152,1.49,201301161600
89175,1.5,201301161600
89198,2.9,201301161600
89615,0.73,201301161600
89625,1.31,201301161600
90116,0.8,201301161600
90183,1.21,201301161600
90497,1.54,201301161600
90699,2.12,201301161600
90719,1.28,201301161600
91200,1.21,201301161600
91432,0.72,201301161600
91434,1.33,201301161600
91684,1.55,201301161600
91713,1.54,201301161600
91744,0.99,201301161600
92233,2.98,201301161600
93205,0.96,201301161600
93244,2.75,201301161600
93252,1.38,201301161600
93463,2.91,201301161600
93675,1.3,201301161600
93944,1.33,201301161600
94431,1.56,201301161600
94710,0.79,201301161600
94755,2.0,201301161600
94997,2.52,201301161600
95000,1.39,201301161600
95707,0.76,201301161600
95949,2.57,201301161600
95998,1.89,201301161600
96188,1.39,201301161600
96225,1.45,201301161600
96249,0.81,201301161600
96468,2.37,201301161600
96486,2.09,201301161600
96718,2.44,201301161600
96972,0.7,201301161600
96995,2.32,201301161600
97251,1.59,201301161600
97440,1.31,201301161600
97471,1.77,201301161600
97969,2.25,201301161600
97990,1.03,201301161600
98224,1.02,201301161600
98229,2.71,201301161600
98450,2.55,201301161600
98475,2.77,201301161600
98739,1.82,201301161600
99256,1.55,201301161600
99468,2.96,201301161600
99730,0.79,201301161600
101215,2.83,201301161600
101911,1.46,201301161600
101912,2.43,201301161600
101989,2.62,201301161600
102999,2.53,201301161600
103242,1.75,201301161600
103431,2.85,201301161600
104177,2.08,201301161600
104221,2.65,201301161600
104239,2.19,201301161600
104701,1.12,201301161600
104984,1.38,201301161600
105196,2.9,201301161600
105219,0.95,201301161600
105460,2.68,201301161600
105461,0.54,201301161600
105481,1.14,201301161600
105489,1.64,201301161600
105709,2.45,201301161600
105710,2.01,201301161600
105711,1.94,201301161600
105712,0.51,201301161600
105713,2.72,201301161600
105715,1.0,201301161600
105726,1.87,201301161600
105727,2.1,201301161600
105736,1.09,201301161600
105960,0.64,201301161600
105961,2.14,201301161600
105962,1.43,201301161600
105963,2.59,201301161600
105964,2.43,201301161600
105975,2.69,201301161600
106195,2.67,201301161600
106213,2.71,201301161600
106214,2.72,201301161600
106215,2.1,201301161600
106221,1.74,201301161600
106231,2.9,201301161600
106232,1.71,201301161600
106234,2.57,201301161600
106235,1.53,201301161600
106237,0.55,201301161600
106446,2.45,201301161600
106447,0.51,201301161600
106462,1.73,201301161600
106463,2.49,201301161600
106465,0.73,201301161600
106466,0.66,201301161600
106467,0.53,201301161600
106480,2.13,201301161600
106712,1.13,201301161600
106717,2.24,201301161600
106718,2.21,201301161600
106741,0.95,201301161600
106958,2.71,201301161600
106964,2.59,201301161600
106965,0.94,201301161600
106966,2.08,201301161600
106967,2.14,201301161600
106971,2.13,201301161600
106983,1.07,201301161600
106997,1.83,201301161600
107200,2.82,201301161600
107212,1.37,201301161600
107219,1.56,201301161600
107240,2.35,201301161600
107460,2.55,201301161600
107465,2.62,201301161600
107466,1.82,201301161600
107468,0.82,201301161600
107491,2.72,201301161600
107711,2.83,201301161600
107725,2.74,201301161600
107726,2.52,201301161600
107954,0.7,201301161600
107966,1.62,201301161600
107971,0.75,201301161600
107979,1.78,201301161600
107993,2.73,201301161600
108205,2.09,201301161600
108211,1.78,201301161600
108214,2.79,201301161600
108215,1.35,201301161600
108217,0.85,201301161600
108219,0.66,201301161600
108220,2.78,201301161600
108222,1.48,201301161600
108225,2.12,201301161600
108230,1.15,201301161600
108454,0.92,201301161600
108463,1.95,201301161600
108499,2.44,201301161600
108717,0.65,201301161600
108722,1.68,201301161600
108724,0.72,201301161600
108733,1.67,201301161600
108968,2.97,201301161600
108975,0.86,201301161600
108984,2.54,201301161600
108985,1.66,201301161600
109216,0.72,201301161600
109219,0.79,201301161600
109222,1.47,201301161600
109227,2.96,201301161600
109231,0.5,201301161600
109236,1.99,201301161600
109245,0.69,201301161600
109473,1.06,201301161600
109487,1.57,201301161600
109494,1.88,201301161600
109495,2.86,201301161600
109496,1.08,201301161600
109497,1.86,201301161600
109742,2.69,201301161600
109744,2.69,201301161600
109748,2.36,201301161600
109750,1.26,201301161600
109980,2.06,201301161600
109991,2.51,201301161600
109994,1.01,201301161600
109998,1.31,201301161600
110001,1.48,201301161600
110243,0.93,201301161600
110247,2.46,201301161600
110249,1.84,201301161600
110251,0.91,201301161600
110253,2.21,201301161600
110254,2.51,201301161600
