cell,mobility,dtg
1610,2.7,201301151600
1846,1.38,201301151600
1851,2.15,201301151600
1853,1.26,201301151600
1856,1.4,201301151600
1857,1.52,201301151600
2103,0.84,201301151600
2105,2.06,201301151600
2106,0.61,201301151600
2107,1.0,201301151600
2114,0.97,201301151600
2342,0.63,201301151600
2347,0.57,201301151600
2351,2.0,201301151600
2354,2.45,201301151600
2357,2.89,201301151600
2372,2.42,201301151600
2374,0.77,201301151600
2591,1.12,201301151600
2595,2.97,201301151600
2605,2.79,201301151600
2611,2.45,201301151600
2615,2.79,201301151600
2620,1.08,201301151600
2627,2.94,201301151600
2839,1.25,201301151600
2847,2.69,201301151600
3086,1.2,201301151600
3094,2.52,201301151600
3100,0.55,201301151600
3124,1.3,201301151600
3128,0.81,201301151600
3334,0.96,201301151600
3337,1.22,201301151600
3375,1.11,201301151600
3614,1.2,201301151600
3619,2.09,201301151600
3632,1.54,201301151600
3635,1.65,201301151600
3830,2.82,201301151600
3831,2.39,201301151600
3833,1.02,201301151600
3837,2.73,201301151600
3845,1.74,201301151600
3856,1.69,201301151600
3860,0.75,201301151600
3865,2.21,201301151600
4078,1.44,201301151600
4081,1.49,201301151600
4137,0.83,201301151600
4141,1.6,201301151600
4142,2.86,201301151600
4328,1.69,201301151600
4329,0.72,201301151600
4341,1.9,201301151600
4345,2.93,201301151600
4348,1.21,201301151600
4354,1.81,201301151600
4372,1.3,201301151600
4577,1.24,201301151600
4578,1.89,201301151600
4580,1.62,201301151600
4582,2.69,201301151600
4605,2.1,201301151600
4608,1.75,201301151600
4631,2.86,201301151600
4636,2.64,201301151600
4637,1.03,201301151600
4829,2.64,201301151600
4830,1.7,201301151600
4831,0.97,201301151600
4834,0.64,201301151600
4837,2.58,201301151600
4852,2.04,201301151600
4863,1.01,201301151600
4868,1.2,201301151600
4890,1.7,201301151600
4891,0.51,201301151600
5078,2.64,201301151600
5081,2.85,201301151600
5084,1.58,201301151600
5127,1.58,201301151600
5153,2.75,201301151600
5327,1.11,201301151600
5329,0.76,201301151600
5333,1.63,201301151600
5334,2.65,201301151600
5339,1.01,201301151600
5369,0.9,201301151600
5402,2.37,201301151600
5410,0.7,201301151600
5577,2.47,201301151600
5581,1.13,201301151600
5592,1.58,201301151600
5612,2.17,201301151600
5623,2.41,201301151600
5876,1.25,201301151600
5893,1.69,201301151600
5898,2.97,201301151600
6078,1.43,201301151600
6118,1.86,201301151600
6136,0.8,201301151600
6158,1.8,201301151600
6159,1.94,201301151600
6333,1.69,201301151600
6353,1.7,201301151600
6365,0.83,201301151600
6366,1.4,201301151600
6414,2.94,201301151600
6588,1.9,201301151600
6609,0.87,201301151600
6635,2.2,201301151600
6668,0.77,201301151600
6841,1.26,201301151600
6849,2.86,201301151600
6896,1.78,201301151600
6924,1.45,201301151600
6928,2.59,201301151600
6935,1.62,201301151600
6939,1.66,201301151600
7077,1.99,201301151600
7078,2.41,201301151600
7085,2.28,201301151600
7088,0.68,201301151600
7113,2.61,201301151600
7114,2.88,201301151600
7129,0.5,201301151600
7133,0.73,201301151600
7165,2.13,201301151600
7192,1.3,201301151600
7354,2.39,201301151600
7375,0.9,201301151600
7379,1.74,201301151600
7401,2.52,201301151600
7410,2.15,201301151600
7436,0.97,201301151600
7584,0.64,201301151600
7646,2.46,201301151600
7849,1.63,201301151600
7871,1.11,201301151600
7927,2.73,201301151600
7948,1.5,201301151600
8080,0.67,201301151600
8170,1.08,201301151600
8182,2.64,201301151600
8195,2.72,201301151600
8342,2.29,201301151600
8582,1.88,201301151600
8602,2.13,201301151600
8609,1.63,201301151600
8638,2.51,201301151600
8656,0.64,201301151600
8830,0.61,201301151600
8839,1.77,201301151600
8876,2.81,201301151600
8897,1.0,201301151600
8912,2.83,201301151600
8918,1.4,201301151600
8929,1.24,201301151600
8940,1.82,201301151600
8954,0.85,201301151600
9140,1.16,201301151600
9333,2.62,201301151600
9468,1.81,201301151600
9473,1.47,201301151600
9589,0.65,201301151600
9601,0.66,201301151600
9607,1.93,201301151600
9658,0.87,201301151600
9724,2.3,201301151600
9833,0.79,201301151600
10084,2.38,201301151600
10089,2.1,201301151600
10096,2.19,201301151600
10144,1.17,201301151600
10170,2.5,201301151600
10181,0.68,201301151600
10189,2.34,201301151600
10201,2.3,201301151600
10334,1.71,201301151600
10335,0.92,201301151600
10383,1.32,201301151600
10414,0.66,201301151600
10444,2.02,201301151600
10458,0.91,201301151600
10477,1.87,201301151600
10586,2.86,201301151600
10601,0.52,201301151600
10609,2.26,201301151600
10616,0.73,201301151600
10633,2.04,201301151600
10655,2.06,201301151600
10665,0.94,201301151600
10681,2.72,201301151600
10717,1.98,201301151600
10835,1.87,201301151600
10837,1.76,201301151600
10847,1.18,201301151600
10903,0.99,201301151600
10911,1.8,201301151600
10918,1.78,201301151600
10973,2.39,201301151600
11087,1.56,201301151600
11092,1.08,201301151600
11128,1.44,201301151600
11222,1.47,201301151600
11223,2.8,201301151600
11225,2.88,201301151600
11238,2.52,201301151600
11361,1.91,201301151600
11393,1.17,201301151600
11424,2.58,201301151600
11601,2.95,201301151600
11682,1.82,201301151600
11704,1.0,201301151600
11858,2.5,201301151600
11884,0.72,201301151600
11901,2.81,201301151600
11946,2.12,201301151600
11960,1.27,201301151600
11972,2.53,201301151600
12089,2.61,201301151600
12090,1.34,201301151600
12096,2.37,201301151600
12120,2.73,201301151600
12157,1.46,201301151600
12230,1.34,201301151600
12383,1.93,201301151600
12431,1.78,201301151600
12601,2.61,201301151600
12625,1.65,201301151600
12632,2.52,201301151600
12842,1.75,201301151600
12875,1.99,201301151600
12901,2.45,201301151600
12913,1.16,201301151600
12933,2.82,201301151600
12934,2.97,201301151600
12985,1.49,201301151600
13099,2.55,201301151600
13114,2.05,201301151600
13150,1.27,201301151600
13175,0.8,201301151600
13183,2.46,201301151600
13222,1.79,201301151600
13358,2.44,201301151600
13444,2.42,201301151600
13455,2.36,201301151600
13456,2.19,201301151600
13670,2.05,201301151600
13694,2.91,201301151600
13845,0.88,201301151600
13849,1.42,201301151600
14011,1.73,201301151600
14095,2.68,201301151600
14133,2.17,201301151600
14161,2.27,201301151600
14167,2.73,201301151600
14184,2.63,201301151600
14241,2.04,201301151600
14255,2.55,201301151600
14349,0.8,201301151600
14350,1.21,201301151600
14375,2.31,201301151600
14452,0.51,201301151600
14475,2.43,201301151600
14620,2.34,201301151600
14673,1.4,201301151600
14745,2.51,201301151600
14859,2.36,201301151600
14936,1.07,201301151600
14995,1.27,201301151600
15097,2.46,201301151600
15098,1.0,201301151600
15246,2.19,201301151600
15349,1.44,201301151600
15440,1.61,201301151600
15600,2.99,201301151600
15656,2.24,201301151600
15672,2.13,201301151600
15699,0.55,201301151600
15714,1.21,201301151600
15725,1.54,201301151600
15744,0.99,201301151600
15849,1.9,201301151600
15850,2.96,201301151600
15851,1.63,201301151600
15853,1.12,201301151600
15871,0.6,201301151600
16100,0.62,201301151600
16105,1.93,201301151600
16114,2.3,201301151600
16171,1.32,201301151600
16184,2.92,201301151600
16400,2.0,201301151600
16414,0.56,201301151600
16601,2.51,201301151600
16604,2.95,201301151600
16625,1.03,201301151600
16670,1.81,201301151600
16853,2.87,201301151600
16868,2.88,201301151600
16932,1.12,201301151600
17232,1.46,201301151600
17355,1.24,201301151600
17358,0.65,201301151600
17367,2.34,201301151600
17635,2.1,201301151600
17673,2.0,201301151600
17681,2.31,201301151600
17884,1.73,201301151600
17984,1.36,201301151600
18108,2.43,201301151600
18115,1.18,201301151600
18118,2.45,201301151600
18123,2.33,201301151600
18139,1.46,201301151600
18154,2.16,201301151600
18160,2.36,201301151600
18177,0.66,201301151600
18185,1.74,201301151600
18383,0.74,201301151600
18404,2.07,201301151600
18427,3.0,201301151600
18466,2.15,201301151600
18616,0.8,201301151600
18629,1.42,201301151600
18861,2.95,201301151600
18866,1.45,201301151600
18925,2.64,201301151600
19110,0.8,201301151600
19112,1.52,201301151600
19114,2.11,201301151600
19122,1.04,201301151600
19360,0.54,201301151600
19443,2.61,201301151600
19481,2.22,201301151600
19611,1.98,201301151600
19612,0.56,201301151600
19618,2.55,201301151600
19633,2.67,201301151600
19678,0.92,201301151600
19878,1.67,201301151600
19913,1.22,201301151600
20113,2.08,201301151600
20114,2.91,201301151600
20116,0.75,201301151600
20170,0.98,201301151600
20363,1.07,201301151600
20387,2.79,201301151600
20396,2.51,201301151600
20436,2.19,201301151600
20616,0.57,201301151600
20621,1.6,201301151600
20628,1.6,201301151600
20651,0.89,201301151600
20671,0.7,201301151600
20682,2.23,201301151600
20864,2.67,201301151600
20882,1.24,201301151600
20931,1.5,201301151600
20995,1.17,201301151600
21115,2.85,201301151600
21118,1.79,201301151600
21201,1.43,201301151600
21373,2.42,201301151600
21377,1.67,201301151600
21392,2.72,201301151600
21407,2.31,201301151600
21428,1.87,201301151600
21448,0.91,201301151600
21617,2.57,201301151600
21619,0.58,201301151600
21639,1.1,201301151600
21658,0.81,201301151600
21663,1.54,201301151600
21701,2.91,201301151600
21721,2.46,201301151600
21868,1.58,201301151600
21871,2.41,201301151600
21999,1.09,201301151600
22126,1.04,201301151600
22133,2.53,201301151600
22174,2.27,201301151600
22176,2.51,201301151600
22205,2.29,201301151600
22368,2.07,201301151600
22395,0.59,201301151600
22419,1.16,201301151600
22420,1.42,201301151600
22421,2.59,201301151600
22422,2.45,201301151600
22619,1.22,201301151600
22630,0.59,201301151600
22634,1.12,201301151600
22671,1.24,201301151600
22673,1.84,201301151600
22700,1.36,201301151600
22751,2.53,201301151600
22768,0.81,201301151600
22869,2.69,201301151600
22877,2.17,201301151600
22928,2.95,201301151600
22940,2.58,201301151600
22955,1.29,201301151600
22963,2.58,201301151600
22966,3.0,201301151600
23120,1.45,201301151600
23124,2.56,201301151600
23125,0.95,201301151600
23131,1.27,201301151600
23138,0.69,201301151600
23169,0.73,201301151600
23194,1.37,201301151600
23216,1.11,201301151600
23370,2.39,201301151600
23371,2.76,201301151600
23379,2.92,201301151600
23386,1.17,201301151600
23388,2.42,201301151600
23427,0.77,201301151600
23621,1.31,201301151600
23627,2.08,201301151600
23635,2.83,201301151600
23641,1.49,201301151600
23662,0.76,201301151600
23669,2.52,201301151600
23690,1.89,201301151600
23744,1.85,201301151600
23750,1.04,201301151600
23872,2.14,201301151600
23873,0.55,201301151600
23875,2.08,201301151600
23881,1.58,201301151600
23894,2.7,201301151600
23896,2.8,201301151600
23907,2.93,201301151600
23925,0.74,201301151600
23973,0.86,201301151600
24005,1.88,201301151600
24009,1.14,201301151600
24032,2.61,201301151600
24122,2.56,201301151600
24123,2.84,201301151600
24149,0.96,201301151600
24247,1.35,201301151600
24251,1.12,201301151600
24265,2.46,201301151600
24266,1.49,201301151600
24373,1.33,201301151600
24374,2.63,201301151600
24380,2.16,201301151600
24381,2.65,201301151600
24383,0.68,201301151600
24387,1.77,201301151600
24402,2.46,201301151600
24405,1.34,201301151600
24423,2.18,201301151600
24623,2.88,201301151600
24626,2.32,201301151600
24643,1.69,201301151600
24732,1.4,201301151600
24734,2.35,201301151600
24739,1.37,201301151600
24774,0.6,201301151600
24775,2.8,201301151600
24781,1.73,201301151600
24837,2.93,201301151600
24874,1.91,201301151600
24877,1.87,201301151600
24879,2.76,201301151600
24880,2.01,201301151600
24895,2.7,201301151600
24920,1.6,201301151600
24990,2.43,201301151600
24991,1.22,201301151600
24993,2.08,201301151600
25124,0.76,201301151600
25125,2.84,201301151600
25126,1.67,201301151600
25129,2.23,201301151600
25130,1.53,201301151600
25132,0.87,201301151600
25136,0.94,201301151600
25138,1.67,201301151600
25141,2.02,201301151600
25179,0.92,201301151600
25187,0.94,201301151600
25375,1.27,201301151600
25376,0.66,201301151600
25377,0.56,201301151600
25379,1.46,201301151600
25385,2.01,201301151600
25395,1.07,201301151600
25400,1.99,201301151600
25405,1.29,201301151600
25412,2.48,201301151600
25427,0.68,201301151600
25626,0.6,201301151600
25627,0.64,201301151600
25628,1.7,201301151600
25629,0.67,201301151600
25632,1.99,201301151600
25633,1.15,201301151600
25642,1.94,201301151600
25715,2.98,201301151600
25747,1.11,201301151600
25763,1.67,201301151600
25876,0.77,201301151600
25877,0.91,201301151600
25878,2.23,201301151600
25881,1.47,201301151600
25882,1.72,201301151600
25886,0.72,201301151600
25888,2.35,201301151600
25926,1.59,201301151600
25997,2.64,201301151600
26005,2.29,201301151600
26035,1.27,201301151600
26127,0.95,201301151600
26129,2.19,201301151600
26130,1.9,201301151600
26133,1.77,201301151600
26135,2.25,201301151600
26136,2.28,201301151600
26138,1.5,201301151600
26139,0.73,201301151600
26141,2.08,201301151600
26148,2.93,201301151600
26168,1.75,201301151600
26378,1.83,201301151600
26379,2.06,201301151600
26380,2.2,201301151600
26381,1.01,201301151600
26382,1.7,201301151600
26383,0.56,201301151600
26385,0.58,201301151600
26386,0.91,201301151600
26387,0.53,201301151600
26389,0.98,201301151600
26391,0.55,201301151600
26392,2.46,201301151600
26393,2.32,201301151600
26396,0.99,201301151600
26403,1.87,201301151600
26408,1.84,201301151600
26427,2.25,201301151600
26450,2.79,201301151600
26492,1.37,201301151600
26546,0.98,201301151600
26563,1.32,201301151600
26564,2.17,201301151600
26628,1.03,201301151600
26629,2.22,201301151600
26630,0.72,201301151600
26631,2.13,201301151600
26633,1.96,201301151600
26634,1.21,201301151600
26656,2.83,201301151600
26674,2.39,201301151600
26708,2.68,201301151600
26752,0.91,201301151600
26754,2.68,201301151600
26755,2.11,201301151600
26782,1.09,201301151600
26846,1.08,201301151600
26879,0.62,201301151600
26880,2.26,201301151600
26881,2.73,201301151600
26882,2.96,201301151600
26883,1.42,201301151600
26884,0.66,201301151600
26885,0.7,201301151600
26886,1.84,201301151600
26887,1.11,201301151600
26889,0.84,201301151600
26890,1.94,201301151600
26891,1.88,201301151600
26892,1.24,201301151600
26893,0.62,201301151600
26894,1.04,201301151600
26895,2.02,201301151600
26897,2.23,201301151600
26905,2.12,201301151600
26938,2.6,201301151600
26964,1.41,201301151600
27006,2.85,201301151600
27042,1.15,201301151600
27098,0.89,201301151600
27130,2.43,201301151600
27131,1.41,201301151600
27132,0.79,201301151600
27133,2.11,201301151600
27134,2.57,201301151600
27135,1.38,201301151600
27136,1.68,201301151600
27137,0.87,201301151600
27138,1.71,201301151600
27142,2.09,201301151600
27143,0.85,201301151600
27145,1.34,201301151600
27148,2.53,201301151600
27149,1.56,201301151600
27152,1.34,201301151600
27155,2.17,201301151600
27175,1.38,201301151600
27209,2.22,201301151600
27247,1.42,201301151600
27381,2.95,201301151600
27382,0.93,201301151600
27383,0.61,201301151600
27384,1.48,201301151600
27386,1.58,201301151600
27387,0.51,201301151600
27388,0.65,201301151600
27389,2.21,201301151600
27390,1.83,201301151600
27392,0.56,201301151600
27395,1.75,201301151600
27404,1.92,201301151600
27415,2.06,201301151600
27427,1.47,201301151600
27489,1.93,201301151600
27494,1.17,201301151600
27498,1.47,201301151600
27518,0.87,201301151600
27632,1.27,201301151600
27633,2.35,201301151600
27634,2.36,201301151600
27635,1.34,201301151600
27636,1.71,201301151600
27637,2.43,201301151600
27638,2.21,201301151600
27639,1.22,201301151600
27640,1.96,201301151600
27642,2.63,201301151600
27643,2.09,201301151600
27645,1.82,201301151600
27646,1.24,201301151600
27647,1.18,201301151600
27649,2.5,201301151600
27654,1.71,201301151600
27763,1.69,201301151600
27764,2.25,201301151600
27796,1.14,201301151600
27797,2.34,201301151600
27883,1.31,201301151600
27884,1.41,201301151600
27885,0.64,201301151600
27886,2.28,201301151600
27887,0.53,201301151600
27888,2.01,201301151600
27889,1.38,201301151600
27890,1.99,201301151600
27891,0.61,201301151600
27892,0.81,201301151600
27894,1.09,201301151600
27895,2.03,201301151600
27897,2.22,201301151600
27902,0.66,201301151600
27908,1.55,201301151600
27911,2.49,201301151600
27930,0.96,201301151600
27971,1.07,201301151600
28004,1.08,201301151600
28015,1.61,201301151600
28049,2.25,201301151600
28102,1.53,201301151600
28134,1.51,201301151600
28135,1.41,201301151600
28136,0.76,201301151600
28137,1.54,201301151600
28138,2.41,201301151600
28139,1.52,201301151600
28140,1.34,201301151600
28142,2.92,201301151600
28143,2.77,201301151600
28144,1.31,201301151600
28146,2.92,201301151600
28154,1.23,201301151600
28156,2.98,201301151600
28216,0.76,201301151600
28239,1.62,201301151600
28384,1.29,201301151600
28385,2.76,201301151600
28386,1.39,201301151600
28387,2.77,201301151600
28388,0.72,201301151600
28389,1.14,201301151600
28390,2.99,201301151600
28391,2.66,201301151600
28392,1.81,201301151600
28393,2.09,201301151600
28394,2.11,201301151600
28396,0.56,201301151600
28397,2.66,201301151600
28400,1.42,201301151600
28401,1.55,201301151600
28405,2.54,201301151600
28427,1.2,201301151600
28467,2.11,201301151600
28496,1.94,201301151600
28497,2.1,201301151600
28519,2.51,201301151600
28535,0.74,201301151600
28539,2.29,201301151600
28545,1.96,201301151600
28557,0.78,201301151600
28635,0.84,201301151600
28636,0.59,201301151600
28637,2.2,201301151600
28638,1.87,201301151600
28639,2.22,201301151600
28640,0.62,201301151600
28641,2.2,201301151600
28642,1.92,201301151600
28643,1.6,201301151600
28644,2.11,201301151600
28645,1.43,201301151600
28646,0.59,201301151600
28649,2.53,201301151600
28658,1.46,201301151600
28667,2.87,201301151600
28675,0.61,201301151600
28751,2.21,201301151600
28753,2.99,201301151600
28754,1.79,201301151600
28788,2.6,201301151600
28812,2.4,201301151600
28823,2.65,201301151600
28886,1.44,201301151600
28887,2.6,201301151600
28888,2.09,201301151600
28889,0.71,201301151600
28890,2.24,201301151600
28891,0.88,201301151600
28892,2.64,201301151600
28893,0.85,201301151600
28894,2.96,201301151600
28895,2.75,201301151600
28896,2.62,201301151600
28897,1.79,201301151600
28899,2.57,201301151600
28900,2.65,201301151600
28901,1.32,201301151600
28902,1.81,201301151600
28905,2.55,201301151600
28912,2.68,201301151600
28960,0.9,201301151600
28969,1.31,201301151600
29004,0.52,201301151600
29012,1.61,201301151600
29026,2.3,201301151600
29068,2.6,201301151600
29076,1.7,201301151600
29088,1.43,201301151600
29094,2.38,201301151600
29136,1.2,201301151600
29137,1.78,201301151600
29138,1.69,201301151600
29139,2.91,201301151600
29140,2.8,201301151600
29141,3.0,201301151600
29142,2.91,201301151600
29143,0.6,201301151600
29144,1.11,201301151600
29146,1.76,201301151600
29147,2.05,201301151600
29148,2.51,201301151600
29149,0.8,201301151600
29151,1.77,201301151600
29158,1.14,201301151600
29165,1.85,201301151600
29171,0.55,201301151600
29190,2.18,201301151600
29247,1.45,201301151600
29387,2.49,201301151600
29388,1.62,201301151600
29389,2.67,201301151600
29390,1.08,201301151600
29391,1.44,201301151600
29392,2.81,201301151600
29393,2.16,201301151600
29394,1.52,201301151600
29395,1.9,201301151600
29396,2.83,201301151600
29397,1.86,201301151600
29398,1.46,201301151600
29399,2.57,201301151600
29401,1.08,201301151600
29402,2.45,201301151600
29403,1.55,201301151600
29405,1.25,201301151600
29409,2.75,201301151600
29425,2.75,201301151600
29429,1.26,201301151600
29495,2.78,201301151600
29498,2.1,201301151600
29533,1.78,201301151600
29556,1.4,201301151600
29638,1.46,201301151600
29639,2.21,201301151600
29640,0.71,201301151600
29641,2.94,201301151600
29642,2.75,201301151600
29643,0.83,201301151600
29644,2.21,201301151600
29645,2.74,201301151600
29648,1.54,201301151600
29649,1.58,201301151600
29650,2.58,201301151600
29654,1.69,201301151600
29663,1.27,201301151600
29670,1.08,201301151600
29710,2.16,201301151600
29730,1.11,201301151600
29733,0.77,201301151600
29736,0.76,201301151600
29766,1.97,201301151600
29891,2.79,201301151600
29892,0.51,201301151600
29893,0.96,201301151600
29894,0.55,201301151600
29895,1.45,201301151600
29896,0.61,201301151600
29897,0.61,201301151600
29898,0.85,201301151600
29900,1.93,201301151600
29903,1.41,201301151600
29906,0.78,201301151600
29909,2.74,201301151600
29912,0.93,201301151600
29917,2.89,201301151600
29925,1.36,201301151600
29966,1.35,201301151600
30021,1.51,201301151600
30026,0.92,201301151600
30036,0.87,201301151600
30142,2.74,201301151600
30143,1.23,201301151600
30144,1.85,201301151600
30145,1.25,201301151600
30146,0.98,201301151600
30147,1.82,201301151600
30148,2.65,201301151600
30152,1.97,201301151600
30154,2.08,201301151600
30157,2.5,201301151600
30158,0.98,201301151600
30181,2.65,201301151600
30242,2.16,201301151600
30243,1.28,201301151600
30244,1.31,201301151600
30261,1.73,201301151600
30300,0.8,201301151600
30322,0.57,201301151600
30393,1.27,201301151600
30394,2.04,201301151600
30395,1.86,201301151600
30396,2.1,201301151600
30397,2.74,201301151600
30398,2.43,201301151600
30400,2.97,201301151600
30401,1.14,201301151600
30403,0.69,201301151600
30407,1.63,201301151600
30410,2.96,201301151600
30420,2.17,201301151600
30430,0.9,201301151600
30434,1.73,201301151600
30439,1.64,201301151600
30481,2.05,201301151600
30489,2.67,201301151600
30494,2.83,201301151600
30495,2.68,201301151600
30496,2.95,201301151600
30645,2.64,201301151600
30646,1.84,201301151600
30647,1.19,201301151600
30648,1.51,201301151600
30649,2.2,201301151600
30650,1.05,201301151600
30651,2.96,201301151600
30652,2.73,201301151600
30653,1.96,201301151600
30654,1.25,201301151600
30661,0.97,201301151600
30664,0.52,201301151600
30666,1.14,201301151600
30669,1.63,201301151600
30673,2.18,201301151600
30683,0.71,201301151600
30745,0.84,201301151600
30750,2.32,201301151600
30777,2.19,201301151600
30780,2.86,201301151600
30812,2.91,201301151600
30897,1.05,201301151600
30898,1.8,201301151600
30899,2.78,201301151600
30900,1.02,201301151600
30901,1.39,201301151600
30902,1.13,201301151600
30903,1.52,201301151600
30904,2.82,201301151600
30908,0.98,201301151600
30909,2.23,201301151600
30912,0.69,201301151600
30913,2.64,201301151600
30928,1.09,201301151600
30953,1.03,201301151600
30979,0.55,201301151600
30994,0.61,201301151600
30995,0.52,201301151600
31027,1.88,201301151600
31028,2.81,201301151600
31029,2.1,201301151600
31082,1.34,201301151600
31148,2.06,201301151600
31149,1.63,201301151600
31150,2.72,201301151600
31151,2.99,201301151600
31152,1.49,201301151600
31156,1.36,201301151600
31157,2.27,201301151600
31161,1.93,201301151600
31166,2.1,201301151600
31172,1.91,201301151600
31274,1.33,201301151600
31281,1.8,201301151600
31369,2.19,201301151600
31398,1.73,201301151600
31401,2.15,201301151600
31407,0.7,201301151600
31408,2.16,201301151600
31409,1.88,201301151600
31410,2.95,201301151600
31413,1.37,201301151600
31419,1.0,201301151600
31427,1.61,201301151600
31457,1.01,201301151600
31466,1.47,201301151600
31651,2.99,201301151600
31652,0.89,201301151600
31656,1.56,201301151600
31660,2.51,201301151600
31663,1.42,201301151600
31666,1.98,201301151600
31675,1.52,201301151600
31738,2.24,201301151600
31754,1.42,201301151600
31782,2.21,201301151600
31903,0.68,201301151600
31904,1.86,201301151600
31905,2.86,201301151600
31906,2.11,201301151600
31908,1.28,201301151600
31912,2.43,201301151600
31921,0.9,201301151600
31928,0.99,201301151600
31949,2.34,201301151600
32028,2.65,201301151600
32032,2.7,201301151600
32045,0.55,201301151600
32150,0.85,201301151600
32155,1.26,201301151600
32157,2.5,201301151600
32161,1.72,201301151600
32162,0.77,201301151600
32167,1.45,201301151600
32169,1.38,201301151600
32175,1.6,201301151600
32182,0.9,201301151600
32185,0.75,201301151600
32195,2.12,201301151600
32235,2.3,201301151600
32404,2.57,201301151600
32405,1.48,201301151600
32410,1.37,201301151600
32411,1.13,201301151600
32415,2.62,201301151600
32449,0.71,201301151600
32490,1.39,201301151600
32558,1.69,201301151600
32622,1.08,201301151600
32656,1.64,201301151600
32658,1.22,201301151600
32660,2.24,201301151600
32662,2.28,201301151600
32668,1.73,201301151600
32682,0.61,201301151600
32697,1.58,201301151600
32712,1.17,201301151600
32729,1.53,201301151600
32739,2.19,201301151600
32742,2.8,201301151600
32744,0.83,201301151600
32802,1.64,201301151600
32834,1.32,201301151600
32905,1.07,201301151600
32907,2.27,201301151600
32912,2.93,201301151600
32916,0.94,201301151600
32922,1.47,201301151600
32924,2.21,201301151600
32926,1.29,201301151600
32929,1.78,201301151600
32977,2.92,201301151600
32978,1.17,201301151600
33154,2.84,201301151600
33158,2.45,201301151600
33160,0.9,201301151600
33165,1.6,201301151600
33170,0.72,201301151600
33186,1.14,201301151600
33286,0.55,201301151600
33405,2.93,201301151600
33409,2.91,201301151600
33412,1.61,201301151600
33418,0.81,201301151600
33420,2.64,201301151600
33424,2.03,201301151600
33435,2.2,201301151600
33442,2.76,201301151600
33519,2.17,201301151600
33594,1.09,201301151600
33656,0.58,201301151600
33659,2.05,201301151600
33662,2.38,201301151600
33664,1.48,201301151600
33666,2.65,201301151600
33669,2.73,201301151600
33673,2.34,201301151600
33675,2.39,201301151600
33694,0.83,201301151600
33724,1.64,201301151600
33742,1.67,201301151600
33812,2.89,201301151600
33909,2.69,201301151600
33911,1.93,201301151600
33912,1.99,201301151600
33913,1.33,201301151600
33922,0.89,201301151600
33923,2.61,201301151600
33924,2.95,201301151600
33931,2.94,201301151600
33935,2.62,201301151600
33986,2.17,201301151600
34013,0.53,201301151600
34160,1.96,201301151600
34161,2.34,201301151600
34162,0.62,201301151600
34163,0.59,201301151600
34167,2.38,201301151600
34190,1.96,201301151600
34211,2.12,201301151600
34303,2.4,201301151600
34380,0.56,201301151600
34407,1.31,201301151600
34413,2.34,201301151600
34423,0.77,201301151600
34424,1.98,201301151600
34427,2.75,201301151600
34430,1.84,201301151600
34437,1.62,201301151600
34440,2.53,201301151600
34486,2.38,201301151600
34495,2.64,201301151600
34510,1.27,201301151600
34520,0.67,201301151600
34528,0.84,201301151600
34563,1.76,201301151600
34662,1.52,201301151600
34667,1.82,201301151600
34668,1.93,201301151600
34670,1.61,201301151600
34672,1.16,201301151600
34673,0.52,201301151600
34676,2.18,201301151600
34679,0.74,201301151600
34682,0.75,201301151600
34695,0.9,201301151600
34710,0.89,201301151600
34714,2.2,201301151600
34720,2.22,201301151600
34882,2.94,201301151600
34913,0.93,201301151600
34914,0.56,201301151600
34915,1.51,201301151600
34924,0.55,201301151600
34925,1.6,201301151600
34934,2.71,201301151600
34939,0.83,201301151600
34959,1.1,201301151600
34990,0.96,201301151600
35102,1.29,201301151600
35164,1.51,201301151600
35166,2.98,201301151600
35173,0.61,201301151600
35178,1.56,201301151600
35183,0.62,201301151600
35185,1.49,201301151600
35187,2.68,201301151600
35193,1.74,201301151600
35203,1.97,201301151600
35218,0.77,201301151600
35237,0.55,201301151600
35244,2.52,201301151600
35249,0.57,201301151600
35295,2.64,201301151600
35368,0.79,201301151600
35410,2.52,201301151600
35414,0.63,201301151600
35415,2.76,201301151600
35417,2.97,201301151600
35421,2.94,201301151600
35440,1.56,201301151600
35455,1.45,201301151600
35492,2.04,201301151600
35515,1.11,201301151600
35665,2.98,201301151600
35675,2.84,201301151600
35683,2.63,201301151600
35686,1.41,201301151600
35700,1.35,201301151600
35745,2.38,201301151600
35755,2.92,201301151600
35769,2.57,201301151600
35916,0.9,201301151600
35917,2.36,201301151600
35918,1.12,201301151600
35919,0.92,201301151600
35921,1.1,201301151600
35929,0.58,201301151600
35931,2.21,201301151600
35941,1.87,201301151600
35944,1.52,201301151600
35971,2.3,201301151600
35981,0.84,201301151600
35992,0.72,201301151600
35994,1.05,201301151600
36067,2.5,201301151600
36162,2.31,201301151600
36167,0.58,201301151600
36169,1.35,201301151600
36170,2.37,201301151600
36173,2.81,201301151600
36176,1.33,201301151600
36177,0.86,201301151600
36205,1.37,201301151600
36237,2.29,201301151600
36245,1.34,201301151600
36246,0.76,201301151600
36293,1.66,201301151600
36311,1.22,201301151600
36417,2.72,201301151600
36420,1.31,201301151600
36421,1.44,201301151600
36441,1.21,201301151600
36448,2.59,201301151600
36494,2.17,201301151600
36498,1.43,201301151600
36502,0.61,201301151600
36510,2.03,201301151600
36513,0.92,201301151600
36519,1.5,201301151600
36524,1.12,201301151600
36576,0.62,201301151600
36668,2.7,201301151600
36673,2.35,201301151600
36675,1.86,201301151600
36677,1.71,201301151600
36679,1.88,201301151600
36682,2.13,201301151600
36688,2.27,201301151600
36690,2.73,201301151600
36711,0.63,201301151600
36717,2.57,201301151600
36758,1.27,201301151600
36889,2.03,201301151600
36915,1.09,201301151600
36918,2.82,201301151600
36933,1.97,201301151600
36934,2.28,201301151600
36953,2.46,201301151600
36959,1.87,201301151600
36996,1.11,201301151600
36999,0.91,201301151600
37001,0.94,201301151600
37167,2.0,201301151600
37168,1.72,201301151600
37169,2.56,201301151600
37172,1.42,201301151600
37176,1.57,201301151600
37178,1.71,201301151600
37179,1.69,201301151600
37182,0.59,201301151600
37192,1.76,201301151600
37200,2.39,201301151600
37206,1.45,201301151600
37232,2.24,201301151600
37239,1.21,201301151600
37270,1.91,201301151600
37298,2.63,201301151600
37304,1.15,201301151600
37419,0.94,201301151600
37421,1.06,201301151600
37423,2.54,201301151600
37425,2.02,201301151600
37446,1.9,201301151600
37454,0.78,201301151600
37477,2.37,201301151600
37487,2.71,201301151600
37501,1.72,201301151600
37503,2.52,201301151600
37513,1.27,201301151600
37523,2.29,201301151600
37562,1.68,201301151600
37609,2.02,201301151600
37642,0.66,201301151600
37643,1.59,201301151600
37670,0.54,201301151600
37671,2.66,201301151600
37672,0.75,201301151600
37676,1.25,201301151600
37688,1.99,201301151600
37689,2.73,201301151600
37690,2.93,201301151600
37695,2.22,201301151600
37701,1.0,201301151600
37710,1.81,201301151600
37711,2.36,201301151600
37754,2.32,201301151600
37874,0.98,201301151600
37891,0.55,201301151600
37893,2.99,201301151600
37894,1.76,201301151600
37926,0.82,201301151600
37928,0.98,201301151600
37929,1.94,201301151600
37932,1.31,201301151600
37936,1.11,201301151600
37943,1.37,201301151600
37952,2.66,201301151600
37962,1.05,201301151600
37968,1.32,201301151600
38003,1.48,201301151600
38060,1.68,201301151600
38145,2.69,201301151600
38172,2.8,201301151600
38173,1.51,201301151600
38178,1.35,201301151600
38200,1.07,201301151600
38204,2.36,201301151600
38209,0.91,201301151600
38215,2.01,201301151600
38220,1.1,201301151600
38225,2.69,201301151600
38228,2.42,201301151600
38230,1.32,201301151600
38243,1.22,201301151600
38247,0.98,201301151600
38255,0.7,201301151600
38263,1.08,201301151600
38268,2.76,201301151600
38272,2.89,201301151600
38367,1.71,201301151600
38381,2.36,201301151600
38423,1.01,201301151600
38425,1.62,201301151600
38426,2.55,201301151600
38431,2.84,201301151600
38440,1.75,201301151600
38479,1.23,201301151600
38481,1.42,201301151600
38483,2.86,201301151600
38488,2.9,201301151600
38490,0.86,201301151600
38498,1.89,201301151600
38499,2.65,201301151600
38500,1.53,201301151600
38505,0.59,201301151600
38506,1.49,201301151600
38508,1.55,201301151600
38517,2.97,201301151600
38534,2.67,201301151600
38648,1.49,201301151600
38674,0.7,201301151600
38676,2.86,201301151600
38679,1.82,201301151600
38684,2.4,201301151600
38693,1.85,201301151600
38697,2.46,201301151600
38716,2.61,201301151600
38722,2.71,201301151600
38736,0.95,201301151600
38738,2.89,201301151600
38752,1.28,201301151600
38753,1.0,201301151600
38758,2.25,201301151600
38760,2.07,201301151600
38761,2.44,201301151600
38762,0.67,201301151600
38766,2.44,201301151600
38769,2.79,201301151600
38778,1.93,201301151600
38812,1.87,201301151600
38939,1.85,201301151600
38953,1.15,201301151600
38958,2.3,201301151600
38967,2.51,201301151600
39006,1.66,201301151600
39008,1.44,201301151600
39010,1.71,201301151600
39011,1.76,201301151600
39017,0.78,201301151600
39113,3.0,201301151600
39148,2.08,201301151600
39149,1.94,201301151600
39176,2.94,201301151600
39178,1.96,201301151600
39191,1.09,201301151600
39201,2.65,201301151600
39230,2.99,201301151600
39236,0.97,201301151600
39246,2.02,201301151600
39252,2.71,201301151600
39255,1.66,201301151600
39260,2.06,201301151600
39262,2.61,201301151600
39263,2.07,201301151600
39268,2.22,201301151600
39269,0.53,201301151600
39271,2.26,201301151600
39274,1.1,201301151600
39275,2.85,201301151600
39375,2.12,201301151600
39391,2.83,201301151600
39427,1.87,201301151600
39428,2.2,201301151600
39430,1.06,201301151600
39433,2.26,201301151600
39446,2.85,201301151600
39457,2.65,201301151600
39514,2.42,201301151600
39515,2.74,201301151600
39516,1.99,201301151600
39517,2.08,201301151600
39535,0.94,201301151600
39554,2.0,201301151600
39559,1.54,201301151600
39631,2.14,201301151600
39632,1.69,201301151600
39633,2.93,201301151600
39652,0.64,201301151600
39683,2.11,201301151600
39687,0.92,201301151600
39706,1.03,201301151600
39710,1.96,201301151600
39722,0.83,201301151600
39731,1.57,201301151600
39750,1.01,201301151600
39755,2.81,201301151600
39759,1.06,201301151600
39762,0.58,201301151600
39764,1.26,201301151600
39765,0.54,201301151600
39766,2.06,201301151600
39767,2.17,201301151600
39769,1.12,201301151600
39772,1.73,201301151600
39776,0.84,201301151600
39777,1.51,201301151600
39790,0.81,201301151600
39791,1.63,201301151600
39796,2.61,201301151600
39832,2.17,201301151600
39883,1.07,201301151600
39930,1.15,201301151600
39932,1.92,201301151600
39941,1.82,201301151600
39948,1.86,201301151600
39969,1.92,201301151600
40018,1.88,201301151600
40031,2.32,201301151600
40133,1.87,201301151600
40180,2.74,201301151600
40188,2.21,201301151600
40196,1.54,201301151600
40242,0.99,201301151600
40246,1.71,201301151600
40259,2.03,201301151600
40264,2.8,201301151600
40267,2.7,201301151600
40268,2.51,201301151600
40270,2.78,201301151600
40276,2.63,201301151600
40286,2.72,201301151600
40295,1.48,201301151600
40431,1.9,201301151600
40432,1.49,201301151600
40442,1.98,201301151600
40447,2.48,201301151600
40448,2.85,201301151600
40451,2.0,201301151600
40457,1.69,201301151600
40500,1.15,201301151600
40512,1.7,201301151600
40518,1.6,201301151600
40519,0.54,201301151600
40522,0.62,201301151600
40524,0.83,201301151600
40525,0.6,201301151600
40532,2.51,201301151600
40560,1.79,201301151600
40566,2.06,201301151600
40633,2.04,201301151600
40687,1.93,201301151600
40713,2.17,201301151600
40719,2.04,201301151600
40732,1.49,201301151600
40733,2.97,201301151600
40766,1.89,201301151600
40810,1.27,201301151600
40894,2.38,201301151600
40933,1.88,201301151600
40936,2.97,201301151600
40939,2.97,201301151600
40954,1.7,201301151600
40982,1.48,201301151600
41021,1.74,201301151600
41024,1.0,201301151600
41061,2.82,201301151600
41145,0.76,201301151600
41157,2.59,201301151600
41183,2.3,201301151600
41200,2.18,201301151600
41262,2.06,201301151600
41265,2.5,201301151600
41270,0.53,201301151600
41277,0.8,201301151600
41318,1.58,201301151600
41401,2.12,201301151600
41407,0.53,201301151600
41437,1.68,201301151600
41459,2.27,201301151600
41465,2.74,201301151600
41469,2.74,201301151600
41508,2.25,201301151600
41520,2.05,201301151600
41522,2.46,201301151600
41526,1.48,201301151600
41532,2.67,201301151600
41558,1.86,201301151600
41635,1.65,201301151600
41653,2.85,201301151600
41658,2.6,201301151600
41692,2.46,201301151600
41696,0.71,201301151600
41764,0.77,201301151600
41772,0.7,201301151600
41893,1.9,201301151600
41904,1.13,201301151600
41905,1.78,201301151600
41936,0.86,201301151600
41941,1.55,201301151600
41958,0.8,201301151600
41990,1.5,201301151600
42023,2.22,201301151600
42026,1.12,201301151600
42029,2.5,201301151600
42074,1.16,201301151600
42085,0.73,201301151600
42095,0.73,201301151600
42147,2.59,201301151600
42160,1.44,201301151600
42200,2.35,201301151600
42213,1.24,201301151600
42267,1.29,201301151600
42271,1.66,201301151600
42274,0.84,201301151600
42283,2.08,201301151600
42291,2.88,201301151600
42342,2.79,201301151600
42411,2.15,201301151600
42438,2.05,201301151600
42454,2.89,201301151600
42471,2.22,201301151600
42478,0.69,201301151600
42487,1.7,201301151600
42503,1.15,201301151600
42514,0.85,201301151600
42521,0.7,201301151600
42533,2.55,201301151600
42644,2.9,201301151600
42661,2.99,201301151600
42695,1.66,201301151600
42744,2.46,201301151600
42750,1.41,201301151600
42846,2.49,201301151600
42905,2.52,201301151600
42912,2.74,201301151600
42939,2.46,201301151600
42940,2.35,201301151600
42944,2.71,201301151600
42949,1.8,201301151600
43011,1.02,201301151600
43021,2.87,201301151600
43030,2.13,201301151600
43151,0.91,201301151600
43160,0.98,201301151600
43162,2.2,201301151600
43213,1.17,201301151600
43220,2.06,201301151600
43261,2.07,201301151600
43412,0.86,201301151600
43413,0.64,201301151600
43440,1.74,201301151600
43443,1.48,201301151600
43449,2.52,201301151600
43483,2.48,201301151600
43484,2.19,201301151600
43494,1.57,201301151600
43518,2.88,201301151600
43523,2.62,201301151600
43526,2.48,201301151600
43530,0.85,201301151600
43571,1.59,201301151600
43642,0.99,201301151600
43662,1.61,201301151600
43738,0.74,201301151600
43760,2.11,201301151600
43779,1.0,201301151600
43914,1.97,201301151600
43957,0.94,201301151600
43980,2.12,201301151600
43984,0.65,201301151600
43992,1.38,201301151600
43995,1.03,201301151600
44002,2.34,201301151600
44039,1.77,201301151600
44194,1.62,201301151600
44197,2.24,201301151600
44204,2.98,201301151600
44215,2.91,201301151600
44226,2.57,201301151600
44247,1.63,201301151600
44255,0.53,201301151600
44282,1.65,201301151600
44284,1.96,201301151600
44356,2.05,201301151600
44470,0.96,201301151600
44486,1.61,201301151600
44503,1.96,201301151600
44504,2.69,201301151600
44510,2.57,201301151600
44517,0.53,201301151600
44534,1.5,201301151600
44578,0.65,201301151600
44666,0.51,201301151600
44694,2.13,201301151600
44697,0.6,201301151600
44716,1.61,201301151600
44724,1.87,201301151600
44743,2.74,201301151600
44755,1.1,201301151600
44756,1.66,201301151600
44757,0.93,201301151600
44758,2.16,201301151600
44786,1.88,201301151600
44787,2.19,201301151600
44911,1.56,201301151600
44963,1.72,201301151600
45005,0.52,201301151600
45006,0.73,201301151600
45007,1.85,201301151600
45008,2.34,201301151600
45039,2.34,201301151600
45114,1.85,201301151600
45168,2.59,201301151600
45200,1.98,201301151600
45203,1.54,201301151600
45208,1.9,201301151600
45237,2.11,201301151600
45254,1.1,201301151600
45256,1.21,201301151600
45258,1.05,201301151600
45261,2.77,201301151600
45265,1.81,201301151600
45266,2.92,201301151600
45401,1.54,201301151600
45479,0.6,201301151600
45502,1.41,201301151600
45507,2.05,201301151600
45509,2.32,201301151600
45526,2.26,201301151600
45538,1.93,201301151600
45582,2.78,201301151600
45661,1.12,201301151600
45701,1.78,201301151600
45703,1.03,201301151600
45716,2.17,201301151600
45720,2.94,201301151600
45725,2.26,201301151600
45735,0.67,201301151600
45747,2.79,201301151600
45766,1.64,201301151600
45793,1.84,201301151600
45795,2.37,201301151600
45919,0.85,201301151600
45948,2.69,201301151600
46008,1.25,201301151600
46036,1.52,201301151600
46041,2.66,201301151600
46052,2.01,201301151600
46074,0.52,201301151600
46145,0.72,201301151600
46202,1.65,201301151600
46209,1.66,201301151600
46242,1.53,201301151600
46265,1.15,201301151600
46372,1.03,201301151600
46384,1.27,201301151600
46455,1.02,201301151600
46508,1.58,201301151600
46523,2.4,201301151600
46538,2.4,201301151600
46565,1.83,201301151600
46574,1.94,201301151600
46626,1.53,201301151600
46700,0.84,201301151600
46738,1.62,201301151600
46770,2.56,201301151600
46778,2.17,201301151600
46787,1.51,201301151600
46803,2.65,201301151600
46954,2.76,201301151600
46964,2.15,201301151600
46972,1.83,201301151600
46976,1.93,201301151600
46981,1.16,201301151600
47011,1.89,201301151600
47015,1.65,201301151600
47047,1.71,201301151600
47253,1.59,201301151600
47288,2.78,201301151600
47295,2.99,201301151600
47342,1.85,201301151600
47454,1.58,201301151600
47535,1.88,201301151600
47543,1.78,201301151600
47705,0.55,201301151600
47709,2.71,201301151600
47711,2.63,201301151600
47758,2.21,201301151600
47806,2.37,201301151600
47889,0.65,201301151600
47926,1.22,201301151600
47968,0.9,201301151600
47972,2.93,201301151600
47977,2.99,201301151600
47982,2.04,201301151600
48032,2.98,201301151600
48209,0.65,201301151600
48239,1.63,201301151600
48244,2.66,201301151600
48278,1.06,201301151600
48420,2.17,201301151600
48427,0.81,201301151600
48499,2.04,201301151600
48503,1.78,201301151600
48552,0.51,201301151600
48584,1.03,201301151600
48713,0.74,201301151600
48759,2.6,201301151600
48848,2.51,201301151600
48898,1.35,201301151600
49017,2.35,201301151600
49049,0.77,201301151600
49229,1.22,201301151600
49241,1.07,201301151600
49472,2.4,201301151600
49483,1.96,201301151600
49542,2.2,201301151600
49555,2.37,201301151600
49679,2.51,201301151600
49750,2.75,201301151600
49760,2.47,201301151600
49777,2.05,201301151600
49968,1.79,201301151600
50053,2.15,201301151600
50103,2.56,201301151600
50180,0.73,201301151600
50285,2.3,201301151600
50430,2.98,201301151600
50470,2.87,201301151600
50494,1.59,201301151600
50511,0.91,201301151600
50549,2.68,201301151600
50680,2.14,201301151600
50682,2.22,201301151600
50731,0.91,201301151600
50812,0.86,201301151600
50872,1.64,201301151600
51029,3.0,201301151600
51046,1.25,201301151600
51053,2.43,201301151600
51056,1.57,201301151600
51162,0.5,201301151600
51177,1.79,201301151600
51182,2.77,201301151600
51228,2.18,201301151600
51258,0.71,201301151600
51430,1.73,201301151600
51431,0.73,201301151600
51432,0.51,201301151600
51520,2.91,201301151600
51681,0.91,201301151600
51682,0.65,201301151600
51725,0.51,201301151600
51790,1.12,201301151600
51832,1.75,201301151600
51857,2.56,201301151600
51931,0.99,201301151600
51932,2.13,201301151600
51986,1.05,201301151600
52003,1.33,201301151600
52182,2.91,201301151600
52244,1.29,201301151600
52259,1.13,201301151600
52280,2.72,201301151600
52319,2.78,201301151600
52473,0.96,201301151600
52518,0.56,201301151600
52631,1.15,201301151600
52679,1.76,201301151600
52729,1.55,201301151600
52811,2.63,201301151600
52983,2.11,201301151600
52988,2.87,201301151600
52993,2.89,201301151600
53000,2.9,201301151600
53016,1.02,201301151600
53027,2.41,201301151600
53072,2.63,201301151600
53090,0.77,201301151600
53177,0.98,201301151600
53178,1.99,201301151600
53381,1.14,201301151600
53427,0.65,201301151600
53429,1.04,201301151600
53761,2.26,201301151600
53774,1.53,201301151600
53797,0.96,201301151600
53810,2.62,201301151600
53822,1.22,201301151600
53864,1.03,201301151600
53927,2.78,201301151600
54038,1.79,201301151600
54071,1.19,201301151600
54234,2.0,201301151600
54281,1.55,201301151600
54284,1.1,201301151600
54327,0.72,201301151600
54334,1.5,201301151600
54349,2.83,201301151600
54427,2.15,201301151600
54503,2.91,201301151600
54510,1.3,201301151600
54520,0.9,201301151600
54550,1.27,201301151600
54578,2.18,201301151600
54678,1.96,201301151600
54828,2.08,201301151600
54983,2.67,201301151600
54996,0.77,201301151600
55070,0.63,201301151600
55329,1.47,201301151600
55331,2.28,201301151600
55535,2.82,201301151600
55633,0.72,201301151600
55680,2.42,201301151600
55761,2.36,201301151600
55831,2.48,201301151600
55832,0.91,201301151600
55838,0.96,201301151600
55845,1.08,201301151600
56106,1.84,201301151600
56493,2.85,201301151600
56571,2.28,201301151600
56586,1.15,201301151600
56587,1.67,201301151600
56591,1.19,201301151600
56738,0.6,201301151600
56835,0.72,201301151600
56882,2.84,201301151600
56887,2.38,201301151600
56888,1.3,201301151600
56933,2.94,201301151600
56934,1.73,201301151600
57042,0.95,201301151600
57062,2.76,201301151600
57189,1.31,201301151600
57261,1.85,201301151600
57329,0.95,201301151600
57342,1.21,201301151600
57376,1.72,201301151600
57378,2.34,201301151600
57380,1.15,201301151600
57397,0.79,201301151600
57440,0.56,201301151600
57495,2.72,201301151600
57523,0.8,201301151600
57555,1.76,201301151600
57597,1.86,201301151600
57613,2.61,201301151600
57615,1.47,201301151600
57628,1.17,201301151600
57631,2.9,201301151600
57823,1.84,201301151600
57837,1.32,201301151600
57851,2.53,201301151600
57852,2.91,201301151600
57906,1.64,201301151600
58179,1.01,201301151600
58251,2.5,201301151600
58421,1.77,201301151600
58511,1.89,201301151600
58632,0.97,201301151600
58744,2.57,201301151600
58802,1.73,201301151600
58814,1.78,201301151600
58879,1.82,201301151600
58892,2.82,201301151600
59010,2.17,201301151600
59043,1.94,201301151600
59104,0.88,201301151600
59125,2.68,201301151600
59134,1.14,201301151600
59285,0.63,201301151600
59329,0.54,201301151600
59555,1.67,201301151600
59635,2.52,201301151600
59745,2.38,201301151600
59927,2.57,201301151600
59941,0.92,201301151600
60008,0.5,201301151600
60011,2.8,201301151600
60114,2.7,201301151600
60141,2.98,201301151600
60147,0.72,201301151600
60331,2.87,201301151600
60344,0.91,201301151600
60350,2.81,201301151600
60578,2.19,201301151600
60593,1.9,201301151600
60613,0.76,201301151600
60630,1.51,201301151600
60635,2.59,201301151600
60649,2.98,201301151600
60750,2.58,201301151600
60774,1.36,201301151600
60819,2.34,201301151600
60880,0.53,201301151600
60888,1.03,201301151600
61062,1.33,201301151600
61110,1.99,201301151600
61263,1.99,201301151600
61343,2.37,201301151600
61591,1.74,201301151600
61597,2.04,201301151600
61654,1.46,201301151600
61818,2.66,201301151600
62077,2.32,201301151600
62104,0.53,201301151600
62135,1.42,201301151600
62140,0.88,201301151600
62252,1.29,201301151600
62558,1.37,201301151600
62589,2.38,201301151600
62757,1.4,201301151600
62772,0.75,201301151600
62850,1.17,201301151600
62926,1.17,201301151600
62948,0.84,201301151600
63044,2.75,201301151600
63153,0.93,201301151600
63383,0.86,201301151600
63397,0.88,201301151600
63398,0.82,201301151600
63407,1.88,201301151600
63574,1.63,201301151600
63586,0.79,201301151600
63816,1.98,201301151600
64102,1.66,201301151600
64150,1.87,201301151600
64200,1.55,201301151600
64515,3.0,201301151600
64529,1.71,201301151600
64573,1.64,201301151600
64581,1.39,201301151600
64815,2.12,201301151600
64915,2.63,201301151600
65059,2.81,201301151600
65144,0.95,201301151600
65320,2.35,201301151600
65375,1.33,201301151600
65454,1.35,201301151600
65528,1.56,201301151600
65607,1.05,201301151600
65774,1.56,201301151600
65838,1.17,201301151600
66068,1.27,201301151600
66084,0.69,201301151600
66151,2.11,201301151600
66353,2.42,201301151600
66538,1.84,201301151600
66575,1.29,201301151600
66637,2.09,201301151600
66827,1.78,201301151600
66870,0.7,201301151600
67110,1.07,201301151600
67207,2.82,201301151600
67335,0.98,201301151600
67385,2.54,201301151600
67599,1.19,201301151600
67601,2.4,201301151600
67602,0.52,201301151600
67698,2.27,201301151600
67824,2.61,201301151600
67842,2.27,201301151600
67854,1.91,201301151600
67855,2.23,201301151600
67918,2.41,201301151600
68103,1.21,201301151600
68104,1.71,201301151600
68110,2.84,201301151600
68111,1.41,201301151600
68349,2.25,201301151600
68354,2.57,201301151600
68356,0.83,201301151600
68454,0.98,201301151600
68455,0.81,201301151600
68587,2.31,201301151600
68857,2.83,201301151600
68858,1.49,201301151600
68897,2.04,201301151600
68924,0.68,201301151600
68930,0.67,201301151600
69106,2.1,201301151600
69190,2.67,201301151600
69206,1.67,201301151600
69359,1.59,201301151600
69371,2.03,201301151600
69455,2.61,201301151600
69582,0.74,201301151600
69613,1.43,201301151600
69676,2.36,201301151600
70115,1.36,201301151600
70132,2.61,201301151600
70181,1.13,201301151600
70342,2.45,201301151600
70352,0.93,201301151600
70360,1.43,201301151600
70374,0.84,201301151600
70440,1.17,201301151600
70462,2.04,201301151600
70619,1.76,201301151600
70659,2.35,201301151600
70715,1.06,201301151600
70903,2.86,201301151600
70934,0.93,201301151600
70961,1.86,201301151600
71122,0.84,201301151600
71187,0.9,201301151600
71399,1.25,201301151600
71601,2.65,201301151600
71629,1.93,201301151600
71888,0.72,201301151600
71961,2.74,201301151600
71964,1.5,201301151600
72201,2.78,201301151600
72218,2.96,201301151600
72345,1.53,201301151600
72367,1.53,201301151600
72407,2.75,201301151600
72416,1.62,201301151600
72706,1.64,201301151600
72894,1.51,201301151600
73104,2.95,201301151600
73135,2.07,201301151600
73211,2.93,201301151600
73223,1.27,201301151600
73451,1.42,201301151600
73460,1.79,201301151600
73461,2.5,201301151600
73557,0.94,201301151600
73669,1.04,201301151600
74158,1.89,201301151600
74216,2.76,201301151600
74388,2.21,201301151600
74396,2.38,201301151600
74466,0.82,201301151600
74467,0.66,201301151600
74638,1.12,201301151600
74677,0.93,201301151600
74678,1.63,201301151600
74711,1.39,201301151600
74721,2.99,201301151600
74962,1.4,201301151600
74968,0.81,201301151600
74973,2.06,201301151600
75224,2.38,201301151600
75329,1.25,201301151600
75386,1.8,201301151600
75424,1.98,201301151600
75436,1.24,201301151600
75475,0.83,201301151600
75619,2.5,201301151600
75721,1.71,201301151600
75722,2.04,201301151600
75724,0.94,201301151600
75725,2.84,201301151600
75726,0.83,201301151600
75727,2.01,201301151600
75974,0.77,201301151600
75975,1.69,201301151600
76133,0.83,201301151600
76227,1.25,201301151600
76393,1.88,201301151600
76473,1.33,201301151600
76477,2.84,201301151600
76654,2.62,201301151600
76728,1.28,201301151600
76959,0.63,201301151600
77169,2.63,201301151600
77230,0.96,201301151600
77381,0.75,201301151600
77458,1.9,201301151600
77641,1.33,201301151600
77942,1.9,201301151600
77981,2.23,201301151600
78205,2.95,201301151600
78418,1.33,201301151600
78654,1.65,201301151600
78733,1.19,201301151600
78881,1.38,201301151600
78896,1.21,201301151600
78909,1.89,201301151600
78983,2.49,201301151600
79234,2.43,201301151600
79379,0.69,201301151600
79394,0.67,201301151600
79484,0.93,201301151600
79712,0.64,201301151600
79911,1.0,201301151600
79915,0.65,201301151600
80160,2.03,201301151600
80161,2.59,201301151600
80193,0.99,201301151600
80352,2.22,201301151600
80397,1.01,201301151600
80406,1.71,201301151600
80411,2.43,201301151600
80412,1.11,201301151600
80413,1.29,201301151600
80420,0.93,201301151600
80485,1.54,201301151600
80635,1.69,201301151600
80659,0.83,201301151600
80663,1.61,201301151600
80664,2.43,201301151600
80703,2.16,201301151600
80877,1.66,201301151600
80916,1.09,201301151600
81163,0.68,201301151600
81164,0.93,201301151600
81354,2.96,201301151600
81363,0.87,201301151600
81390,2.11,201301151600
81625,1.99,201301151600
81651,2.79,201301151600
81899,0.7,201301151600
82135,0.82,201301151600
82168,1.07,201301151600
82169,2.63,201301151600
82237,1.29,201301151600
82613,2.66,201301151600
82622,0.84,201301151600
82664,1.66,201301151600
82892,2.98,201301151600
82951,0.86,201301151600
83410,1.59,201301151600
83489,2.35,201301151600
83735,0.5,201301151600
83865,1.99,201301151600
84123,1.66,201301151600
84179,2.39,201301151600
84207,2.15,201301151600
84212,0.79,201301151600
84221,2.52,201301151600
84366,0.69,201301151600
84689,2.38,201301151600
84712,1.79,201301151600
84902,1.2,201301151600
85474,2.26,201301151600
85487,2.41,201301151600
85620,0.51,201301151600
85705,0.74,201301151600
85715,1.62,201301151600
85738,0.74,201301151600
86440,1.02,201301151600
86622,2.19,201301151600
86623,2.65,201301151600
86672,1.45,201301151600
86873,1.59,201301151600
86895,2.63,201301151600
87121,2.48,201301151600
87227,2.04,201301151600
87460,1.91,201301151600
87690,0.82,201301151600
87873,2.76,201301151600
88242,2.46,201301151600
88463,1.92,201301151600
89120,2.94,201301151600
89152,0.9,201301151600
89175,2.43,201301151600
89198,0.51,201301151600
89615,2.12,201301151600
89625,0.65,201301151600
90116,2.6,201301151600
90183,2.37,201301151600
90497,0.63,201301151600
90699,2.08,201301151600
90719,2.77,201301151600
91200,0.77,201301151600
91432,1.33,201301151600
91434,1.53,201301151600
91684,1.02,201301151600
91713,2.77,201301151600
91744,1.04,201301151600
92233,0.8,201301151600
93205,2.39,201301151600
93244,0.5,201301151600
93252,1.9,201301151600
93463,2.67,201301151600
93675,2.2,201301151600
93944,1.91,201301151600
94431,2.12,201301151600
94710,2.17,201301151600
94755,1.36,201301151600
94997,1.48,201301151600
95000,0.74,201301151600
95707,0.71,201301151600
95949,1.08,201301151600
95998,2.24,201301151600
96188,2.92,201301151600
96225,2.73,201301151600
96249,2.81,201301151600
96468,1.92,201301151600
96486,1.96,201301151600
96718,1.01,201301151600
96972,2.66,201301151600
96995,2.05,201301151600
97251,2.45,201301151600
97440,0.51,201301151600
97471,2.94,201301151600
97969,2.36,201301151600
97990,1.05,201301151600
98224,2.54,201301151600
98229,1.12,201301151600
98450,2.52,201301151600
98475,1.62,201301151600
98739,2.61,201301151600
99256,0.79,201301151600
99468,1.7,201301151600
99730,2.74,201301151600
101215,2.74,201301151600
101911,2.93,201301151600
101912,2.94,201301151600
101989,0.73,201301151600
102999,1.54,201301151600
103242,1.28,201301151600
103431,1.02,201301151600
104177,1.97,201301151600
104221,2.56,201301151600
104239,2.97,201301151600
104701,1.8,201301151600
104984,0.85,201301151600
105196,2.41,201301151600
105219,1.95,201301151600
105460,2.22,201301151600
105461,1.29,201301151600
105481,2.08,201301151600
105489,1.17,201301151600
105709,0.95,201301151600
105710,1.29,201301151600
105711,2.14,201301151600
105712,1.44,201301151600
105713,0.91,201301151600
105715,2.79,201301151600
105726,2.82,201301151600
105727,2.09,201301151600
105736,0.91,201301151600
105960,2.06,201301151600
105961,0.84,201301151600
105962,0.88,201301151600
105963,1.64,201301151600
105964,1.82,201301151600
105975,2.39,201301151600
106195,1.81,201301151600
106213,1.44,201301151600
106214,2.76,201301151600
106215,1.51,201301151600
106221,2.19,201301151600
106231,1.95,201301151600
106232,1.89,201301151600
106234,1.1,201301151600
106235,2.3,201301151600
106237,2.68,201301151600
106446,2.4,201301151600
106447,0.76,201301151600
106462,2.23,201301151600
106463,2.77,201301151600
106465,0.7,201301151600
106466,0.84,201301151600
106467,0.55,201301151600
106480,0.95,201301151600
106712,2.11,201301151600
106717,1.34,201301151600
106718,1.03,201301151600
106741,0.84,201301151600
106958,0.77,201301151600
106964,0.78,201301151600
106965,1.87,201301151600
106966,1.95,201301151600
106967,1.3,201301151600
106971,1.51,201301151600
106983,2.18,201301151600
106997,0.86,201301151600
107200,1.21,201301151600
107212,2.49,201301151600
107219,2.14,201301151600
107240,1.52,201301151600
107460,1.77,201301151600
107465,2.81,201301151600
107466,0.57,201301151600
107468,1.09,201301151600
107491,2.3,201301151600
107711,0.92,201301151600
107725,2.74,201301151600
107726,1.94,201301151600
107954,2.91,201301151600
107966,2.0,201301151600
107971,1.23,201301151600
107979,0.53,201301151600
107993,1.92,201301151600
108205,2.59,201301151600
108211,1.94,201301151600
108214,1.59,201301151600
108215,2.49,201301151600
108217,2.41,201301151600
108219,0.95,201301151600
108220,0.55,201301151600
108222,1.34,201301151600
108225,0.97,201301151600
108230,1.97,201301151600
108454,2.11,201301151600
108463,0.72,201301151600
108499,0.6,201301151600
108717,2.75,201301151600
108722,2.55,201301151600
108724,0.86,201301151600
108733,1.5,201301151600
108968,1.53,201301151600
108975,2.76,201301151600
108984,1.57,201301151600
108985,1.59,201301151600
109216,2.91,201301151600
109219,1.34,201301151600
109222,0.85,201301151600
109227,2.54,201301151600
109231,0.75,201301151600
109236,2.12,201301151600
109245,1.66,201301151600
109473,2.35,201301151600
109487,2.34,201301151600
109494,2.06,201301151600
109495,1.73,201301151600
109496,2.93,201301151600
109497,2.88,201301151600
109742,2.14,201301151600
109744,2.73,201301151600
109748,1.94,201301151600
109750,0.97,201301151600
109980,1.9,201301151600
109991,2.87,201301151600
109994,0.59,201301151600
109998,2.57,201301151600
110001,1.53,201301151600
110243,2.68,201301151600
110247,1.44,201301151600
110249,2.41,201301151600
110251,1.53,201301151600
110253,2.13,201301151600
110254,2.47,201301151600
