cell,mobility,dtg
1610,2.19,201301220000
1846,1.0,201301220000
1851,0.62,201301220000
1853,1.02,201301220000
1856,0.86,201301220000
1857,1.88,201301220000
2103,1.1,201301220000
2105,0.59,201301220000
2106,1.65,201301220000
2107,0.99,201301220000
2114,2.35,201301220000
2342,1.32,201301220000
2347,1.34,201301220000
2351,0.72,201301220000
2354,1.29,201301220000
2357,2.43,201301220000
2372,1.91,201301220000
2374,1.03,201301220000
2591,1.45,201301220000
2595,1.69,201301220000
2605,1.41,201301220000
2611,0.86,201301220000
2615,1.99,201301220000
2620,2.96,201301220000
2627,2.18,201301220000
2839,2.48,201301220000
2847,1.97,201301220000
3086,2.95,201301220000
3094,2.48,201301220000
3100,2.94,201301220000
3124,0.68,201301220000
3128,2.9,201301220000
3334,2.71,201301220000
3337,2.59,201301220000
3375,0.92,201301220000
3614,2.71,201301220000
3619,0.83,201301220000
3632,1.61,201301220000
3635,1.86,201301220000
3830,2.75,201301220000
3831,0.73,201301220000
3833,1.24,201301220000
3837,1.22,201301220000
3845,0.6,201301220000
3856,2.2,201301220000
3860,2.11,201301220000
3865,1.01,201301220000
4078,1.17,201301220000
4081,2.43,201301220000
4137,1.08,201301220000
4141,1.86,201301220000
4142,0.56,201301220000
4328,2.8,201301220000
4329,0.83,201301220000
4341,0.62,201301220000
4345,1.05,201301220000
4348,1.13,201301220000
4354,0.7,201301220000
4372,2.2,201301220000
4577,1.77,201301220000
4578,1.1,201301220000
4580,0.84,201301220000
4582,1.05,201301220000
4605,1.14,201301220000
4608,1.53,201301220000
4631,2.83,201301220000
4636,2.66,201301220000
4637,2.19,201301220000
4829,0.86,201301220000
4830,1.38,201301220000
4831,0.65,201301220000
4834,2.78,201301220000
4837,2.59,201301220000
4852,1.09,201301220000
4863,2.55,201301220000
4868,0.56,201301220000
4890,1.27,201301220000
4891,1.01,201301220000
5078,0.77,201301220000
5081,2.67,201301220000
5084,0.89,201301220000
5127,0.74,201301220000
5153,2.45,201301220000
5327,1.07,201301220000
5329,2.05,201301220000
5333,2.65,201301220000
5334,1.5,201301220000
5339,1.25,201301220000
5369,2.54,201301220000
5402,2.76,201301220000
5410,2.8,201301220000
5577,1.58,201301220000
5581,2.51,201301220000
5592,1.24,201301220000
5612,2.04,201301220000
5623,2.0,201301220000
5876,2.91,201301220000
5893,1.82,201301220000
5898,1.0,201301220000
6078,1.05,201301220000
6118,2.26,201301220000
6136,2.52,201301220000
6158,1.61,201301220000
6159,1.86,201301220000
6333,2.78,201301220000
6353,0.92,201301220000
6365,0.75,201301220000
6366,0.67,201301220000
6414,1.69,201301220000
6588,0.83,201301220000
6609,2.1,201301220000
6635,2.93,201301220000
6668,1.66,201301220000
6841,2.1,201301220000
6849,0.51,201301220000
6896,2.02,201301220000
6924,1.65,201301220000
6928,2.75,201301220000
6935,2.3,201301220000
6939,2.48,201301220000
7077,1.55,201301220000
7078,0.62,201301220000
7085,1.48,201301220000
7088,2.36,201301220000
7113,1.79,201301220000
7114,1.97,201301220000
7129,1.8,201301220000
7133,2.69,201301220000
7165,2.77,201301220000
7192,0.57,201301220000
7354,2.39,201301220000
7375,1.74,201301220000
7379,1.97,201301220000
7401,2.07,201301220000
7410,1.41,201301220000
7436,1.25,201301220000
7584,2.06,201301220000
7646,1.93,201301220000
7849,1.28,201301220000
7871,1.64,201301220000
7927,1.16,201301220000
7948,0.55,201301220000
8080,2.38,201301220000
8170,2.55,201301220000
8182,2.1,201301220000
8195,1.86,201301220000
8342,1.61,201301220000
8582,0.54,201301220000
8602,1.02,201301220000
8609,2.52,201301220000
8638,1.92,201301220000
8656,1.14,201301220000
8830,1.15,201301220000
8839,2.98,201301220000
8876,1.14,201301220000
8897,2.39,201301220000
8912,2.47,201301220000
8918,1.48,201301220000
8929,1.29,201301220000
8940,2.69,201301220000
8954,0.66,201301220000
9140,2.77,201301220000
9333,2.25,201301220000
9468,0.72,201301220000
9473,2.69,201301220000
9589,1.3,201301220000
9601,1.62,201301220000
9607,0.93,201301220000
9658,0.7,201301220000
9724,2.55,201301220000
9833,1.18,201301220000
10084,2.18,201301220000
10089,0.81,201301220000
10096,1.39,201301220000
10144,1.06,201301220000
10170,0.7,201301220000
10181,1.76,201301220000
10189,1.3,201301220000
10201,1.53,201301220000
10334,2.37,201301220000
10335,0.75,201301220000
10383,2.98,201301220000
10414,1.89,201301220000
10444,2.85,201301220000
10458,0.7,201301220000
10477,0.89,201301220000
10586,2.11,201301220000
10601,2.27,201301220000
10609,1.14,201301220000
10616,2.96,201301220000
10633,1.33,201301220000
10655,1.8,201301220000
10665,0.75,201301220000
10681,0.92,201301220000
10717,2.05,201301220000
10835,2.1,201301220000
10837,2.51,201301220000
10847,2.88,201301220000
10903,2.14,201301220000
10911,2.02,201301220000
10918,2.25,201301220000
10973,2.5,201301220000
11087,1.08,201301220000
11092,1.01,201301220000
11128,2.53,201301220000
11222,2.89,201301220000
11223,1.41,201301220000
11225,0.82,201301220000
11238,2.79,201301220000
11361,1.92,201301220000
11393,0.63,201301220000
11424,1.61,201301220000
11601,0.79,201301220000
11682,2.2,201301220000
11704,1.34,201301220000
11858,0.84,201301220000
11884,2.05,201301220000
11901,0.57,201301220000
11946,1.48,201301220000
11960,2.84,201301220000
11972,2.29,201301220000
12089,1.01,201301220000
12090,2.01,201301220000
12096,2.16,201301220000
12120,0.54,201301220000
12157,2.54,201301220000
12230,1.74,201301220000
12383,2.7,201301220000
12431,0.65,201301220000
12601,2.31,201301220000
12625,1.91,201301220000
12632,0.74,201301220000
12842,1.94,201301220000
12875,2.4,201301220000
12901,2.82,201301220000
12913,1.97,201301220000
12933,1.53,201301220000
12934,2.1,201301220000
12985,2.26,201301220000
13099,2.64,201301220000
13114,2.37,201301220000
13150,2.8,201301220000
13175,1.76,201301220000
13183,2.92,201301220000
13222,2.6,201301220000
13358,0.91,201301220000
13444,2.56,201301220000
13455,1.84,201301220000
13456,1.19,201301220000
13670,0.97,201301220000
13694,1.93,201301220000
13845,2.68,201301220000
13849,1.86,201301220000
14011,1.07,201301220000
14095,1.97,201301220000
14133,1.17,201301220000
14161,0.8,201301220000
14167,0.82,201301220000
14184,2.96,201301220000
14241,1.26,201301220000
14255,0.74,201301220000
14349,2.38,201301220000
14350,2.3,201301220000
14375,2.76,201301220000
14452,2.11,201301220000
14475,2.38,201301220000
14620,2.94,201301220000
14673,2.32,201301220000
14745,1.99,201301220000
14859,1.91,201301220000
14936,2.71,201301220000
14995,1.77,201301220000
15097,1.2,201301220000
15098,1.25,201301220000
15246,1.88,201301220000
15349,2.85,201301220000
15440,1.18,201301220000
15600,2.4,201301220000
15656,2.88,201301220000
15672,2.36,201301220000
15699,1.63,201301220000
15714,2.68,201301220000
15725,2.62,201301220000
15744,2.84,201301220000
15849,1.49,201301220000
15850,2.53,201301220000
15851,2.16,201301220000
15853,2.85,201301220000
15871,2.42,201301220000
16100,1.24,201301220000
16105,2.05,201301220000
16114,1.43,201301220000
16171,1.61,201301220000
16184,2.88,201301220000
16400,1.96,201301220000
16414,1.59,201301220000
16601,1.62,201301220000
16604,2.56,201301220000
16625,2.99,201301220000
16670,2.22,201301220000
16853,1.72,201301220000
16868,1.14,201301220000
16932,1.79,201301220000
17232,0.64,201301220000
17355,2.4,201301220000
17358,2.18,201301220000
17367,0.54,201301220000
17635,2.23,201301220000
17673,2.69,201301220000
17681,2.83,201301220000
17884,2.86,201301220000
17984,1.7,201301220000
18108,0.72,201301220000
18115,2.14,201301220000
18118,1.91,201301220000
18123,2.55,201301220000
18139,0.64,201301220000
18154,1.03,201301220000
18160,0.78,201301220000
18177,1.86,201301220000
18185,0.8,201301220000
18383,2.04,201301220000
18404,0.99,201301220000
18427,2.78,201301220000
18466,2.95,201301220000
18616,1.2,201301220000
18629,0.66,201301220000
18861,2.58,201301220000
18866,1.95,201301220000
18925,2.67,201301220000
19110,1.89,201301220000
19112,2.57,201301220000
19114,2.44,201301220000
19122,2.6,201301220000
19360,1.95,201301220000
19443,1.56,201301220000
19481,2.41,201301220000
19611,2.58,201301220000
19612,1.47,201301220000
19618,1.62,201301220000
19633,1.24,201301220000
19678,1.07,201301220000
19878,1.52,201301220000
19913,0.56,201301220000
20113,2.81,201301220000
20114,1.39,201301220000
20116,1.66,201301220000
20170,2.69,201301220000
20363,2.37,201301220000
20387,2.56,201301220000
20396,1.11,201301220000
20436,0.69,201301220000
20616,0.79,201301220000
20621,1.57,201301220000
20628,2.5,201301220000
20651,2.16,201301220000
20671,1.51,201301220000
20682,1.96,201301220000
20864,2.05,201301220000
20882,2.88,201301220000
20931,0.99,201301220000
20995,0.66,201301220000
21115,3.0,201301220000
21118,1.59,201301220000
21201,1.05,201301220000
21373,0.65,201301220000
21377,1.95,201301220000
21392,2.38,201301220000
21407,1.79,201301220000
21428,0.98,201301220000
21448,1.98,201301220000
21617,2.08,201301220000
21619,3.0,201301220000
21639,1.4,201301220000
21658,2.78,201301220000
21663,1.77,201301220000
21701,0.99,201301220000
21721,2.21,201301220000
21868,2.32,201301220000
21871,2.01,201301220000
21999,1.86,201301220000
22126,2.92,201301220000
22133,0.81,201301220000
22174,1.64,201301220000
22176,2.58,201301220000
22205,2.54,201301220000
22368,2.12,201301220000
22395,2.1,201301220000
22419,2.15,201301220000
22420,2.5,201301220000
22421,1.54,201301220000
22422,2.88,201301220000
22619,2.99,201301220000
22630,1.12,201301220000
22634,2.4,201301220000
22671,1.63,201301220000
22673,2.79,201301220000
22700,2.86,201301220000
22751,2.99,201301220000
22768,2.84,201301220000
22869,1.71,201301220000
22877,2.55,201301220000
22928,1.95,201301220000
22940,1.01,201301220000
22955,1.93,201301220000
22963,2.04,201301220000
22966,0.61,201301220000
23120,0.58,201301220000
23124,2.63,201301220000
23125,1.94,201301220000
23131,0.72,201301220000
23138,2.87,201301220000
23169,2.84,201301220000
23194,0.69,201301220000
23216,2.67,201301220000
23370,0.9,201301220000
23371,1.76,201301220000
23379,1.22,201301220000
23386,1.84,201301220000
23388,1.82,201301220000
23427,1.8,201301220000
23621,1.24,201301220000
23627,2.92,201301220000
23635,1.79,201301220000
23641,1.52,201301220000
23662,1.94,201301220000
23669,2.06,201301220000
23690,2.8,201301220000
23744,0.91,201301220000
23750,1.73,201301220000
23872,1.33,201301220000
23873,1.04,201301220000
23875,2.47,201301220000
23881,2.73,201301220000
23894,0.55,201301220000
23896,2.38,201301220000
23907,1.29,201301220000
23925,0.59,201301220000
23973,2.89,201301220000
24005,2.79,201301220000
24009,1.9,201301220000
24032,2.11,201301220000
24122,2.58,201301220000
24123,2.06,201301220000
24149,0.76,201301220000
24247,2.58,201301220000
24251,2.1,201301220000
24265,1.01,201301220000
24266,1.54,201301220000
24373,2.27,201301220000
24374,1.83,201301220000
24380,1.31,201301220000
24381,2.82,201301220000
24383,0.73,201301220000
24387,2.44,201301220000
24402,2.43,201301220000
24405,2.47,201301220000
24423,2.28,201301220000
24623,0.75,201301220000
24626,2.62,201301220000
24643,0.94,201301220000
24732,0.63,201301220000
24734,2.97,201301220000
24739,2.28,201301220000
24774,2.91,201301220000
24775,2.17,201301220000
24781,2.57,201301220000
24837,0.64,201301220000
24874,1.49,201301220000
24877,2.39,201301220000
24879,2.6,201301220000
24880,1.09,201301220000
24895,2.04,201301220000
24920,0.99,201301220000
24990,1.37,201301220000
24991,1.89,201301220000
24993,2.62,201301220000
25124,2.4,201301220000
25125,1.5,201301220000
25126,1.53,201301220000
25129,0.62,201301220000
25130,1.32,201301220000
25132,1.49,201301220000
25136,2.14,201301220000
25138,1.03,201301220000
25141,0.86,201301220000
25179,1.67,201301220000
25187,0.86,201301220000
25375,1.56,201301220000
25376,0.81,201301220000
25377,0.91,201301220000
25379,1.96,201301220000
25385,0.88,201301220000
25395,1.98,201301220000
25400,2.37,201301220000
25405,1.9,201301220000
25412,2.33,201301220000
25427,1.06,201301220000
25626,1.39,201301220000
25627,1.24,201301220000
25628,2.64,201301220000
25629,1.98,201301220000
25632,1.13,201301220000
25633,1.99,201301220000
25642,2.93,201301220000
25715,2.09,201301220000
25747,2.05,201301220000
25763,2.09,201301220000
25876,2.1,201301220000
25877,2.33,201301220000
25878,0.53,201301220000
25881,2.7,201301220000
25882,2.18,201301220000
25886,2.2,201301220000
25888,0.98,201301220000
25926,1.64,201301220000
25997,2.24,201301220000
26005,0.79,201301220000
26035,1.12,201301220000
26127,1.55,201301220000
26129,2.75,201301220000
26130,0.73,201301220000
26133,1.66,201301220000
26135,2.94,201301220000
26136,1.7,201301220000
26138,1.25,201301220000
26139,1.37,201301220000
26141,0.62,201301220000
26148,2.92,201301220000
26168,2.76,201301220000
26378,2.03,201301220000
26379,0.6,201301220000
26380,1.6,201301220000
26381,1.19,201301220000
26382,1.99,201301220000
26383,1.67,201301220000
26385,0.56,201301220000
26386,0.55,201301220000
26387,2.33,201301220000
26389,1.29,201301220000
26391,0.54,201301220000
26392,2.75,201301220000
26393,2.02,201301220000
26396,2.7,201301220000
26403,1.96,201301220000
26408,1.88,201301220000
26427,1.42,201301220000
26450,1.55,201301220000
26492,1.64,201301220000
26546,1.92,201301220000
26563,1.19,201301220000
26564,1.9,201301220000
26628,0.57,201301220000
26629,1.53,201301220000
26630,1.17,201301220000
26631,0.72,201301220000
26633,0.81,201301220000
26634,2.4,201301220000
26656,2.88,201301220000
26674,2.45,201301220000
26708,2.08,201301220000
26752,2.55,201301220000
26754,2.78,201301220000
26755,1.1,201301220000
26782,2.7,201301220000
26846,0.7,201301220000
26879,1.4,201301220000
26880,1.23,201301220000
26881,2.15,201301220000
26882,1.31,201301220000
26883,0.51,201301220000
26884,2.5,201301220000
26885,2.79,201301220000
26886,1.38,201301220000
26887,0.88,201301220000
26889,2.06,201301220000
26890,1.71,201301220000
26891,2.75,201301220000
26892,1.75,201301220000
26893,2.61,201301220000
26894,1.41,201301220000
26895,2.22,201301220000
26897,2.4,201301220000
26905,2.31,201301220000
26938,2.95,201301220000
26964,1.21,201301220000
27006,1.46,201301220000
27042,2.86,201301220000
27098,2.62,201301220000
27130,2.43,201301220000
27131,1.51,201301220000
27132,1.25,201301220000
27133,1.72,201301220000
27134,1.83,201301220000
27135,0.82,201301220000
27136,0.62,201301220000
27137,2.92,201301220000
27138,1.7,201301220000
27142,1.71,201301220000
27143,2.31,201301220000
27145,1.06,201301220000
27148,2.15,201301220000
27149,2.47,201301220000
27152,0.61,201301220000
27155,2.48,201301220000
27175,2.08,201301220000
27209,1.11,201301220000
27247,2.92,201301220000
27381,1.54,201301220000
27382,0.65,201301220000
27383,2.3,201301220000
27384,2.79,201301220000
27386,2.43,201301220000
27387,2.15,201301220000
27388,1.73,201301220000
27389,1.7,201301220000
27390,1.55,201301220000
27392,1.84,201301220000
27395,2.2,201301220000
27404,2.87,201301220000
27415,0.88,201301220000
27427,2.57,201301220000
27489,0.81,201301220000
27494,1.94,201301220000
27498,2.25,201301220000
27518,0.6,201301220000
27632,0.93,201301220000
27633,0.87,201301220000
27634,2.78,201301220000
27635,2.11,201301220000
27636,1.38,201301220000
27637,0.88,201301220000
27638,1.1,201301220000
27639,1.91,201301220000
27640,1.6,201301220000
27642,2.07,201301220000
27643,2.52,201301220000
27645,1.73,201301220000
27646,1.42,201301220000
27647,1.8,201301220000
27649,2.21,201301220000
27654,1.58,201301220000
27763,0.76,201301220000
27764,1.08,201301220000
27796,0.68,201301220000
27797,2.11,201301220000
27883,2.79,201301220000
27884,0.82,201301220000
27885,1.5,201301220000
27886,1.01,201301220000
27887,0.93,201301220000
27888,2.98,201301220000
27889,2.65,201301220000
27890,2.84,201301220000
27891,2.47,201301220000
27892,1.39,201301220000
27894,2.55,201301220000
27895,1.31,201301220000
27897,1.66,201301220000
27902,0.58,201301220000
27908,0.86,201301220000
27911,2.05,201301220000
27930,1.55,201301220000
27971,1.59,201301220000
28004,2.52,201301220000
28015,1.39,201301220000
28049,0.84,201301220000
28102,2.05,201301220000
28134,1.4,201301220000
28135,0.64,201301220000
28136,1.87,201301220000
28137,2.05,201301220000
28138,1.56,201301220000
28139,2.3,201301220000
28140,1.44,201301220000
28142,1.18,201301220000
28143,0.64,201301220000
28144,0.51,201301220000
28146,2.41,201301220000
28154,0.75,201301220000
28156,1.78,201301220000
28216,1.67,201301220000
28239,2.19,201301220000
28384,2.61,201301220000
28385,1.19,201301220000
28386,2.87,201301220000
28387,1.88,201301220000
28388,0.94,201301220000
28389,2.23,201301220000
28390,2.52,201301220000
28391,0.62,201301220000
28392,0.88,201301220000
28393,1.04,201301220000
28394,0.51,201301220000
28396,1.37,201301220000
28397,2.1,201301220000
28400,2.18,201301220000
28401,2.35,201301220000
28405,0.99,201301220000
28427,0.62,201301220000
28467,2.77,201301220000
28496,0.65,201301220000
28497,2.17,201301220000
28519,0.57,201301220000
28535,2.61,201301220000
28539,2.0,201301220000
28545,0.8,201301220000
28557,2.74,201301220000
28635,2.72,201301220000
28636,2.5,201301220000
28637,2.54,201301220000
28638,1.78,201301220000
28639,1.76,201301220000
28640,2.78,201301220000
28641,0.59,201301220000
28642,1.21,201301220000
28643,2.37,201301220000
28644,2.61,201301220000
28645,0.54,201301220000
28646,1.37,201301220000
28649,1.99,201301220000
28658,0.69,201301220000
28667,1.78,201301220000
28675,1.43,201301220000
28751,2.24,201301220000
28753,2.18,201301220000
28754,1.08,201301220000
28788,0.51,201301220000
28812,2.03,201301220000
28823,1.48,201301220000
28886,2.7,201301220000
28887,2.12,201301220000
28888,1.41,201301220000
28889,2.66,201301220000
28890,2.6,201301220000
28891,2.74,201301220000
28892,1.05,201301220000
28893,1.24,201301220000
28894,2.01,201301220000
28895,0.88,201301220000
28896,2.09,201301220000
28897,2.72,201301220000
28899,1.93,201301220000
28900,1.02,201301220000
28901,1.5,201301220000
28902,2.42,201301220000
28905,1.56,201301220000
28912,1.09,201301220000
28960,2.88,201301220000
28969,0.9,201301220000
29004,2.75,201301220000
29012,1.76,201301220000
29026,0.74,201301220000
29068,2.31,201301220000
29076,1.33,201301220000
29088,1.22,201301220000
29094,0.92,201301220000
29136,2.19,201301220000
29137,2.18,201301220000
29138,2.34,201301220000
29139,1.9,201301220000
29140,1.25,201301220000
29141,1.36,201301220000
29142,2.87,201301220000
29143,1.38,201301220000
29144,2.18,201301220000
29146,2.27,201301220000
29147,1.53,201301220000
29148,0.97,201301220000
29149,1.96,201301220000
29151,1.67,201301220000
29158,2.52,201301220000
29165,1.59,201301220000
29171,2.9,201301220000
29190,1.83,201301220000
29247,1.82,201301220000
29387,1.45,201301220000
29388,2.8,201301220000
29389,1.77,201301220000
29390,2.9,201301220000
29391,2.41,201301220000
29392,2.79,201301220000
29393,2.77,201301220000
29394,2.08,201301220000
29395,1.7,201301220000
29396,1.31,201301220000
29397,2.18,201301220000
29398,2.91,201301220000
29399,1.02,201301220000
29401,1.02,201301220000
29402,0.96,201301220000
29403,1.53,201301220000
29405,2.09,201301220000
29409,0.83,201301220000
29425,2.56,201301220000
29429,1.49,201301220000
29495,1.96,201301220000
29498,2.88,201301220000
29533,0.85,201301220000
29556,1.27,201301220000
29638,1.45,201301220000
29639,1.76,201301220000
29640,0.99,201301220000
29641,0.98,201301220000
29642,1.46,201301220000
29643,1.89,201301220000
29644,1.04,201301220000
29645,0.68,201301220000
29648,1.73,201301220000
29649,2.95,201301220000
29650,1.93,201301220000
29654,2.79,201301220000
29663,1.16,201301220000
29670,0.93,201301220000
29710,1.0,201301220000
29730,1.72,201301220000
29733,0.83,201301220000
29736,0.99,201301220000
29766,2.18,201301220000
29891,1.63,201301220000
29892,1.73,201301220000
29893,1.72,201301220000
29894,1.94,201301220000
29895,2.37,201301220000
29896,0.62,201301220000
29897,2.09,201301220000
29898,1.91,201301220000
29900,2.91,201301220000
29903,2.76,201301220000
29906,2.71,201301220000
29909,0.81,201301220000
29912,1.83,201301220000
29917,1.26,201301220000
29925,2.91,201301220000
29966,2.43,201301220000
30021,1.85,201301220000
30026,1.89,201301220000
30036,1.85,201301220000
30142,0.58,201301220000
30143,1.81,201301220000
30144,2.14,201301220000
30145,2.71,201301220000
30146,2.73,201301220000
30147,2.28,201301220000
30148,1.61,201301220000
30152,2.32,201301220000
30154,2.11,201301220000
30157,2.62,201301220000
30158,1.47,201301220000
30181,0.53,201301220000
30242,2.83,201301220000
30243,0.72,201301220000
30244,2.09,201301220000
30261,1.05,201301220000
30300,2.13,201301220000
30322,2.54,201301220000
30393,0.72,201301220000
30394,2.8,201301220000
30395,0.95,201301220000
30396,1.79,201301220000
30397,1.48,201301220000
30398,0.89,201301220000
30400,0.86,201301220000
30401,1.95,201301220000
30403,2.8,201301220000
30407,0.57,201301220000
30410,2.1,201301220000
30420,1.77,201301220000
30430,2.16,201301220000
30434,0.54,201301220000
30439,1.94,201301220000
30481,1.0,201301220000
30489,1.62,201301220000
30494,1.77,201301220000
30495,2.47,201301220000
30496,0.72,201301220000
30645,2.64,201301220000
30646,2.55,201301220000
30647,2.39,201301220000
30648,3.0,201301220000
30649,1.33,201301220000
30650,0.75,201301220000
30651,1.32,201301220000
30652,1.35,201301220000
30653,2.38,201301220000
30654,2.53,201301220000
30661,1.99,201301220000
30664,0.91,201301220000
30666,1.98,201301220000
30669,1.31,201301220000
30673,1.9,201301220000
30683,1.08,201301220000
30745,2.18,201301220000
30750,0.93,201301220000
30777,1.75,201301220000
30780,2.37,201301220000
30812,1.84,201301220000
30897,1.69,201301220000
30898,2.76,201301220000
30899,2.98,201301220000
30900,0.88,201301220000
30901,1.7,201301220000
30902,1.49,201301220000
30903,1.34,201301220000
30904,2.06,201301220000
30908,2.27,201301220000
30909,2.0,201301220000
30912,0.74,201301220000
30913,2.12,201301220000
30928,1.26,201301220000
30953,1.16,201301220000
30979,0.99,201301220000
30994,2.09,201301220000
30995,2.63,201301220000
31027,2.8,201301220000
31028,1.18,201301220000
31029,2.84,201301220000
31082,1.6,201301220000
31148,2.93,201301220000
31149,2.11,201301220000
31150,1.62,201301220000
31151,1.08,201301220000
31152,0.55,201301220000
31156,2.25,201301220000
31157,0.84,201301220000
31161,1.99,201301220000
31166,2.87,201301220000
31172,2.59,201301220000
31274,1.47,201301220000
31281,2.83,201301220000
31369,2.43,201301220000
31398,2.49,201301220000
31401,0.98,201301220000
31407,1.02,201301220000
31408,2.29,201301220000
31409,2.48,201301220000
31410,1.8,201301220000
31413,1.24,201301220000
31419,0.79,201301220000
31427,2.93,201301220000
31457,0.62,201301220000
31466,2.23,201301220000
31651,0.75,201301220000
31652,2.87,201301220000
31656,0.59,201301220000
31660,0.9,201301220000
31663,0.72,201301220000
31666,2.87,201301220000
31675,1.6,201301220000
31738,0.58,201301220000
31754,0.95,201301220000
31782,1.02,201301220000
31903,0.71,201301220000
31904,1.15,201301220000
31905,1.7,201301220000
31906,1.24,201301220000
31908,2.05,201301220000
31912,1.26,201301220000
31921,0.95,201301220000
31928,0.74,201301220000
31949,0.52,201301220000
32028,1.64,201301220000
32032,0.76,201301220000
32045,1.42,201301220000
32150,1.48,201301220000
32155,0.85,201301220000
32157,0.86,201301220000
32161,0.7,201301220000
32162,2.14,201301220000
32167,0.76,201301220000
32169,1.67,201301220000
32175,2.8,201301220000
32182,2.8,201301220000
32185,1.72,201301220000
32195,2.68,201301220000
32235,0.84,201301220000
32404,2.2,201301220000
32405,1.75,201301220000
32410,2.43,201301220000
32411,0.79,201301220000
32415,0.78,201301220000
32449,2.81,201301220000
32490,2.97,201301220000
32558,1.98,201301220000
32622,0.58,201301220000
32656,2.67,201301220000
32658,1.92,201301220000
32660,1.09,201301220000
32662,1.1,201301220000
32668,2.73,201301220000
32682,2.06,201301220000
32697,2.73,201301220000
32712,1.66,201301220000
32729,2.88,201301220000
32739,2.33,201301220000
32742,0.74,201301220000
32744,1.31,201301220000
32802,1.28,201301220000
32834,1.55,201301220000
32905,2.77,201301220000
32907,2.28,201301220000
32912,1.53,201301220000
32916,0.87,201301220000
32922,2.38,201301220000
32924,2.14,201301220000
32926,2.67,201301220000
32929,2.92,201301220000
32977,1.1,201301220000
32978,2.22,201301220000
33154,0.55,201301220000
33158,2.32,201301220000
33160,1.43,201301220000
33165,0.62,201301220000
33170,0.65,201301220000
33186,2.82,201301220000
33286,1.82,201301220000
33405,2.24,201301220000
33409,2.29,201301220000
33412,1.36,201301220000
33418,0.97,201301220000
33420,0.63,201301220000
33424,1.21,201301220000
33435,0.53,201301220000
33442,0.58,201301220000
33519,2.64,201301220000
33594,0.86,201301220000
33656,2.41,201301220000
33659,0.96,201301220000
33662,1.32,201301220000
33664,2.33,201301220000
33666,1.48,201301220000
33669,2.44,201301220000
33673,1.74,201301220000
33675,0.86,201301220000
33694,2.1,201301220000
33724,2.98,201301220000
33742,2.63,201301220000
33812,0.98,201301220000
33909,1.33,201301220000
33911,2.96,201301220000
33912,1.43,201301220000
33913,1.19,201301220000
33922,0.98,201301220000
33923,1.28,201301220000
33924,0.79,201301220000
33931,2.1,201301220000
33935,2.94,201301220000
33986,1.08,201301220000
34013,0.58,201301220000
34160,1.59,201301220000
34161,2.3,201301220000
34162,2.3,201301220000
34163,1.48,201301220000
34167,1.47,201301220000
34190,2.47,201301220000
34211,2.5,201301220000
34303,2.02,201301220000
34380,0.95,201301220000
34407,1.94,201301220000
34413,2.75,201301220000
34423,0.95,201301220000
34424,2.67,201301220000
34427,2.03,201301220000
34430,0.8,201301220000
34437,1.73,201301220000
34440,0.79,201301220000
34486,2.75,201301220000
34495,1.53,201301220000
34510,0.55,201301220000
34520,1.57,201301220000
34528,1.12,201301220000
34563,1.5,201301220000
34662,2.59,201301220000
34667,0.94,201301220000
34668,2.69,201301220000
34670,1.48,201301220000
34672,1.49,201301220000
34673,2.44,201301220000
34676,1.08,201301220000
34679,2.55,201301220000
34682,2.64,201301220000
34695,0.93,201301220000
34710,2.96,201301220000
34714,2.33,201301220000
34720,1.76,201301220000
34882,2.32,201301220000
34913,1.34,201301220000
34914,0.82,201301220000
34915,1.63,201301220000
34924,0.7,201301220000
34925,1.31,201301220000
34934,2.39,201301220000
34939,0.87,201301220000
34959,2.68,201301220000
34990,0.89,201301220000
35102,1.05,201301220000
35164,1.42,201301220000
35166,0.77,201301220000
35173,2.66,201301220000
35178,1.54,201301220000
35183,1.56,201301220000
35185,1.5,201301220000
35187,0.71,201301220000
35193,0.65,201301220000
35203,1.67,201301220000
35218,1.42,201301220000
35237,1.16,201301220000
35244,2.43,201301220000
35249,2.94,201301220000
35295,2.91,201301220000
35368,1.78,201301220000
35410,1.45,201301220000
35414,0.89,201301220000
35415,1.54,201301220000
35417,0.87,201301220000
35421,2.52,201301220000
35440,2.77,201301220000
35455,2.38,201301220000
35492,2.77,201301220000
35515,1.85,201301220000
35665,2.04,201301220000
35675,2.18,201301220000
35683,2.22,201301220000
35686,1.08,201301220000
35700,2.04,201301220000
35745,1.09,201301220000
35755,1.98,201301220000
35769,2.04,201301220000
35916,0.72,201301220000
35917,2.49,201301220000
35918,1.24,201301220000
35919,1.13,201301220000
35921,0.52,201301220000
35929,0.95,201301220000
35931,2.93,201301220000
35941,2.03,201301220000
35944,1.83,201301220000
35971,1.09,201301220000
35981,1.17,201301220000
35992,0.52,201301220000
35994,2.07,201301220000
36067,2.88,201301220000
36162,1.95,201301220000
36167,2.52,201301220000
36169,2.13,201301220000
36170,2.11,201301220000
36173,1.25,201301220000
36176,1.83,201301220000
36177,1.75,201301220000
36205,2.08,201301220000
36237,2.09,201301220000
36245,2.47,201301220000
36246,1.32,201301220000
36293,0.89,201301220000
36311,2.3,201301220000
36417,2.75,201301220000
36420,2.98,201301220000
36421,2.41,201301220000
36441,2.2,201301220000
36448,2.54,201301220000
36494,0.94,201301220000
36498,1.69,201301220000
36502,1.89,201301220000
36510,2.58,201301220000
36513,2.26,201301220000
36519,2.36,201301220000
36524,0.91,201301220000
36576,0.66,201301220000
36668,1.92,201301220000
36673,2.94,201301220000
36675,2.53,201301220000
36677,1.77,201301220000
36679,1.53,201301220000
36682,1.94,201301220000
36688,1.24,201301220000
36690,0.77,201301220000
36711,2.52,201301220000
36717,0.66,201301220000
36758,2.99,201301220000
36889,1.24,201301220000
36915,1.99,201301220000
36918,1.36,201301220000
36933,2.55,201301220000
36934,2.03,201301220000
36953,2.02,201301220000
36959,2.9,201301220000
36996,0.85,201301220000
36999,1.3,201301220000
37001,1.38,201301220000
37167,1.24,201301220000
37168,0.85,201301220000
37169,2.41,201301220000
37172,0.58,201301220000
37176,0.55,201301220000
37178,1.84,201301220000
37179,0.65,201301220000
37182,1.97,201301220000
37192,1.68,201301220000
37200,2.34,201301220000
37206,2.31,201301220000
37232,2.11,201301220000
37239,1.38,201301220000
37270,2.2,201301220000
37298,0.65,201301220000
37304,2.52,201301220000
37419,1.52,201301220000
37421,0.6,201301220000
37423,1.49,201301220000
37425,0.88,201301220000
37446,1.58,201301220000
37454,2.64,201301220000
37477,1.85,201301220000
37487,1.88,201301220000
37501,2.95,201301220000
37503,2.0,201301220000
37513,1.66,201301220000
37523,2.26,201301220000
37562,2.51,201301220000
37609,1.76,201301220000
37642,2.47,201301220000
37643,1.33,201301220000
37670,2.0,201301220000
37671,1.81,201301220000
37672,2.95,201301220000
37676,1.33,201301220000
37688,0.51,201301220000
37689,0.57,201301220000
37690,2.58,201301220000
37695,0.88,201301220000
37701,2.92,201301220000
37710,0.94,201301220000
37711,2.7,201301220000
37754,2.19,201301220000
37874,1.3,201301220000
37891,2.27,201301220000
37893,2.87,201301220000
37894,2.4,201301220000
37926,2.5,201301220000
37928,1.81,201301220000
37929,1.96,201301220000
37932,1.58,201301220000
37936,0.78,201301220000
37943,0.85,201301220000
37952,2.59,201301220000
37962,2.68,201301220000
37968,2.76,201301220000
38003,0.63,201301220000
38060,0.97,201301220000
38145,0.64,201301220000
38172,1.74,201301220000
38173,2.53,201301220000
38178,2.82,201301220000
38200,1.18,201301220000
38204,1.39,201301220000
38209,1.19,201301220000
38215,2.42,201301220000
38220,2.72,201301220000
38225,1.61,201301220000
38228,1.77,201301220000
38230,2.22,201301220000
38243,2.45,201301220000
38247,1.77,201301220000
38255,2.83,201301220000
38263,0.65,201301220000
38268,1.86,201301220000
38272,0.82,201301220000
38367,1.64,201301220000
38381,0.92,201301220000
38423,1.51,201301220000
38425,1.53,201301220000
38426,2.08,201301220000
38431,0.63,201301220000
38440,1.74,201301220000
38479,2.27,201301220000
38481,1.61,201301220000
38483,1.4,201301220000
38488,1.57,201301220000
38490,1.3,201301220000
38498,2.07,201301220000
38499,0.66,201301220000
38500,2.19,201301220000
38505,1.9,201301220000
38506,1.43,201301220000
38508,2.98,201301220000
38517,1.1,201301220000
38534,1.82,201301220000
38648,2.72,201301220000
38674,2.52,201301220000
38676,1.73,201301220000
38679,1.15,201301220000
38684,2.17,201301220000
38693,0.94,201301220000
38697,0.84,201301220000
38716,1.41,201301220000
38722,1.46,201301220000
38736,2.31,201301220000
38738,0.87,201301220000
38752,1.12,201301220000
38753,0.68,201301220000
38758,1.29,201301220000
38760,0.98,201301220000
38761,1.5,201301220000
38762,2.67,201301220000
38766,2.02,201301220000
38769,2.27,201301220000
38778,1.86,201301220000
38812,1.85,201301220000
38939,2.56,201301220000
38953,2.98,201301220000
38958,1.11,201301220000
38967,2.73,201301220000
39006,2.51,201301220000
39008,1.97,201301220000
39010,2.4,201301220000
39011,1.44,201301220000
39017,1.14,201301220000
39113,0.82,201301220000
39148,2.18,201301220000
39149,1.71,201301220000
39176,1.18,201301220000
39178,0.62,201301220000
39191,1.0,201301220000
39201,2.0,201301220000
39230,1.82,201301220000
39236,1.89,201301220000
39246,2.53,201301220000
39252,1.48,201301220000
39255,2.04,201301220000
39260,1.35,201301220000
39262,2.21,201301220000
39263,3.0,201301220000
39268,1.78,201301220000
39269,0.97,201301220000
39271,0.71,201301220000
39274,2.97,201301220000
39275,0.59,201301220000
39375,1.17,201301220000
39391,2.08,201301220000
39427,1.74,201301220000
39428,2.2,201301220000
39430,2.47,201301220000
39433,0.99,201301220000
39446,0.88,201301220000
39457,1.16,201301220000
39514,2.66,201301220000
39515,1.9,201301220000
39516,2.23,201301220000
39517,1.0,201301220000
39535,2.19,201301220000
39554,0.89,201301220000
39559,1.9,201301220000
39631,1.35,201301220000
39632,1.45,201301220000
39633,1.93,201301220000
39652,2.86,201301220000
39683,2.24,201301220000
39687,0.81,201301220000
39706,1.6,201301220000
39710,2.74,201301220000
39722,1.2,201301220000
39731,1.9,201301220000
39750,0.63,201301220000
39755,2.19,201301220000
39759,1.33,201301220000
39762,1.44,201301220000
39764,1.23,201301220000
39765,1.56,201301220000
39766,2.28,201301220000
39767,2.76,201301220000
39769,1.48,201301220000
39772,1.64,201301220000
39776,1.67,201301220000
39777,0.61,201301220000
39790,2.92,201301220000
39791,2.35,201301220000
39796,2.19,201301220000
39832,0.96,201301220000
39883,2.46,201301220000
39930,2.9,201301220000
39932,1.74,201301220000
39941,1.42,201301220000
39948,2.81,201301220000
39969,1.25,201301220000
40018,0.75,201301220000
40031,2.92,201301220000
40133,1.47,201301220000
40180,0.73,201301220000
40188,1.57,201301220000
40196,2.36,201301220000
40242,2.45,201301220000
40246,2.13,201301220000
40259,2.0,201301220000
40264,1.67,201301220000
40267,1.15,201301220000
40268,1.01,201301220000
40270,0.87,201301220000
40276,2.75,201301220000
40286,2.82,201301220000
40295,1.21,201301220000
40431,2.29,201301220000
40432,1.05,201301220000
40442,0.84,201301220000
40447,2.34,201301220000
40448,2.92,201301220000
40451,1.96,201301220000
40457,1.83,201301220000
40500,2.21,201301220000
40512,0.94,201301220000
40518,1.02,201301220000
40519,2.09,201301220000
40522,2.12,201301220000
40524,2.01,201301220000
40525,2.4,201301220000
40532,2.92,201301220000
40560,1.35,201301220000
40566,0.75,201301220000
40633,1.31,201301220000
40687,1.71,201301220000
40713,0.54,201301220000
40719,2.41,201301220000
40732,1.13,201301220000
40733,2.55,201301220000
40766,0.5,201301220000
40810,1.07,201301220000
40894,2.19,201301220000
40933,2.78,201301220000
40936,2.65,201301220000
40939,0.69,201301220000
40954,1.51,201301220000
40982,2.66,201301220000
41021,0.96,201301220000
41024,2.23,201301220000
41061,0.57,201301220000
41145,2.37,201301220000
41157,1.1,201301220000
41183,2.53,201301220000
41200,0.97,201301220000
41262,0.97,201301220000
41265,2.88,201301220000
41270,1.08,201301220000
41277,3.0,201301220000
41318,0.78,201301220000
41401,1.9,201301220000
41407,1.86,201301220000
41437,1.35,201301220000
41459,0.73,201301220000
41465,1.68,201301220000
41469,2.43,201301220000
41508,1.25,201301220000
41520,2.19,201301220000
41522,1.04,201301220000
41526,2.08,201301220000
41532,1.22,201301220000
41558,1.1,201301220000
41635,1.47,201301220000
41653,1.33,201301220000
41658,1.12,201301220000
41692,1.43,201301220000
41696,0.95,201301220000
41764,2.18,201301220000
41772,2.88,201301220000
41893,1.06,201301220000
41904,1.47,201301220000
41905,1.63,201301220000
41936,1.47,201301220000
41941,1.77,201301220000
41958,1.02,201301220000
41990,2.43,201301220000
42023,0.61,201301220000
42026,0.9,201301220000
42029,1.18,201301220000
42074,1.25,201301220000
42085,1.47,201301220000
42095,1.5,201301220000
42147,1.18,201301220000
42160,0.77,201301220000
42200,1.23,201301220000
42213,1.44,201301220000
42267,2.18,201301220000
42271,0.66,201301220000
42274,0.62,201301220000
42283,2.29,201301220000
42291,1.85,201301220000
42342,1.73,201301220000
42411,2.21,201301220000
42438,1.57,201301220000
42454,1.09,201301220000
42471,1.07,201301220000
42478,0.63,201301220000
42487,1.44,201301220000
42503,0.65,201301220000
42514,1.77,201301220000
42521,0.95,201301220000
42533,2.66,201301220000
42644,1.91,201301220000
42661,2.93,201301220000
42695,2.28,201301220000
42744,1.42,201301220000
42750,2.12,201301220000
42846,2.69,201301220000
42905,0.75,201301220000
42912,0.75,201301220000
42939,0.82,201301220000
42940,2.71,201301220000
42944,2.56,201301220000
42949,2.14,201301220000
43011,2.71,201301220000
43021,2.15,201301220000
43030,1.46,201301220000
43151,1.83,201301220000
43160,0.89,201301220000
43162,2.4,201301220000
43213,1.28,201301220000
43220,0.53,201301220000
43261,1.36,201301220000
43412,2.52,201301220000
43413,1.58,201301220000
43440,1.74,201301220000
43443,2.03,201301220000
43449,2.25,201301220000
43483,2.27,201301220000
43484,2.37,201301220000
43494,2.5,201301220000
43518,1.32,201301220000
43523,1.65,201301220000
43526,2.05,201301220000
43530,1.33,201301220000
43571,1.3,201301220000
43642,2.05,201301220000
43662,1.96,201301220000
43738,1.58,201301220000
43760,0.7,201301220000
43779,2.99,201301220000
43914,2.08,201301220000
43957,2.56,201301220000
43980,1.86,201301220000
43984,1.97,201301220000
43992,2.92,201301220000
43995,1.66,201301220000
44002,2.13,201301220000
44039,2.43,201301220000
44194,0.93,201301220000
44197,1.33,201301220000
44204,1.83,201301220000
44215,1.05,201301220000
44226,2.59,201301220000
44247,2.5,201301220000
44255,1.07,201301220000
44282,2.58,201301220000
44284,0.79,201301220000
44356,2.15,201301220000
44470,2.47,201301220000
44486,2.72,201301220000
44503,2.71,201301220000
44504,2.57,201301220000
44510,2.72,201301220000
44517,2.51,201301220000
44534,2.84,201301220000
44578,1.16,201301220000
44666,2.14,201301220000
44694,2.07,201301220000
44697,2.33,201301220000
44716,2.59,201301220000
44724,2.48,201301220000
44743,1.95,201301220000
44755,2.93,201301220000
44756,1.36,201301220000
44757,1.05,201301220000
44758,2.08,201301220000
44786,1.44,201301220000
44787,2.01,201301220000
44911,0.72,201301220000
44963,2.75,201301220000
45005,1.94,201301220000
45006,0.56,201301220000
45007,2.39,201301220000
45008,1.71,201301220000
45039,2.2,201301220000
45114,1.31,201301220000
45168,2.96,201301220000
45200,0.57,201301220000
45203,2.09,201301220000
45208,1.49,201301220000
45237,1.88,201301220000
45254,1.22,201301220000
45256,2.12,201301220000
45258,1.05,201301220000
45261,2.29,201301220000
45265,0.53,201301220000
45266,2.46,201301220000
45401,1.57,201301220000
45479,1.91,201301220000
45502,1.54,201301220000
45507,1.21,201301220000
45509,0.52,201301220000
45526,2.27,201301220000
45538,2.64,201301220000
45582,0.93,201301220000
45661,0.96,201301220000
45701,1.21,201301220000
45703,1.2,201301220000
45716,2.72,201301220000
45720,1.3,201301220000
45725,2.54,201301220000
45735,0.98,201301220000
45747,1.8,201301220000
45766,2.9,201301220000
45793,2.55,201301220000
45795,1.1,201301220000
45919,1.83,201301220000
45948,1.6,201301220000
46008,2.16,201301220000
46036,2.94,201301220000
46041,1.85,201301220000
46052,0.56,201301220000
46074,2.64,201301220000
46145,1.29,201301220000
46202,2.9,201301220000
46209,2.36,201301220000
46242,0.55,201301220000
46265,2.76,201301220000
46372,1.12,201301220000
46384,1.73,201301220000
46455,2.73,201301220000
46508,0.58,201301220000
46523,2.91,201301220000
46538,2.13,201301220000
46565,0.85,201301220000
46574,1.15,201301220000
46626,1.61,201301220000
46700,2.42,201301220000
46738,0.66,201301220000
46770,2.8,201301220000
46778,0.64,201301220000
46787,1.88,201301220000
46803,1.61,201301220000
46954,0.79,201301220000
46964,0.71,201301220000
46972,1.4,201301220000
46976,2.12,201301220000
46981,2.87,201301220000
47011,1.72,201301220000
47015,2.31,201301220000
47047,0.62,201301220000
47253,2.37,201301220000
47288,1.15,201301220000
47295,1.09,201301220000
47342,0.71,201301220000
47454,1.56,201301220000
47535,1.15,201301220000
47543,0.92,201301220000
47705,0.52,201301220000
47709,1.59,201301220000
47711,0.84,201301220000
47758,2.91,201301220000
47806,1.77,201301220000
47889,1.4,201301220000
47926,1.94,201301220000
47968,1.82,201301220000
47972,1.66,201301220000
47977,1.04,201301220000
47982,0.86,201301220000
48032,2.5,201301220000
48209,2.8,201301220000
48239,2.36,201301220000
48244,1.53,201301220000
48278,2.16,201301220000
48420,2.32,201301220000
48427,1.37,201301220000
48499,1.49,201301220000
48503,0.89,201301220000
48552,1.68,201301220000
48584,1.26,201301220000
48713,2.46,201301220000
48759,1.73,201301220000
48848,0.74,201301220000
48898,1.8,201301220000
49017,2.91,201301220000
49049,1.24,201301220000
49229,2.64,201301220000
49241,1.48,201301220000
49472,1.07,201301220000
49483,2.4,201301220000
49542,2.21,201301220000
49555,2.11,201301220000
49679,2.84,201301220000
49750,0.98,201301220000
49760,1.05,201301220000
49777,3.0,201301220000
49968,2.74,201301220000
50053,2.45,201301220000
50103,0.73,201301220000
50180,1.5,201301220000
50285,1.62,201301220000
50430,0.52,201301220000
50470,1.46,201301220000
50494,0.52,201301220000
50511,1.8,201301220000
50549,2.79,201301220000
50680,1.7,201301220000
50682,2.72,201301220000
50731,0.53,201301220000
50812,2.45,201301220000
50872,1.8,201301220000
51029,0.95,201301220000
51046,0.77,201301220000
51053,0.99,201301220000
51056,0.76,201301220000
51162,0.77,201301220000
51177,2.12,201301220000
51182,2.3,201301220000
51228,3.0,201301220000
51258,2.67,201301220000
51430,0.58,201301220000
51431,3.0,201301220000
51432,2.42,201301220000
51520,1.29,201301220000
51681,2.83,201301220000
51682,2.19,201301220000
51725,2.53,201301220000
51790,0.86,201301220000
51832,1.27,201301220000
51857,2.36,201301220000
51931,2.08,201301220000
51932,1.5,201301220000
51986,1.2,201301220000
52003,1.75,201301220000
52182,0.9,201301220000
52244,1.38,201301220000
52259,1.99,201301220000
52280,1.45,201301220000
52319,2.12,201301220000
52473,2.88,201301220000
52518,2.91,201301220000
52631,1.22,201301220000
52679,0.59,201301220000
52729,2.74,201301220000
52811,2.98,201301220000
52983,0.96,201301220000
52988,2.25,201301220000
52993,1.39,201301220000
53000,0.79,201301220000
53016,1.76,201301220000
53027,1.38,201301220000
53072,0.99,201301220000
53090,1.94,201301220000
53177,2.46,201301220000
53178,2.62,201301220000
53381,2.87,201301220000
53427,2.38,201301220000
53429,2.06,201301220000
53761,0.71,201301220000
53774,2.6,201301220000
53797,2.45,201301220000
53810,2.95,201301220000
53822,0.57,201301220000
53864,1.35,201301220000
53927,2.68,201301220000
54038,1.91,201301220000
54071,1.44,201301220000
54234,1.86,201301220000
54281,2.27,201301220000
54284,2.65,201301220000
54327,2.04,201301220000
54334,0.8,201301220000
54349,2.24,201301220000
54427,1.9,201301220000
54503,2.55,201301220000
54510,0.88,201301220000
54520,1.18,201301220000
54550,2.87,201301220000
54578,1.5,201301220000
54678,0.97,201301220000
54828,1.11,201301220000
54983,1.8,201301220000
54996,1.41,201301220000
55070,1.03,201301220000
55329,1.46,201301220000
55331,1.46,201301220000
55535,2.45,201301220000
55633,1.78,201301220000
55680,1.65,201301220000
55761,1.69,201301220000
55831,2.61,201301220000
55832,2.06,201301220000
55838,1.42,201301220000
55845,1.83,201301220000
56106,1.02,201301220000
56493,0.51,201301220000
56571,1.83,201301220000
56586,1.72,201301220000
56587,2.91,201301220000
56591,0.77,201301220000
56738,2.73,201301220000
56835,2.32,201301220000
56882,2.06,201301220000
56887,1.34,201301220000
56888,2.33,201301220000
56933,0.75,201301220000
56934,0.99,201301220000
57042,2.32,201301220000
57062,0.85,201301220000
57189,0.76,201301220000
57261,2.74,201301220000
57329,2.59,201301220000
57342,0.61,201301220000
57376,0.67,201301220000
57378,2.53,201301220000
57380,1.79,201301220000
57397,2.24,201301220000
57440,1.94,201301220000
57495,1.83,201301220000
57523,1.79,201301220000
57555,2.09,201301220000
57597,0.71,201301220000
57613,2.0,201301220000
57615,2.03,201301220000
57628,2.96,201301220000
57631,1.64,201301220000
57823,2.06,201301220000
57837,1.21,201301220000
57851,0.67,201301220000
57852,2.19,201301220000
57906,2.53,201301220000
58179,0.74,201301220000
58251,0.72,201301220000
58421,2.24,201301220000
58511,0.83,201301220000
58632,1.44,201301220000
58744,1.66,201301220000
58802,0.81,201301220000
58814,2.77,201301220000
58879,1.82,201301220000
58892,2.28,201301220000
59010,2.61,201301220000
59043,1.67,201301220000
59104,2.12,201301220000
59125,2.64,201301220000
59134,1.34,201301220000
59285,2.16,201301220000
59329,2.93,201301220000
59555,2.7,201301220000
59635,2.84,201301220000
59745,2.23,201301220000
59927,0.86,201301220000
59941,2.79,201301220000
60008,1.02,201301220000
60011,1.82,201301220000
60114,0.6,201301220000
60141,2.76,201301220000
60147,2.96,201301220000
60331,1.57,201301220000
60344,2.05,201301220000
60350,1.73,201301220000
60578,2.61,201301220000
60593,2.74,201301220000
60613,2.38,201301220000
60630,0.92,201301220000
60635,2.8,201301220000
60649,2.7,201301220000
60750,1.92,201301220000
60774,1.34,201301220000
60819,1.86,201301220000
60880,2.91,201301220000
60888,1.01,201301220000
61062,2.71,201301220000
61110,0.9,201301220000
61263,0.89,201301220000
61343,2.58,201301220000
61591,0.55,201301220000
61597,2.39,201301220000
61654,1.25,201301220000
61818,1.87,201301220000
62077,1.66,201301220000
62104,1.45,201301220000
62135,1.54,201301220000
62140,1.21,201301220000
62252,1.69,201301220000
62558,0.99,201301220000
62589,2.23,201301220000
62757,1.24,201301220000
62772,1.18,201301220000
62850,2.41,201301220000
62926,1.34,201301220000
62948,0.99,201301220000
63044,1.08,201301220000
63153,0.64,201301220000
63383,1.35,201301220000
63397,2.48,201301220000
63398,1.49,201301220000
63407,0.68,201301220000
63574,0.92,201301220000
63586,1.39,201301220000
63816,0.96,201301220000
64102,2.57,201301220000
64150,0.61,201301220000
64200,0.9,201301220000
64515,2.16,201301220000
64529,1.35,201301220000
64573,1.17,201301220000
64581,1.13,201301220000
64815,2.64,201301220000
64915,2.95,201301220000
65059,2.84,201301220000
65144,2.28,201301220000
65320,1.79,201301220000
65375,2.13,201301220000
65454,1.11,201301220000
65528,2.95,201301220000
65607,0.55,201301220000
65774,1.65,201301220000
65838,1.89,201301220000
66068,2.38,201301220000
66084,0.74,201301220000
66151,1.54,201301220000
66353,2.17,201301220000
66538,2.41,201301220000
66575,1.38,201301220000
66637,1.96,201301220000
66827,1.01,201301220000
66870,2.15,201301220000
67110,2.56,201301220000
67207,0.78,201301220000
67335,0.9,201301220000
67385,1.62,201301220000
67599,2.93,201301220000
67601,0.68,201301220000
67602,1.68,201301220000
67698,2.01,201301220000
67824,2.83,201301220000
67842,1.64,201301220000
67854,2.37,201301220000
67855,1.91,201301220000
67918,1.2,201301220000
68103,2.76,201301220000
68104,1.07,201301220000
68110,1.49,201301220000
68111,2.36,201301220000
68349,2.49,201301220000
68354,2.86,201301220000
68356,0.83,201301220000
68454,2.07,201301220000
68455,2.14,201301220000
68587,2.57,201301220000
68857,2.11,201301220000
68858,1.07,201301220000
68897,1.52,201301220000
68924,1.01,201301220000
68930,1.85,201301220000
69106,0.96,201301220000
69190,0.5,201301220000
69206,2.82,201301220000
69359,2.27,201301220000
69371,2.96,201301220000
69455,2.72,201301220000
69582,1.77,201301220000
69613,2.21,201301220000
69676,0.58,201301220000
70115,2.57,201301220000
70132,1.11,201301220000
70181,2.96,201301220000
70342,1.53,201301220000
70352,1.72,201301220000
70360,2.68,201301220000
70374,2.45,201301220000
70440,1.77,201301220000
70462,0.58,201301220000
70619,1.92,201301220000
70659,0.68,201301220000
70715,1.14,201301220000
70903,0.79,201301220000
70934,2.15,201301220000
70961,2.27,201301220000
71122,1.48,201301220000
71187,1.29,201301220000
71399,2.81,201301220000
71601,0.61,201301220000
71629,1.11,201301220000
71888,1.53,201301220000
71961,0.93,201301220000
71964,2.71,201301220000
72201,2.78,201301220000
72218,1.88,201301220000
72345,0.87,201301220000
72367,1.17,201301220000
72407,2.9,201301220000
72416,2.89,201301220000
72706,2.96,201301220000
72894,0.63,201301220000
73104,1.69,201301220000
73135,1.34,201301220000
73211,1.27,201301220000
73223,1.32,201301220000
73451,1.47,201301220000
73460,1.51,201301220000
73461,1.74,201301220000
73557,0.84,201301220000
73669,1.91,201301220000
74158,2.85,201301220000
74216,0.94,201301220000
74388,1.13,201301220000
74396,2.83,201301220000
74466,2.49,201301220000
74467,0.85,201301220000
74638,0.58,201301220000
74677,1.69,201301220000
74678,1.79,201301220000
74711,2.21,201301220000
74721,1.48,201301220000
74962,0.57,201301220000
74968,2.73,201301220000
74973,2.05,201301220000
75224,2.94,201301220000
75329,1.45,201301220000
75386,0.56,201301220000
75424,2.88,201301220000
75436,2.24,201301220000
75475,2.1,201301220000
75619,1.55,201301220000
75721,1.83,201301220000
75722,0.72,201301220000
75724,1.61,201301220000
75725,1.82,201301220000
75726,3.0,201301220000
75727,2.73,201301220000
75974,2.63,201301220000
75975,2.65,201301220000
76133,2.63,201301220000
76227,2.4,201301220000
76393,0.77,201301220000
76473,2.03,201301220000
76477,1.82,201301220000
76654,1.76,201301220000
76728,2.57,201301220000
76959,1.24,201301220000
77169,1.47,201301220000
77230,1.52,201301220000
77381,1.22,201301220000
77458,1.51,201301220000
77641,1.53,201301220000
77942,1.41,201301220000
77981,1.01,201301220000
78205,2.97,201301220000
78418,2.6,201301220000
78654,1.96,201301220000
78733,1.85,201301220000
78881,2.42,201301220000
78896,1.51,201301220000
78909,1.54,201301220000
78983,2.29,201301220000
79234,1.61,201301220000
79379,1.51,201301220000
79394,1.77,201301220000
79484,2.69,201301220000
79712,2.85,201301220000
79911,0.62,201301220000
79915,1.1,201301220000
80160,2.59,201301220000
80161,2.39,201301220000
80193,1.82,201301220000
80352,1.88,201301220000
80397,0.75,201301220000
80406,1.49,201301220000
80411,0.59,201301220000
80412,0.52,201301220000
80413,0.98,201301220000
80420,1.39,201301220000
80485,1.85,201301220000
80635,1.21,201301220000
80659,0.57,201301220000
80663,0.7,201301220000
80664,2.49,201301220000
80703,2.06,201301220000
80877,2.11,201301220000
80916,1.99,201301220000
81163,2.52,201301220000
81164,1.87,201301220000
81354,2.76,201301220000
81363,1.1,201301220000
81390,0.79,201301220000
81625,0.72,201301220000
81651,1.31,201301220000
81899,2.98,201301220000
82135,1.1,201301220000
82168,0.58,201301220000
82169,1.85,201301220000
82237,0.62,201301220000
82613,0.63,201301220000
82622,1.54,201301220000
82664,2.45,201301220000
82892,2.61,201301220000
82951,2.59,201301220000
83410,2.39,201301220000
83489,1.07,201301220000
83735,0.51,201301220000
83865,2.78,201301220000
84123,2.82,201301220000
84179,1.23,201301220000
84207,2.93,201301220000
84212,0.94,201301220000
84221,0.54,201301220000
84366,1.77,201301220000
84689,0.6,201301220000
84712,2.39,201301220000
84902,2.6,201301220000
85474,2.75,201301220000
85487,0.92,201301220000
85620,1.65,201301220000
85705,2.66,201301220000
85715,1.91,201301220000
85738,0.75,201301220000
86440,1.34,201301220000
86622,1.79,201301220000
86623,1.41,201301220000
86672,1.88,201301220000
86873,1.3,201301220000
86895,2.24,201301220000
87121,2.68,201301220000
87227,0.51,201301220000
87460,0.72,201301220000
87690,1.08,201301220000
87873,1.13,201301220000
88242,1.36,201301220000
88463,1.38,201301220000
89120,2.87,201301220000
89152,1.53,201301220000
89175,0.79,201301220000
89198,1.2,201301220000
89615,1.74,201301220000
89625,2.55,201301220000
90116,1.62,201301220000
90183,2.45,201301220000
90497,1.02,201301220000
90699,0.96,201301220000
90719,0.73,201301220000
91200,1.7,201301220000
91432,2.91,201301220000
91434,1.63,201301220000
91684,2.46,201301220000
91713,1.19,201301220000
91744,1.36,201301220000
92233,2.5,201301220000
93205,1.41,201301220000
93244,2.97,201301220000
93252,1.32,201301220000
93463,1.23,201301220000
93675,0.64,201301220000
93944,1.23,201301220000
94431,0.61,201301220000
94710,1.16,201301220000
94755,1.07,201301220000
94997,2.27,201301220000
95000,2.84,201301220000
95707,2.34,201301220000
95949,1.92,201301220000
95998,2.26,201301220000
96188,1.01,201301220000
96225,1.95,201301220000
96249,0.92,201301220000
96468,2.84,201301220000
96486,2.28,201301220000
96718,1.79,201301220000
96972,2.01,201301220000
96995,0.64,201301220000
97251,2.48,201301220000
97440,0.99,201301220000
97471,2.83,201301220000
97969,1.8,201301220000
97990,2.2,201301220000
98224,2.82,201301220000
98229,2.14,201301220000
98450,2.92,201301220000
98475,0.55,201301220000
98739,1.32,201301220000
99256,0.91,201301220000
99468,1.61,201301220000
99730,1.46,201301220000
101215,1.63,201301220000
101911,0.68,201301220000
101912,1.89,201301220000
101989,0.51,201301220000
102999,2.1,201301220000
103242,0.72,201301220000
103431,2.3,201301220000
104177,0.52,201301220000
104221,2.68,201301220000
104239,2.82,201301220000
104701,1.6,201301220000
104984,1.54,201301220000
105196,1.64,201301220000
105219,2.68,201301220000
105460,0.77,201301220000
105461,2.2,201301220000
105481,2.3,201301220000
105489,0.54,201301220000
105709,1.11,201301220000
105710,0.91,201301220000
105711,1.76,201301220000
105712,2.34,201301220000
105713,2.68,201301220000
105715,0.68,201301220000
105726,1.47,201301220000
105727,2.78,201301220000
105736,1.16,201301220000
105960,0.71,201301220000
105961,1.31,201301220000
105962,0.92,201301220000
105963,1.7,201301220000
105964,2.98,201301220000
105975,2.76,201301220000
106195,1.71,201301220000
106213,1.35,201301220000
106214,1.07,201301220000
106215,2.27,201301220000
106221,2.02,201301220000
106231,1.9,201301220000
106232,2.58,201301220000
106234,2.83,201301220000
106235,1.53,201301220000
106237,2.06,201301220000
106446,1.7,201301220000
106447,2.4,201301220000
106462,2.52,201301220000
106463,3.0,201301220000
106465,1.98,201301220000
106466,1.69,201301220000
106467,0.8,201301220000
106480,0.69,201301220000
106712,1.37,201301220000
106717,1.72,201301220000
106718,2.81,201301220000
106741,1.06,201301220000
106958,2.21,201301220000
106964,2.72,201301220000
106965,0.89,201301220000
106966,1.37,201301220000
106967,1.26,201301220000
106971,2.66,201301220000
106983,1.26,201301220000
106997,2.44,201301220000
107200,2.51,201301220000
107212,0.97,201301220000
107219,1.8,201301220000
107240,2.88,201301220000
107460,1.97,201301220000
107465,1.84,201301220000
107466,2.05,201301220000
107468,1.1,201301220000
107491,1.92,201301220000
107711,2.51,201301220000
107725,0.65,201301220000
107726,1.98,201301220000
107954,2.18,201301220000
107966,0.86,201301220000
107971,1.04,201301220000
107979,1.47,201301220000
107993,2.71,201301220000
108205,0.85,201301220000
108211,1.72,201301220000
108214,1.04,201301220000
108215,1.96,201301220000
108217,1.35,201301220000
108219,2.12,201301220000
108220,2.65,201301220000
108222,1.81,201301220000
108225,2.09,201301220000
108230,1.64,201301220000
108454,2.71,201301220000
108463,1.29,201301220000
108499,1.1,201301220000
108717,2.25,201301220000
108722,2.8,201301220000
108724,0.96,201301220000
108733,2.32,201301220000
108968,1.99,201301220000
108975,2.92,201301220000
108984,2.18,201301220000
108985,1.8,201301220000
109216,1.92,201301220000
109219,2.7,201301220000
109222,2.06,201301220000
109227,2.4,201301220000
109231,1.39,201301220000
109236,0.92,201301220000
109245,2.1,201301220000
109473,1.53,201301220000
109487,1.44,201301220000
109494,2.72,201301220000
109495,1.12,201301220000
109496,1.8,201301220000
109497,2.6,201301220000
109742,1.99,201301220000
109744,1.36,201301220000
109748,2.38,201301220000
109750,1.47,201301220000
109980,1.37,201301220000
109991,2.99,201301220000
109994,1.41,201301220000
109998,0.55,201301220000
110001,2.54,201301220000
110243,1.19,201301220000
110247,1.57,201301220000
110249,0.71,201301220000
110251,1.82,201301220000
110253,1.64,201301220000
110254,2.26,201301220000
