cell,mobility,dtg
1610,1.6,201301160800
1846,1.62,201301160800
1851,0.62,201301160800
1853,2.66,201301160800
1856,2.69,201301160800
1857,1.66,201301160800
2103,0.88,201301160800
2105,2.47,201301160800
2106,1.95,201301160800
2107,0.98,201301160800
2114,2.09,201301160800
2342,0.56,201301160800
2347,1.27,201301160800
2351,1.57,201301160800
2354,1.86,201301160800
2357,2.45,201301160800
2372,0.98,201301160800
2374,2.35,201301160800
2591,1.65,201301160800
2595,2.39,201301160800
2605,1.01,201301160800
2611,2.89,201301160800
2615,1.75,201301160800
2620,2.65,201301160800
2627,1.04,201301160800
2839,0.82,201301160800
2847,2.85,201301160800
3086,2.8,201301160800
3094,2.06,201301160800
3100,1.09,201301160800
3124,1.44,201301160800
3128,2.09,201301160800
3334,1.64,201301160800
3337,2.98,201301160800
3375,2.29,201301160800
3614,1.23,201301160800
3619,2.35,201301160800
3632,1.6,201301160800
3635,2.58,201301160800
3830,2.06,201301160800
3831,2.33,201301160800
3833,0.66,201301160800
3837,2.01,201301160800
3845,0.6,201301160800
3856,1.86,201301160800
3860,2.52,201301160800
3865,2.6,201301160800
4078,0.54,201301160800
4081,1.35,201301160800
4137,2.02,201301160800
4141,0.85,201301160800
4142,2.13,201301160800
4328,0.68,201301160800
4329,1.73,201301160800
4341,1.55,201301160800
4345,1.65,201301160800
4348,1.28,201301160800
4354,2.73,201301160800
4372,2.77,201301160800
4577,2.69,201301160800
4578,2.11,201301160800
4580,1.78,201301160800
4582,0.52,201301160800
4605,2.98,201301160800
4608,2.17,201301160800
4631,2.22,201301160800
4636,1.27,201301160800
4637,1.7,201301160800
4829,2.62,201301160800
4830,0.9,201301160800
4831,2.09,201301160800
4834,1.45,201301160800
4837,1.13,201301160800
4852,0.77,201301160800
4863,1.69,201301160800
4868,0.83,201301160800
4890,2.71,201301160800
4891,2.26,201301160800
5078,1.31,201301160800
5081,1.92,201301160800
5084,0.98,201301160800
5127,2.91,201301160800
5153,2.76,201301160800
5327,1.37,201301160800
5329,2.48,201301160800
5333,0.98,201301160800
5334,2.78,201301160800
5339,2.9,201301160800
5369,0.54,201301160800
5402,0.81,201301160800
5410,1.72,201301160800
5577,2.7,201301160800
5581,1.01,201301160800
5592,1.95,201301160800
5612,2.98,201301160800
5623,1.3,201301160800
5876,1.63,201301160800
5893,1.37,201301160800
5898,1.66,201301160800
6078,0.7,201301160800
6118,3.0,201301160800
6136,0.98,201301160800
6158,2.41,201301160800
6159,2.05,201301160800
6333,0.61,201301160800
6353,2.36,201301160800
6365,1.0,201301160800
6366,1.63,201301160800
6414,0.59,201301160800
6588,1.88,201301160800
6609,2.48,201301160800
6635,2.06,201301160800
6668,1.47,201301160800
6841,2.69,201301160800
6849,2.74,201301160800
6896,2.14,201301160800
6924,0.77,201301160800
6928,1.13,201301160800
6935,2.36,201301160800
6939,1.63,201301160800
7077,1.08,201301160800
7078,0.84,201301160800
7085,0.65,201301160800
7088,3.0,201301160800
7113,2.64,201301160800
7114,2.62,201301160800
7129,2.39,201301160800
7133,1.94,201301160800
7165,1.29,201301160800
7192,2.98,201301160800
7354,1.4,201301160800
7375,2.14,201301160800
7379,2.7,201301160800
7401,1.73,201301160800
7410,1.99,201301160800
7436,1.66,201301160800
7584,0.53,201301160800
7646,1.62,201301160800
7849,2.37,201301160800
7871,1.61,201301160800
7927,0.95,201301160800
7948,2.43,201301160800
8080,0.82,201301160800
8170,1.82,201301160800
8182,0.71,201301160800
8195,0.99,201301160800
8342,1.38,201301160800
8582,1.77,201301160800
8602,2.29,201301160800
8609,1.29,201301160800
8638,1.89,201301160800
8656,1.79,201301160800
8830,1.66,201301160800
8839,1.42,201301160800
8876,2.6,201301160800
8897,2.47,201301160800
8912,1.18,201301160800
8918,0.99,201301160800
8929,1.66,201301160800
8940,2.3,201301160800
8954,1.76,201301160800
9140,0.84,201301160800
9333,0.59,201301160800
9468,0.76,201301160800
9473,2.88,201301160800
9589,1.32,201301160800
9601,0.77,201301160800
9607,2.39,201301160800
9658,2.7,201301160800
9724,2.36,201301160800
9833,1.83,201301160800
10084,1.5,201301160800
10089,2.35,201301160800
10096,0.71,201301160800
10144,2.53,201301160800
10170,1.58,201301160800
10181,1.06,201301160800
10189,1.4,201301160800
10201,0.54,201301160800
10334,2.07,201301160800
10335,2.59,201301160800
10383,2.05,201301160800
10414,1.24,201301160800
10444,2.78,201301160800
10458,1.51,201301160800
10477,0.96,201301160800
10586,2.58,201301160800
10601,2.35,201301160800
10609,2.21,201301160800
10616,1.48,201301160800
10633,2.37,201301160800
10655,2.66,201301160800
10665,1.75,201301160800
10681,1.03,201301160800
10717,1.19,201301160800
10835,0.61,201301160800
10837,0.55,201301160800
10847,1.22,201301160800
10903,2.64,201301160800
10911,1.21,201301160800
10918,1.64,201301160800
10973,0.93,201301160800
11087,1.74,201301160800
11092,2.85,201301160800
11128,2.02,201301160800
11222,2.94,201301160800
11223,2.5,201301160800
11225,2.85,201301160800
11238,2.63,201301160800
11361,2.33,201301160800
11393,2.76,201301160800
11424,2.36,201301160800
11601,1.46,201301160800
11682,1.4,201301160800
11704,1.12,201301160800
11858,1.09,201301160800
11884,1.87,201301160800
11901,2.78,201301160800
11946,1.71,201301160800
11960,2.79,201301160800
11972,2.83,201301160800
12089,0.69,201301160800
12090,0.72,201301160800
12096,0.92,201301160800
12120,2.67,201301160800
12157,2.08,201301160800
12230,0.94,201301160800
12383,1.95,201301160800
12431,1.26,201301160800
12601,2.81,201301160800
12625,1.25,201301160800
12632,2.53,201301160800
12842,1.14,201301160800
12875,2.53,201301160800
12901,0.99,201301160800
12913,1.67,201301160800
12933,2.46,201301160800
12934,1.74,201301160800
12985,2.94,201301160800
13099,0.68,201301160800
13114,1.0,201301160800
13150,2.64,201301160800
13175,2.05,201301160800
13183,1.46,201301160800
13222,1.67,201301160800
13358,1.44,201301160800
13444,0.62,201301160800
13455,0.73,201301160800
13456,0.75,201301160800
13670,2.45,201301160800
13694,1.4,201301160800
13845,2.55,201301160800
13849,0.57,201301160800
14011,1.24,201301160800
14095,1.64,201301160800
14133,1.67,201301160800
14161,0.53,201301160800
14167,1.69,201301160800
14184,2.03,201301160800
14241,1.28,201301160800
14255,2.97,201301160800
14349,1.96,201301160800
14350,2.22,201301160800
14375,2.44,201301160800
14452,0.76,201301160800
14475,0.72,201301160800
14620,1.12,201301160800
14673,0.99,201301160800
14745,1.31,201301160800
14859,0.83,201301160800
14936,1.5,201301160800
14995,0.72,201301160800
15097,1.6,201301160800
15098,2.04,201301160800
15246,2.07,201301160800
15349,2.93,201301160800
15440,0.52,201301160800
15600,1.64,201301160800
15656,1.15,201301160800
15672,2.19,201301160800
15699,2.77,201301160800
15714,2.15,201301160800
15725,1.02,201301160800
15744,2.9,201301160800
15849,1.37,201301160800
15850,0.67,201301160800
15851,2.03,201301160800
15853,1.99,201301160800
15871,2.31,201301160800
16100,2.59,201301160800
16105,2.42,201301160800
16114,2.13,201301160800
16171,2.24,201301160800
16184,1.01,201301160800
16400,1.8,201301160800
16414,1.55,201301160800
16601,1.49,201301160800
16604,1.68,201301160800
16625,1.61,201301160800
16670,2.99,201301160800
16853,2.87,201301160800
16868,1.28,201301160800
16932,1.66,201301160800
17232,0.6,201301160800
17355,2.3,201301160800
17358,1.01,201301160800
17367,0.86,201301160800
17635,1.49,201301160800
17673,1.4,201301160800
17681,2.77,201301160800
17884,2.42,201301160800
17984,0.89,201301160800
18108,2.11,201301160800
18115,1.51,201301160800
18118,1.86,201301160800
18123,2.59,201301160800
18139,0.78,201301160800
18154,1.89,201301160800
18160,1.59,201301160800
18177,2.23,201301160800
18185,2.09,201301160800
18383,2.72,201301160800
18404,2.17,201301160800
18427,0.94,201301160800
18466,1.63,201301160800
18616,0.74,201301160800
18629,1.85,201301160800
18861,0.72,201301160800
18866,2.91,201301160800
18925,2.25,201301160800
19110,2.85,201301160800
19112,0.6,201301160800
19114,2.97,201301160800
19122,1.87,201301160800
19360,2.1,201301160800
19443,2.08,201301160800
19481,1.46,201301160800
19611,1.43,201301160800
19612,1.61,201301160800
19618,1.92,201301160800
19633,1.98,201301160800
19678,1.45,201301160800
19878,2.92,201301160800
19913,1.51,201301160800
20113,2.73,201301160800
20114,1.01,201301160800
20116,1.41,201301160800
20170,0.54,201301160800
20363,1.06,201301160800
20387,2.06,201301160800
20396,0.53,201301160800
20436,2.88,201301160800
20616,2.69,201301160800
20621,1.24,201301160800
20628,1.5,201301160800
20651,1.68,201301160800
20671,1.93,201301160800
20682,1.14,201301160800
20864,2.52,201301160800
20882,0.59,201301160800
20931,1.94,201301160800
20995,2.4,201301160800
21115,2.05,201301160800
21118,2.51,201301160800
21201,1.01,201301160800
21373,0.89,201301160800
21377,1.74,201301160800
21392,1.7,201301160800
21407,2.79,201301160800
21428,1.03,201301160800
21448,0.59,201301160800
21617,2.98,201301160800
21619,1.67,201301160800
21639,2.08,201301160800
21658,1.16,201301160800
21663,1.46,201301160800
21701,0.9,201301160800
21721,1.36,201301160800
21868,2.07,201301160800
21871,1.76,201301160800
21999,2.46,201301160800
22126,1.1,201301160800
22133,1.71,201301160800
22174,1.84,201301160800
22176,1.1,201301160800
22205,1.06,201301160800
22368,0.61,201301160800
22395,2.46,201301160800
22419,0.57,201301160800
22420,2.38,201301160800
22421,2.96,201301160800
22422,1.77,201301160800
22619,1.92,201301160800
22630,2.83,201301160800
22634,2.11,201301160800
22671,2.23,201301160800
22673,2.22,201301160800
22700,1.6,201301160800
22751,1.28,201301160800
22768,1.51,201301160800
22869,2.11,201301160800
22877,2.24,201301160800
22928,2.73,201301160800
22940,2.72,201301160800
22955,1.75,201301160800
22963,1.78,201301160800
22966,2.47,201301160800
23120,2.5,201301160800
23124,2.1,201301160800
23125,1.15,201301160800
23131,1.79,201301160800
23138,1.74,201301160800
23169,2.49,201301160800
23194,1.97,201301160800
23216,0.66,201301160800
23370,2.67,201301160800
23371,1.55,201301160800
23379,2.34,201301160800
23386,1.65,201301160800
23388,1.5,201301160800
23427,2.52,201301160800
23621,0.6,201301160800
23627,2.64,201301160800
23635,2.92,201301160800
23641,0.68,201301160800
23662,2.08,201301160800
23669,1.97,201301160800
23690,1.05,201301160800
23744,2.72,201301160800
23750,2.02,201301160800
23872,1.51,201301160800
23873,2.97,201301160800
23875,0.56,201301160800
23881,2.64,201301160800
23894,2.2,201301160800
23896,2.33,201301160800
23907,1.79,201301160800
23925,2.17,201301160800
23973,2.45,201301160800
24005,0.55,201301160800
24009,2.99,201301160800
24032,1.0,201301160800
24122,1.97,201301160800
24123,2.29,201301160800
24149,0.99,201301160800
24247,2.58,201301160800
24251,2.61,201301160800
24265,2.91,201301160800
24266,0.87,201301160800
24373,1.18,201301160800
24374,2.58,201301160800
24380,1.76,201301160800
24381,0.79,201301160800
24383,1.97,201301160800
24387,2.22,201301160800
24402,2.38,201301160800
24405,1.2,201301160800
24423,0.97,201301160800
24623,2.15,201301160800
24626,2.94,201301160800
24643,2.18,201301160800
24732,2.13,201301160800
24734,1.21,201301160800
24739,0.58,201301160800
24774,0.94,201301160800
24775,1.81,201301160800
24781,2.43,201301160800
24837,2.09,201301160800
24874,0.99,201301160800
24877,1.58,201301160800
24879,1.0,201301160800
24880,2.01,201301160800
24895,2.79,201301160800
24920,1.66,201301160800
24990,0.74,201301160800
24991,1.32,201301160800
24993,1.85,201301160800
25124,2.18,201301160800
25125,2.83,201301160800
25126,1.65,201301160800
25129,2.78,201301160800
25130,1.75,201301160800
25132,1.16,201301160800
25136,2.39,201301160800
25138,1.89,201301160800
25141,2.75,201301160800
25179,0.62,201301160800
25187,2.86,201301160800
25375,1.68,201301160800
25376,1.68,201301160800
25377,2.58,201301160800
25379,0.82,201301160800
25385,1.97,201301160800
25395,0.89,201301160800
25400,2.59,201301160800
25405,1.27,201301160800
25412,2.46,201301160800
25427,2.1,201301160800
25626,1.13,201301160800
25627,2.38,201301160800
25628,0.85,201301160800
25629,1.52,201301160800
25632,2.71,201301160800
25633,1.57,201301160800
25642,1.38,201301160800
25715,1.26,201301160800
25747,1.72,201301160800
25763,0.7,201301160800
25876,0.74,201301160800
25877,2.14,201301160800
25878,2.5,201301160800
25881,0.57,201301160800
25882,0.64,201301160800
25886,2.15,201301160800
25888,2.97,201301160800
25926,1.16,201301160800
25997,0.81,201301160800
26005,0.95,201301160800
26035,2.45,201301160800
26127,2.97,201301160800
26129,1.7,201301160800
26130,2.11,201301160800
26133,2.42,201301160800
26135,1.54,201301160800
26136,1.59,201301160800
26138,2.98,201301160800
26139,2.3,201301160800
26141,1.7,201301160800
26148,2.69,201301160800
26168,2.18,201301160800
26378,1.02,201301160800
26379,1.42,201301160800
26380,2.9,201301160800
26381,1.59,201301160800
26382,1.44,201301160800
26383,2.49,201301160800
26385,0.68,201301160800
26386,0.91,201301160800
26387,2.18,201301160800
26389,1.9,201301160800
26391,1.96,201301160800
26392,1.81,201301160800
26393,2.65,201301160800
26396,0.86,201301160800
26403,1.9,201301160800
26408,1.02,201301160800
26427,0.94,201301160800
26450,2.83,201301160800
26492,2.58,201301160800
26546,2.84,201301160800
26563,2.14,201301160800
26564,0.7,201301160800
26628,1.16,201301160800
26629,1.99,201301160800
26630,1.27,201301160800
26631,1.59,201301160800
26633,0.66,201301160800
26634,1.84,201301160800
26656,1.53,201301160800
26674,1.44,201301160800
26708,0.91,201301160800
26752,1.15,201301160800
26754,0.77,201301160800
26755,2.16,201301160800
26782,3.0,201301160800
26846,1.68,201301160800
26879,1.68,201301160800
26880,2.64,201301160800
26881,2.31,201301160800
26882,1.56,201301160800
26883,1.56,201301160800
26884,2.0,201301160800
26885,1.87,201301160800
26886,1.86,201301160800
26887,1.18,201301160800
26889,0.97,201301160800
26890,2.58,201301160800
26891,2.41,201301160800
26892,0.77,201301160800
26893,2.71,201301160800
26894,0.62,201301160800
26895,1.69,201301160800
26897,1.43,201301160800
26905,1.56,201301160800
26938,2.7,201301160800
26964,1.35,201301160800
27006,2.34,201301160800
27042,2.24,201301160800
27098,1.2,201301160800
27130,2.67,201301160800
27131,0.71,201301160800
27132,1.27,201301160800
27133,1.76,201301160800
27134,1.76,201301160800
27135,2.8,201301160800
27136,1.54,201301160800
27137,2.02,201301160800
27138,2.09,201301160800
27142,2.09,201301160800
27143,0.9,201301160800
27145,0.76,201301160800
27148,0.67,201301160800
27149,2.22,201301160800
27152,0.73,201301160800
27155,2.94,201301160800
27175,1.77,201301160800
27209,1.69,201301160800
27247,0.51,201301160800
27381,1.45,201301160800
27382,0.84,201301160800
27383,1.08,201301160800
27384,1.5,201301160800
27386,1.23,201301160800
27387,1.08,201301160800
27388,1.19,201301160800
27389,2.46,201301160800
27390,2.9,201301160800
27392,2.07,201301160800
27395,2.98,201301160800
27404,2.24,201301160800
27415,0.75,201301160800
27427,2.79,201301160800
27489,1.03,201301160800
27494,2.54,201301160800
27498,2.23,201301160800
27518,2.47,201301160800
27632,2.77,201301160800
27633,2.63,201301160800
27634,1.23,201301160800
27635,1.75,201301160800
27636,1.03,201301160800
27637,0.55,201301160800
27638,2.63,201301160800
27639,1.14,201301160800
27640,2.03,201301160800
27642,2.92,201301160800
27643,0.95,201301160800
27645,1.24,201301160800
27646,1.63,201301160800
27647,2.96,201301160800
27649,2.27,201301160800
27654,0.76,201301160800
27763,0.94,201301160800
27764,1.94,201301160800
27796,1.38,201301160800
27797,2.0,201301160800
27883,1.37,201301160800
27884,2.38,201301160800
27885,1.93,201301160800
27886,2.33,201301160800
27887,2.8,201301160800
27888,2.61,201301160800
27889,2.42,201301160800
27890,2.27,201301160800
27891,2.69,201301160800
27892,0.53,201301160800
27894,0.85,201301160800
27895,0.88,201301160800
27897,1.88,201301160800
27902,1.3,201301160800
27908,0.92,201301160800
27911,1.25,201301160800
27930,2.28,201301160800
27971,2.94,201301160800
28004,2.0,201301160800
28015,1.65,201301160800
28049,2.28,201301160800
28102,0.9,201301160800
28134,0.82,201301160800
28135,1.59,201301160800
28136,0.51,201301160800
28137,2.54,201301160800
28138,1.39,201301160800
28139,1.64,201301160800
28140,1.13,201301160800
28142,1.79,201301160800
28143,2.17,201301160800
28144,2.54,201301160800
28146,1.47,201301160800
28154,2.63,201301160800
28156,2.18,201301160800
28216,0.99,201301160800
28239,1.64,201301160800
28384,1.75,201301160800
28385,1.6,201301160800
28386,2.04,201301160800
28387,1.07,201301160800
28388,1.95,201301160800
28389,1.13,201301160800
28390,1.18,201301160800
28391,0.68,201301160800
28392,1.86,201301160800
28393,1.41,201301160800
28394,2.12,201301160800
28396,1.44,201301160800
28397,2.58,201301160800
28400,2.61,201301160800
28401,1.73,201301160800
28405,2.1,201301160800
28427,1.95,201301160800
28467,1.73,201301160800
28496,2.62,201301160800
28497,0.98,201301160800
28519,1.25,201301160800
28535,1.95,201301160800
28539,1.96,201301160800
28545,0.74,201301160800
28557,1.34,201301160800
28635,1.55,201301160800
28636,0.86,201301160800
28637,1.86,201301160800
28638,2.25,201301160800
28639,2.91,201301160800
28640,1.37,201301160800
28641,0.71,201301160800
28642,1.51,201301160800
28643,2.64,201301160800
28644,1.42,201301160800
28645,2.42,201301160800
28646,2.63,201301160800
28649,1.32,201301160800
28658,2.31,201301160800
28667,1.19,201301160800
28675,2.89,201301160800
28751,0.99,201301160800
28753,1.03,201301160800
28754,1.72,201301160800
28788,1.83,201301160800
28812,2.4,201301160800
28823,2.93,201301160800
28886,2.81,201301160800
28887,2.19,201301160800
28888,0.93,201301160800
28889,2.17,201301160800
28890,0.69,201301160800
28891,0.7,201301160800
28892,2.89,201301160800
28893,2.96,201301160800
28894,0.52,201301160800
28895,1.91,201301160800
28896,1.2,201301160800
28897,2.44,201301160800
28899,3.0,201301160800
28900,2.74,201301160800
28901,2.73,201301160800
28902,2.8,201301160800
28905,1.67,201301160800
28912,2.96,201301160800
28960,1.08,201301160800
28969,2.13,201301160800
29004,0.69,201301160800
29012,2.32,201301160800
29026,1.31,201301160800
29068,2.23,201301160800
29076,2.4,201301160800
29088,1.53,201301160800
29094,2.71,201301160800
29136,2.5,201301160800
29137,0.72,201301160800
29138,2.19,201301160800
29139,2.37,201301160800
29140,2.11,201301160800
29141,2.07,201301160800
29142,1.18,201301160800
29143,1.44,201301160800
29144,1.4,201301160800
29146,1.79,201301160800
29147,2.4,201301160800
29148,1.24,201301160800
29149,0.7,201301160800
29151,0.56,201301160800
29158,1.79,201301160800
29165,1.89,201301160800
29171,1.89,201301160800
29190,1.59,201301160800
29247,2.77,201301160800
29387,0.84,201301160800
29388,2.23,201301160800
29389,1.65,201301160800
29390,2.57,201301160800
29391,0.84,201301160800
29392,1.99,201301160800
29393,2.15,201301160800
29394,1.54,201301160800
29395,2.74,201301160800
29396,2.16,201301160800
29397,2.57,201301160800
29398,2.53,201301160800
29399,1.74,201301160800
29401,1.43,201301160800
29402,1.57,201301160800
29403,0.86,201301160800
29405,2.66,201301160800
29409,1.06,201301160800
29425,1.06,201301160800
29429,1.91,201301160800
29495,2.64,201301160800
29498,2.79,201301160800
29533,1.39,201301160800
29556,2.83,201301160800
29638,1.19,201301160800
29639,0.77,201301160800
29640,1.33,201301160800
29641,1.24,201301160800
29642,2.54,201301160800
29643,0.61,201301160800
29644,2.08,201301160800
29645,0.55,201301160800
29648,0.91,201301160800
29649,1.82,201301160800
29650,1.15,201301160800
29654,2.93,201301160800
29663,0.91,201301160800
29670,1.43,201301160800
29710,0.68,201301160800
29730,2.69,201301160800
29733,2.13,201301160800
29736,2.83,201301160800
29766,0.52,201301160800
29891,0.97,201301160800
29892,0.93,201301160800
29893,2.92,201301160800
29894,1.53,201301160800
29895,1.69,201301160800
29896,1.01,201301160800
29897,0.68,201301160800
29898,2.73,201301160800
29900,2.42,201301160800
29903,1.45,201301160800
29906,1.94,201301160800
29909,1.04,201301160800
29912,2.02,201301160800
29917,1.86,201301160800
29925,0.89,201301160800
29966,2.79,201301160800
30021,0.74,201301160800
30026,2.7,201301160800
30036,0.7,201301160800
30142,2.92,201301160800
30143,1.08,201301160800
30144,1.27,201301160800
30145,2.0,201301160800
30146,1.71,201301160800
30147,0.88,201301160800
30148,0.96,201301160800
30152,0.78,201301160800
30154,0.76,201301160800
30157,2.27,201301160800
30158,1.64,201301160800
30181,0.57,201301160800
30242,2.64,201301160800
30243,2.5,201301160800
30244,1.7,201301160800
30261,1.82,201301160800
30300,2.67,201301160800
30322,2.2,201301160800
30393,1.12,201301160800
30394,2.5,201301160800
30395,1.53,201301160800
30396,1.55,201301160800
30397,1.43,201301160800
30398,2.8,201301160800
30400,1.78,201301160800
30401,0.83,201301160800
30403,2.59,201301160800
30407,0.9,201301160800
30410,1.97,201301160800
30420,1.68,201301160800
30430,0.81,201301160800
30434,2.4,201301160800
30439,1.22,201301160800
30481,2.73,201301160800
30489,1.34,201301160800
30494,1.17,201301160800
30495,2.34,201301160800
30496,0.86,201301160800
30645,2.2,201301160800
30646,2.57,201301160800
30647,1.97,201301160800
30648,1.85,201301160800
30649,1.19,201301160800
30650,1.68,201301160800
30651,2.75,201301160800
30652,2.6,201301160800
30653,0.61,201301160800
30654,1.56,201301160800
30661,2.42,201301160800
30664,1.25,201301160800
30666,0.64,201301160800
30669,2.31,201301160800
30673,2.8,201301160800
30683,1.9,201301160800
30745,2.12,201301160800
30750,1.68,201301160800
30777,1.77,201301160800
30780,1.24,201301160800
30812,2.89,201301160800
30897,1.66,201301160800
30898,2.45,201301160800
30899,0.53,201301160800
30900,2.12,201301160800
30901,2.4,201301160800
30902,1.65,201301160800
30903,2.44,201301160800
30904,1.81,201301160800
30908,2.58,201301160800
30909,2.5,201301160800
30912,2.33,201301160800
30913,1.58,201301160800
30928,2.07,201301160800
30953,2.56,201301160800
30979,1.9,201301160800
30994,0.5,201301160800
30995,2.56,201301160800
31027,1.79,201301160800
31028,2.68,201301160800
31029,0.69,201301160800
31082,0.83,201301160800
31148,1.05,201301160800
31149,1.62,201301160800
31150,2.29,201301160800
31151,2.01,201301160800
31152,0.61,201301160800
31156,1.62,201301160800
31157,1.25,201301160800
31161,2.28,201301160800
31166,1.23,201301160800
31172,0.77,201301160800
31274,1.96,201301160800
31281,1.02,201301160800
31369,0.58,201301160800
31398,2.25,201301160800
31401,0.63,201301160800
31407,1.63,201301160800
31408,3.0,201301160800
31409,1.3,201301160800
31410,1.82,201301160800
31413,1.01,201301160800
31419,1.87,201301160800
31427,2.95,201301160800
31457,2.11,201301160800
31466,2.97,201301160800
31651,1.41,201301160800
31652,1.26,201301160800
31656,2.91,201301160800
31660,0.84,201301160800
31663,1.64,201301160800
31666,1.48,201301160800
31675,0.65,201301160800
31738,2.55,201301160800
31754,2.4,201301160800
31782,1.48,201301160800
31903,0.93,201301160800
31904,1.11,201301160800
31905,2.95,201301160800
31906,0.72,201301160800
31908,1.67,201301160800
31912,0.74,201301160800
31921,2.61,201301160800
31928,1.09,201301160800
31949,2.29,201301160800
32028,1.35,201301160800
32032,1.01,201301160800
32045,1.17,201301160800
32150,0.75,201301160800
32155,2.8,201301160800
32157,2.83,201301160800
32161,0.64,201301160800
32162,1.4,201301160800
32167,2.38,201301160800
32169,1.92,201301160800
32175,1.5,201301160800
32182,0.57,201301160800
32185,0.76,201301160800
32195,1.63,201301160800
32235,0.81,201301160800
32404,2.41,201301160800
32405,1.14,201301160800
32410,2.45,201301160800
32411,1.98,201301160800
32415,1.91,201301160800
32449,1.87,201301160800
32490,2.42,201301160800
32558,1.65,201301160800
32622,1.19,201301160800
32656,1.57,201301160800
32658,1.92,201301160800
32660,2.91,201301160800
32662,1.1,201301160800
32668,0.82,201301160800
32682,2.38,201301160800
32697,1.52,201301160800
32712,1.99,201301160800
32729,1.69,201301160800
32739,2.01,201301160800
32742,2.81,201301160800
32744,2.86,201301160800
32802,2.27,201301160800
32834,2.28,201301160800
32905,2.24,201301160800
32907,0.89,201301160800
32912,1.74,201301160800
32916,2.01,201301160800
32922,1.56,201301160800
32924,1.7,201301160800
32926,2.06,201301160800
32929,2.43,201301160800
32977,1.64,201301160800
32978,1.04,201301160800
33154,2.03,201301160800
33158,1.34,201301160800
33160,0.52,201301160800
33165,0.76,201301160800
33170,1.73,201301160800
33186,2.74,201301160800
33286,2.34,201301160800
33405,2.67,201301160800
33409,0.98,201301160800
33412,2.39,201301160800
33418,2.48,201301160800
33420,2.85,201301160800
33424,0.65,201301160800
33435,1.08,201301160800
33442,1.47,201301160800
33519,2.56,201301160800
33594,2.32,201301160800
33656,2.45,201301160800
33659,0.75,201301160800
33662,2.85,201301160800
33664,1.0,201301160800
33666,0.61,201301160800
33669,1.99,201301160800
33673,2.15,201301160800
33675,1.79,201301160800
33694,2.8,201301160800
33724,1.77,201301160800
33742,2.74,201301160800
33812,2.94,201301160800
33909,2.24,201301160800
33911,1.97,201301160800
33912,1.87,201301160800
33913,2.77,201301160800
33922,0.85,201301160800
33923,0.53,201301160800
33924,1.59,201301160800
33931,1.31,201301160800
33935,2.29,201301160800
33986,2.83,201301160800
34013,1.52,201301160800
34160,0.79,201301160800
34161,1.27,201301160800
34162,1.89,201301160800
34163,0.7,201301160800
34167,1.81,201301160800
34190,2.66,201301160800
34211,2.71,201301160800
34303,1.68,201301160800
34380,2.32,201301160800
34407,2.88,201301160800
34413,0.75,201301160800
34423,1.53,201301160800
34424,1.07,201301160800
34427,0.74,201301160800
34430,1.23,201301160800
34437,1.13,201301160800
34440,0.91,201301160800
34486,0.82,201301160800
34495,0.83,201301160800
34510,1.54,201301160800
34520,1.61,201301160800
34528,0.93,201301160800
34563,1.79,201301160800
34662,0.86,201301160800
34667,2.53,201301160800
34668,1.77,201301160800
34670,1.0,201301160800
34672,2.21,201301160800
34673,0.63,201301160800
34676,1.01,201301160800
34679,2.88,201301160800
34682,1.34,201301160800
34695,0.77,201301160800
34710,1.32,201301160800
34714,1.68,201301160800
34720,1.21,201301160800
34882,0.93,201301160800
34913,1.55,201301160800
34914,1.88,201301160800
34915,1.58,201301160800
34924,0.69,201301160800
34925,2.18,201301160800
34934,1.07,201301160800
34939,1.27,201301160800
34959,2.15,201301160800
34990,2.15,201301160800
35102,2.23,201301160800
35164,1.63,201301160800
35166,1.16,201301160800
35173,2.26,201301160800
35178,2.05,201301160800
35183,1.63,201301160800
35185,2.33,201301160800
35187,1.01,201301160800
35193,2.83,201301160800
35203,2.27,201301160800
35218,2.29,201301160800
35237,1.27,201301160800
35244,0.58,201301160800
35249,0.83,201301160800
35295,0.94,201301160800
35368,1.1,201301160800
35410,1.04,201301160800
35414,0.61,201301160800
35415,0.62,201301160800
35417,2.26,201301160800
35421,1.57,201301160800
35440,0.86,201301160800
35455,2.16,201301160800
35492,1.85,201301160800
35515,0.73,201301160800
35665,2.05,201301160800
35675,2.71,201301160800
35683,2.14,201301160800
35686,2.03,201301160800
35700,1.65,201301160800
35745,0.89,201301160800
35755,2.63,201301160800
35769,0.91,201301160800
35916,1.69,201301160800
35917,2.57,201301160800
35918,0.77,201301160800
35919,0.9,201301160800
35921,2.72,201301160800
35929,1.49,201301160800
35931,2.08,201301160800
35941,2.03,201301160800
35944,2.78,201301160800
35971,0.52,201301160800
35981,2.02,201301160800
35992,1.24,201301160800
35994,1.14,201301160800
36067,1.79,201301160800
36162,1.85,201301160800
36167,2.78,201301160800
36169,1.31,201301160800
36170,1.96,201301160800
36173,1.03,201301160800
36176,1.74,201301160800
36177,1.51,201301160800
36205,1.81,201301160800
36237,2.74,201301160800
36245,1.43,201301160800
36246,2.62,201301160800
36293,1.0,201301160800
36311,1.37,201301160800
36417,1.43,201301160800
36420,1.61,201301160800
36421,2.41,201301160800
36441,2.15,201301160800
36448,1.16,201301160800
36494,2.92,201301160800
36498,2.8,201301160800
36502,1.73,201301160800
36510,1.04,201301160800
36513,2.3,201301160800
36519,2.94,201301160800
36524,2.2,201301160800
36576,1.03,201301160800
36668,2.82,201301160800
36673,2.49,201301160800
36675,2.95,201301160800
36677,2.78,201301160800
36679,2.83,201301160800
36682,1.86,201301160800
36688,1.0,201301160800
36690,2.87,201301160800
36711,2.79,201301160800
36717,0.77,201301160800
36758,0.64,201301160800
36889,1.13,201301160800
36915,0.94,201301160800
36918,1.35,201301160800
36933,1.43,201301160800
36934,1.17,201301160800
36953,0.75,201301160800
36959,1.35,201301160800
36996,2.62,201301160800
36999,0.66,201301160800
37001,2.15,201301160800
37167,0.95,201301160800
37168,1.99,201301160800
37169,1.63,201301160800
37172,1.36,201301160800
37176,2.31,201301160800
37178,0.64,201301160800
37179,0.84,201301160800
37182,2.53,201301160800
37192,2.69,201301160800
37200,2.09,201301160800
37206,2.68,201301160800
37232,2.99,201301160800
37239,1.89,201301160800
37270,1.76,201301160800
37298,1.85,201301160800
37304,2.97,201301160800
37419,1.42,201301160800
37421,0.93,201301160800
37423,0.56,201301160800
37425,1.65,201301160800
37446,2.72,201301160800
37454,1.02,201301160800
37477,0.76,201301160800
37487,2.19,201301160800
37501,0.78,201301160800
37503,2.1,201301160800
37513,0.57,201301160800
37523,0.73,201301160800
37562,2.58,201301160800
37609,2.6,201301160800
37642,2.02,201301160800
37643,2.95,201301160800
37670,1.69,201301160800
37671,2.99,201301160800
37672,2.21,201301160800
37676,1.75,201301160800
37688,1.34,201301160800
37689,1.78,201301160800
37690,2.57,201301160800
37695,0.66,201301160800
37701,2.09,201301160800
37710,2.65,201301160800
37711,1.23,201301160800
37754,2.52,201301160800
37874,2.39,201301160800
37891,2.01,201301160800
37893,2.94,201301160800
37894,0.55,201301160800
37926,0.98,201301160800
37928,2.06,201301160800
37929,1.53,201301160800
37932,2.4,201301160800
37936,0.91,201301160800
37943,2.17,201301160800
37952,1.64,201301160800
37962,1.42,201301160800
37968,2.74,201301160800
38003,1.15,201301160800
38060,0.79,201301160800
38145,1.67,201301160800
38172,2.37,201301160800
38173,1.81,201301160800
38178,2.91,201301160800
38200,0.77,201301160800
38204,2.26,201301160800
38209,1.99,201301160800
38215,1.17,201301160800
38220,2.79,201301160800
38225,2.08,201301160800
38228,0.93,201301160800
38230,2.12,201301160800
38243,0.76,201301160800
38247,2.34,201301160800
38255,0.83,201301160800
38263,1.92,201301160800
38268,2.68,201301160800
38272,1.94,201301160800
38367,2.69,201301160800
38381,0.77,201301160800
38423,1.97,201301160800
38425,1.78,201301160800
38426,0.95,201301160800
38431,2.26,201301160800
38440,2.86,201301160800
38479,1.7,201301160800
38481,1.45,201301160800
38483,2.49,201301160800
38488,1.86,201301160800
38490,2.45,201301160800
38498,0.71,201301160800
38499,1.88,201301160800
38500,0.98,201301160800
38505,1.47,201301160800
38506,0.87,201301160800
38508,1.98,201301160800
38517,2.75,201301160800
38534,1.52,201301160800
38648,1.36,201301160800
38674,1.85,201301160800
38676,1.81,201301160800
38679,2.63,201301160800
38684,2.16,201301160800
38693,2.73,201301160800
38697,2.96,201301160800
38716,2.37,201301160800
38722,1.62,201301160800
38736,0.69,201301160800
38738,1.06,201301160800
38752,2.73,201301160800
38753,2.87,201301160800
38758,0.95,201301160800
38760,1.14,201301160800
38761,2.71,201301160800
38762,1.36,201301160800
38766,1.95,201301160800
38769,1.34,201301160800
38778,1.81,201301160800
38812,2.35,201301160800
38939,2.21,201301160800
38953,1.7,201301160800
38958,0.6,201301160800
38967,0.94,201301160800
39006,1.8,201301160800
39008,1.12,201301160800
39010,2.08,201301160800
39011,1.18,201301160800
39017,1.78,201301160800
39113,2.76,201301160800
39148,2.37,201301160800
39149,2.84,201301160800
39176,0.84,201301160800
39178,1.43,201301160800
39191,2.47,201301160800
39201,0.78,201301160800
39230,1.53,201301160800
39236,2.1,201301160800
39246,1.9,201301160800
39252,1.54,201301160800
39255,2.53,201301160800
39260,2.29,201301160800
39262,2.47,201301160800
39263,2.66,201301160800
39268,1.6,201301160800
39269,2.34,201301160800
39271,2.33,201301160800
39274,2.2,201301160800
39275,2.6,201301160800
39375,2.45,201301160800
39391,1.85,201301160800
39427,2.45,201301160800
39428,2.84,201301160800
39430,2.13,201301160800
39433,1.68,201301160800
39446,1.17,201301160800
39457,1.98,201301160800
39514,1.99,201301160800
39515,2.51,201301160800
39516,1.67,201301160800
39517,2.72,201301160800
39535,1.73,201301160800
39554,2.53,201301160800
39559,1.08,201301160800
39631,1.9,201301160800
39632,2.69,201301160800
39633,1.5,201301160800
39652,1.62,201301160800
39683,0.51,201301160800
39687,0.89,201301160800
39706,2.38,201301160800
39710,2.91,201301160800
39722,1.17,201301160800
39731,2.22,201301160800
39750,1.99,201301160800
39755,3.0,201301160800
39759,1.0,201301160800
39762,2.38,201301160800
39764,1.02,201301160800
39765,2.66,201301160800
39766,1.92,201301160800
39767,1.93,201301160800
39769,2.81,201301160800
39772,2.44,201301160800
39776,1.91,201301160800
39777,0.71,201301160800
39790,2.27,201301160800
39791,1.45,201301160800
39796,0.54,201301160800
39832,0.98,201301160800
39883,1.14,201301160800
39930,0.85,201301160800
39932,1.7,201301160800
39941,2.06,201301160800
39948,2.2,201301160800
39969,2.17,201301160800
40018,2.29,201301160800
40031,2.92,201301160800
40133,2.53,201301160800
40180,2.19,201301160800
40188,1.63,201301160800
40196,0.82,201301160800
40242,2.0,201301160800
40246,2.68,201301160800
40259,1.85,201301160800
40264,1.11,201301160800
40267,2.32,201301160800
40268,2.98,201301160800
40270,2.39,201301160800
40276,2.14,201301160800
40286,1.98,201301160800
40295,2.82,201301160800
40431,2.94,201301160800
40432,2.59,201301160800
40442,1.16,201301160800
40447,1.99,201301160800
40448,1.91,201301160800
40451,0.8,201301160800
40457,0.56,201301160800
40500,0.67,201301160800
40512,2.88,201301160800
40518,0.68,201301160800
40519,0.86,201301160800
40522,1.97,201301160800
40524,2.08,201301160800
40525,0.55,201301160800
40532,2.42,201301160800
40560,1.56,201301160800
40566,0.59,201301160800
40633,2.29,201301160800
40687,1.17,201301160800
40713,1.09,201301160800
40719,1.06,201301160800
40732,1.27,201301160800
40733,2.55,201301160800
40766,0.94,201301160800
40810,2.13,201301160800
40894,2.81,201301160800
40933,0.58,201301160800
40936,1.54,201301160800
40939,2.42,201301160800
40954,1.37,201301160800
40982,1.08,201301160800
41021,1.88,201301160800
41024,2.11,201301160800
41061,1.43,201301160800
41145,0.68,201301160800
41157,2.74,201301160800
41183,1.08,201301160800
41200,1.3,201301160800
41262,1.49,201301160800
41265,2.01,201301160800
41270,0.69,201301160800
41277,1.31,201301160800
41318,2.07,201301160800
41401,1.96,201301160800
41407,2.62,201301160800
41437,2.92,201301160800
41459,0.57,201301160800
41465,1.76,201301160800
41469,1.54,201301160800
41508,1.56,201301160800
41520,2.82,201301160800
41522,0.59,201301160800
41526,2.05,201301160800
41532,2.74,201301160800
41558,2.16,201301160800
41635,2.55,201301160800
41653,1.1,201301160800
41658,2.18,201301160800
41692,1.24,201301160800
41696,0.68,201301160800
41764,1.47,201301160800
41772,1.08,201301160800
41893,1.21,201301160800
41904,2.05,201301160800
41905,2.39,201301160800
41936,1.63,201301160800
41941,2.36,201301160800
41958,2.37,201301160800
41990,2.16,201301160800
42023,1.97,201301160800
42026,2.55,201301160800
42029,2.88,201301160800
42074,2.79,201301160800
42085,2.18,201301160800
42095,2.08,201301160800
42147,0.83,201301160800
42160,2.46,201301160800
42200,2.62,201301160800
42213,2.3,201301160800
42267,0.8,201301160800
42271,2.0,201301160800
42274,2.99,201301160800
42283,1.25,201301160800
42291,2.02,201301160800
42342,2.56,201301160800
42411,1.79,201301160800
42438,2.49,201301160800
42454,0.52,201301160800
42471,2.68,201301160800
42478,1.59,201301160800
42487,2.57,201301160800
42503,2.38,201301160800
42514,2.53,201301160800
42521,0.97,201301160800
42533,2.84,201301160800
42644,0.73,201301160800
42661,0.89,201301160800
42695,2.4,201301160800
42744,1.56,201301160800
42750,0.97,201301160800
42846,2.61,201301160800
42905,1.05,201301160800
42912,0.72,201301160800
42939,2.02,201301160800
42940,2.33,201301160800
42944,2.61,201301160800
42949,1.09,201301160800
43011,0.84,201301160800
43021,0.97,201301160800
43030,1.87,201301160800
43151,2.04,201301160800
43160,0.84,201301160800
43162,2.45,201301160800
43213,1.57,201301160800
43220,2.19,201301160800
43261,2.51,201301160800
43412,1.94,201301160800
43413,2.08,201301160800
43440,2.97,201301160800
43443,2.29,201301160800
43449,1.0,201301160800
43483,2.29,201301160800
43484,1.08,201301160800
43494,1.78,201301160800
43518,2.79,201301160800
43523,0.74,201301160800
43526,2.53,201301160800
43530,1.41,201301160800
43571,2.88,201301160800
43642,2.99,201301160800
43662,2.51,201301160800
43738,1.06,201301160800
43760,1.93,201301160800
43779,2.15,201301160800
43914,2.77,201301160800
43957,2.36,201301160800
43980,1.69,201301160800
43984,1.48,201301160800
43992,1.45,201301160800
43995,2.31,201301160800
44002,1.83,201301160800
44039,0.8,201301160800
44194,0.89,201301160800
44197,1.24,201301160800
44204,2.9,201301160800
44215,2.36,201301160800
44226,2.97,201301160800
44247,2.68,201301160800
44255,2.88,201301160800
44282,0.83,201301160800
44284,2.89,201301160800
44356,1.51,201301160800
44470,2.1,201301160800
44486,0.86,201301160800
44503,2.66,201301160800
44504,1.08,201301160800
44510,1.38,201301160800
44517,1.77,201301160800
44534,0.74,201301160800
44578,1.54,201301160800
44666,0.58,201301160800
44694,0.95,201301160800
44697,2.12,201301160800
44716,1.88,201301160800
44724,2.89,201301160800
44743,2.6,201301160800
44755,2.72,201301160800
44756,2.34,201301160800
44757,1.11,201301160800
44758,2.3,201301160800
44786,0.98,201301160800
44787,1.47,201301160800
44911,2.14,201301160800
44963,2.61,201301160800
45005,2.36,201301160800
45006,0.54,201301160800
45007,1.19,201301160800
45008,2.72,201301160800
45039,2.54,201301160800
45114,0.71,201301160800
45168,1.65,201301160800
45200,2.69,201301160800
45203,0.73,201301160800
45208,1.35,201301160800
45237,1.32,201301160800
45254,1.65,201301160800
45256,0.71,201301160800
45258,2.04,201301160800
45261,2.87,201301160800
45265,0.89,201301160800
45266,1.79,201301160800
45401,2.81,201301160800
45479,1.48,201301160800
45502,1.4,201301160800
45507,0.9,201301160800
45509,1.24,201301160800
45526,1.88,201301160800
45538,2.07,201301160800
45582,0.78,201301160800
45661,1.54,201301160800
45701,1.23,201301160800
45703,2.41,201301160800
45716,2.63,201301160800
45720,0.71,201301160800
45725,0.54,201301160800
45735,2.79,201301160800
45747,1.87,201301160800
45766,1.33,201301160800
45793,1.31,201301160800
45795,2.13,201301160800
45919,0.86,201301160800
45948,2.29,201301160800
46008,2.76,201301160800
46036,0.85,201301160800
46041,1.54,201301160800
46052,1.0,201301160800
46074,1.68,201301160800
46145,2.59,201301160800
46202,2.53,201301160800
46209,0.87,201301160800
46242,1.7,201301160800
46265,2.04,201301160800
46372,1.93,201301160800
46384,1.74,201301160800
46455,1.76,201301160800
46508,2.63,201301160800
46523,1.37,201301160800
46538,2.02,201301160800
46565,1.78,201301160800
46574,2.23,201301160800
46626,1.56,201301160800
46700,2.15,201301160800
46738,1.64,201301160800
46770,2.43,201301160800
46778,0.98,201301160800
46787,0.58,201301160800
46803,2.16,201301160800
46954,1.84,201301160800
46964,1.19,201301160800
46972,2.4,201301160800
46976,2.65,201301160800
46981,0.65,201301160800
47011,0.62,201301160800
47015,1.69,201301160800
47047,2.2,201301160800
47253,1.17,201301160800
47288,2.55,201301160800
47295,1.31,201301160800
47342,2.22,201301160800
47454,1.3,201301160800
47535,0.79,201301160800
47543,2.69,201301160800
47705,1.14,201301160800
47709,1.34,201301160800
47711,1.37,201301160800
47758,3.0,201301160800
47806,2.81,201301160800
47889,0.65,201301160800
47926,1.46,201301160800
47968,2.56,201301160800
47972,1.01,201301160800
47977,1.12,201301160800
47982,0.61,201301160800
48032,2.52,201301160800
48209,1.07,201301160800
48239,1.64,201301160800
48244,2.01,201301160800
48278,2.59,201301160800
48420,1.76,201301160800
48427,2.35,201301160800
48499,0.53,201301160800
48503,1.79,201301160800
48552,2.6,201301160800
48584,1.05,201301160800
48713,1.82,201301160800
48759,1.18,201301160800
48848,2.88,201301160800
48898,1.19,201301160800
49017,1.27,201301160800
49049,1.69,201301160800
49229,1.99,201301160800
49241,1.94,201301160800
49472,2.59,201301160800
49483,1.61,201301160800
49542,2.81,201301160800
49555,1.81,201301160800
49679,2.45,201301160800
49750,2.92,201301160800
49760,2.58,201301160800
49777,1.79,201301160800
49968,2.56,201301160800
50053,2.18,201301160800
50103,1.38,201301160800
50180,2.64,201301160800
50285,2.49,201301160800
50430,1.26,201301160800
50470,2.01,201301160800
50494,0.89,201301160800
50511,0.71,201301160800
50549,0.84,201301160800
50680,2.47,201301160800
50682,2.6,201301160800
50731,2.59,201301160800
50812,2.4,201301160800
50872,2.37,201301160800
51029,1.22,201301160800
51046,1.14,201301160800
51053,1.7,201301160800
51056,2.61,201301160800
51162,2.91,201301160800
51177,2.66,201301160800
51182,1.01,201301160800
51228,2.07,201301160800
51258,2.04,201301160800
51430,1.24,201301160800
51431,2.57,201301160800
51432,2.74,201301160800
51520,0.6,201301160800
51681,2.11,201301160800
51682,1.83,201301160800
51725,2.2,201301160800
51790,1.89,201301160800
51832,1.77,201301160800
51857,2.26,201301160800
51931,2.92,201301160800
51932,0.88,201301160800
51986,0.94,201301160800
52003,2.56,201301160800
52182,1.37,201301160800
52244,1.73,201301160800
52259,2.62,201301160800
52280,0.93,201301160800
52319,1.83,201301160800
52473,1.08,201301160800
52518,1.11,201301160800
52631,1.0,201301160800
52679,0.84,201301160800
52729,1.91,201301160800
52811,2.36,201301160800
52983,2.21,201301160800
52988,1.8,201301160800
52993,1.69,201301160800
53000,2.06,201301160800
53016,1.76,201301160800
53027,1.71,201301160800
53072,2.55,201301160800
53090,2.68,201301160800
53177,1.49,201301160800
53178,2.59,201301160800
53381,1.72,201301160800
53427,1.28,201301160800
53429,2.11,201301160800
53761,1.75,201301160800
53774,1.43,201301160800
53797,2.43,201301160800
53810,2.97,201301160800
53822,2.18,201301160800
53864,2.48,201301160800
53927,2.14,201301160800
54038,2.12,201301160800
54071,2.37,201301160800
54234,2.95,201301160800
54281,2.2,201301160800
54284,1.29,201301160800
54327,0.58,201301160800
54334,1.7,201301160800
54349,2.88,201301160800
54427,0.98,201301160800
54503,2.03,201301160800
54510,0.8,201301160800
54520,2.94,201301160800
54550,2.84,201301160800
54578,1.54,201301160800
54678,1.51,201301160800
54828,2.36,201301160800
54983,1.72,201301160800
54996,1.72,201301160800
55070,0.91,201301160800
55329,0.66,201301160800
55331,1.69,201301160800
55535,0.51,201301160800
55633,2.16,201301160800
55680,2.5,201301160800
55761,2.43,201301160800
55831,2.41,201301160800
55832,0.65,201301160800
55838,0.51,201301160800
55845,2.49,201301160800
56106,2.04,201301160800
56493,2.9,201301160800
56571,2.61,201301160800
56586,2.15,201301160800
56587,1.41,201301160800
56591,0.86,201301160800
56738,2.25,201301160800
56835,2.19,201301160800
56882,1.2,201301160800
56887,2.51,201301160800
56888,1.94,201301160800
56933,1.57,201301160800
56934,1.91,201301160800
57042,2.92,201301160800
57062,0.91,201301160800
57189,1.34,201301160800
57261,1.12,201301160800
57329,1.1,201301160800
57342,2.3,201301160800
57376,1.69,201301160800
57378,0.64,201301160800
57380,1.22,201301160800
57397,0.76,201301160800
57440,2.7,201301160800
57495,2.08,201301160800
57523,1.14,201301160800
57555,1.52,201301160800
57597,2.51,201301160800
57613,1.85,201301160800
57615,2.88,201301160800
57628,1.72,201301160800
57631,1.08,201301160800
57823,2.52,201301160800
57837,1.52,201301160800
57851,2.72,201301160800
57852,2.02,201301160800
57906,1.57,201301160800
58179,0.74,201301160800
58251,2.25,201301160800
58421,2.79,201301160800
58511,1.19,201301160800
58632,2.63,201301160800
58744,2.95,201301160800
58802,1.29,201301160800
58814,0.65,201301160800
58879,0.63,201301160800
58892,2.4,201301160800
59010,0.72,201301160800
59043,2.13,201301160800
59104,0.74,201301160800
59125,2.08,201301160800
59134,1.42,201301160800
59285,2.84,201301160800
59329,0.69,201301160800
59555,1.29,201301160800
59635,1.17,201301160800
59745,0.94,201301160800
59927,1.78,201301160800
59941,2.55,201301160800
60008,1.76,201301160800
60011,2.6,201301160800
60114,1.81,201301160800
60141,1.82,201301160800
60147,0.63,201301160800
60331,1.08,201301160800
60344,0.96,201301160800
60350,1.53,201301160800
60578,2.31,201301160800
60593,1.92,201301160800
60613,2.22,201301160800
60630,1.72,201301160800
60635,0.83,201301160800
60649,2.89,201301160800
60750,2.14,201301160800
60774,0.87,201301160800
60819,2.14,201301160800
60880,1.21,201301160800
60888,0.93,201301160800
61062,2.95,201301160800
61110,2.78,201301160800
61263,1.81,201301160800
61343,2.92,201301160800
61591,2.23,201301160800
61597,1.95,201301160800
61654,1.09,201301160800
61818,2.82,201301160800
62077,2.26,201301160800
62104,1.1,201301160800
62135,2.64,201301160800
62140,2.42,201301160800
62252,1.05,201301160800
62558,0.57,201301160800
62589,1.7,201301160800
62757,0.57,201301160800
62772,2.47,201301160800
62850,0.65,201301160800
62926,1.38,201301160800
62948,1.46,201301160800
63044,2.92,201301160800
63153,2.65,201301160800
63383,0.89,201301160800
63397,2.89,201301160800
63398,1.1,201301160800
63407,1.84,201301160800
63574,1.03,201301160800
63586,1.89,201301160800
63816,2.21,201301160800
64102,0.71,201301160800
64150,1.76,201301160800
64200,2.81,201301160800
64515,2.7,201301160800
64529,2.76,201301160800
64573,0.78,201301160800
64581,0.65,201301160800
64815,1.75,201301160800
64915,2.88,201301160800
65059,0.64,201301160800
65144,0.54,201301160800
65320,1.4,201301160800
65375,1.54,201301160800
65454,2.14,201301160800
65528,2.92,201301160800
65607,0.9,201301160800
65774,2.67,201301160800
65838,2.06,201301160800
66068,1.51,201301160800
66084,2.54,201301160800
66151,1.84,201301160800
66353,1.33,201301160800
66538,1.62,201301160800
66575,1.3,201301160800
66637,2.39,201301160800
66827,1.5,201301160800
66870,1.43,201301160800
67110,0.5,201301160800
67207,1.26,201301160800
67335,1.21,201301160800
67385,2.83,201301160800
67599,1.78,201301160800
67601,1.4,201301160800
67602,2.34,201301160800
67698,2.32,201301160800
67824,1.78,201301160800
67842,0.93,201301160800
67854,2.31,201301160800
67855,2.58,201301160800
67918,2.0,201301160800
68103,2.99,201301160800
68104,2.75,201301160800
68110,0.71,201301160800
68111,2.98,201301160800
68349,2.39,201301160800
68354,1.36,201301160800
68356,1.14,201301160800
68454,2.77,201301160800
68455,2.72,201301160800
68587,2.06,201301160800
68857,1.73,201301160800
68858,1.71,201301160800
68897,2.97,201301160800
68924,2.53,201301160800
68930,1.92,201301160800
69106,2.02,201301160800
69190,2.68,201301160800
69206,2.01,201301160800
69359,2.92,201301160800
69371,1.69,201301160800
69455,0.71,201301160800
69582,1.29,201301160800
69613,0.79,201301160800
69676,0.92,201301160800
70115,2.39,201301160800
70132,0.59,201301160800
70181,2.62,201301160800
70342,0.78,201301160800
70352,2.23,201301160800
70360,1.53,201301160800
70374,1.33,201301160800
70440,0.62,201301160800
70462,1.44,201301160800
70619,1.13,201301160800
70659,2.44,201301160800
70715,1.2,201301160800
70903,2.34,201301160800
70934,2.91,201301160800
70961,1.73,201301160800
71122,2.08,201301160800
71187,1.65,201301160800
71399,1.84,201301160800
71601,1.05,201301160800
71629,1.93,201301160800
71888,1.68,201301160800
71961,1.37,201301160800
71964,1.13,201301160800
72201,1.7,201301160800
72218,1.81,201301160800
72345,2.17,201301160800
72367,0.74,201301160800
72407,2.15,201301160800
72416,2.96,201301160800
72706,0.77,201301160800
72894,2.47,201301160800
73104,2.95,201301160800
73135,1.13,201301160800
73211,2.46,201301160800
73223,1.15,201301160800
73451,0.99,201301160800
73460,2.04,201301160800
73461,1.88,201301160800
73557,2.38,201301160800
73669,1.28,201301160800
74158,2.39,201301160800
74216,1.88,201301160800
74388,1.24,201301160800
74396,0.83,201301160800
74466,0.9,201301160800
74467,1.24,201301160800
74638,2.13,201301160800
74677,2.49,201301160800
74678,1.4,201301160800
74711,1.58,201301160800
74721,1.62,201301160800
74962,1.67,201301160800
74968,0.7,201301160800
74973,2.98,201301160800
75224,0.66,201301160800
75329,1.5,201301160800
75386,1.31,201301160800
75424,2.09,201301160800
75436,1.33,201301160800
75475,1.48,201301160800
75619,0.66,201301160800
75721,2.92,201301160800
75722,1.42,201301160800
75724,0.57,201301160800
75725,2.77,201301160800
75726,2.2,201301160800
75727,1.89,201301160800
75974,2.92,201301160800
75975,2.42,201301160800
76133,2.42,201301160800
76227,2.02,201301160800
76393,1.64,201301160800
76473,2.86,201301160800
76477,1.22,201301160800
76654,0.58,201301160800
76728,2.6,201301160800
76959,1.91,201301160800
77169,0.85,201301160800
77230,2.2,201301160800
77381,2.11,201301160800
77458,2.62,201301160800
77641,2.41,201301160800
77942,0.67,201301160800
77981,2.85,201301160800
78205,2.15,201301160800
78418,1.39,201301160800
78654,1.6,201301160800
78733,2.67,201301160800
78881,2.46,201301160800
78896,1.98,201301160800
78909,0.87,201301160800
78983,1.52,201301160800
79234,2.78,201301160800
79379,2.77,201301160800
79394,2.44,201301160800
79484,2.06,201301160800
79712,1.43,201301160800
79911,2.15,201301160800
79915,3.0,201301160800
80160,0.87,201301160800
80161,2.08,201301160800
80193,1.74,201301160800
80352,1.71,201301160800
80397,0.66,201301160800
80406,1.17,201301160800
80411,1.41,201301160800
80412,1.55,201301160800
80413,2.52,201301160800
80420,1.89,201301160800
80485,1.62,201301160800
80635,2.92,201301160800
80659,2.32,201301160800
80663,1.72,201301160800
80664,1.42,201301160800
80703,1.28,201301160800
80877,0.52,201301160800
80916,1.71,201301160800
81163,1.1,201301160800
81164,2.05,201301160800
81354,1.54,201301160800
81363,1.72,201301160800
81390,0.66,201301160800
81625,1.02,201301160800
81651,0.94,201301160800
81899,2.9,201301160800
82135,1.85,201301160800
82168,1.14,201301160800
82169,2.4,201301160800
82237,1.16,201301160800
82613,1.5,201301160800
82622,1.69,201301160800
82664,1.07,201301160800
82892,2.42,201301160800
82951,0.78,201301160800
83410,1.93,201301160800
83489,1.04,201301160800
83735,1.59,201301160800
83865,1.84,201301160800
84123,2.25,201301160800
84179,2.68,201301160800
84207,0.72,201301160800
84212,2.77,201301160800
84221,1.0,201301160800
84366,2.21,201301160800
84689,0.51,201301160800
84712,1.45,201301160800
84902,0.57,201301160800
85474,1.21,201301160800
85487,0.82,201301160800
85620,1.54,201301160800
85705,1.07,201301160800
85715,1.82,201301160800
85738,1.0,201301160800
86440,2.95,201301160800
86622,2.27,201301160800
86623,2.28,201301160800
86672,2.3,201301160800
86873,2.52,201301160800
86895,1.51,201301160800
87121,1.2,201301160800
87227,2.25,201301160800
87460,0.92,201301160800
87690,2.71,201301160800
87873,1.87,201301160800
88242,0.79,201301160800
88463,1.53,201301160800
89120,2.42,201301160800
89152,2.01,201301160800
89175,2.69,201301160800
89198,0.87,201301160800
89615,0.83,201301160800
89625,0.6,201301160800
90116,2.69,201301160800
90183,2.6,201301160800
90497,1.29,201301160800
90699,1.11,201301160800
90719,1.32,201301160800
91200,1.2,201301160800
91432,0.65,201301160800
91434,2.38,201301160800
91684,2.58,201301160800
91713,1.31,201301160800
91744,1.15,201301160800
92233,0.66,201301160800
93205,0.85,201301160800
93244,1.12,201301160800
93252,0.95,201301160800
93463,1.87,201301160800
93675,1.23,201301160800
93944,0.88,201301160800
94431,2.42,201301160800
94710,2.92,201301160800
94755,1.38,201301160800
94997,2.83,201301160800
95000,2.55,201301160800
95707,1.59,201301160800
95949,1.32,201301160800
95998,2.3,201301160800
96188,0.99,201301160800
96225,0.57,201301160800
96249,0.56,201301160800
96468,0.71,201301160800
96486,1.93,201301160800
96718,0.67,201301160800
96972,1.93,201301160800
96995,2.01,201301160800
97251,2.07,201301160800
97440,1.39,201301160800
97471,2.14,201301160800
97969,0.75,201301160800
97990,1.22,201301160800
98224,1.48,201301160800
98229,1.39,201301160800
98450,2.53,201301160800
98475,0.67,201301160800
98739,2.27,201301160800
99256,0.9,201301160800
99468,1.76,201301160800
99730,1.18,201301160800
101215,1.98,201301160800
101911,0.82,201301160800
101912,2.95,201301160800
101989,1.02,201301160800
102999,1.47,201301160800
103242,2.42,201301160800
103431,1.3,201301160800
104177,1.85,201301160800
104221,1.31,201301160800
104239,2.57,201301160800
104701,2.52,201301160800
104984,2.19,201301160800
105196,1.87,201301160800
105219,2.29,201301160800
105460,2.16,201301160800
105461,1.34,201301160800
105481,2.44,201301160800
105489,2.42,201301160800
105709,1.8,201301160800
105710,2.75,201301160800
105711,1.41,201301160800
105712,2.17,201301160800
105713,1.83,201301160800
105715,2.33,201301160800
105726,2.5,201301160800
105727,0.96,201301160800
105736,1.95,201301160800
105960,2.78,201301160800
105961,0.51,201301160800
105962,2.11,201301160800
105963,1.61,201301160800
105964,0.74,201301160800
105975,0.81,201301160800
106195,2.56,201301160800
106213,1.8,201301160800
106214,0.82,201301160800
106215,1.17,201301160800
106221,2.57,201301160800
106231,1.69,201301160800
106232,1.86,201301160800
106234,1.58,201301160800
106235,2.38,201301160800
106237,0.94,201301160800
106446,2.67,201301160800
106447,1.61,201301160800
106462,1.62,201301160800
106463,1.35,201301160800
106465,2.72,201301160800
106466,2.8,201301160800
106467,1.42,201301160800
106480,1.26,201301160800
106712,2.22,201301160800
106717,2.02,201301160800
106718,1.0,201301160800
106741,2.51,201301160800
106958,1.55,201301160800
106964,2.74,201301160800
106965,1.77,201301160800
106966,1.09,201301160800
106967,2.09,201301160800
106971,0.98,201301160800
106983,0.96,201301160800
106997,2.65,201301160800
107200,1.41,201301160800
107212,1.14,201301160800
107219,2.06,201301160800
107240,2.49,201301160800
107460,1.84,201301160800
107465,1.72,201301160800
107466,1.9,201301160800
107468,1.21,201301160800
107491,0.52,201301160800
107711,0.78,201301160800
107725,2.91,201301160800
107726,0.65,201301160800
107954,1.27,201301160800
107966,0.76,201301160800
107971,1.49,201301160800
107979,1.36,201301160800
107993,1.9,201301160800
108205,0.97,201301160800
108211,2.87,201301160800
108214,1.5,201301160800
108215,2.4,201301160800
108217,2.63,201301160800
108219,1.52,201301160800
108220,1.96,201301160800
108222,2.43,201301160800
108225,0.68,201301160800
108230,0.74,201301160800
108454,1.12,201301160800
108463,1.33,201301160800
108499,0.66,201301160800
108717,1.68,201301160800
108722,2.97,201301160800
108724,1.87,201301160800
108733,2.59,201301160800
108968,1.07,201301160800
108975,2.43,201301160800
108984,0.75,201301160800
108985,1.75,201301160800
109216,2.88,201301160800
109219,2.45,201301160800
109222,1.12,201301160800
109227,1.84,201301160800
109231,0.58,201301160800
109236,2.58,201301160800
109245,0.55,201301160800
109473,1.58,201301160800
109487,2.97,201301160800
109494,2.73,201301160800
109495,2.68,201301160800
109496,2.3,201301160800
109497,1.86,201301160800
109742,2.4,201301160800
109744,0.77,201301160800
109748,2.81,201301160800
109750,2.03,201301160800
109980,1.15,201301160800
109991,1.18,201301160800
109994,2.23,201301160800
109998,2.53,201301160800
110001,2.0,201301160800
110243,2.23,201301160800
110247,2.66,201301160800
110249,1.18,201301160800
110251,2.21,201301160800
110253,2.56,201301160800
110254,0.96,201301160800
