cell,mobility,dtg
1610,1.45,201301251600
1846,1.54,201301251600
1851,1.65,201301251600
1853,0.97,201301251600
1856,0.67,201301251600
1857,1.41,201301251600
2103,2.22,201301251600
2105,0.89,201301251600
2106,0.7,201301251600
2107,1.61,201301251600
2114,1.29,201301251600
2342,0.74,201301251600
2347,2.46,201301251600
2351,2.42,201301251600
2354,1.63,201301251600
2357,2.13,201301251600
2372,2.28,201301251600
2374,2.34,201301251600
2591,1.45,201301251600
2595,2.7,201301251600
2605,1.7,201301251600
2611,1.02,201301251600
2615,0.74,201301251600
2620,1.68,201301251600
2627,0.89,201301251600
2839,2.38,201301251600
2847,0.76,201301251600
3086,2.99,201301251600
3094,1.9,201301251600
3100,1.57,201301251600
3124,1.76,201301251600
3128,2.32,201301251600
3334,2.31,201301251600
3337,2.11,201301251600
3375,1.58,201301251600
3614,2.2,201301251600
3619,0.7,201301251600
3632,0.92,201301251600
3635,0.7,201301251600
3830,1.76,201301251600
3831,2.52,201301251600
3833,1.96,201301251600
3837,1.17,201301251600
3845,0.85,201301251600
3856,1.95,201301251600
3860,2.22,201301251600
3865,0.5,201301251600
4078,1.76,201301251600
4081,0.98,201301251600
4137,2.35,201301251600
4141,2.43,201301251600
4142,1.82,201301251600
4328,0.75,201301251600
4329,0.53,201301251600
4341,2.73,201301251600
4345,2.24,201301251600
4348,1.17,201301251600
4354,1.58,201301251600
4372,2.75,201301251600
4577,1.7,201301251600
4578,0.74,201301251600
4580,0.6,201301251600
4582,1.65,201301251600
4605,0.99,201301251600
4608,1.03,201301251600
4631,1.16,201301251600
4636,2.51,201301251600
4637,0.73,201301251600
4829,0.83,201301251600
4830,1.18,201301251600
4831,1.53,201301251600
4834,2.95,201301251600
4837,1.24,201301251600
4852,1.45,201301251600
4863,1.03,201301251600
4868,1.09,201301251600
4890,2.43,201301251600
4891,1.82,201301251600
5078,0.73,201301251600
5081,2.55,201301251600
5084,1.99,201301251600
5127,0.77,201301251600
5153,1.55,201301251600
5327,1.91,201301251600
5329,0.83,201301251600
5333,0.5,201301251600
5334,2.23,201301251600
5339,2.47,201301251600
5369,1.69,201301251600
5402,1.52,201301251600
5410,0.92,201301251600
5577,0.98,201301251600
5581,1.06,201301251600
5592,2.28,201301251600
5612,1.21,201301251600
5623,1.23,201301251600
5876,1.96,201301251600
5893,2.42,201301251600
5898,2.7,201301251600
6078,0.97,201301251600
6118,1.44,201301251600
6136,0.7,201301251600
6158,1.2,201301251600
6159,1.86,201301251600
6333,1.98,201301251600
6353,0.69,201301251600
6365,1.03,201301251600
6366,1.96,201301251600
6414,1.14,201301251600
6588,0.65,201301251600
6609,2.74,201301251600
6635,1.33,201301251600
6668,1.21,201301251600
6841,2.02,201301251600
6849,0.62,201301251600
6896,1.29,201301251600
6924,0.95,201301251600
6928,0.64,201301251600
6935,0.84,201301251600
6939,1.28,201301251600
7077,1.01,201301251600
7078,0.88,201301251600
7085,2.24,201301251600
7088,2.77,201301251600
7113,1.95,201301251600
7114,2.39,201301251600
7129,2.95,201301251600
7133,2.65,201301251600
7165,2.08,201301251600
7192,2.87,201301251600
7354,2.27,201301251600
7375,0.66,201301251600
7379,1.41,201301251600
7401,1.62,201301251600
7410,0.76,201301251600
7436,1.18,201301251600
7584,1.42,201301251600
7646,1.0,201301251600
7849,0.53,201301251600
7871,1.63,201301251600
7927,2.12,201301251600
7948,1.62,201301251600
8080,1.83,201301251600
8170,2.02,201301251600
8182,2.26,201301251600
8195,2.58,201301251600
8342,0.78,201301251600
8582,0.58,201301251600
8602,2.31,201301251600
8609,0.82,201301251600
8638,1.35,201301251600
8656,2.23,201301251600
8830,0.72,201301251600
8839,2.11,201301251600
8876,1.9,201301251600
8897,2.92,201301251600
8912,1.21,201301251600
8918,2.57,201301251600
8929,1.54,201301251600
8940,2.08,201301251600
8954,2.95,201301251600
9140,2.11,201301251600
9333,2.51,201301251600
9468,2.81,201301251600
9473,2.24,201301251600
9589,0.98,201301251600
9601,2.77,201301251600
9607,2.36,201301251600
9658,2.6,201301251600
9724,0.67,201301251600
9833,0.91,201301251600
10084,1.03,201301251600
10089,2.46,201301251600
10096,2.36,201301251600
10144,1.76,201301251600
10170,1.4,201301251600
10181,2.09,201301251600
10189,2.13,201301251600
10201,2.96,201301251600
10334,2.98,201301251600
10335,1.72,201301251600
10383,2.56,201301251600
10414,2.18,201301251600
10444,2.83,201301251600
10458,2.18,201301251600
10477,1.64,201301251600
10586,2.95,201301251600
10601,2.04,201301251600
10609,2.65,201301251600
10616,0.53,201301251600
10633,0.69,201301251600
10655,2.27,201301251600
10665,0.94,201301251600
10681,2.94,201301251600
10717,1.1,201301251600
10835,2.06,201301251600
10837,1.92,201301251600
10847,0.74,201301251600
10903,2.44,201301251600
10911,2.18,201301251600
10918,0.98,201301251600
10973,2.97,201301251600
11087,2.33,201301251600
11092,2.52,201301251600
11128,2.35,201301251600
11222,0.58,201301251600
11223,2.34,201301251600
11225,2.11,201301251600
11238,1.6,201301251600
11361,2.42,201301251600
11393,0.91,201301251600
11424,2.41,201301251600
11601,0.97,201301251600
11682,2.23,201301251600
11704,1.05,201301251600
11858,2.39,201301251600
11884,2.74,201301251600
11901,0.51,201301251600
11946,1.22,201301251600
11960,0.9,201301251600
11972,1.44,201301251600
12089,2.24,201301251600
12090,0.61,201301251600
12096,1.51,201301251600
12120,1.86,201301251600
12157,0.75,201301251600
12230,0.61,201301251600
12383,0.52,201301251600
12431,1.45,201301251600
12601,0.68,201301251600
12625,0.87,201301251600
12632,0.57,201301251600
12842,2.22,201301251600
12875,1.22,201301251600
12901,2.9,201301251600
12913,1.51,201301251600
12933,0.57,201301251600
12934,1.64,201301251600
12985,0.6,201301251600
13099,2.71,201301251600
13114,0.53,201301251600
13150,2.55,201301251600
13175,2.33,201301251600
13183,2.14,201301251600
13222,2.02,201301251600
13358,2.24,201301251600
13444,2.77,201301251600
13455,0.59,201301251600
13456,1.86,201301251600
13670,1.07,201301251600
13694,0.82,201301251600
13845,1.77,201301251600
13849,2.85,201301251600
14011,1.65,201301251600
14095,2.87,201301251600
14133,2.03,201301251600
14161,2.14,201301251600
14167,1.04,201301251600
14184,2.6,201301251600
14241,0.86,201301251600
14255,0.71,201301251600
14349,1.22,201301251600
14350,1.37,201301251600
14375,1.8,201301251600
14452,0.52,201301251600
14475,2.35,201301251600
14620,2.9,201301251600
14673,2.52,201301251600
14745,0.91,201301251600
14859,1.41,201301251600
14936,1.53,201301251600
14995,0.7,201301251600
15097,2.17,201301251600
15098,2.84,201301251600
15246,1.04,201301251600
15349,1.12,201301251600
15440,1.87,201301251600
15600,2.77,201301251600
15656,1.51,201301251600
15672,2.3,201301251600
15699,2.04,201301251600
15714,2.9,201301251600
15725,1.81,201301251600
15744,2.95,201301251600
15849,2.61,201301251600
15850,1.25,201301251600
15851,1.67,201301251600
15853,2.38,201301251600
15871,0.76,201301251600
16100,0.83,201301251600
16105,1.76,201301251600
16114,2.44,201301251600
16171,1.76,201301251600
16184,1.97,201301251600
16400,2.46,201301251600
16414,2.19,201301251600
16601,2.34,201301251600
16604,2.44,201301251600
16625,2.85,201301251600
16670,0.69,201301251600
16853,2.12,201301251600
16868,1.12,201301251600
16932,1.34,201301251600
17232,2.02,201301251600
17355,0.93,201301251600
17358,0.99,201301251600
17367,2.83,201301251600
17635,1.75,201301251600
17673,1.93,201301251600
17681,2.5,201301251600
17884,0.89,201301251600
17984,0.96,201301251600
18108,1.27,201301251600
18115,2.05,201301251600
18118,1.19,201301251600
18123,2.13,201301251600
18139,1.33,201301251600
18154,0.76,201301251600
18160,1.32,201301251600
18177,0.91,201301251600
18185,2.49,201301251600
18383,1.53,201301251600
18404,0.56,201301251600
18427,2.15,201301251600
18466,2.85,201301251600
18616,1.11,201301251600
18629,1.74,201301251600
18861,1.66,201301251600
18866,1.93,201301251600
18925,1.49,201301251600
19110,1.14,201301251600
19112,0.85,201301251600
19114,1.55,201301251600
19122,1.64,201301251600
19360,1.6,201301251600
19443,0.89,201301251600
19481,1.1,201301251600
19611,0.79,201301251600
19612,1.03,201301251600
19618,0.68,201301251600
19633,2.69,201301251600
19678,2.18,201301251600
19878,2.79,201301251600
19913,2.69,201301251600
20113,2.98,201301251600
20114,2.14,201301251600
20116,0.95,201301251600
20170,2.23,201301251600
20363,1.66,201301251600
20387,1.27,201301251600
20396,1.71,201301251600
20436,0.92,201301251600
20616,1.37,201301251600
20621,2.46,201301251600
20628,1.67,201301251600
20651,2.86,201301251600
20671,2.6,201301251600
20682,2.32,201301251600
20864,2.62,201301251600
20882,1.83,201301251600
20931,2.41,201301251600
20995,1.59,201301251600
21115,2.4,201301251600
21118,1.78,201301251600
21201,1.12,201301251600
21373,1.05,201301251600
21377,0.97,201301251600
21392,1.63,201301251600
21407,1.5,201301251600
21428,1.81,201301251600
21448,1.28,201301251600
21617,1.79,201301251600
21619,0.9,201301251600
21639,2.4,201301251600
21658,2.48,201301251600
21663,1.24,201301251600
21701,1.95,201301251600
21721,2.57,201301251600
21868,0.53,201301251600
21871,1.38,201301251600
21999,0.52,201301251600
22126,1.89,201301251600
22133,1.6,201301251600
22174,1.85,201301251600
22176,1.7,201301251600
22205,2.91,201301251600
22368,2.51,201301251600
22395,2.5,201301251600
22419,1.74,201301251600
22420,0.9,201301251600
22421,2.89,201301251600
22422,1.66,201301251600
22619,2.37,201301251600
22630,0.76,201301251600
22634,2.83,201301251600
22671,2.72,201301251600
22673,2.07,201301251600
22700,0.57,201301251600
22751,2.89,201301251600
22768,1.22,201301251600
22869,0.68,201301251600
22877,1.22,201301251600
22928,1.32,201301251600
22940,0.58,201301251600
22955,1.31,201301251600
22963,2.51,201301251600
22966,2.1,201301251600
23120,1.49,201301251600
23124,0.94,201301251600
23125,1.07,201301251600
23131,1.76,201301251600
23138,0.69,201301251600
23169,0.7,201301251600
23194,0.99,201301251600
23216,1.99,201301251600
23370,0.55,201301251600
23371,1.96,201301251600
23379,2.99,201301251600
23386,1.0,201301251600
23388,1.42,201301251600
23427,0.56,201301251600
23621,1.91,201301251600
23627,2.63,201301251600
23635,2.74,201301251600
23641,0.81,201301251600
23662,1.26,201301251600
23669,1.23,201301251600
23690,2.48,201301251600
23744,2.12,201301251600
23750,1.92,201301251600
23872,1.63,201301251600
23873,0.76,201301251600
23875,1.97,201301251600
23881,2.49,201301251600
23894,1.24,201301251600
23896,1.65,201301251600
23907,1.82,201301251600
23925,1.09,201301251600
23973,2.48,201301251600
24005,1.83,201301251600
24009,3.0,201301251600
24032,2.46,201301251600
24122,2.27,201301251600
24123,1.95,201301251600
24149,2.83,201301251600
24247,2.85,201301251600
24251,1.24,201301251600
24265,2.61,201301251600
24266,2.97,201301251600
24373,1.91,201301251600
24374,0.99,201301251600
24380,2.95,201301251600
24381,2.63,201301251600
24383,1.53,201301251600
24387,0.76,201301251600
24402,1.99,201301251600
24405,1.85,201301251600
24423,2.38,201301251600
24623,0.8,201301251600
24626,1.25,201301251600
24643,2.83,201301251600
24732,0.51,201301251600
24734,2.15,201301251600
24739,2.5,201301251600
24774,1.87,201301251600
24775,1.06,201301251600
24781,2.05,201301251600
24837,2.04,201301251600
24874,1.93,201301251600
24877,2.68,201301251600
24879,2.25,201301251600
24880,2.59,201301251600
24895,2.72,201301251600
24920,2.36,201301251600
24990,0.88,201301251600
24991,2.7,201301251600
24993,2.48,201301251600
25124,1.39,201301251600
25125,2.12,201301251600
25126,1.81,201301251600
25129,1.95,201301251600
25130,0.62,201301251600
25132,2.04,201301251600
25136,2.38,201301251600
25138,2.89,201301251600
25141,2.7,201301251600
25179,0.94,201301251600
25187,2.65,201301251600
25375,2.22,201301251600
25376,1.27,201301251600
25377,1.14,201301251600
25379,2.18,201301251600
25385,1.46,201301251600
25395,2.41,201301251600
25400,2.67,201301251600
25405,0.58,201301251600
25412,1.28,201301251600
25427,1.95,201301251600
25626,1.65,201301251600
25627,2.58,201301251600
25628,2.01,201301251600
25629,0.58,201301251600
25632,1.8,201301251600
25633,1.79,201301251600
25642,1.42,201301251600
25715,0.63,201301251600
25747,1.31,201301251600
25763,2.42,201301251600
25876,1.14,201301251600
25877,2.18,201301251600
25878,0.95,201301251600
25881,0.55,201301251600
25882,2.87,201301251600
25886,1.11,201301251600
25888,1.08,201301251600
25926,1.1,201301251600
25997,0.74,201301251600
26005,1.47,201301251600
26035,1.37,201301251600
26127,1.67,201301251600
26129,1.0,201301251600
26130,0.98,201301251600
26133,2.13,201301251600
26135,2.09,201301251600
26136,0.7,201301251600
26138,2.47,201301251600
26139,1.61,201301251600
26141,2.16,201301251600
26148,1.55,201301251600
26168,1.96,201301251600
26378,2.32,201301251600
26379,0.53,201301251600
26380,2.76,201301251600
26381,2.61,201301251600
26382,2.49,201301251600
26383,1.14,201301251600
26385,2.37,201301251600
26386,1.76,201301251600
26387,0.69,201301251600
26389,1.83,201301251600
26391,1.61,201301251600
26392,1.91,201301251600
26393,1.61,201301251600
26396,1.19,201301251600
26403,1.77,201301251600
26408,1.58,201301251600
26427,2.38,201301251600
26450,1.5,201301251600
26492,1.08,201301251600
26546,2.53,201301251600
26563,1.66,201301251600
26564,0.73,201301251600
26628,2.22,201301251600
26629,1.04,201301251600
26630,1.32,201301251600
26631,1.18,201301251600
26633,2.4,201301251600
26634,1.81,201301251600
26656,1.75,201301251600
26674,0.65,201301251600
26708,0.55,201301251600
26752,0.53,201301251600
26754,0.77,201301251600
26755,1.45,201301251600
26782,0.8,201301251600
26846,1.4,201301251600
26879,1.37,201301251600
26880,1.77,201301251600
26881,1.18,201301251600
26882,2.8,201301251600
26883,1.51,201301251600
26884,2.24,201301251600
26885,0.75,201301251600
26886,1.14,201301251600
26887,0.99,201301251600
26889,1.07,201301251600
26890,1.86,201301251600
26891,1.0,201301251600
26892,1.84,201301251600
26893,1.18,201301251600
26894,2.41,201301251600
26895,2.4,201301251600
26897,2.48,201301251600
26905,2.96,201301251600
26938,2.85,201301251600
26964,1.78,201301251600
27006,1.51,201301251600
27042,2.72,201301251600
27098,2.06,201301251600
27130,1.92,201301251600
27131,2.99,201301251600
27132,1.95,201301251600
27133,1.89,201301251600
27134,2.33,201301251600
27135,2.9,201301251600
27136,0.75,201301251600
27137,1.58,201301251600
27138,2.99,201301251600
27142,2.72,201301251600
27143,1.4,201301251600
27145,1.87,201301251600
27148,2.36,201301251600
27149,2.03,201301251600
27152,2.81,201301251600
27155,1.89,201301251600
27175,1.43,201301251600
27209,1.09,201301251600
27247,1.12,201301251600
27381,2.34,201301251600
27382,2.16,201301251600
27383,0.75,201301251600
27384,2.01,201301251600
27386,1.58,201301251600
27387,0.7,201301251600
27388,2.48,201301251600
27389,2.86,201301251600
27390,1.69,201301251600
27392,1.55,201301251600
27395,2.57,201301251600
27404,0.82,201301251600
27415,0.64,201301251600
27427,2.74,201301251600
27489,1.63,201301251600
27494,2.92,201301251600
27498,1.59,201301251600
27518,1.0,201301251600
27632,2.99,201301251600
27633,2.74,201301251600
27634,1.88,201301251600
27635,2.57,201301251600
27636,1.8,201301251600
27637,2.91,201301251600
27638,0.82,201301251600
27639,1.88,201301251600
27640,1.25,201301251600
27642,0.65,201301251600
27643,1.66,201301251600
27645,1.87,201301251600
27646,2.75,201301251600
27647,2.65,201301251600
27649,2.6,201301251600
27654,2.37,201301251600
27763,1.86,201301251600
27764,2.35,201301251600
27796,2.67,201301251600
27797,1.0,201301251600
27883,1.9,201301251600
27884,0.74,201301251600
27885,1.51,201301251600
27886,2.78,201301251600
27887,2.11,201301251600
27888,2.42,201301251600
27889,0.66,201301251600
27890,1.07,201301251600
27891,1.36,201301251600
27892,0.95,201301251600
27894,1.75,201301251600
27895,2.78,201301251600
27897,1.19,201301251600
27902,2.5,201301251600
27908,2.71,201301251600
27911,1.99,201301251600
27930,2.07,201301251600
27971,2.33,201301251600
28004,1.88,201301251600
28015,0.76,201301251600
28049,2.56,201301251600
28102,2.48,201301251600
28134,0.76,201301251600
28135,1.1,201301251600
28136,1.15,201301251600
28137,1.54,201301251600
28138,0.71,201301251600
28139,2.7,201301251600
28140,1.15,201301251600
28142,0.87,201301251600
28143,1.24,201301251600
28144,0.68,201301251600
28146,0.99,201301251600
28154,1.75,201301251600
28156,2.9,201301251600
28216,0.77,201301251600
28239,2.26,201301251600
28384,1.98,201301251600
28385,1.29,201301251600
28386,0.79,201301251600
28387,1.17,201301251600
28388,2.51,201301251600
28389,1.71,201301251600
28390,2.99,201301251600
28391,1.46,201301251600
28392,1.41,201301251600
28393,0.9,201301251600
28394,2.24,201301251600
28396,1.44,201301251600
28397,2.01,201301251600
28400,1.89,201301251600
28401,1.58,201301251600
28405,1.85,201301251600
28427,1.03,201301251600
28467,2.22,201301251600
28496,2.81,201301251600
28497,2.56,201301251600
28519,2.88,201301251600
28535,2.62,201301251600
28539,2.32,201301251600
28545,1.05,201301251600
28557,1.37,201301251600
28635,1.88,201301251600
28636,1.91,201301251600
28637,2.06,201301251600
28638,1.99,201301251600
28639,1.38,201301251600
28640,2.73,201301251600
28641,2.2,201301251600
28642,2.48,201301251600
28643,1.07,201301251600
28644,1.21,201301251600
28645,1.65,201301251600
28646,2.91,201301251600
28649,2.03,201301251600
28658,2.78,201301251600
28667,1.75,201301251600
28675,0.75,201301251600
28751,2.56,201301251600
28753,2.87,201301251600
28754,1.75,201301251600
28788,2.02,201301251600
28812,2.06,201301251600
28823,1.32,201301251600
28886,1.78,201301251600
28887,1.26,201301251600
28888,1.69,201301251600
28889,1.49,201301251600
28890,2.55,201301251600
28891,0.51,201301251600
28892,0.58,201301251600
28893,1.7,201301251600
28894,1.56,201301251600
28895,1.43,201301251600
28896,0.53,201301251600
28897,1.56,201301251600
28899,0.86,201301251600
28900,2.54,201301251600
28901,0.93,201301251600
28902,1.51,201301251600
28905,1.46,201301251600
28912,1.71,201301251600
28960,0.93,201301251600
28969,1.62,201301251600
29004,1.52,201301251600
29012,2.61,201301251600
29026,2.75,201301251600
29068,0.61,201301251600
29076,1.03,201301251600
29088,2.88,201301251600
29094,1.02,201301251600
29136,1.65,201301251600
29137,2.98,201301251600
29138,1.07,201301251600
29139,1.4,201301251600
29140,1.18,201301251600
29141,2.67,201301251600
29142,2.01,201301251600
29143,2.71,201301251600
29144,2.56,201301251600
29146,1.04,201301251600
29147,2.82,201301251600
29148,1.75,201301251600
29149,1.27,201301251600
29151,0.82,201301251600
29158,2.46,201301251600
29165,1.47,201301251600
29171,0.91,201301251600
29190,2.97,201301251600
29247,0.92,201301251600
29387,2.45,201301251600
29388,2.16,201301251600
29389,1.04,201301251600
29390,0.96,201301251600
29391,1.39,201301251600
29392,2.2,201301251600
29393,1.72,201301251600
29394,0.57,201301251600
29395,0.52,201301251600
29396,2.17,201301251600
29397,0.88,201301251600
29398,0.52,201301251600
29399,0.98,201301251600
29401,1.11,201301251600
29402,2.34,201301251600
29403,2.62,201301251600
29405,1.61,201301251600
29409,0.9,201301251600
29425,1.07,201301251600
29429,2.37,201301251600
29495,2.87,201301251600
29498,1.47,201301251600
29533,1.49,201301251600
29556,2.0,201301251600
29638,1.51,201301251600
29639,2.54,201301251600
29640,1.93,201301251600
29641,2.24,201301251600
29642,2.27,201301251600
29643,2.03,201301251600
29644,1.72,201301251600
29645,1.53,201301251600
29648,2.85,201301251600
29649,2.5,201301251600
29650,2.27,201301251600
29654,2.6,201301251600
29663,2.6,201301251600
29670,2.91,201301251600
29710,2.41,201301251600
29730,2.32,201301251600
29733,2.76,201301251600
29736,0.9,201301251600
29766,1.43,201301251600
29891,0.92,201301251600
29892,1.92,201301251600
29893,2.25,201301251600
29894,0.57,201301251600
29895,1.96,201301251600
29896,1.57,201301251600
29897,2.18,201301251600
29898,2.96,201301251600
29900,1.69,201301251600
29903,1.46,201301251600
29906,2.26,201301251600
29909,2.24,201301251600
29912,0.99,201301251600
29917,1.07,201301251600
29925,1.78,201301251600
29966,2.07,201301251600
30021,2.76,201301251600
30026,2.84,201301251600
30036,2.02,201301251600
30142,1.7,201301251600
30143,2.22,201301251600
30144,0.53,201301251600
30145,1.81,201301251600
30146,1.75,201301251600
30147,1.04,201301251600
30148,0.8,201301251600
30152,1.0,201301251600
30154,1.23,201301251600
30157,2.14,201301251600
30158,1.86,201301251600
30181,0.96,201301251600
30242,2.76,201301251600
30243,2.47,201301251600
30244,0.72,201301251600
30261,1.18,201301251600
30300,1.73,201301251600
30322,1.72,201301251600
30393,2.73,201301251600
30394,2.38,201301251600
30395,2.77,201301251600
30396,2.33,201301251600
30397,0.63,201301251600
30398,0.72,201301251600
30400,1.14,201301251600
30401,1.12,201301251600
30403,1.67,201301251600
30407,0.78,201301251600
30410,0.65,201301251600
30420,1.1,201301251600
30430,1.23,201301251600
30434,0.7,201301251600
30439,2.21,201301251600
30481,2.07,201301251600
30489,2.97,201301251600
30494,2.37,201301251600
30495,0.67,201301251600
30496,2.81,201301251600
30645,1.2,201301251600
30646,1.34,201301251600
30647,0.87,201301251600
30648,1.5,201301251600
30649,2.67,201301251600
30650,2.72,201301251600
30651,2.24,201301251600
30652,2.28,201301251600
30653,1.05,201301251600
30654,2.91,201301251600
30661,0.77,201301251600
30664,2.17,201301251600
30666,2.83,201301251600
30669,1.09,201301251600
30673,2.39,201301251600
30683,2.22,201301251600
30745,2.05,201301251600
30750,1.79,201301251600
30777,2.36,201301251600
30780,1.33,201301251600
30812,0.92,201301251600
30897,2.78,201301251600
30898,1.94,201301251600
30899,0.55,201301251600
30900,2.23,201301251600
30901,1.02,201301251600
30902,1.01,201301251600
30903,1.73,201301251600
30904,2.83,201301251600
30908,0.7,201301251600
30909,1.34,201301251600
30912,1.56,201301251600
30913,2.79,201301251600
30928,0.79,201301251600
30953,1.32,201301251600
30979,2.44,201301251600
30994,2.26,201301251600
30995,2.55,201301251600
31027,0.64,201301251600
31028,1.22,201301251600
31029,0.77,201301251600
31082,0.86,201301251600
31148,1.41,201301251600
31149,1.61,201301251600
31150,2.04,201301251600
31151,2.43,201301251600
31152,2.7,201301251600
31156,1.94,201301251600
31157,1.0,201301251600
31161,1.77,201301251600
31166,0.59,201301251600
31172,2.96,201301251600
31274,2.25,201301251600
31281,2.02,201301251600
31369,1.26,201301251600
31398,1.24,201301251600
31401,1.84,201301251600
31407,1.08,201301251600
31408,2.48,201301251600
31409,1.97,201301251600
31410,2.22,201301251600
31413,1.97,201301251600
31419,2.22,201301251600
31427,1.21,201301251600
31457,1.57,201301251600
31466,0.59,201301251600
31651,1.23,201301251600
31652,0.75,201301251600
31656,1.69,201301251600
31660,2.28,201301251600
31663,0.63,201301251600
31666,1.81,201301251600
31675,1.61,201301251600
31738,1.43,201301251600
31754,0.61,201301251600
31782,2.31,201301251600
31903,2.44,201301251600
31904,1.66,201301251600
31905,0.94,201301251600
31906,1.12,201301251600
31908,2.81,201301251600
31912,2.4,201301251600
31921,1.24,201301251600
31928,2.63,201301251600
31949,2.09,201301251600
32028,0.53,201301251600
32032,1.6,201301251600
32045,1.92,201301251600
32150,1.11,201301251600
32155,2.88,201301251600
32157,0.83,201301251600
32161,0.6,201301251600
32162,1.18,201301251600
32167,2.31,201301251600
32169,2.38,201301251600
32175,2.13,201301251600
32182,1.95,201301251600
32185,1.11,201301251600
32195,2.54,201301251600
32235,1.77,201301251600
32404,1.7,201301251600
32405,1.03,201301251600
32410,2.04,201301251600
32411,1.19,201301251600
32415,1.88,201301251600
32449,0.9,201301251600
32490,2.77,201301251600
32558,2.5,201301251600
32622,0.71,201301251600
32656,1.49,201301251600
32658,1.99,201301251600
32660,1.54,201301251600
32662,1.46,201301251600
32668,1.12,201301251600
32682,2.42,201301251600
32697,2.77,201301251600
32712,2.94,201301251600
32729,1.11,201301251600
32739,2.97,201301251600
32742,1.9,201301251600
32744,1.9,201301251600
32802,0.68,201301251600
32834,2.45,201301251600
32905,1.82,201301251600
32907,2.58,201301251600
32912,2.16,201301251600
32916,2.27,201301251600
32922,1.28,201301251600
32924,0.72,201301251600
32926,0.51,201301251600
32929,2.06,201301251600
32977,1.03,201301251600
32978,1.77,201301251600
33154,2.74,201301251600
33158,1.79,201301251600
33160,2.17,201301251600
33165,1.83,201301251600
33170,2.21,201301251600
33186,2.17,201301251600
33286,2.51,201301251600
33405,2.69,201301251600
33409,1.72,201301251600
33412,2.49,201301251600
33418,2.43,201301251600
33420,2.52,201301251600
33424,0.86,201301251600
33435,2.22,201301251600
33442,2.17,201301251600
33519,1.27,201301251600
33594,1.96,201301251600
33656,1.51,201301251600
33659,1.76,201301251600
33662,2.52,201301251600
33664,2.82,201301251600
33666,0.53,201301251600
33669,0.97,201301251600
33673,2.35,201301251600
33675,2.0,201301251600
33694,1.11,201301251600
33724,2.28,201301251600
33742,2.2,201301251600
33812,2.44,201301251600
33909,2.29,201301251600
33911,2.83,201301251600
33912,2.56,201301251600
33913,1.64,201301251600
33922,0.73,201301251600
33923,2.15,201301251600
33924,2.83,201301251600
33931,1.61,201301251600
33935,0.51,201301251600
33986,2.21,201301251600
34013,2.96,201301251600
34160,2.66,201301251600
34161,1.4,201301251600
34162,1.17,201301251600
34163,0.75,201301251600
34167,2.66,201301251600
34190,2.31,201301251600
34211,2.25,201301251600
34303,1.03,201301251600
34380,2.1,201301251600
34407,2.88,201301251600
34413,1.03,201301251600
34423,1.01,201301251600
34424,0.78,201301251600
34427,2.98,201301251600
34430,2.73,201301251600
34437,0.56,201301251600
34440,2.51,201301251600
34486,2.15,201301251600
34495,2.48,201301251600
34510,0.84,201301251600
34520,2.38,201301251600
34528,1.84,201301251600
34563,1.74,201301251600
34662,0.55,201301251600
34667,2.97,201301251600
34668,2.84,201301251600
34670,1.27,201301251600
34672,1.5,201301251600
34673,2.36,201301251600
34676,1.09,201301251600
34679,1.54,201301251600
34682,2.52,201301251600
34695,2.23,201301251600
34710,1.49,201301251600
34714,2.61,201301251600
34720,1.65,201301251600
34882,2.64,201301251600
34913,1.37,201301251600
34914,2.73,201301251600
34915,2.47,201301251600
34924,1.52,201301251600
34925,2.96,201301251600
34934,0.98,201301251600
34939,0.85,201301251600
34959,1.19,201301251600
34990,2.73,201301251600
35102,2.07,201301251600
35164,1.13,201301251600
35166,1.12,201301251600
35173,0.81,201301251600
35178,0.88,201301251600
35183,2.99,201301251600
35185,2.92,201301251600
35187,2.21,201301251600
35193,1.72,201301251600
35203,1.35,201301251600
35218,2.92,201301251600
35237,2.13,201301251600
35244,2.37,201301251600
35249,2.28,201301251600
35295,1.89,201301251600
35368,0.65,201301251600
35410,0.62,201301251600
35414,1.58,201301251600
35415,2.81,201301251600
35417,2.31,201301251600
35421,1.54,201301251600
35440,1.43,201301251600
35455,2.88,201301251600
35492,1.43,201301251600
35515,0.75,201301251600
35665,2.61,201301251600
35675,0.76,201301251600
35683,0.81,201301251600
35686,0.54,201301251600
35700,0.73,201301251600
35745,1.7,201301251600
35755,2.97,201301251600
35769,1.81,201301251600
35916,1.45,201301251600
35917,1.45,201301251600
35918,2.07,201301251600
35919,1.0,201301251600
35921,0.74,201301251600
35929,1.18,201301251600
35931,2.14,201301251600
35941,2.04,201301251600
35944,1.13,201301251600
35971,0.72,201301251600
35981,2.1,201301251600
35992,1.73,201301251600
35994,1.09,201301251600
36067,2.52,201301251600
36162,1.92,201301251600
36167,0.83,201301251600
36169,1.47,201301251600
36170,0.66,201301251600
36173,2.61,201301251600
36176,2.43,201301251600
36177,2.17,201301251600
36205,0.62,201301251600
36237,2.82,201301251600
36245,0.79,201301251600
36246,1.44,201301251600
36293,1.53,201301251600
36311,1.77,201301251600
36417,0.72,201301251600
36420,1.73,201301251600
36421,1.85,201301251600
36441,1.44,201301251600
36448,0.71,201301251600
36494,2.01,201301251600
36498,2.24,201301251600
36502,2.65,201301251600
36510,2.79,201301251600
36513,1.3,201301251600
36519,1.06,201301251600
36524,1.86,201301251600
36576,0.68,201301251600
36668,2.9,201301251600
36673,1.41,201301251600
36675,1.37,201301251600
36677,2.73,201301251600
36679,2.55,201301251600
36682,0.86,201301251600
36688,2.08,201301251600
36690,1.34,201301251600
36711,2.47,201301251600
36717,0.87,201301251600
36758,2.16,201301251600
36889,1.33,201301251600
36915,2.58,201301251600
36918,0.71,201301251600
36933,0.63,201301251600
36934,1.31,201301251600
36953,0.93,201301251600
36959,2.17,201301251600
36996,1.13,201301251600
36999,1.33,201301251600
37001,1.64,201301251600
37167,1.57,201301251600
37168,2.28,201301251600
37169,1.33,201301251600
37172,0.84,201301251600
37176,1.63,201301251600
37178,1.25,201301251600
37179,1.76,201301251600
37182,0.68,201301251600
37192,2.9,201301251600
37200,1.68,201301251600
37206,1.05,201301251600
37232,2.26,201301251600
37239,2.91,201301251600
37270,2.66,201301251600
37298,2.69,201301251600
37304,0.91,201301251600
37419,0.93,201301251600
37421,2.05,201301251600
37423,0.84,201301251600
37425,2.75,201301251600
37446,2.86,201301251600
37454,2.45,201301251600
37477,1.61,201301251600
37487,2.99,201301251600
37501,1.23,201301251600
37503,2.18,201301251600
37513,0.8,201301251600
37523,1.93,201301251600
37562,2.37,201301251600
37609,1.42,201301251600
37642,1.67,201301251600
37643,1.12,201301251600
37670,0.62,201301251600
37671,1.16,201301251600
37672,1.81,201301251600
37676,1.61,201301251600
37688,2.36,201301251600
37689,0.98,201301251600
37690,1.03,201301251600
37695,2.43,201301251600
37701,2.92,201301251600
37710,0.86,201301251600
37711,1.29,201301251600
37754,0.59,201301251600
37874,2.2,201301251600
37891,2.11,201301251600
37893,0.95,201301251600
37894,0.88,201301251600
37926,2.14,201301251600
37928,0.88,201301251600
37929,2.98,201301251600
37932,2.17,201301251600
37936,1.19,201301251600
37943,0.8,201301251600
37952,2.98,201301251600
37962,1.51,201301251600
37968,1.59,201301251600
38003,2.02,201301251600
38060,1.8,201301251600
38145,1.1,201301251600
38172,2.16,201301251600
38173,2.2,201301251600
38178,1.19,201301251600
38200,1.59,201301251600
38204,1.81,201301251600
38209,2.02,201301251600
38215,0.69,201301251600
38220,1.57,201301251600
38225,1.1,201301251600
38228,1.71,201301251600
38230,2.16,201301251600
38243,1.65,201301251600
38247,0.67,201301251600
38255,1.86,201301251600
38263,1.63,201301251600
38268,2.69,201301251600
38272,2.23,201301251600
38367,2.63,201301251600
38381,0.61,201301251600
38423,0.66,201301251600
38425,2.55,201301251600
38426,1.5,201301251600
38431,0.79,201301251600
38440,0.54,201301251600
38479,0.76,201301251600
38481,0.92,201301251600
38483,2.83,201301251600
38488,0.57,201301251600
38490,1.65,201301251600
38498,1.62,201301251600
38499,1.13,201301251600
38500,0.54,201301251600
38505,2.12,201301251600
38506,1.06,201301251600
38508,1.6,201301251600
38517,2.59,201301251600
38534,1.3,201301251600
38648,2.76,201301251600
38674,2.49,201301251600
38676,2.04,201301251600
38679,1.86,201301251600
38684,0.81,201301251600
38693,0.95,201301251600
38697,0.66,201301251600
38716,1.63,201301251600
38722,2.33,201301251600
38736,2.49,201301251600
38738,2.72,201301251600
38752,2.78,201301251600
38753,1.03,201301251600
38758,1.07,201301251600
38760,2.69,201301251600
38761,1.97,201301251600
38762,0.93,201301251600
38766,1.73,201301251600
38769,1.92,201301251600
38778,1.17,201301251600
38812,1.44,201301251600
38939,1.03,201301251600
38953,2.45,201301251600
38958,0.61,201301251600
38967,1.5,201301251600
39006,2.96,201301251600
39008,2.21,201301251600
39010,1.4,201301251600
39011,0.78,201301251600
39017,1.31,201301251600
39113,1.92,201301251600
39148,2.05,201301251600
39149,1.32,201301251600
39176,1.11,201301251600
39178,1.71,201301251600
39191,1.7,201301251600
39201,1.71,201301251600
39230,2.47,201301251600
39236,2.84,201301251600
39246,1.06,201301251600
39252,0.64,201301251600
39255,0.79,201301251600
39260,1.53,201301251600
39262,1.59,201301251600
39263,2.43,201301251600
39268,2.27,201301251600
39269,1.76,201301251600
39271,2.92,201301251600
39274,0.56,201301251600
39275,2.11,201301251600
39375,2.95,201301251600
39391,2.91,201301251600
39427,1.91,201301251600
39428,2.23,201301251600
39430,1.28,201301251600
39433,2.5,201301251600
39446,1.04,201301251600
39457,2.24,201301251600
39514,2.46,201301251600
39515,1.27,201301251600
39516,1.42,201301251600
39517,0.87,201301251600
39535,1.97,201301251600
39554,2.82,201301251600
39559,1.68,201301251600
39631,2.48,201301251600
39632,1.67,201301251600
39633,1.31,201301251600
39652,2.77,201301251600
39683,2.63,201301251600
39687,2.78,201301251600
39706,2.27,201301251600
39710,1.56,201301251600
39722,1.56,201301251600
39731,1.7,201301251600
39750,1.52,201301251600
39755,2.68,201301251600
39759,1.97,201301251600
39762,2.48,201301251600
39764,1.81,201301251600
39765,2.92,201301251600
39766,2.17,201301251600
39767,1.61,201301251600
39769,2.75,201301251600
39772,1.79,201301251600
39776,0.87,201301251600
39777,2.54,201301251600
39790,0.62,201301251600
39791,0.69,201301251600
39796,1.64,201301251600
39832,1.41,201301251600
39883,0.95,201301251600
39930,0.96,201301251600
39932,0.92,201301251600
39941,1.51,201301251600
39948,0.83,201301251600
39969,1.67,201301251600
40018,2.05,201301251600
40031,2.12,201301251600
40133,1.87,201301251600
40180,2.0,201301251600
40188,1.92,201301251600
40196,2.17,201301251600
40242,1.64,201301251600
40246,1.09,201301251600
40259,1.73,201301251600
40264,1.4,201301251600
40267,2.52,201301251600
40268,0.64,201301251600
40270,2.88,201301251600
40276,1.06,201301251600
40286,2.4,201301251600
40295,1.96,201301251600
40431,1.11,201301251600
40432,1.44,201301251600
40442,2.26,201301251600
40447,1.46,201301251600
40448,2.73,201301251600
40451,0.89,201301251600
40457,1.35,201301251600
40500,1.44,201301251600
40512,1.7,201301251600
40518,1.89,201301251600
40519,1.47,201301251600
40522,0.75,201301251600
40524,2.24,201301251600
40525,1.27,201301251600
40532,0.69,201301251600
40560,0.62,201301251600
40566,2.36,201301251600
40633,1.32,201301251600
40687,1.0,201301251600
40713,0.92,201301251600
40719,2.38,201301251600
40732,2.6,201301251600
40733,1.04,201301251600
40766,2.69,201301251600
40810,1.55,201301251600
40894,2.96,201301251600
40933,0.97,201301251600
40936,2.89,201301251600
40939,2.5,201301251600
40954,1.32,201301251600
40982,2.13,201301251600
41021,1.99,201301251600
41024,1.39,201301251600
41061,1.52,201301251600
41145,2.57,201301251600
41157,2.62,201301251600
41183,1.64,201301251600
41200,1.98,201301251600
41262,2.52,201301251600
41265,1.59,201301251600
41270,2.85,201301251600
41277,2.76,201301251600
41318,2.16,201301251600
41401,2.41,201301251600
41407,1.85,201301251600
41437,0.92,201301251600
41459,1.81,201301251600
41465,2.24,201301251600
41469,1.96,201301251600
41508,0.69,201301251600
41520,1.01,201301251600
41522,2.83,201301251600
41526,1.11,201301251600
41532,2.19,201301251600
41558,1.83,201301251600
41635,1.41,201301251600
41653,2.79,201301251600
41658,0.85,201301251600
41692,1.93,201301251600
41696,2.3,201301251600
41764,1.27,201301251600
41772,1.67,201301251600
41893,1.13,201301251600
41904,0.76,201301251600
41905,1.21,201301251600
41936,0.51,201301251600
41941,1.5,201301251600
41958,2.23,201301251600
41990,2.56,201301251600
42023,2.02,201301251600
42026,1.96,201301251600
42029,2.55,201301251600
42074,2.36,201301251600
42085,2.36,201301251600
42095,2.29,201301251600
42147,2.58,201301251600
42160,2.3,201301251600
42200,0.99,201301251600
42213,0.95,201301251600
42267,0.52,201301251600
42271,1.37,201301251600
42274,0.87,201301251600
42283,2.53,201301251600
42291,2.56,201301251600
42342,1.02,201301251600
42411,2.11,201301251600
42438,2.43,201301251600
42454,2.73,201301251600
42471,2.73,201301251600
42478,1.51,201301251600
42487,0.97,201301251600
42503,1.62,201301251600
42514,1.14,201301251600
42521,1.56,201301251600
42533,0.87,201301251600
42644,2.76,201301251600
42661,2.91,201301251600
42695,1.62,201301251600
42744,1.64,201301251600
42750,1.84,201301251600
42846,1.04,201301251600
42905,2.16,201301251600
42912,0.74,201301251600
42939,2.35,201301251600
42940,1.95,201301251600
42944,1.33,201301251600
42949,0.83,201301251600
43011,1.69,201301251600
43021,2.25,201301251600
43030,0.77,201301251600
43151,1.39,201301251600
43160,1.23,201301251600
43162,0.88,201301251600
43213,1.72,201301251600
43220,1.18,201301251600
43261,2.14,201301251600
43412,1.41,201301251600
43413,0.73,201301251600
43440,1.47,201301251600
43443,1.28,201301251600
43449,0.92,201301251600
43483,2.83,201301251600
43484,2.61,201301251600
43494,1.7,201301251600
43518,0.81,201301251600
43523,1.79,201301251600
43526,2.96,201301251600
43530,1.05,201301251600
43571,1.47,201301251600
43642,2.74,201301251600
43662,2.44,201301251600
43738,0.65,201301251600
43760,2.12,201301251600
43779,1.62,201301251600
43914,2.43,201301251600
43957,0.79,201301251600
43980,2.46,201301251600
43984,1.65,201301251600
43992,1.57,201301251600
43995,2.11,201301251600
44002,2.67,201301251600
44039,0.67,201301251600
44194,2.33,201301251600
44197,1.95,201301251600
44204,0.92,201301251600
44215,0.86,201301251600
44226,0.56,201301251600
44247,0.74,201301251600
44255,0.56,201301251600
44282,0.79,201301251600
44284,1.57,201301251600
44356,2.82,201301251600
44470,2.4,201301251600
44486,0.55,201301251600
44503,0.99,201301251600
44504,1.93,201301251600
44510,1.56,201301251600
44517,1.03,201301251600
44534,0.78,201301251600
44578,0.78,201301251600
44666,0.9,201301251600
44694,1.43,201301251600
44697,1.16,201301251600
44716,2.77,201301251600
44724,1.13,201301251600
44743,2.63,201301251600
44755,2.99,201301251600
44756,0.81,201301251600
44757,2.74,201301251600
44758,2.48,201301251600
44786,2.26,201301251600
44787,2.67,201301251600
44911,1.76,201301251600
44963,0.61,201301251600
45005,2.94,201301251600
45006,2.78,201301251600
45007,2.87,201301251600
45008,1.0,201301251600
45039,2.0,201301251600
45114,2.2,201301251600
45168,2.56,201301251600
45200,1.02,201301251600
45203,0.66,201301251600
45208,2.13,201301251600
45237,1.25,201301251600
45254,2.44,201301251600
45256,1.92,201301251600
45258,2.04,201301251600
45261,1.54,201301251600
45265,2.4,201301251600
45266,1.44,201301251600
45401,2.75,201301251600
45479,1.78,201301251600
45502,2.21,201301251600
45507,2.02,201301251600
45509,2.96,201301251600
45526,1.65,201301251600
45538,2.35,201301251600
45582,2.12,201301251600
45661,0.79,201301251600
45701,0.71,201301251600
45703,2.42,201301251600
45716,2.05,201301251600
45720,2.28,201301251600
45725,2.65,201301251600
45735,2.87,201301251600
45747,1.72,201301251600
45766,2.25,201301251600
45793,1.31,201301251600
45795,1.83,201301251600
45919,2.78,201301251600
45948,1.3,201301251600
46008,0.85,201301251600
46036,1.02,201301251600
46041,1.57,201301251600
46052,2.32,201301251600
46074,2.5,201301251600
46145,2.89,201301251600
46202,1.02,201301251600
46209,2.76,201301251600
46242,2.49,201301251600
46265,2.24,201301251600
46372,1.11,201301251600
46384,0.94,201301251600
46455,1.6,201301251600
46508,1.74,201301251600
46523,2.77,201301251600
46538,0.56,201301251600
46565,2.72,201301251600
46574,2.72,201301251600
46626,1.67,201301251600
46700,1.71,201301251600
46738,1.62,201301251600
46770,0.63,201301251600
46778,0.85,201301251600
46787,1.25,201301251600
46803,0.61,201301251600
46954,2.68,201301251600
46964,1.48,201301251600
46972,2.28,201301251600
46976,1.36,201301251600
46981,1.34,201301251600
47011,0.6,201301251600
47015,1.39,201301251600
47047,1.06,201301251600
47253,2.46,201301251600
47288,1.54,201301251600
47295,2.12,201301251600
47342,2.35,201301251600
47454,2.67,201301251600
47535,1.08,201301251600
47543,1.2,201301251600
47705,1.71,201301251600
47709,1.43,201301251600
47711,1.54,201301251600
47758,2.98,201301251600
47806,0.77,201301251600
47889,1.81,201301251600
47926,1.78,201301251600
47968,1.29,201301251600
47972,2.72,201301251600
47977,1.24,201301251600
47982,1.2,201301251600
48032,0.61,201301251600
48209,1.99,201301251600
48239,2.51,201301251600
48244,2.7,201301251600
48278,2.99,201301251600
48420,1.01,201301251600
48427,0.65,201301251600
48499,0.68,201301251600
48503,2.6,201301251600
48552,2.5,201301251600
48584,1.85,201301251600
48713,0.63,201301251600
48759,1.26,201301251600
48848,2.01,201301251600
48898,2.54,201301251600
49017,1.96,201301251600
49049,1.63,201301251600
49229,0.91,201301251600
49241,2.65,201301251600
49472,1.36,201301251600
49483,2.81,201301251600
49542,2.56,201301251600
49555,2.26,201301251600
49679,2.34,201301251600
49750,1.91,201301251600
49760,2.44,201301251600
49777,1.64,201301251600
49968,1.88,201301251600
50053,1.55,201301251600
50103,2.78,201301251600
50180,2.16,201301251600
50285,1.27,201301251600
50430,1.1,201301251600
50470,1.61,201301251600
50494,0.93,201301251600
50511,1.9,201301251600
50549,2.24,201301251600
50680,2.13,201301251600
50682,2.88,201301251600
50731,1.1,201301251600
50812,1.72,201301251600
50872,0.7,201301251600
51029,2.66,201301251600
51046,1.19,201301251600
51053,2.55,201301251600
51056,0.97,201301251600
51162,2.87,201301251600
51177,2.76,201301251600
51182,2.31,201301251600
51228,2.57,201301251600
51258,1.03,201301251600
51430,2.59,201301251600
51431,1.68,201301251600
51432,1.96,201301251600
51520,2.57,201301251600
51681,0.82,201301251600
51682,1.83,201301251600
51725,1.95,201301251600
51790,1.09,201301251600
51832,2.37,201301251600
51857,2.04,201301251600
51931,2.88,201301251600
51932,1.6,201301251600
51986,2.58,201301251600
52003,1.98,201301251600
52182,1.4,201301251600
52244,2.05,201301251600
52259,2.17,201301251600
52280,2.85,201301251600
52319,0.62,201301251600
52473,2.22,201301251600
52518,2.56,201301251600
52631,1.74,201301251600
52679,1.59,201301251600
52729,2.71,201301251600
52811,1.12,201301251600
52983,2.18,201301251600
52988,2.83,201301251600
52993,2.92,201301251600
53000,0.67,201301251600
53016,0.62,201301251600
53027,1.06,201301251600
53072,1.94,201301251600
53090,1.52,201301251600
53177,1.26,201301251600
53178,1.48,201301251600
53381,2.52,201301251600
53427,1.4,201301251600
53429,2.12,201301251600
53761,0.96,201301251600
53774,2.86,201301251600
53797,1.68,201301251600
53810,0.63,201301251600
53822,1.17,201301251600
53864,2.77,201301251600
53927,1.13,201301251600
54038,0.88,201301251600
54071,2.61,201301251600
54234,2.6,201301251600
54281,0.62,201301251600
54284,1.58,201301251600
54327,1.63,201301251600
54334,0.71,201301251600
54349,1.55,201301251600
54427,1.05,201301251600
54503,2.88,201301251600
54510,2.04,201301251600
54520,1.36,201301251600
54550,2.92,201301251600
54578,2.27,201301251600
54678,1.24,201301251600
54828,2.02,201301251600
54983,1.25,201301251600
54996,2.5,201301251600
55070,1.7,201301251600
55329,1.27,201301251600
55331,1.59,201301251600
55535,0.9,201301251600
55633,0.91,201301251600
55680,1.79,201301251600
55761,1.4,201301251600
55831,1.52,201301251600
55832,2.35,201301251600
55838,0.71,201301251600
55845,2.29,201301251600
56106,2.56,201301251600
56493,2.73,201301251600
56571,2.62,201301251600
56586,1.38,201301251600
56587,0.7,201301251600
56591,1.37,201301251600
56738,2.15,201301251600
56835,2.8,201301251600
56882,1.97,201301251600
56887,2.8,201301251600
56888,1.93,201301251600
56933,1.28,201301251600
56934,1.3,201301251600
57042,1.25,201301251600
57062,1.94,201301251600
57189,1.08,201301251600
57261,0.62,201301251600
57329,2.66,201301251600
57342,0.67,201301251600
57376,2.06,201301251600
57378,1.96,201301251600
57380,2.81,201301251600
57397,1.83,201301251600
57440,2.88,201301251600
57495,0.82,201301251600
57523,2.78,201301251600
57555,2.08,201301251600
57597,0.6,201301251600
57613,1.97,201301251600
57615,1.15,201301251600
57628,0.65,201301251600
57631,2.53,201301251600
57823,2.91,201301251600
57837,0.81,201301251600
57851,2.21,201301251600
57852,2.5,201301251600
57906,1.0,201301251600
58179,2.28,201301251600
58251,1.16,201301251600
58421,1.5,201301251600
58511,2.01,201301251600
58632,1.31,201301251600
58744,1.82,201301251600
58802,1.88,201301251600
58814,1.04,201301251600
58879,1.03,201301251600
58892,0.89,201301251600
59010,1.65,201301251600
59043,2.74,201301251600
59104,1.68,201301251600
59125,0.78,201301251600
59134,1.28,201301251600
59285,2.78,201301251600
59329,1.36,201301251600
59555,0.55,201301251600
59635,1.5,201301251600
59745,1.78,201301251600
59927,2.51,201301251600
59941,0.82,201301251600
60008,1.64,201301251600
60011,1.94,201301251600
60114,2.59,201301251600
60141,1.88,201301251600
60147,1.72,201301251600
60331,0.76,201301251600
60344,2.57,201301251600
60350,2.03,201301251600
60578,0.59,201301251600
60593,0.6,201301251600
60613,2.05,201301251600
60630,2.37,201301251600
60635,2.41,201301251600
60649,1.97,201301251600
60750,2.71,201301251600
60774,1.01,201301251600
60819,1.78,201301251600
60880,0.71,201301251600
60888,0.72,201301251600
61062,1.99,201301251600
61110,1.33,201301251600
61263,0.57,201301251600
61343,1.92,201301251600
61591,1.58,201301251600
61597,1.21,201301251600
61654,0.77,201301251600
61818,2.95,201301251600
62077,0.54,201301251600
62104,2.29,201301251600
62135,2.43,201301251600
62140,2.92,201301251600
62252,2.09,201301251600
62558,0.71,201301251600
62589,1.61,201301251600
62757,1.43,201301251600
62772,2.57,201301251600
62850,1.38,201301251600
62926,0.92,201301251600
62948,2.27,201301251600
63044,2.97,201301251600
63153,2.19,201301251600
63383,0.95,201301251600
63397,2.67,201301251600
63398,0.91,201301251600
63407,1.4,201301251600
63574,0.9,201301251600
63586,1.15,201301251600
63816,2.57,201301251600
64102,0.8,201301251600
64150,0.78,201301251600
64200,2.61,201301251600
64515,2.24,201301251600
64529,2.81,201301251600
64573,0.87,201301251600
64581,2.62,201301251600
64815,1.95,201301251600
64915,1.73,201301251600
65059,1.76,201301251600
65144,0.56,201301251600
65320,1.14,201301251600
65375,1.11,201301251600
65454,2.69,201301251600
65528,2.95,201301251600
65607,1.46,201301251600
65774,1.62,201301251600
65838,2.69,201301251600
66068,0.82,201301251600
66084,0.8,201301251600
66151,0.9,201301251600
66353,2.57,201301251600
66538,2.27,201301251600
66575,1.71,201301251600
66637,1.42,201301251600
66827,0.69,201301251600
66870,2.79,201301251600
67110,1.33,201301251600
67207,1.61,201301251600
67335,2.0,201301251600
67385,1.13,201301251600
67599,2.34,201301251600
67601,2.74,201301251600
67602,0.63,201301251600
67698,2.79,201301251600
67824,0.89,201301251600
67842,2.22,201301251600
67854,1.77,201301251600
67855,2.21,201301251600
67918,0.67,201301251600
68103,0.82,201301251600
68104,1.57,201301251600
68110,2.56,201301251600
68111,1.68,201301251600
68349,2.64,201301251600
68354,0.98,201301251600
68356,2.77,201301251600
68454,2.64,201301251600
68455,2.09,201301251600
68587,1.96,201301251600
68857,0.65,201301251600
68858,1.86,201301251600
68897,2.11,201301251600
68924,0.52,201301251600
68930,1.49,201301251600
69106,1.34,201301251600
69190,2.29,201301251600
69206,1.66,201301251600
69359,2.56,201301251600
69371,1.55,201301251600
69455,2.17,201301251600
69582,1.96,201301251600
69613,1.78,201301251600
69676,1.24,201301251600
70115,2.81,201301251600
70132,2.02,201301251600
70181,0.56,201301251600
70342,1.54,201301251600
70352,2.89,201301251600
70360,0.88,201301251600
70374,2.99,201301251600
70440,1.28,201301251600
70462,2.34,201301251600
70619,1.6,201301251600
70659,1.63,201301251600
70715,1.35,201301251600
70903,2.75,201301251600
70934,2.92,201301251600
70961,1.78,201301251600
71122,2.04,201301251600
71187,2.46,201301251600
71399,1.97,201301251600
71601,1.32,201301251600
71629,2.06,201301251600
71888,1.95,201301251600
71961,2.06,201301251600
71964,0.65,201301251600
72201,0.96,201301251600
72218,0.61,201301251600
72345,2.42,201301251600
72367,1.09,201301251600
72407,2.44,201301251600
72416,2.56,201301251600
72706,2.52,201301251600
72894,1.18,201301251600
73104,1.64,201301251600
73135,2.28,201301251600
73211,1.66,201301251600
73223,1.27,201301251600
73451,0.63,201301251600
73460,1.97,201301251600
73461,0.69,201301251600
73557,0.78,201301251600
73669,0.97,201301251600
74158,2.15,201301251600
74216,1.81,201301251600
74388,2.37,201301251600
74396,1.4,201301251600
74466,0.69,201301251600
74467,2.09,201301251600
74638,1.74,201301251600
74677,2.07,201301251600
74678,1.12,201301251600
74711,2.16,201301251600
74721,1.59,201301251600
74962,2.89,201301251600
74968,2.41,201301251600
74973,2.84,201301251600
75224,1.02,201301251600
75329,0.78,201301251600
75386,1.62,201301251600
75424,0.86,201301251600
75436,2.92,201301251600
75475,2.95,201301251600
75619,2.52,201301251600
75721,2.28,201301251600
75722,1.2,201301251600
75724,2.24,201301251600
75725,1.01,201301251600
75726,1.24,201301251600
75727,1.87,201301251600
75974,0.68,201301251600
75975,0.53,201301251600
76133,2.14,201301251600
76227,1.45,201301251600
76393,2.53,201301251600
76473,1.34,201301251600
76477,0.57,201301251600
76654,1.34,201301251600
76728,1.74,201301251600
76959,2.83,201301251600
77169,1.49,201301251600
77230,0.52,201301251600
77381,0.63,201301251600
77458,1.17,201301251600
77641,2.37,201301251600
77942,1.97,201301251600
77981,1.04,201301251600
78205,2.05,201301251600
78418,1.0,201301251600
78654,2.24,201301251600
78733,1.06,201301251600
78881,2.82,201301251600
78896,1.79,201301251600
78909,2.78,201301251600
78983,2.63,201301251600
79234,1.62,201301251600
79379,1.4,201301251600
79394,0.74,201301251600
79484,2.15,201301251600
79712,1.96,201301251600
79911,0.95,201301251600
79915,2.27,201301251600
80160,1.39,201301251600
80161,0.77,201301251600
80193,0.95,201301251600
80352,2.59,201301251600
80397,2.18,201301251600
80406,2.99,201301251600
80411,1.96,201301251600
80412,2.76,201301251600
80413,1.7,201301251600
80420,1.5,201301251600
80485,0.72,201301251600
80635,1.42,201301251600
80659,1.38,201301251600
80663,0.78,201301251600
80664,0.68,201301251600
80703,2.14,201301251600
80877,1.58,201301251600
80916,2.4,201301251600
81163,1.38,201301251600
81164,2.85,201301251600
81354,0.87,201301251600
81363,1.95,201301251600
81390,1.18,201301251600
81625,2.6,201301251600
81651,1.58,201301251600
81899,2.57,201301251600
82135,2.13,201301251600
82168,2.67,201301251600
82169,0.97,201301251600
82237,2.1,201301251600
82613,0.87,201301251600
82622,2.69,201301251600
82664,1.2,201301251600
82892,2.12,201301251600
82951,1.0,201301251600
83410,2.31,201301251600
83489,1.36,201301251600
83735,2.01,201301251600
83865,2.4,201301251600
84123,1.45,201301251600
84179,2.34,201301251600
84207,2.96,201301251600
84212,2.85,201301251600
84221,2.65,201301251600
84366,1.87,201301251600
84689,1.58,201301251600
84712,1.44,201301251600
84902,2.58,201301251600
85474,2.13,201301251600
85487,1.79,201301251600
85620,1.46,201301251600
85705,1.89,201301251600
85715,0.69,201301251600
85738,1.57,201301251600
86440,2.44,201301251600
86622,2.86,201301251600
86623,1.38,201301251600
86672,1.44,201301251600
86873,2.13,201301251600
86895,1.03,201301251600
87121,2.02,201301251600
87227,2.46,201301251600
87460,0.86,201301251600
87690,2.57,201301251600
87873,1.59,201301251600
88242,1.43,201301251600
88463,2.62,201301251600
89120,0.59,201301251600
89152,2.85,201301251600
89175,0.6,201301251600
89198,2.23,201301251600
89615,1.85,201301251600
89625,1.67,201301251600
90116,2.98,201301251600
90183,2.96,201301251600
90497,1.84,201301251600
90699,2.28,201301251600
90719,1.9,201301251600
91200,2.21,201301251600
91432,0.8,201301251600
91434,2.92,201301251600
91684,2.45,201301251600
91713,1.56,201301251600
91744,0.9,201301251600
92233,1.33,201301251600
93205,0.54,201301251600
93244,2.62,201301251600
93252,1.12,201301251600
93463,1.04,201301251600
93675,1.43,201301251600
93944,1.29,201301251600
94431,1.24,201301251600
94710,2.79,201301251600
94755,0.56,201301251600
94997,0.54,201301251600
95000,2.27,201301251600
95707,1.39,201301251600
95949,2.43,201301251600
95998,2.85,201301251600
96188,0.71,201301251600
96225,2.86,201301251600
96249,2.27,201301251600
96468,1.66,201301251600
96486,2.11,201301251600
96718,2.31,201301251600
96972,2.88,201301251600
96995,2.59,201301251600
97251,2.37,201301251600
97440,2.91,201301251600
97471,1.8,201301251600
97969,2.42,201301251600
97990,1.86,201301251600
98224,2.32,201301251600
98229,2.65,201301251600
98450,1.2,201301251600
98475,1.37,201301251600
98739,2.55,201301251600
99256,1.15,201301251600
99468,1.58,201301251600
99730,0.5,201301251600
101215,1.0,201301251600
101911,1.45,201301251600
101912,2.43,201301251600
101989,1.71,201301251600
102999,1.39,201301251600
103242,2.76,201301251600
103431,0.88,201301251600
104177,2.53,201301251600
104221,1.33,201301251600
104239,2.98,201301251600
104701,1.62,201301251600
104984,2.95,201301251600
105196,1.24,201301251600
105219,1.85,201301251600
105460,1.22,201301251600
105461,0.91,201301251600
105481,2.99,201301251600
105489,1.97,201301251600
105709,2.96,201301251600
105710,1.88,201301251600
105711,0.8,201301251600
105712,2.91,201301251600
105713,2.99,201301251600
105715,0.92,201301251600
105726,1.86,201301251600
105727,2.47,201301251600
105736,1.2,201301251600
105960,2.92,201301251600
105961,2.69,201301251600
105962,2.84,201301251600
105963,2.64,201301251600
105964,2.29,201301251600
105975,2.61,201301251600
106195,2.51,201301251600
106213,1.51,201301251600
106214,1.82,201301251600
106215,2.11,201301251600
106221,1.28,201301251600
106231,2.45,201301251600
106232,1.44,201301251600
106234,2.46,201301251600
106235,2.53,201301251600
106237,2.36,201301251600
106446,1.58,201301251600
106447,2.4,201301251600
106462,2.87,201301251600
106463,2.31,201301251600
106465,2.82,201301251600
106466,0.9,201301251600
106467,2.58,201301251600
106480,1.35,201301251600
106712,1.64,201301251600
106717,2.58,201301251600
106718,1.81,201301251600
106741,2.35,201301251600
106958,0.66,201301251600
106964,0.8,201301251600
106965,0.88,201301251600
106966,1.78,201301251600
106967,0.91,201301251600
106971,1.91,201301251600
106983,1.15,201301251600
106997,1.65,201301251600
107200,2.57,201301251600
107212,2.57,201301251600
107219,1.51,201301251600
107240,2.75,201301251600
107460,0.94,201301251600
107465,0.86,201301251600
107466,1.91,201301251600
107468,1.25,201301251600
107491,2.62,201301251600
107711,1.88,201301251600
107725,2.3,201301251600
107726,2.81,201301251600
107954,0.61,201301251600
107966,2.04,201301251600
107971,1.17,201301251600
107979,2.57,201301251600
107993,2.43,201301251600
108205,1.33,201301251600
108211,1.1,201301251600
108214,2.69,201301251600
108215,0.75,201301251600
108217,1.14,201301251600
108219,1.87,201301251600
108220,2.89,201301251600
108222,0.8,201301251600
108225,1.87,201301251600
108230,2.87,201301251600
108454,1.69,201301251600
108463,2.93,201301251600
108499,1.64,201301251600
108717,2.72,201301251600
108722,0.61,201301251600
108724,1.18,201301251600
108733,2.42,201301251600
108968,2.49,201301251600
108975,2.7,201301251600
108984,2.63,201301251600
108985,1.06,201301251600
109216,1.53,201301251600
109219,1.54,201301251600
109222,0.56,201301251600
109227,0.92,201301251600
109231,1.38,201301251600
109236,1.44,201301251600
109245,1.81,201301251600
109473,2.64,201301251600
109487,1.7,201301251600
109494,1.61,201301251600
109495,2.89,201301251600
109496,1.51,201301251600
109497,2.14,201301251600
109742,0.99,201301251600
109744,1.74,201301251600
109748,2.1,201301251600
109750,1.72,201301251600
109980,1.05,201301251600
109991,2.85,201301251600
109994,1.14,201301251600
109998,1.05,201301251600
110001,0.88,201301251600
110243,0.94,201301251600
110247,1.14,201301251600
110249,2.43,201301251600
110251,0.82,201301251600
110253,2.28,201301251600
110254,1.64,201301251600
