cell,mobility,dtg
1610,1.63,201301140000
1846,1.7,201301140000
1851,2.55,201301140000
1853,1.56,201301140000
1856,0.82,201301140000
1857,1.05,201301140000
2103,1.46,201301140000
2105,1.35,201301140000
2106,1.34,201301140000
2107,2.41,201301140000
2114,2.11,201301140000
2342,2.84,201301140000
2347,0.96,201301140000
2351,1.29,201301140000
2354,2.38,201301140000
2357,2.78,201301140000
2372,1.18,201301140000
2374,2.15,201301140000
2591,1.09,201301140000
2595,2.07,201301140000
2605,2.81,201301140000
2611,1.47,201301140000
2615,1.32,201301140000
2620,1.7,201301140000
2627,1.09,201301140000
2839,0.83,201301140000
2847,2.9,201301140000
3086,0.52,201301140000
3094,0.96,201301140000
3100,1.14,201301140000
3124,1.84,201301140000
3128,1.29,201301140000
3334,2.15,201301140000
3337,2.91,201301140000
3375,2.4,201301140000
3614,0.92,201301140000
3619,1.72,201301140000
3632,1.84,201301140000
3635,2.85,201301140000
3830,1.3,201301140000
3831,0.92,201301140000
3833,2.19,201301140000
3837,2.6,201301140000
3845,2.39,201301140000
3856,0.88,201301140000
3860,2.2,201301140000
3865,2.88,201301140000
4078,2.46,201301140000
4081,1.1,201301140000
4137,3.0,201301140000
4141,0.53,201301140000
4142,1.1,201301140000
4328,1.21,201301140000
4329,0.75,201301140000
4341,1.49,201301140000
4345,0.89,201301140000
4348,2.63,201301140000
4354,1.14,201301140000
4372,1.51,201301140000
4577,1.15,201301140000
4578,0.59,201301140000
4580,0.65,201301140000
4582,1.24,201301140000
4605,1.74,201301140000
4608,0.9,201301140000
4631,0.57,201301140000
4636,2.68,201301140000
4637,0.55,201301140000
4829,2.78,201301140000
4830,0.86,201301140000
4831,1.44,201301140000
4834,1.96,201301140000
4837,1.72,201301140000
4852,2.08,201301140000
4863,2.99,201301140000
4868,2.86,201301140000
4890,1.91,201301140000
4891,1.12,201301140000
5078,0.53,201301140000
5081,1.12,201301140000
5084,2.21,201301140000
5127,0.7,201301140000
5153,2.69,201301140000
5327,1.76,201301140000
5329,0.69,201301140000
5333,0.54,201301140000
5334,2.56,201301140000
5339,1.26,201301140000
5369,0.73,201301140000
5402,2.2,201301140000
5410,1.68,201301140000
5577,2.24,201301140000
5581,2.88,201301140000
5592,1.41,201301140000
5612,1.65,201301140000
5623,2.18,201301140000
5876,1.72,201301140000
5893,2.51,201301140000
5898,0.54,201301140000
6078,1.42,201301140000
6118,1.07,201301140000
6136,1.12,201301140000
6158,1.94,201301140000
6159,1.06,201301140000
6333,0.55,201301140000
6353,1.87,201301140000
6365,1.5,201301140000
6366,2.86,201301140000
6414,1.23,201301140000
6588,0.67,201301140000
6609,1.2,201301140000
6635,2.38,201301140000
6668,2.09,201301140000
6841,1.29,201301140000
6849,2.48,201301140000
6896,1.16,201301140000
6924,1.41,201301140000
6928,2.46,201301140000
6935,1.65,201301140000
6939,2.32,201301140000
7077,2.71,201301140000
7078,1.0,201301140000
7085,2.64,201301140000
7088,1.69,201301140000
7113,1.8,201301140000
7114,1.93,201301140000
7129,1.62,201301140000
7133,2.06,201301140000
7165,0.78,201301140000
7192,1.66,201301140000
7354,0.71,201301140000
7375,1.38,201301140000
7379,2.4,201301140000
7401,1.7,201301140000
7410,2.25,201301140000
7436,2.79,201301140000
7584,1.24,201301140000
7646,1.79,201301140000
7849,1.58,201301140000
7871,1.78,201301140000
7927,2.81,201301140000
7948,2.45,201301140000
8080,2.36,201301140000
8170,1.5,201301140000
8182,0.61,201301140000
8195,2.61,201301140000
8342,2.32,201301140000
8582,1.74,201301140000
8602,1.97,201301140000
8609,1.12,201301140000
8638,0.85,201301140000
8656,2.5,201301140000
8830,2.08,201301140000
8839,1.84,201301140000
8876,1.6,201301140000
8897,2.96,201301140000
8912,0.95,201301140000
8918,1.57,201301140000
8929,2.1,201301140000
8940,0.93,201301140000
8954,1.85,201301140000
9140,1.63,201301140000
9333,0.66,201301140000
9468,1.43,201301140000
9473,2.07,201301140000
9589,1.89,201301140000
9601,1.58,201301140000
9607,0.57,201301140000
9658,1.3,201301140000
9724,1.19,201301140000
9833,2.39,201301140000
10084,2.41,201301140000
10089,1.64,201301140000
10096,2.98,201301140000
10144,1.38,201301140000
10170,2.4,201301140000
10181,0.92,201301140000
10189,1.25,201301140000
10201,2.63,201301140000
10334,2.29,201301140000
10335,1.93,201301140000
10383,2.87,201301140000
10414,2.34,201301140000
10444,1.55,201301140000
10458,1.84,201301140000
10477,0.85,201301140000
10586,1.93,201301140000
10601,1.83,201301140000
10609,1.43,201301140000
10616,1.6,201301140000
10633,2.46,201301140000
10655,2.0,201301140000
10665,1.7,201301140000
10681,0.81,201301140000
10717,2.85,201301140000
10835,0.8,201301140000
10837,1.37,201301140000
10847,0.66,201301140000
10903,1.59,201301140000
10911,1.65,201301140000
10918,0.96,201301140000
10973,2.19,201301140000
11087,1.43,201301140000
11092,2.91,201301140000
11128,2.39,201301140000
11222,2.9,201301140000
11223,1.47,201301140000
11225,0.73,201301140000
11238,2.29,201301140000
11361,2.83,201301140000
11393,2.77,201301140000
11424,1.22,201301140000
11601,1.29,201301140000
11682,2.74,201301140000
11704,0.98,201301140000
11858,0.85,201301140000
11884,0.86,201301140000
11901,2.72,201301140000
11946,1.05,201301140000
11960,2.6,201301140000
11972,1.51,201301140000
12089,2.56,201301140000
12090,1.96,201301140000
12096,1.91,201301140000
12120,0.65,201301140000
12157,2.46,201301140000
12230,1.64,201301140000
12383,1.6,201301140000
12431,1.47,201301140000
12601,1.86,201301140000
12625,2.28,201301140000
12632,2.87,201301140000
12842,2.52,201301140000
12875,2.79,201301140000
12901,2.98,201301140000
12913,2.79,201301140000
12933,0.89,201301140000
12934,1.99,201301140000
12985,2.67,201301140000
13099,1.97,201301140000
13114,2.34,201301140000
13150,0.65,201301140000
13175,2.9,201301140000
13183,2.04,201301140000
13222,0.98,201301140000
13358,0.82,201301140000
13444,1.91,201301140000
13455,1.87,201301140000
13456,2.1,201301140000
13670,1.32,201301140000
13694,2.66,201301140000
13845,2.87,201301140000
13849,2.83,201301140000
14011,0.98,201301140000
14095,2.28,201301140000
14133,1.3,201301140000
14161,1.97,201301140000
14167,0.71,201301140000
14184,2.95,201301140000
14241,2.62,201301140000
14255,1.18,201301140000
14349,2.61,201301140000
14350,1.32,201301140000
14375,1.14,201301140000
14452,2.54,201301140000
14475,2.13,201301140000
14620,0.92,201301140000
14673,1.29,201301140000
14745,2.38,201301140000
14859,1.29,201301140000
14936,1.99,201301140000
14995,1.78,201301140000
15097,1.72,201301140000
15098,2.24,201301140000
15246,1.47,201301140000
15349,1.09,201301140000
15440,0.59,201301140000
15600,3.0,201301140000
15656,1.65,201301140000
15672,0.7,201301140000
15699,0.56,201301140000
15714,2.78,201301140000
15725,2.35,201301140000
15744,1.86,201301140000
15849,2.18,201301140000
15850,1.31,201301140000
15851,2.97,201301140000
15853,1.45,201301140000
15871,1.97,201301140000
16100,2.37,201301140000
16105,0.79,201301140000
16114,2.37,201301140000
16171,2.41,201301140000
16184,2.65,201301140000
16400,2.56,201301140000
16414,2.52,201301140000
16601,1.7,201301140000
16604,1.64,201301140000
16625,1.74,201301140000
16670,1.44,201301140000
16853,0.59,201301140000
16868,1.86,201301140000
16932,1.93,201301140000
17232,0.53,201301140000
17355,0.77,201301140000
17358,0.75,201301140000
17367,2.79,201301140000
17635,2.23,201301140000
17673,2.54,201301140000
17681,1.02,201301140000
17884,0.5,201301140000
17984,1.03,201301140000
18108,0.94,201301140000
18115,1.4,201301140000
18118,2.64,201301140000
18123,2.38,201301140000
18139,0.81,201301140000
18154,1.43,201301140000
18160,1.11,201301140000
18177,0.8,201301140000
18185,1.56,201301140000
18383,2.58,201301140000
18404,0.7,201301140000
18427,2.39,201301140000
18466,2.84,201301140000
18616,2.39,201301140000
18629,1.03,201301140000
18861,2.52,201301140000
18866,0.81,201301140000
18925,2.08,201301140000
19110,2.71,201301140000
19112,2.2,201301140000
19114,0.74,201301140000
19122,0.95,201301140000
19360,2.63,201301140000
19443,2.75,201301140000
19481,0.83,201301140000
19611,2.35,201301140000
19612,0.66,201301140000
19618,0.61,201301140000
19633,0.7,201301140000
19678,0.84,201301140000
19878,1.71,201301140000
19913,0.77,201301140000
20113,0.53,201301140000
20114,2.09,201301140000
20116,2.46,201301140000
20170,0.88,201301140000
20363,1.35,201301140000
20387,2.15,201301140000
20396,1.72,201301140000
20436,1.28,201301140000
20616,2.0,201301140000
20621,2.91,201301140000
20628,1.08,201301140000
20651,0.98,201301140000
20671,3.0,201301140000
20682,2.14,201301140000
20864,2.83,201301140000
20882,2.45,201301140000
20931,2.04,201301140000
20995,1.68,201301140000
21115,1.72,201301140000
21118,0.93,201301140000
21201,2.19,201301140000
21373,1.88,201301140000
21377,2.74,201301140000
21392,1.41,201301140000
21407,0.78,201301140000
21428,1.26,201301140000
21448,0.94,201301140000
21617,2.53,201301140000
21619,1.87,201301140000
21639,2.73,201301140000
21658,2.36,201301140000
21663,2.46,201301140000
21701,0.76,201301140000
21721,1.53,201301140000
21868,2.06,201301140000
21871,2.35,201301140000
21999,2.27,201301140000
22126,0.94,201301140000
22133,1.1,201301140000
22174,1.62,201301140000
22176,2.84,201301140000
22205,0.89,201301140000
22368,1.56,201301140000
22395,0.88,201301140000
22419,1.18,201301140000
22420,2.14,201301140000
22421,1.81,201301140000
22422,2.09,201301140000
22619,1.22,201301140000
22630,1.34,201301140000
22634,1.78,201301140000
22671,1.64,201301140000
22673,0.9,201301140000
22700,2.62,201301140000
22751,2.44,201301140000
22768,2.64,201301140000
22869,1.55,201301140000
22877,1.66,201301140000
22928,2.4,201301140000
22940,2.96,201301140000
22955,0.83,201301140000
22963,2.18,201301140000
22966,1.95,201301140000
23120,1.28,201301140000
23124,1.54,201301140000
23125,1.18,201301140000
23131,1.72,201301140000
23138,2.87,201301140000
23169,0.78,201301140000
23194,1.74,201301140000
23216,2.71,201301140000
23370,2.99,201301140000
23371,1.84,201301140000
23379,2.71,201301140000
23386,2.99,201301140000
23388,1.36,201301140000
23427,1.53,201301140000
23621,0.63,201301140000
23627,1.11,201301140000
23635,1.14,201301140000
23641,1.71,201301140000
23662,2.67,201301140000
23669,1.28,201301140000
23690,1.86,201301140000
23744,2.24,201301140000
23750,2.41,201301140000
23872,2.45,201301140000
23873,1.62,201301140000
23875,1.9,201301140000
23881,2.43,201301140000
23894,2.78,201301140000
23896,0.65,201301140000
23907,2.45,201301140000
23925,1.75,201301140000
23973,2.9,201301140000
24005,2.6,201301140000
24009,1.55,201301140000
24032,0.66,201301140000
24122,1.87,201301140000
24123,0.66,201301140000
24149,0.7,201301140000
24247,1.79,201301140000
24251,1.88,201301140000
24265,2.69,201301140000
24266,2.96,201301140000
24373,1.71,201301140000
24374,2.36,201301140000
24380,1.0,201301140000
24381,1.97,201301140000
24383,2.13,201301140000
24387,0.8,201301140000
24402,1.37,201301140000
24405,1.59,201301140000
24423,0.8,201301140000
24623,0.97,201301140000
24626,2.64,201301140000
24643,2.64,201301140000
24732,0.66,201301140000
24734,1.51,201301140000
24739,2.0,201301140000
24774,1.88,201301140000
24775,2.57,201301140000
24781,1.82,201301140000
24837,2.78,201301140000
24874,2.17,201301140000
24877,2.49,201301140000
24879,2.5,201301140000
24880,1.06,201301140000
24895,0.63,201301140000
24920,2.39,201301140000
24990,1.37,201301140000
24991,0.68,201301140000
24993,1.82,201301140000
25124,1.04,201301140000
25125,2.81,201301140000
25126,1.45,201301140000
25129,1.96,201301140000
25130,0.8,201301140000
25132,1.47,201301140000
25136,1.91,201301140000
25138,1.18,201301140000
25141,1.4,201301140000
25179,2.21,201301140000
25187,1.83,201301140000
25375,1.44,201301140000
25376,2.48,201301140000
25377,1.32,201301140000
25379,1.36,201301140000
25385,2.26,201301140000
25395,2.22,201301140000
25400,2.07,201301140000
25405,0.6,201301140000
25412,2.3,201301140000
25427,1.09,201301140000
25626,2.75,201301140000
25627,2.72,201301140000
25628,2.7,201301140000
25629,1.78,201301140000
25632,0.63,201301140000
25633,1.08,201301140000
25642,1.93,201301140000
25715,2.58,201301140000
25747,2.73,201301140000
25763,2.28,201301140000
25876,1.9,201301140000
25877,2.58,201301140000
25878,2.49,201301140000
25881,1.89,201301140000
25882,2.51,201301140000
25886,2.18,201301140000
25888,1.46,201301140000
25926,2.1,201301140000
25997,1.34,201301140000
26005,2.4,201301140000
26035,2.74,201301140000
26127,1.14,201301140000
26129,1.53,201301140000
26130,1.03,201301140000
26133,2.85,201301140000
26135,1.25,201301140000
26136,1.86,201301140000
26138,2.58,201301140000
26139,2.17,201301140000
26141,1.68,201301140000
26148,1.39,201301140000
26168,1.74,201301140000
26378,0.94,201301140000
26379,2.39,201301140000
26380,2.15,201301140000
26381,1.6,201301140000
26382,1.0,201301140000
26383,1.31,201301140000
26385,2.23,201301140000
26386,1.43,201301140000
26387,0.67,201301140000
26389,1.77,201301140000
26391,2.73,201301140000
26392,1.86,201301140000
26393,0.54,201301140000
26396,2.44,201301140000
26403,2.97,201301140000
26408,2.29,201301140000
26427,1.5,201301140000
26450,2.28,201301140000
26492,2.17,201301140000
26546,1.47,201301140000
26563,1.89,201301140000
26564,2.31,201301140000
26628,1.06,201301140000
26629,1.96,201301140000
26630,1.76,201301140000
26631,0.95,201301140000
26633,1.02,201301140000
26634,2.68,201301140000
26656,1.24,201301140000
26674,0.67,201301140000
26708,0.61,201301140000
26752,1.24,201301140000
26754,0.84,201301140000
26755,0.65,201301140000
26782,1.69,201301140000
26846,0.82,201301140000
26879,1.06,201301140000
26880,0.76,201301140000
26881,2.34,201301140000
26882,0.86,201301140000
26883,2.77,201301140000
26884,0.64,201301140000
26885,1.04,201301140000
26886,1.44,201301140000
26887,1.92,201301140000
26889,0.63,201301140000
26890,0.84,201301140000
26891,2.41,201301140000
26892,2.32,201301140000
26893,1.1,201301140000
26894,2.39,201301140000
26895,1.05,201301140000
26897,0.56,201301140000
26905,1.11,201301140000
26938,1.28,201301140000
26964,0.97,201301140000
27006,2.74,201301140000
27042,1.28,201301140000
27098,1.29,201301140000
27130,0.78,201301140000
27131,2.19,201301140000
27132,0.65,201301140000
27133,2.38,201301140000
27134,1.29,201301140000
27135,0.75,201301140000
27136,0.9,201301140000
27137,2.85,201301140000
27138,1.05,201301140000
27142,1.59,201301140000
27143,2.55,201301140000
27145,2.86,201301140000
27148,2.91,201301140000
27149,1.72,201301140000
27152,1.36,201301140000
27155,1.32,201301140000
27175,0.61,201301140000
27209,1.43,201301140000
27247,1.54,201301140000
27381,1.87,201301140000
27382,2.6,201301140000
27383,2.66,201301140000
27384,2.87,201301140000
27386,2.23,201301140000
27387,2.84,201301140000
27388,0.59,201301140000
27389,2.36,201301140000
27390,2.12,201301140000
27392,1.65,201301140000
27395,0.5,201301140000
27404,2.0,201301140000
27415,1.54,201301140000
27427,2.18,201301140000
27489,0.69,201301140000
27494,1.95,201301140000
27498,2.48,201301140000
27518,1.14,201301140000
27632,2.58,201301140000
27633,1.64,201301140000
27634,1.29,201301140000
27635,0.84,201301140000
27636,1.12,201301140000
27637,0.84,201301140000
27638,2.12,201301140000
27639,1.59,201301140000
27640,1.06,201301140000
27642,0.76,201301140000
27643,2.78,201301140000
27645,0.67,201301140000
27646,2.35,201301140000
27647,2.9,201301140000
27649,1.4,201301140000
27654,1.76,201301140000
27763,0.64,201301140000
27764,0.96,201301140000
27796,1.59,201301140000
27797,1.58,201301140000
27883,2.11,201301140000
27884,1.92,201301140000
27885,1.57,201301140000
27886,1.85,201301140000
27887,1.3,201301140000
27888,1.82,201301140000
27889,1.91,201301140000
27890,2.59,201301140000
27891,2.88,201301140000
27892,0.54,201301140000
27894,1.39,201301140000
27895,2.91,201301140000
27897,2.51,201301140000
27902,0.89,201301140000
27908,1.73,201301140000
27911,1.47,201301140000
27930,1.04,201301140000
27971,0.67,201301140000
28004,2.92,201301140000
28015,2.23,201301140000
28049,1.11,201301140000
28102,2.57,201301140000
28134,1.45,201301140000
28135,1.9,201301140000
28136,2.6,201301140000
28137,2.56,201301140000
28138,2.49,201301140000
28139,1.1,201301140000
28140,1.81,201301140000
28142,1.79,201301140000
28143,2.48,201301140000
28144,1.5,201301140000
28146,2.33,201301140000
28154,1.84,201301140000
28156,2.76,201301140000
28216,0.74,201301140000
28239,0.92,201301140000
28384,2.22,201301140000
28385,2.24,201301140000
28386,0.74,201301140000
28387,2.63,201301140000
28388,2.14,201301140000
28389,1.76,201301140000
28390,2.27,201301140000
28391,1.0,201301140000
28392,0.55,201301140000
28393,1.93,201301140000
28394,2.18,201301140000
28396,1.88,201301140000
28397,1.25,201301140000
28400,2.12,201301140000
28401,1.2,201301140000
28405,2.83,201301140000
28427,1.71,201301140000
28467,2.38,201301140000
28496,2.01,201301140000
28497,2.29,201301140000
28519,2.27,201301140000
28535,1.34,201301140000
28539,1.8,201301140000
28545,2.45,201301140000
28557,1.59,201301140000
28635,2.19,201301140000
28636,1.4,201301140000
28637,1.81,201301140000
28638,2.62,201301140000
28639,1.99,201301140000
28640,1.0,201301140000
28641,2.0,201301140000
28642,2.26,201301140000
28643,1.79,201301140000
28644,1.05,201301140000
28645,2.07,201301140000
28646,1.11,201301140000
28649,0.86,201301140000
28658,1.95,201301140000
28667,0.94,201301140000
28675,1.43,201301140000
28751,2.61,201301140000
28753,1.91,201301140000
28754,1.59,201301140000
28788,2.06,201301140000
28812,2.28,201301140000
28823,1.97,201301140000
28886,2.76,201301140000
28887,1.35,201301140000
28888,2.23,201301140000
28889,0.7,201301140000
28890,1.12,201301140000
28891,0.63,201301140000
28892,1.5,201301140000
28893,0.75,201301140000
28894,2.77,201301140000
28895,2.37,201301140000
28896,2.5,201301140000
28897,1.75,201301140000
28899,2.06,201301140000
28900,1.12,201301140000
28901,0.73,201301140000
28902,2.8,201301140000
28905,1.06,201301140000
28912,2.44,201301140000
28960,2.85,201301140000
28969,2.83,201301140000
29004,1.23,201301140000
29012,2.8,201301140000
29026,1.08,201301140000
29068,1.84,201301140000
29076,1.5,201301140000
29088,0.77,201301140000
29094,1.28,201301140000
29136,2.27,201301140000
29137,2.7,201301140000
29138,0.86,201301140000
29139,1.62,201301140000
29140,2.15,201301140000
29141,1.3,201301140000
29142,0.82,201301140000
29143,1.67,201301140000
29144,1.7,201301140000
29146,2.91,201301140000
29147,2.02,201301140000
29148,1.12,201301140000
29149,2.79,201301140000
29151,2.42,201301140000
29158,2.94,201301140000
29165,2.54,201301140000
29171,2.01,201301140000
29190,0.94,201301140000
29247,1.28,201301140000
29387,0.5,201301140000
29388,2.93,201301140000
29389,1.58,201301140000
29390,2.9,201301140000
29391,0.88,201301140000
29392,1.38,201301140000
29393,2.35,201301140000
29394,2.19,201301140000
29395,1.8,201301140000
29396,1.97,201301140000
29397,0.97,201301140000
29398,2.15,201301140000
29399,0.55,201301140000
29401,1.04,201301140000
29402,2.16,201301140000
29403,1.67,201301140000
29405,0.58,201301140000
29409,1.31,201301140000
29425,2.53,201301140000
29429,2.61,201301140000
29495,1.91,201301140000
29498,2.96,201301140000
29533,2.68,201301140000
29556,0.84,201301140000
29638,1.86,201301140000
29639,1.78,201301140000
29640,1.39,201301140000
29641,1.82,201301140000
29642,0.84,201301140000
29643,2.78,201301140000
29644,1.86,201301140000
29645,0.91,201301140000
29648,2.34,201301140000
29649,0.99,201301140000
29650,1.72,201301140000
29654,2.83,201301140000
29663,0.52,201301140000
29670,0.76,201301140000
29710,1.39,201301140000
29730,1.21,201301140000
29733,0.79,201301140000
29736,2.1,201301140000
29766,0.61,201301140000
29891,1.32,201301140000
29892,1.95,201301140000
29893,2.58,201301140000
29894,0.93,201301140000
29895,1.05,201301140000
29896,2.72,201301140000
29897,0.65,201301140000
29898,1.69,201301140000
29900,2.89,201301140000
29903,1.06,201301140000
29906,1.16,201301140000
29909,2.39,201301140000
29912,1.02,201301140000
29917,1.77,201301140000
29925,2.12,201301140000
29966,0.81,201301140000
30021,2.19,201301140000
30026,2.19,201301140000
30036,1.72,201301140000
30142,2.85,201301140000
30143,0.98,201301140000
30144,1.41,201301140000
30145,1.76,201301140000
30146,1.55,201301140000
30147,2.25,201301140000
30148,1.68,201301140000
30152,2.05,201301140000
30154,2.65,201301140000
30157,0.92,201301140000
30158,2.17,201301140000
30181,2.92,201301140000
30242,2.45,201301140000
30243,1.87,201301140000
30244,2.56,201301140000
30261,1.26,201301140000
30300,2.96,201301140000
30322,2.12,201301140000
30393,2.97,201301140000
30394,2.32,201301140000
30395,2.06,201301140000
30396,2.9,201301140000
30397,2.49,201301140000
30398,2.6,201301140000
30400,2.64,201301140000
30401,1.74,201301140000
30403,0.64,201301140000
30407,2.99,201301140000
30410,2.02,201301140000
30420,2.98,201301140000
30430,1.24,201301140000
30434,0.57,201301140000
30439,0.51,201301140000
30481,1.78,201301140000
30489,1.66,201301140000
30494,1.53,201301140000
30495,2.65,201301140000
30496,1.98,201301140000
30645,2.88,201301140000
30646,1.61,201301140000
30647,1.69,201301140000
30648,2.83,201301140000
30649,0.93,201301140000
30650,1.74,201301140000
30651,2.59,201301140000
30652,2.36,201301140000
30653,1.91,201301140000
30654,0.79,201301140000
30661,1.48,201301140000
30664,1.96,201301140000
30666,2.06,201301140000
30669,1.13,201301140000
30673,1.39,201301140000
30683,1.62,201301140000
30745,0.84,201301140000
30750,1.88,201301140000
30777,1.08,201301140000
30780,2.24,201301140000
30812,1.98,201301140000
30897,1.64,201301140000
30898,2.67,201301140000
30899,1.06,201301140000
30900,1.18,201301140000
30901,1.46,201301140000
30902,1.69,201301140000
30903,2.75,201301140000
30904,1.83,201301140000
30908,2.41,201301140000
30909,2.12,201301140000
30912,1.81,201301140000
30913,2.78,201301140000
30928,1.03,201301140000
30953,1.63,201301140000
30979,0.68,201301140000
30994,1.84,201301140000
30995,0.81,201301140000
31027,0.9,201301140000
31028,2.87,201301140000
31029,0.8,201301140000
31082,2.47,201301140000
31148,2.4,201301140000
31149,2.93,201301140000
31150,2.72,201301140000
31151,1.29,201301140000
31152,1.29,201301140000
31156,0.85,201301140000
31157,2.69,201301140000
31161,2.91,201301140000
31166,0.95,201301140000
31172,2.95,201301140000
31274,2.07,201301140000
31281,1.42,201301140000
31369,0.89,201301140000
31398,1.73,201301140000
31401,1.06,201301140000
31407,1.95,201301140000
31408,2.38,201301140000
31409,0.76,201301140000
31410,0.73,201301140000
31413,1.79,201301140000
31419,1.71,201301140000
31427,0.84,201301140000
31457,2.24,201301140000
31466,1.76,201301140000
31651,2.92,201301140000
31652,0.53,201301140000
31656,1.36,201301140000
31660,1.37,201301140000
31663,2.24,201301140000
31666,1.75,201301140000
31675,1.62,201301140000
31738,1.01,201301140000
31754,1.43,201301140000
31782,2.61,201301140000
31903,1.15,201301140000
31904,2.36,201301140000
31905,0.76,201301140000
31906,2.28,201301140000
31908,0.65,201301140000
31912,1.49,201301140000
31921,0.95,201301140000
31928,0.63,201301140000
31949,1.0,201301140000
32028,2.2,201301140000
32032,2.71,201301140000
32045,1.54,201301140000
32150,2.38,201301140000
32155,1.49,201301140000
32157,1.15,201301140000
32161,0.9,201301140000
32162,0.93,201301140000
32167,1.11,201301140000
32169,1.5,201301140000
32175,2.48,201301140000
32182,1.85,201301140000
32185,1.6,201301140000
32195,1.8,201301140000
32235,1.32,201301140000
32404,0.54,201301140000
32405,1.92,201301140000
32410,1.75,201301140000
32411,2.89,201301140000
32415,0.63,201301140000
32449,0.93,201301140000
32490,2.43,201301140000
32558,0.99,201301140000
32622,1.43,201301140000
32656,0.77,201301140000
32658,1.81,201301140000
32660,2.74,201301140000
32662,2.11,201301140000
32668,1.67,201301140000
32682,1.59,201301140000
32697,0.58,201301140000
32712,2.23,201301140000
32729,2.9,201301140000
32739,2.4,201301140000
32742,2.33,201301140000
32744,1.81,201301140000
32802,2.08,201301140000
32834,1.75,201301140000
32905,2.3,201301140000
32907,1.28,201301140000
32912,2.43,201301140000
32916,0.85,201301140000
32922,1.98,201301140000
32924,1.26,201301140000
32926,2.98,201301140000
32929,1.22,201301140000
32977,1.97,201301140000
32978,1.07,201301140000
33154,2.67,201301140000
33158,2.93,201301140000
33160,0.94,201301140000
33165,1.51,201301140000
33170,2.75,201301140000
33186,2.07,201301140000
33286,0.74,201301140000
33405,1.38,201301140000
33409,1.02,201301140000
33412,1.58,201301140000
33418,2.81,201301140000
33420,0.72,201301140000
33424,1.23,201301140000
33435,2.13,201301140000
33442,2.69,201301140000
33519,1.57,201301140000
33594,1.84,201301140000
33656,2.43,201301140000
33659,1.61,201301140000
33662,1.56,201301140000
33664,1.95,201301140000
33666,2.77,201301140000
33669,1.03,201301140000
33673,0.9,201301140000
33675,2.41,201301140000
33694,0.58,201301140000
33724,1.66,201301140000
33742,2.43,201301140000
33812,2.77,201301140000
33909,1.96,201301140000
33911,2.27,201301140000
33912,0.87,201301140000
33913,2.1,201301140000
33922,1.67,201301140000
33923,1.01,201301140000
33924,0.68,201301140000
33931,1.48,201301140000
33935,0.52,201301140000
33986,1.32,201301140000
34013,1.17,201301140000
34160,2.0,201301140000
34161,2.47,201301140000
34162,1.85,201301140000
34163,2.63,201301140000
34167,1.65,201301140000
34190,2.27,201301140000
34211,2.0,201301140000
34303,1.74,201301140000
34380,0.64,201301140000
34407,2.03,201301140000
34413,2.84,201301140000
34423,2.9,201301140000
34424,1.63,201301140000
34427,0.58,201301140000
34430,2.86,201301140000
34437,0.52,201301140000
34440,1.66,201301140000
34486,2.82,201301140000
34495,1.41,201301140000
34510,2.49,201301140000
34520,2.64,201301140000
34528,2.75,201301140000
34563,2.05,201301140000
34662,2.39,201301140000
34667,2.42,201301140000
34668,1.97,201301140000
34670,2.03,201301140000
34672,1.18,201301140000
34673,1.8,201301140000
34676,1.34,201301140000
34679,0.73,201301140000
34682,2.56,201301140000
34695,1.23,201301140000
34710,1.12,201301140000
34714,2.78,201301140000
34720,2.46,201301140000
34882,1.92,201301140000
34913,1.81,201301140000
34914,1.66,201301140000
34915,1.7,201301140000
34924,1.91,201301140000
34925,1.08,201301140000
34934,2.68,201301140000
34939,1.79,201301140000
34959,2.2,201301140000
34990,2.09,201301140000
35102,1.09,201301140000
35164,0.98,201301140000
35166,2.3,201301140000
35173,2.94,201301140000
35178,0.8,201301140000
35183,0.61,201301140000
35185,0.88,201301140000
35187,0.61,201301140000
35193,1.67,201301140000
35203,0.81,201301140000
35218,1.28,201301140000
35237,2.0,201301140000
35244,2.81,201301140000
35249,2.15,201301140000
35295,1.22,201301140000
35368,1.74,201301140000
35410,2.76,201301140000
35414,1.9,201301140000
35415,1.18,201301140000
35417,1.63,201301140000
35421,0.73,201301140000
35440,2.47,201301140000
35455,0.86,201301140000
35492,2.65,201301140000
35515,2.65,201301140000
35665,2.37,201301140000
35675,0.7,201301140000
35683,1.07,201301140000
35686,2.88,201301140000
35700,2.78,201301140000
35745,0.66,201301140000
35755,1.9,201301140000
35769,1.46,201301140000
35916,1.03,201301140000
35917,1.91,201301140000
35918,0.53,201301140000
35919,2.95,201301140000
35921,1.24,201301140000
35929,1.14,201301140000
35931,0.71,201301140000
35941,1.36,201301140000
35944,0.54,201301140000
35971,0.54,201301140000
35981,1.96,201301140000
35992,2.73,201301140000
35994,2.35,201301140000
36067,2.5,201301140000
36162,1.12,201301140000
36167,0.71,201301140000
36169,1.57,201301140000
36170,0.7,201301140000
36173,2.18,201301140000
36176,2.94,201301140000
36177,0.81,201301140000
36205,1.83,201301140000
36237,1.7,201301140000
36245,1.09,201301140000
36246,2.73,201301140000
36293,2.83,201301140000
36311,1.29,201301140000
36417,2.82,201301140000
36420,2.14,201301140000
36421,1.84,201301140000
36441,2.41,201301140000
36448,1.89,201301140000
36494,1.36,201301140000
36498,1.72,201301140000
36502,2.2,201301140000
36510,1.15,201301140000
36513,2.18,201301140000
36519,1.42,201301140000
36524,2.18,201301140000
36576,2.67,201301140000
36668,1.42,201301140000
36673,2.63,201301140000
36675,1.15,201301140000
36677,2.65,201301140000
36679,1.65,201301140000
36682,2.62,201301140000
36688,2.39,201301140000
36690,2.09,201301140000
36711,2.05,201301140000
36717,1.62,201301140000
36758,2.32,201301140000
36889,0.97,201301140000
36915,2.01,201301140000
36918,2.22,201301140000
36933,2.49,201301140000
36934,1.32,201301140000
36953,2.46,201301140000
36959,2.45,201301140000
36996,0.93,201301140000
36999,2.97,201301140000
37001,2.68,201301140000
37167,1.22,201301140000
37168,2.31,201301140000
37169,0.88,201301140000
37172,1.88,201301140000
37176,2.62,201301140000
37178,1.0,201301140000
37179,1.06,201301140000
37182,0.6,201301140000
37192,2.33,201301140000
37200,2.07,201301140000
37206,1.45,201301140000
37232,2.73,201301140000
37239,1.37,201301140000
37270,1.01,201301140000
37298,2.41,201301140000
37304,1.62,201301140000
37419,2.42,201301140000
37421,0.52,201301140000
37423,1.62,201301140000
37425,1.64,201301140000
37446,2.61,201301140000
37454,2.9,201301140000
37477,2.62,201301140000
37487,2.33,201301140000
37501,1.83,201301140000
37503,1.56,201301140000
37513,1.39,201301140000
37523,0.71,201301140000
37562,1.66,201301140000
37609,1.23,201301140000
37642,0.97,201301140000
37643,1.91,201301140000
37670,2.34,201301140000
37671,0.66,201301140000
37672,1.25,201301140000
37676,0.87,201301140000
37688,0.85,201301140000
37689,1.92,201301140000
37690,1.47,201301140000
37695,2.02,201301140000
37701,0.69,201301140000
37710,2.3,201301140000
37711,0.87,201301140000
37754,1.96,201301140000
37874,2.76,201301140000
37891,1.44,201301140000
37893,2.25,201301140000
37894,2.15,201301140000
37926,0.54,201301140000
37928,0.9,201301140000
37929,1.55,201301140000
37932,1.09,201301140000
37936,2.72,201301140000
37943,1.28,201301140000
37952,0.58,201301140000
37962,1.66,201301140000
37968,1.03,201301140000
38003,1.38,201301140000
38060,1.51,201301140000
38145,2.09,201301140000
38172,1.36,201301140000
38173,2.66,201301140000
38178,0.84,201301140000
38200,0.73,201301140000
38204,2.7,201301140000
38209,1.9,201301140000
38215,2.04,201301140000
38220,1.03,201301140000
38225,0.84,201301140000
38228,1.1,201301140000
38230,1.12,201301140000
38243,1.28,201301140000
38247,1.9,201301140000
38255,2.22,201301140000
38263,0.92,201301140000
38268,2.15,201301140000
38272,1.67,201301140000
38367,1.15,201301140000
38381,2.49,201301140000
38423,1.57,201301140000
38425,1.21,201301140000
38426,1.69,201301140000
38431,0.8,201301140000
38440,1.87,201301140000
38479,1.38,201301140000
38481,1.71,201301140000
38483,2.42,201301140000
38488,2.09,201301140000
38490,2.72,201301140000
38498,1.41,201301140000
38499,2.9,201301140000
38500,1.28,201301140000
38505,2.81,201301140000
38506,2.29,201301140000
38508,2.76,201301140000
38517,2.85,201301140000
38534,1.08,201301140000
38648,1.89,201301140000
38674,1.09,201301140000
38676,2.99,201301140000
38679,0.99,201301140000
38684,1.28,201301140000
38693,1.27,201301140000
38697,1.33,201301140000
38716,1.0,201301140000
38722,0.52,201301140000
38736,1.94,201301140000
38738,0.96,201301140000
38752,0.51,201301140000
38753,0.55,201301140000
38758,2.36,201301140000
38760,2.68,201301140000
38761,0.82,201301140000
38762,1.01,201301140000
38766,1.99,201301140000
38769,2.44,201301140000
38778,0.8,201301140000
38812,2.47,201301140000
38939,2.99,201301140000
38953,1.83,201301140000
38958,1.8,201301140000
38967,2.43,201301140000
39006,0.89,201301140000
39008,1.24,201301140000
39010,1.0,201301140000
39011,1.74,201301140000
39017,2.8,201301140000
39113,0.82,201301140000
39148,2.44,201301140000
39149,1.98,201301140000
39176,0.55,201301140000
39178,2.16,201301140000
39191,1.14,201301140000
39201,1.79,201301140000
39230,2.66,201301140000
39236,2.13,201301140000
39246,1.78,201301140000
39252,2.28,201301140000
39255,2.84,201301140000
39260,1.55,201301140000
39262,2.18,201301140000
39263,0.57,201301140000
39268,1.12,201301140000
39269,0.51,201301140000
39271,2.83,201301140000
39274,0.78,201301140000
39275,1.74,201301140000
39375,2.94,201301140000
39391,2.11,201301140000
39427,0.82,201301140000
39428,2.81,201301140000
39430,1.15,201301140000
39433,1.72,201301140000
39446,2.57,201301140000
39457,1.94,201301140000
39514,1.67,201301140000
39515,1.45,201301140000
39516,1.79,201301140000
39517,1.83,201301140000
39535,2.4,201301140000
39554,1.02,201301140000
39559,0.66,201301140000
39631,2.33,201301140000
39632,0.96,201301140000
39633,1.46,201301140000
39652,2.86,201301140000
39683,1.08,201301140000
39687,0.79,201301140000
39706,2.4,201301140000
39710,2.28,201301140000
39722,1.99,201301140000
39731,2.41,201301140000
39750,2.48,201301140000
39755,1.66,201301140000
39759,1.46,201301140000
39762,3.0,201301140000
39764,2.21,201301140000
39765,1.31,201301140000
39766,2.01,201301140000
39767,2.04,201301140000
39769,0.83,201301140000
39772,1.46,201301140000
39776,1.93,201301140000
39777,2.6,201301140000
39790,2.8,201301140000
39791,2.98,201301140000
39796,0.66,201301140000
39832,2.77,201301140000
39883,0.52,201301140000
39930,1.1,201301140000
39932,2.25,201301140000
39941,1.27,201301140000
39948,2.99,201301140000
39969,0.55,201301140000
40018,0.56,201301140000
40031,2.36,201301140000
40133,1.74,201301140000
40180,1.5,201301140000
40188,2.67,201301140000
40196,0.51,201301140000
40242,2.1,201301140000
40246,2.45,201301140000
40259,2.74,201301140000
40264,2.58,201301140000
40267,1.33,201301140000
40268,1.58,201301140000
40270,2.79,201301140000
40276,0.81,201301140000
40286,2.5,201301140000
40295,1.84,201301140000
40431,1.04,201301140000
40432,2.35,201301140000
40442,2.39,201301140000
40447,1.25,201301140000
40448,0.51,201301140000
40451,2.46,201301140000
40457,1.66,201301140000
40500,2.18,201301140000
40512,2.14,201301140000
40518,2.38,201301140000
40519,2.29,201301140000
40522,1.14,201301140000
40524,1.03,201301140000
40525,1.54,201301140000
40532,0.59,201301140000
40560,2.42,201301140000
40566,2.19,201301140000
40633,1.23,201301140000
40687,1.76,201301140000
40713,0.52,201301140000
40719,0.66,201301140000
40732,1.8,201301140000
40733,1.69,201301140000
40766,1.6,201301140000
40810,2.49,201301140000
40894,2.73,201301140000
40933,2.31,201301140000
40936,0.9,201301140000
40939,1.24,201301140000
40954,2.23,201301140000
40982,1.89,201301140000
41021,0.92,201301140000
41024,1.63,201301140000
41061,1.28,201301140000
41145,2.28,201301140000
41157,0.63,201301140000
41183,2.35,201301140000
41200,0.62,201301140000
41262,2.39,201301140000
41265,2.81,201301140000
41270,2.44,201301140000
41277,1.9,201301140000
41318,0.89,201301140000
41401,1.31,201301140000
41407,1.65,201301140000
41437,0.8,201301140000
41459,1.99,201301140000
41465,2.32,201301140000
41469,1.44,201301140000
41508,2.9,201301140000
41520,1.53,201301140000
41522,1.08,201301140000
41526,2.11,201301140000
41532,1.25,201301140000
41558,2.64,201301140000
41635,1.76,201301140000
41653,1.29,201301140000
41658,1.51,201301140000
41692,2.28,201301140000
41696,2.27,201301140000
41764,0.5,201301140000
41772,2.73,201301140000
41893,2.41,201301140000
41904,1.21,201301140000
41905,1.71,201301140000
41936,2.13,201301140000
41941,1.0,201301140000
41958,1.23,201301140000
41990,0.75,201301140000
42023,0.91,201301140000
42026,2.79,201301140000
42029,1.6,201301140000
42074,2.51,201301140000
42085,1.87,201301140000
42095,0.56,201301140000
42147,1.46,201301140000
42160,1.29,201301140000
42200,2.71,201301140000
42213,2.43,201301140000
42267,2.77,201301140000
42271,1.11,201301140000
42274,1.51,201301140000
42283,2.13,201301140000
42291,0.71,201301140000
42342,1.97,201301140000
42411,1.3,201301140000
42438,2.77,201301140000
42454,1.19,201301140000
42471,0.65,201301140000
42478,1.69,201301140000
42487,2.38,201301140000
42503,1.03,201301140000
42514,2.36,201301140000
42521,1.4,201301140000
42533,2.71,201301140000
42644,1.26,201301140000
42661,2.68,201301140000
42695,1.33,201301140000
42744,1.73,201301140000
42750,2.72,201301140000
42846,1.24,201301140000
42905,1.87,201301140000
42912,1.99,201301140000
42939,2.83,201301140000
42940,0.92,201301140000
42944,1.07,201301140000
42949,1.5,201301140000
43011,1.28,201301140000
43021,1.71,201301140000
43030,2.42,201301140000
43151,2.88,201301140000
43160,2.74,201301140000
43162,1.41,201301140000
43213,0.56,201301140000
43220,2.15,201301140000
43261,1.39,201301140000
43412,2.88,201301140000
43413,1.59,201301140000
43440,1.57,201301140000
43443,2.31,201301140000
43449,1.78,201301140000
43483,2.72,201301140000
43484,2.61,201301140000
43494,0.68,201301140000
43518,2.55,201301140000
43523,0.73,201301140000
43526,1.19,201301140000
43530,1.08,201301140000
43571,1.32,201301140000
43642,1.34,201301140000
43662,2.69,201301140000
43738,2.28,201301140000
43760,2.11,201301140000
43779,1.58,201301140000
43914,2.57,201301140000
43957,1.57,201301140000
43980,0.55,201301140000
43984,2.3,201301140000
43992,1.99,201301140000
43995,1.63,201301140000
44002,1.87,201301140000
44039,1.28,201301140000
44194,1.68,201301140000
44197,1.67,201301140000
44204,2.19,201301140000
44215,2.12,201301140000
44226,0.92,201301140000
44247,0.72,201301140000
44255,2.18,201301140000
44282,2.27,201301140000
44284,2.16,201301140000
44356,2.93,201301140000
44470,2.4,201301140000
44486,1.39,201301140000
44503,2.41,201301140000
44504,0.54,201301140000
44510,2.82,201301140000
44517,1.76,201301140000
44534,2.66,201301140000
44578,1.53,201301140000
44666,2.1,201301140000
44694,1.81,201301140000
44697,0.56,201301140000
44716,2.3,201301140000
44724,1.04,201301140000
44743,0.69,201301140000
44755,2.42,201301140000
44756,0.88,201301140000
44757,2.58,201301140000
44758,2.5,201301140000
44786,1.95,201301140000
44787,2.39,201301140000
44911,1.9,201301140000
44963,2.87,201301140000
45005,1.09,201301140000
45006,1.77,201301140000
45007,2.64,201301140000
45008,2.16,201301140000
45039,0.92,201301140000
45114,2.33,201301140000
45168,1.07,201301140000
45200,2.88,201301140000
45203,1.48,201301140000
45208,1.77,201301140000
45237,2.16,201301140000
45254,0.88,201301140000
45256,0.6,201301140000
45258,0.96,201301140000
45261,1.48,201301140000
45265,1.44,201301140000
45266,2.02,201301140000
45401,1.72,201301140000
45479,0.8,201301140000
45502,1.4,201301140000
45507,1.37,201301140000
45509,0.5,201301140000
45526,2.39,201301140000
45538,0.6,201301140000
45582,0.85,201301140000
45661,1.13,201301140000
45701,1.96,201301140000
45703,1.47,201301140000
45716,2.02,201301140000
45720,0.59,201301140000
45725,2.98,201301140000
45735,1.67,201301140000
45747,1.65,201301140000
45766,1.87,201301140000
45793,1.29,201301140000
45795,2.72,201301140000
45919,0.65,201301140000
45948,1.05,201301140000
46008,1.5,201301140000
46036,2.63,201301140000
46041,2.51,201301140000
46052,1.3,201301140000
46074,1.93,201301140000
46145,1.14,201301140000
46202,2.66,201301140000
46209,2.52,201301140000
46242,0.7,201301140000
46265,0.84,201301140000
46372,2.07,201301140000
46384,1.3,201301140000
46455,2.19,201301140000
46508,1.46,201301140000
46523,2.92,201301140000
46538,2.24,201301140000
46565,0.64,201301140000
46574,2.25,201301140000
46626,0.65,201301140000
46700,1.42,201301140000
46738,1.69,201301140000
46770,0.84,201301140000
46778,2.89,201301140000
46787,2.1,201301140000
46803,1.84,201301140000
46954,0.87,201301140000
46964,2.86,201301140000
46972,2.76,201301140000
46976,1.11,201301140000
46981,2.1,201301140000
47011,1.32,201301140000
47015,0.56,201301140000
47047,1.06,201301140000
47253,2.07,201301140000
47288,1.68,201301140000
47295,1.2,201301140000
47342,1.48,201301140000
47454,1.04,201301140000
47535,1.97,201301140000
47543,2.85,201301140000
47705,0.94,201301140000
47709,2.49,201301140000
47711,2.58,201301140000
47758,2.87,201301140000
47806,0.94,201301140000
47889,1.34,201301140000
47926,1.9,201301140000
47968,1.36,201301140000
47972,1.55,201301140000
47977,1.12,201301140000
47982,2.94,201301140000
48032,1.98,201301140000
48209,1.94,201301140000
48239,2.68,201301140000
48244,1.46,201301140000
48278,0.65,201301140000
48420,2.92,201301140000
48427,0.82,201301140000
48499,2.95,201301140000
48503,1.29,201301140000
48552,1.61,201301140000
48584,2.62,201301140000
48713,0.92,201301140000
48759,1.94,201301140000
48848,2.12,201301140000
48898,1.84,201301140000
49017,2.54,201301140000
49049,1.37,201301140000
49229,1.48,201301140000
49241,1.12,201301140000
49472,0.88,201301140000
49483,1.15,201301140000
49542,2.53,201301140000
49555,2.03,201301140000
49679,0.95,201301140000
49750,0.72,201301140000
49760,0.89,201301140000
49777,1.38,201301140000
49968,2.4,201301140000
50053,1.43,201301140000
50103,0.62,201301140000
50180,1.74,201301140000
50285,1.32,201301140000
50430,2.87,201301140000
50470,2.8,201301140000
50494,1.76,201301140000
50511,1.38,201301140000
50549,2.0,201301140000
50680,1.49,201301140000
50682,2.58,201301140000
50731,0.65,201301140000
50812,1.46,201301140000
50872,1.26,201301140000
51029,0.53,201301140000
51046,1.43,201301140000
51053,1.34,201301140000
51056,1.76,201301140000
51162,1.49,201301140000
51177,0.63,201301140000
51182,2.01,201301140000
51228,1.28,201301140000
51258,0.71,201301140000
51430,1.16,201301140000
51431,1.49,201301140000
51432,3.0,201301140000
51520,1.62,201301140000
51681,1.46,201301140000
51682,1.99,201301140000
51725,2.22,201301140000
51790,2.99,201301140000
51832,1.7,201301140000
51857,1.37,201301140000
51931,0.85,201301140000
51932,1.41,201301140000
51986,2.83,201301140000
52003,2.4,201301140000
52182,0.52,201301140000
52244,2.58,201301140000
52259,1.36,201301140000
52280,0.79,201301140000
52319,2.16,201301140000
52473,1.51,201301140000
52518,1.91,201301140000
52631,0.57,201301140000
52679,1.19,201301140000
52729,0.95,201301140000
52811,0.6,201301140000
52983,1.58,201301140000
52988,1.9,201301140000
52993,2.47,201301140000
53000,0.51,201301140000
53016,1.31,201301140000
53027,2.72,201301140000
53072,2.0,201301140000
53090,2.32,201301140000
53177,0.94,201301140000
53178,2.56,201301140000
53381,1.26,201301140000
53427,0.58,201301140000
53429,2.28,201301140000
53761,2.13,201301140000
53774,2.52,201301140000
53797,2.19,201301140000
53810,1.57,201301140000
53822,1.96,201301140000
53864,2.68,201301140000
53927,2.62,201301140000
54038,2.9,201301140000
54071,1.33,201301140000
54234,0.87,201301140000
54281,2.71,201301140000
54284,0.61,201301140000
54327,1.75,201301140000
54334,2.89,201301140000
54349,0.65,201301140000
54427,1.9,201301140000
54503,2.8,201301140000
54510,1.88,201301140000
54520,1.39,201301140000
54550,2.56,201301140000
54578,1.15,201301140000
54678,1.04,201301140000
54828,1.68,201301140000
54983,0.62,201301140000
54996,1.77,201301140000
55070,1.46,201301140000
55329,1.66,201301140000
55331,1.9,201301140000
55535,2.47,201301140000
55633,1.16,201301140000
55680,2.48,201301140000
55761,0.73,201301140000
55831,2.14,201301140000
55832,1.2,201301140000
55838,0.88,201301140000
55845,2.37,201301140000
56106,2.31,201301140000
56493,1.12,201301140000
56571,1.24,201301140000
56586,2.57,201301140000
56587,1.39,201301140000
56591,2.72,201301140000
56738,2.63,201301140000
56835,2.22,201301140000
56882,2.9,201301140000
56887,2.1,201301140000
56888,1.0,201301140000
56933,2.63,201301140000
56934,2.49,201301140000
57042,1.6,201301140000
57062,0.68,201301140000
57189,2.89,201301140000
57261,2.26,201301140000
57329,2.47,201301140000
57342,2.09,201301140000
57376,1.27,201301140000
57378,2.15,201301140000
57380,1.77,201301140000
57397,2.44,201301140000
57440,2.31,201301140000
57495,2.07,201301140000
57523,1.75,201301140000
57555,1.2,201301140000
57597,2.5,201301140000
57613,0.61,201301140000
57615,2.44,201301140000
57628,0.53,201301140000
57631,1.26,201301140000
57823,2.97,201301140000
57837,0.79,201301140000
57851,2.7,201301140000
57852,2.5,201301140000
57906,2.12,201301140000
58179,2.86,201301140000
58251,0.58,201301140000
58421,2.41,201301140000
58511,1.1,201301140000
58632,1.87,201301140000
58744,0.89,201301140000
58802,1.87,201301140000
58814,1.74,201301140000
58879,1.64,201301140000
58892,0.55,201301140000
59010,2.9,201301140000
59043,0.63,201301140000
59104,1.27,201301140000
59125,0.79,201301140000
59134,1.0,201301140000
59285,2.39,201301140000
59329,2.55,201301140000
59555,0.83,201301140000
59635,0.84,201301140000
59745,2.43,201301140000
59927,2.53,201301140000
59941,1.66,201301140000
60008,1.56,201301140000
60011,2.46,201301140000
60114,2.73,201301140000
60141,2.35,201301140000
60147,1.79,201301140000
60331,0.63,201301140000
60344,2.74,201301140000
60350,0.72,201301140000
60578,2.46,201301140000
60593,1.49,201301140000
60613,1.39,201301140000
60630,2.24,201301140000
60635,2.85,201301140000
60649,0.97,201301140000
60750,0.65,201301140000
60774,1.57,201301140000
60819,2.75,201301140000
60880,1.56,201301140000
60888,0.63,201301140000
61062,2.93,201301140000
61110,1.1,201301140000
61263,1.87,201301140000
61343,1.04,201301140000
61591,2.18,201301140000
61597,0.63,201301140000
61654,1.43,201301140000
61818,2.08,201301140000
62077,2.05,201301140000
62104,1.29,201301140000
62135,1.79,201301140000
62140,1.13,201301140000
62252,1.35,201301140000
62558,1.66,201301140000
62589,2.02,201301140000
62757,2.61,201301140000
62772,2.91,201301140000
62850,2.04,201301140000
62926,2.79,201301140000
62948,2.44,201301140000
63044,2.91,201301140000
63153,2.85,201301140000
63383,2.69,201301140000
63397,1.53,201301140000
63398,0.53,201301140000
63407,0.81,201301140000
63574,1.32,201301140000
63586,2.74,201301140000
63816,2.77,201301140000
64102,2.06,201301140000
64150,2.02,201301140000
64200,2.45,201301140000
64515,1.63,201301140000
64529,2.07,201301140000
64573,2.05,201301140000
64581,1.45,201301140000
64815,2.97,201301140000
64915,2.32,201301140000
65059,0.62,201301140000
65144,1.61,201301140000
65320,0.68,201301140000
65375,2.85,201301140000
65454,1.82,201301140000
65528,2.84,201301140000
65607,0.84,201301140000
65774,2.07,201301140000
65838,1.07,201301140000
66068,1.27,201301140000
66084,2.6,201301140000
66151,0.61,201301140000
66353,1.17,201301140000
66538,0.93,201301140000
66575,1.73,201301140000
66637,1.11,201301140000
66827,2.23,201301140000
66870,1.28,201301140000
67110,0.84,201301140000
67207,0.65,201301140000
67335,2.35,201301140000
67385,1.93,201301140000
67599,0.94,201301140000
67601,1.94,201301140000
67602,1.11,201301140000
67698,0.98,201301140000
67824,1.28,201301140000
67842,0.99,201301140000
67854,0.81,201301140000
67855,1.01,201301140000
67918,1.13,201301140000
68103,2.27,201301140000
68104,2.31,201301140000
68110,1.71,201301140000
68111,0.61,201301140000
68349,1.6,201301140000
68354,2.6,201301140000
68356,1.63,201301140000
68454,1.44,201301140000
68455,2.95,201301140000
68587,0.64,201301140000
68857,2.88,201301140000
68858,1.23,201301140000
68897,2.29,201301140000
68924,2.63,201301140000
68930,1.13,201301140000
69106,2.14,201301140000
69190,2.74,201301140000
69206,0.54,201301140000
69359,2.59,201301140000
69371,1.51,201301140000
69455,2.73,201301140000
69582,1.95,201301140000
69613,2.28,201301140000
69676,2.19,201301140000
70115,0.72,201301140000
70132,1.99,201301140000
70181,2.52,201301140000
70342,0.97,201301140000
70352,1.34,201301140000
70360,1.21,201301140000
70374,2.13,201301140000
70440,1.12,201301140000
70462,2.76,201301140000
70619,1.55,201301140000
70659,2.95,201301140000
70715,0.86,201301140000
70903,1.55,201301140000
70934,1.37,201301140000
70961,3.0,201301140000
71122,2.26,201301140000
71187,2.64,201301140000
71399,2.5,201301140000
71601,1.2,201301140000
71629,2.8,201301140000
71888,2.08,201301140000
71961,2.86,201301140000
71964,1.31,201301140000
72201,2.44,201301140000
72218,2.71,201301140000
72345,2.69,201301140000
72367,2.27,201301140000
72407,1.06,201301140000
72416,1.18,201301140000
72706,1.73,201301140000
72894,1.62,201301140000
73104,1.62,201301140000
73135,2.72,201301140000
73211,2.52,201301140000
73223,1.2,201301140000
73451,1.41,201301140000
73460,1.24,201301140000
73461,1.0,201301140000
73557,1.89,201301140000
73669,0.95,201301140000
74158,2.46,201301140000
74216,2.88,201301140000
74388,1.83,201301140000
74396,1.16,201301140000
74466,2.43,201301140000
74467,0.57,201301140000
74638,1.43,201301140000
74677,2.91,201301140000
74678,2.85,201301140000
74711,2.17,201301140000
74721,1.54,201301140000
74962,2.58,201301140000
74968,0.75,201301140000
74973,2.9,201301140000
75224,2.24,201301140000
75329,2.88,201301140000
75386,1.24,201301140000
75424,2.3,201301140000
75436,1.05,201301140000
75475,1.55,201301140000
75619,2.84,201301140000
75721,0.81,201301140000
75722,0.94,201301140000
75724,2.54,201301140000
75725,2.3,201301140000
75726,1.93,201301140000
75727,1.64,201301140000
75974,0.61,201301140000
75975,2.64,201301140000
76133,1.51,201301140000
76227,2.06,201301140000
76393,2.2,201301140000
76473,1.85,201301140000
76477,1.53,201301140000
76654,2.47,201301140000
76728,1.19,201301140000
76959,2.9,201301140000
77169,2.55,201301140000
77230,1.43,201301140000
77381,2.32,201301140000
77458,1.06,201301140000
77641,2.22,201301140000
77942,2.48,201301140000
77981,1.22,201301140000
78205,0.87,201301140000
78418,1.6,201301140000
78654,1.24,201301140000
78733,2.89,201301140000
78881,1.48,201301140000
78896,1.25,201301140000
78909,0.84,201301140000
78983,2.79,201301140000
79234,1.89,201301140000
79379,2.39,201301140000
79394,0.72,201301140000
79484,1.39,201301140000
79712,2.22,201301140000
79911,1.9,201301140000
79915,2.79,201301140000
80160,2.93,201301140000
80161,1.36,201301140000
80193,1.44,201301140000
80352,1.94,201301140000
80397,1.81,201301140000
80406,0.78,201301140000
80411,2.22,201301140000
80412,1.1,201301140000
80413,2.03,201301140000
80420,1.75,201301140000
80485,0.62,201301140000
80635,2.2,201301140000
80659,1.13,201301140000
80663,1.02,201301140000
80664,2.59,201301140000
80703,1.3,201301140000
80877,2.56,201301140000
80916,2.2,201301140000
81163,2.9,201301140000
81164,2.1,201301140000
81354,2.57,201301140000
81363,2.02,201301140000
81390,2.47,201301140000
81625,1.9,201301140000
81651,1.39,201301140000
81899,0.57,201301140000
82135,2.12,201301140000
82168,1.09,201301140000
82169,1.31,201301140000
82237,2.76,201301140000
82613,1.31,201301140000
82622,1.36,201301140000
82664,1.25,201301140000
82892,2.59,201301140000
82951,2.75,201301140000
83410,2.57,201301140000
83489,1.52,201301140000
83735,0.98,201301140000
83865,1.22,201301140000
84123,0.63,201301140000
84179,1.77,201301140000
84207,1.82,201301140000
84212,0.83,201301140000
84221,0.74,201301140000
84366,1.72,201301140000
84689,0.87,201301140000
84712,1.15,201301140000
84902,0.72,201301140000
85474,1.28,201301140000
85487,2.99,201301140000
85620,0.63,201301140000
85705,1.73,201301140000
85715,2.72,201301140000
85738,2.22,201301140000
86440,2.24,201301140000
86622,1.97,201301140000
86623,1.1,201301140000
86672,2.57,201301140000
86873,2.57,201301140000
86895,0.67,201301140000
87121,2.94,201301140000
87227,2.13,201301140000
87460,2.85,201301140000
87690,1.53,201301140000
87873,2.66,201301140000
88242,1.67,201301140000
88463,0.61,201301140000
89120,0.91,201301140000
89152,1.59,201301140000
89175,2.16,201301140000
89198,2.11,201301140000
89615,0.81,201301140000
89625,2.37,201301140000
90116,0.98,201301140000
90183,2.47,201301140000
90497,1.82,201301140000
90699,1.99,201301140000
90719,2.69,201301140000
91200,1.47,201301140000
91432,0.68,201301140000
91434,1.85,201301140000
91684,1.49,201301140000
91713,1.11,201301140000
91744,1.45,201301140000
92233,2.71,201301140000
93205,2.69,201301140000
93244,1.54,201301140000
93252,2.9,201301140000
93463,2.96,201301140000
93675,2.14,201301140000
93944,2.98,201301140000
94431,1.26,201301140000
94710,0.68,201301140000
94755,1.07,201301140000
94997,2.19,201301140000
95000,1.08,201301140000
95707,1.91,201301140000
95949,2.92,201301140000
95998,1.4,201301140000
96188,2.55,201301140000
96225,2.05,201301140000
96249,1.36,201301140000
96468,0.8,201301140000
96486,1.4,201301140000
96718,0.69,201301140000
96972,2.91,201301140000
96995,1.59,201301140000
97251,1.53,201301140000
97440,2.29,201301140000
97471,1.62,201301140000
97969,1.74,201301140000
97990,2.48,201301140000
98224,2.95,201301140000
98229,2.88,201301140000
98450,2.91,201301140000
98475,2.48,201301140000
98739,1.36,201301140000
99256,0.88,201301140000
99468,2.38,201301140000
99730,1.96,201301140000
101215,2.51,201301140000
101911,1.26,201301140000
101912,1.19,201301140000
101989,2.0,201301140000
102999,2.28,201301140000
103242,2.75,201301140000
103431,1.01,201301140000
104177,2.91,201301140000
104221,2.91,201301140000
104239,2.25,201301140000
104701,1.2,201301140000
104984,1.34,201301140000
105196,1.4,201301140000
105219,0.74,201301140000
105460,0.62,201301140000
105461,0.8,201301140000
105481,1.33,201301140000
105489,2.41,201301140000
105709,0.92,201301140000
105710,1.9,201301140000
105711,1.03,201301140000
105712,2.44,201301140000
105713,2.49,201301140000
105715,2.91,201301140000
105726,1.02,201301140000
105727,1.69,201301140000
105736,0.87,201301140000
105960,1.25,201301140000
105961,1.66,201301140000
105962,0.72,201301140000
105963,0.98,201301140000
105964,2.95,201301140000
105975,2.44,201301140000
106195,2.44,201301140000
106213,1.77,201301140000
106214,0.55,201301140000
106215,2.53,201301140000
106221,0.8,201301140000
106231,0.81,201301140000
106232,2.86,201301140000
106234,1.28,201301140000
106235,2.44,201301140000
106237,2.59,201301140000
106446,1.29,201301140000
106447,1.13,201301140000
106462,2.62,201301140000
106463,1.43,201301140000
106465,1.74,201301140000
106466,1.4,201301140000
106467,0.52,201301140000
106480,1.44,201301140000
106712,2.19,201301140000
106717,1.56,201301140000
106718,1.19,201301140000
106741,2.82,201301140000
106958,0.94,201301140000
106964,0.56,201301140000
106965,2.5,201301140000
106966,1.65,201301140000
106967,0.64,201301140000
106971,0.96,201301140000
106983,0.62,201301140000
106997,2.08,201301140000
107200,1.2,201301140000
107212,2.36,201301140000
107219,1.3,201301140000
107240,2.97,201301140000
107460,1.54,201301140000
107465,2.13,201301140000
107466,1.75,201301140000
107468,2.18,201301140000
107491,2.36,201301140000
107711,1.4,201301140000
107725,0.92,201301140000
107726,2.2,201301140000
107954,0.52,201301140000
107966,2.43,201301140000
107971,1.41,201301140000
107979,1.85,201301140000
107993,2.59,201301140000
108205,1.08,201301140000
108211,2.29,201301140000
108214,1.87,201301140000
108215,1.6,201301140000
108217,0.65,201301140000
108219,1.72,201301140000
108220,2.0,201301140000
108222,2.09,201301140000
108225,0.9,201301140000
108230,1.4,201301140000
108454,2.45,201301140000
108463,2.02,201301140000
108499,1.42,201301140000
108717,2.65,201301140000
108722,2.58,201301140000
108724,2.15,201301140000
108733,1.74,201301140000
108968,1.59,201301140000
108975,0.72,201301140000
108984,1.74,201301140000
108985,2.29,201301140000
109216,2.28,201301140000
109219,0.84,201301140000
109222,2.04,201301140000
109227,2.07,201301140000
109231,0.82,201301140000
109236,1.78,201301140000
109245,0.64,201301140000
109473,2.21,201301140000
109487,2.5,201301140000
109494,0.5,201301140000
109495,1.17,201301140000
109496,1.32,201301140000
109497,2.13,201301140000
109742,2.16,201301140000
109744,1.96,201301140000
109748,1.08,201301140000
109750,2.11,201301140000
109980,1.84,201301140000
109991,0.58,201301140000
109994,2.26,201301140000
109998,0.57,201301140000
110001,2.0,201301140000
110243,2.86,201301140000
110247,2.0,201301140000
110249,1.97,201301140000
110251,0.58,201301140000
110253,2.45,201301140000
110254,1.47,201301140000
