cell,mobility,dtg
1610,1.6,201301300800
1846,1.92,201301300800
1851,1.79,201301300800
1853,1.65,201301300800
1856,2.51,201301300800
1857,1.37,201301300800
2103,1.11,201301300800
2105,2.17,201301300800
2106,1.64,201301300800
2107,1.59,201301300800
2114,1.07,201301300800
2342,1.45,201301300800
2347,0.9,201301300800
2351,2.27,201301300800
2354,1.41,201301300800
2357,2.43,201301300800
2372,1.03,201301300800
2374,1.33,201301300800
2591,2.3,201301300800
2595,0.96,201301300800
2605,2.2,201301300800
2611,0.86,201301300800
2615,0.95,201301300800
2620,2.46,201301300800
2627,2.47,201301300800
2839,2.05,201301300800
2847,1.64,201301300800
3086,1.01,201301300800
3094,2.13,201301300800
3100,2.26,201301300800
3124,1.2,201301300800
3128,2.12,201301300800
3334,2.1,201301300800
3337,2.52,201301300800
3375,1.46,201301300800
3614,1.87,201301300800
3619,0.91,201301300800
3632,1.05,201301300800
3635,0.91,201301300800
3830,2.43,201301300800
3831,2.12,201301300800
3833,1.73,201301300800
3837,2.73,201301300800
3845,0.5,201301300800
3856,1.41,201301300800
3860,2.71,201301300800
3865,1.31,201301300800
4078,1.4,201301300800
4081,0.69,201301300800
4137,1.41,201301300800
4141,2.69,201301300800
4142,1.83,201301300800
4328,0.7,201301300800
4329,2.6,201301300800
4341,0.55,201301300800
4345,1.82,201301300800
4348,1.71,201301300800
4354,1.29,201301300800
4372,2.21,201301300800
4577,1.77,201301300800
4578,2.31,201301300800
4580,2.53,201301300800
4582,2.34,201301300800
4605,0.92,201301300800
4608,2.43,201301300800
4631,1.71,201301300800
4636,1.58,201301300800
4637,1.92,201301300800
4829,1.67,201301300800
4830,0.6,201301300800
4831,0.54,201301300800
4834,2.62,201301300800
4837,2.98,201301300800
4852,1.59,201301300800
4863,0.91,201301300800
4868,1.23,201301300800
4890,2.44,201301300800
4891,1.4,201301300800
5078,1.47,201301300800
5081,0.81,201301300800
5084,2.83,201301300800
5127,0.71,201301300800
5153,2.34,201301300800
5327,2.61,201301300800
5329,0.68,201301300800
5333,1.07,201301300800
5334,1.0,201301300800
5339,1.22,201301300800
5369,0.87,201301300800
5402,1.67,201301300800
5410,2.22,201301300800
5577,1.46,201301300800
5581,1.94,201301300800
5592,1.36,201301300800
5612,0.8,201301300800
5623,2.85,201301300800
5876,2.17,201301300800
5893,2.82,201301300800
5898,2.94,201301300800
6078,1.93,201301300800
6118,1.57,201301300800
6136,1.3,201301300800
6158,2.44,201301300800
6159,1.34,201301300800
6333,1.65,201301300800
6353,2.9,201301300800
6365,0.84,201301300800
6366,0.75,201301300800
6414,2.52,201301300800
6588,1.53,201301300800
6609,1.77,201301300800
6635,2.92,201301300800
6668,1.34,201301300800
6841,0.77,201301300800
6849,1.03,201301300800
6896,2.02,201301300800
6924,0.58,201301300800
6928,2.32,201301300800
6935,0.56,201301300800
6939,0.69,201301300800
7077,1.39,201301300800
7078,2.29,201301300800
7085,1.69,201301300800
7088,0.86,201301300800
7113,2.61,201301300800
7114,2.37,201301300800
7129,1.7,201301300800
7133,2.36,201301300800
7165,0.95,201301300800
7192,0.98,201301300800
7354,0.72,201301300800
7375,0.72,201301300800
7379,1.36,201301300800
7401,2.73,201301300800
7410,0.53,201301300800
7436,2.79,201301300800
7584,1.8,201301300800
7646,2.63,201301300800
7849,1.7,201301300800
7871,2.55,201301300800
7927,2.52,201301300800
7948,0.94,201301300800
8080,1.95,201301300800
8170,1.54,201301300800
8182,0.6,201301300800
8195,0.71,201301300800
8342,1.3,201301300800
8582,2.17,201301300800
8602,0.59,201301300800
8609,0.88,201301300800
8638,1.34,201301300800
8656,2.1,201301300800
8830,1.92,201301300800
8839,2.52,201301300800
8876,2.75,201301300800
8897,1.06,201301300800
8912,2.78,201301300800
8918,0.6,201301300800
8929,0.81,201301300800
8940,1.73,201301300800
8954,0.8,201301300800
9140,1.51,201301300800
9333,1.57,201301300800
9468,1.25,201301300800
9473,1.0,201301300800
9589,1.57,201301300800
9601,0.9,201301300800
9607,1.46,201301300800
9658,0.81,201301300800
9724,1.34,201301300800
9833,1.78,201301300800
10084,0.6,201301300800
10089,2.08,201301300800
10096,1.11,201301300800
10144,0.56,201301300800
10170,2.5,201301300800
10181,1.83,201301300800
10189,2.22,201301300800
10201,2.44,201301300800
10334,1.46,201301300800
10335,0.79,201301300800
10383,1.71,201301300800
10414,2.06,201301300800
10444,2.32,201301300800
10458,1.14,201301300800
10477,2.63,201301300800
10586,0.65,201301300800
10601,2.38,201301300800
10609,2.0,201301300800
10616,1.0,201301300800
10633,2.05,201301300800
10655,1.39,201301300800
10665,1.8,201301300800
10681,1.92,201301300800
10717,2.47,201301300800
10835,2.12,201301300800
10837,1.54,201301300800
10847,1.24,201301300800
10903,2.85,201301300800
10911,1.51,201301300800
10918,0.56,201301300800
10973,1.52,201301300800
11087,2.86,201301300800
11092,1.17,201301300800
11128,1.87,201301300800
11222,2.35,201301300800
11223,2.34,201301300800
11225,2.25,201301300800
11238,0.78,201301300800
11361,2.19,201301300800
11393,2.96,201301300800
11424,1.79,201301300800
11601,1.09,201301300800
11682,2.75,201301300800
11704,2.3,201301300800
11858,2.03,201301300800
11884,2.75,201301300800
11901,1.16,201301300800
11946,2.65,201301300800
11960,2.65,201301300800
11972,1.57,201301300800
12089,2.13,201301300800
12090,1.34,201301300800
12096,2.29,201301300800
12120,1.51,201301300800
12157,2.36,201301300800
12230,0.6,201301300800
12383,1.45,201301300800
12431,2.94,201301300800
12601,2.42,201301300800
12625,2.25,201301300800
12632,0.85,201301300800
12842,0.94,201301300800
12875,1.03,201301300800
12901,2.07,201301300800
12913,1.43,201301300800
12933,1.72,201301300800
12934,1.0,201301300800
12985,0.56,201301300800
13099,1.13,201301300800
13114,0.61,201301300800
13150,2.53,201301300800
13175,1.15,201301300800
13183,0.82,201301300800
13222,2.58,201301300800
13358,1.54,201301300800
13444,2.41,201301300800
13455,1.41,201301300800
13456,1.4,201301300800
13670,2.41,201301300800
13694,1.6,201301300800
13845,1.81,201301300800
13849,1.68,201301300800
14011,1.96,201301300800
14095,2.41,201301300800
14133,2.08,201301300800
14161,1.39,201301300800
14167,0.69,201301300800
14184,0.94,201301300800
14241,2.22,201301300800
14255,2.83,201301300800
14349,0.71,201301300800
14350,0.63,201301300800
14375,1.39,201301300800
14452,1.51,201301300800
14475,2.85,201301300800
14620,1.54,201301300800
14673,2.27,201301300800
14745,1.88,201301300800
14859,1.38,201301300800
14936,2.28,201301300800
14995,1.88,201301300800
15097,2.05,201301300800
15098,1.5,201301300800
15246,2.28,201301300800
15349,1.6,201301300800
15440,0.51,201301300800
15600,0.66,201301300800
15656,2.9,201301300800
15672,0.75,201301300800
15699,1.52,201301300800
15714,0.5,201301300800
15725,2.4,201301300800
15744,0.81,201301300800
15849,1.75,201301300800
15850,1.18,201301300800
15851,0.76,201301300800
15853,1.49,201301300800
15871,1.33,201301300800
16100,1.36,201301300800
16105,1.04,201301300800
16114,2.58,201301300800
16171,2.09,201301300800
16184,1.91,201301300800
16400,1.08,201301300800
16414,0.91,201301300800
16601,2.88,201301300800
16604,1.93,201301300800
16625,2.23,201301300800
16670,2.25,201301300800
16853,2.46,201301300800
16868,1.09,201301300800
16932,1.73,201301300800
17232,0.8,201301300800
17355,2.36,201301300800
17358,0.66,201301300800
17367,2.24,201301300800
17635,2.6,201301300800
17673,2.02,201301300800
17681,1.22,201301300800
17884,2.28,201301300800
17984,0.83,201301300800
18108,1.55,201301300800
18115,0.99,201301300800
18118,1.89,201301300800
18123,1.2,201301300800
18139,0.85,201301300800
18154,1.88,201301300800
18160,1.24,201301300800
18177,1.96,201301300800
18185,1.1,201301300800
18383,0.66,201301300800
18404,1.49,201301300800
18427,2.2,201301300800
18466,2.47,201301300800
18616,2.45,201301300800
18629,1.9,201301300800
18861,1.08,201301300800
18866,0.67,201301300800
18925,0.71,201301300800
19110,1.12,201301300800
19112,2.03,201301300800
19114,0.96,201301300800
19122,1.44,201301300800
19360,1.31,201301300800
19443,1.54,201301300800
19481,1.39,201301300800
19611,0.72,201301300800
19612,2.2,201301300800
19618,1.05,201301300800
19633,0.77,201301300800
19678,0.55,201301300800
19878,0.72,201301300800
19913,2.36,201301300800
20113,1.95,201301300800
20114,2.45,201301300800
20116,2.91,201301300800
20170,2.52,201301300800
20363,0.55,201301300800
20387,1.4,201301300800
20396,1.53,201301300800
20436,1.69,201301300800
20616,1.76,201301300800
20621,0.69,201301300800
20628,2.23,201301300800
20651,1.39,201301300800
20671,1.79,201301300800
20682,2.37,201301300800
20864,2.0,201301300800
20882,2.57,201301300800
20931,1.7,201301300800
20995,1.82,201301300800
21115,0.55,201301300800
21118,2.51,201301300800
21201,0.81,201301300800
21373,2.16,201301300800
21377,1.91,201301300800
21392,0.7,201301300800
21407,1.23,201301300800
21428,2.91,201301300800
21448,0.52,201301300800
21617,2.54,201301300800
21619,1.2,201301300800
21639,0.97,201301300800
21658,0.78,201301300800
21663,2.83,201301300800
21701,1.44,201301300800
21721,1.06,201301300800
21868,1.38,201301300800
21871,1.84,201301300800
21999,1.62,201301300800
22126,2.16,201301300800
22133,2.75,201301300800
22174,2.03,201301300800
22176,2.47,201301300800
22205,2.26,201301300800
22368,2.28,201301300800
22395,2.47,201301300800
22419,1.95,201301300800
22420,1.03,201301300800
22421,2.4,201301300800
22422,1.2,201301300800
22619,2.12,201301300800
22630,1.78,201301300800
22634,2.46,201301300800
22671,2.68,201301300800
22673,1.22,201301300800
22700,0.81,201301300800
22751,0.54,201301300800
22768,1.06,201301300800
22869,1.14,201301300800
22877,0.65,201301300800
22928,1.47,201301300800
22940,1.77,201301300800
22955,0.73,201301300800
22963,1.96,201301300800
22966,2.06,201301300800
23120,1.46,201301300800
23124,2.46,201301300800
23125,2.28,201301300800
23131,2.98,201301300800
23138,1.69,201301300800
23169,2.58,201301300800
23194,0.57,201301300800
23216,0.56,201301300800
23370,0.8,201301300800
23371,1.55,201301300800
23379,2.74,201301300800
23386,0.87,201301300800
23388,0.71,201301300800
23427,2.05,201301300800
23621,1.7,201301300800
23627,1.87,201301300800
23635,1.72,201301300800
23641,2.12,201301300800
23662,2.41,201301300800
23669,1.82,201301300800
23690,2.85,201301300800
23744,2.06,201301300800
23750,1.73,201301300800
23872,2.15,201301300800
23873,1.59,201301300800
23875,1.11,201301300800
23881,0.91,201301300800
23894,0.64,201301300800
23896,2.18,201301300800
23907,1.76,201301300800
23925,1.45,201301300800
23973,2.16,201301300800
24005,1.23,201301300800
24009,0.83,201301300800
24032,1.85,201301300800
24122,2.8,201301300800
24123,1.57,201301300800
24149,2.01,201301300800
24247,1.99,201301300800
24251,2.99,201301300800
24265,1.35,201301300800
24266,2.51,201301300800
24373,2.3,201301300800
24374,2.67,201301300800
24380,1.41,201301300800
24381,1.38,201301300800
24383,0.83,201301300800
24387,1.68,201301300800
24402,2.45,201301300800
24405,0.63,201301300800
24423,2.16,201301300800
24623,1.34,201301300800
24626,2.53,201301300800
24643,1.1,201301300800
24732,1.67,201301300800
24734,1.11,201301300800
24739,1.12,201301300800
24774,2.76,201301300800
24775,2.87,201301300800
24781,1.36,201301300800
24837,1.47,201301300800
24874,1.32,201301300800
24877,2.6,201301300800
24879,1.6,201301300800
24880,2.81,201301300800
24895,0.96,201301300800
24920,0.85,201301300800
24990,2.24,201301300800
24991,1.13,201301300800
24993,2.31,201301300800
25124,2.19,201301300800
25125,2.46,201301300800
25126,2.05,201301300800
25129,2.13,201301300800
25130,2.03,201301300800
25132,1.84,201301300800
25136,1.67,201301300800
25138,1.92,201301300800
25141,1.12,201301300800
25179,2.56,201301300800
25187,1.13,201301300800
25375,0.81,201301300800
25376,1.26,201301300800
25377,0.62,201301300800
25379,0.94,201301300800
25385,2.58,201301300800
25395,1.78,201301300800
25400,2.96,201301300800
25405,1.38,201301300800
25412,1.95,201301300800
25427,0.81,201301300800
25626,2.94,201301300800
25627,0.83,201301300800
25628,2.19,201301300800
25629,2.6,201301300800
25632,2.86,201301300800
25633,1.74,201301300800
25642,2.61,201301300800
25715,1.4,201301300800
25747,1.46,201301300800
25763,2.14,201301300800
25876,1.58,201301300800
25877,2.85,201301300800
25878,2.91,201301300800
25881,0.63,201301300800
25882,1.56,201301300800
25886,1.86,201301300800
25888,1.15,201301300800
25926,2.89,201301300800
25997,2.28,201301300800
26005,1.51,201301300800
26035,1.04,201301300800
26127,0.52,201301300800
26129,1.11,201301300800
26130,2.99,201301300800
26133,1.68,201301300800
26135,1.1,201301300800
26136,1.25,201301300800
26138,0.67,201301300800
26139,0.8,201301300800
26141,2.03,201301300800
26148,2.74,201301300800
26168,2.65,201301300800
26378,2.72,201301300800
26379,1.73,201301300800
26380,0.95,201301300800
26381,1.61,201301300800
26382,1.66,201301300800
26383,2.3,201301300800
26385,2.63,201301300800
26386,1.83,201301300800
26387,0.77,201301300800
26389,0.54,201301300800
26391,2.89,201301300800
26392,1.8,201301300800
26393,2.68,201301300800
26396,0.76,201301300800
26403,2.54,201301300800
26408,0.53,201301300800
26427,2.41,201301300800
26450,2.61,201301300800
26492,1.04,201301300800
26546,2.86,201301300800
26563,2.0,201301300800
26564,0.66,201301300800
26628,1.66,201301300800
26629,2.18,201301300800
26630,0.72,201301300800
26631,2.01,201301300800
26633,2.03,201301300800
26634,2.16,201301300800
26656,2.26,201301300800
26674,2.72,201301300800
26708,2.29,201301300800
26752,2.02,201301300800
26754,0.55,201301300800
26755,2.06,201301300800
26782,2.97,201301300800
26846,1.79,201301300800
26879,2.32,201301300800
26880,2.43,201301300800
26881,1.58,201301300800
26882,2.34,201301300800
26883,2.03,201301300800
26884,0.83,201301300800
26885,2.69,201301300800
26886,1.97,201301300800
26887,2.83,201301300800
26889,0.6,201301300800
26890,2.3,201301300800
26891,1.57,201301300800
26892,0.89,201301300800
26893,1.46,201301300800
26894,2.09,201301300800
26895,1.36,201301300800
26897,1.7,201301300800
26905,2.8,201301300800
26938,2.65,201301300800
26964,2.51,201301300800
27006,2.26,201301300800
27042,2.99,201301300800
27098,2.64,201301300800
27130,1.52,201301300800
27131,2.6,201301300800
27132,1.84,201301300800
27133,1.5,201301300800
27134,1.36,201301300800
27135,2.68,201301300800
27136,1.45,201301300800
27137,1.2,201301300800
27138,2.95,201301300800
27142,1.48,201301300800
27143,1.83,201301300800
27145,0.53,201301300800
27148,1.51,201301300800
27149,1.59,201301300800
27152,1.45,201301300800
27155,1.01,201301300800
27175,1.88,201301300800
27209,1.8,201301300800
27247,2.69,201301300800
27381,1.86,201301300800
27382,1.73,201301300800
27383,2.9,201301300800
27384,0.64,201301300800
27386,1.21,201301300800
27387,2.19,201301300800
27388,2.48,201301300800
27389,2.07,201301300800
27390,1.57,201301300800
27392,2.36,201301300800
27395,2.42,201301300800
27404,2.41,201301300800
27415,1.85,201301300800
27427,1.71,201301300800
27489,1.8,201301300800
27494,1.8,201301300800
27498,2.18,201301300800
27518,0.81,201301300800
27632,2.58,201301300800
27633,2.74,201301300800
27634,1.58,201301300800
27635,1.73,201301300800
27636,2.39,201301300800
27637,2.8,201301300800
27638,2.77,201301300800
27639,2.68,201301300800
27640,2.34,201301300800
27642,2.68,201301300800
27643,2.94,201301300800
27645,1.69,201301300800
27646,2.5,201301300800
27647,2.35,201301300800
27649,2.22,201301300800
27654,1.43,201301300800
27763,2.32,201301300800
27764,1.18,201301300800
27796,1.13,201301300800
27797,2.51,201301300800
27883,2.31,201301300800
27884,1.5,201301300800
27885,2.57,201301300800
27886,1.46,201301300800
27887,1.65,201301300800
27888,1.58,201301300800
27889,0.52,201301300800
27890,0.56,201301300800
27891,1.28,201301300800
27892,1.96,201301300800
27894,2.79,201301300800
27895,1.22,201301300800
27897,0.5,201301300800
27902,1.05,201301300800
27908,1.77,201301300800
27911,0.64,201301300800
27930,0.57,201301300800
27971,2.31,201301300800
28004,0.55,201301300800
28015,1.75,201301300800
28049,1.66,201301300800
28102,1.13,201301300800
28134,2.89,201301300800
28135,0.91,201301300800
28136,2.0,201301300800
28137,0.59,201301300800
28138,2.51,201301300800
28139,1.38,201301300800
28140,2.76,201301300800
28142,2.89,201301300800
28143,2.82,201301300800
28144,0.92,201301300800
28146,2.9,201301300800
28154,0.56,201301300800
28156,0.74,201301300800
28216,0.62,201301300800
28239,2.53,201301300800
28384,1.35,201301300800
28385,1.75,201301300800
28386,1.98,201301300800
28387,1.47,201301300800
28388,2.61,201301300800
28389,2.52,201301300800
28390,1.06,201301300800
28391,2.34,201301300800
28392,2.45,201301300800
28393,0.63,201301300800
28394,2.02,201301300800
28396,2.93,201301300800
28397,2.91,201301300800
28400,0.74,201301300800
28401,2.07,201301300800
28405,1.89,201301300800
28427,1.51,201301300800
28467,1.87,201301300800
28496,1.62,201301300800
28497,2.14,201301300800
28519,1.01,201301300800
28535,1.58,201301300800
28539,1.3,201301300800
28545,2.88,201301300800
28557,2.15,201301300800
28635,2.31,201301300800
28636,2.65,201301300800
28637,1.86,201301300800
28638,2.07,201301300800
28639,1.5,201301300800
28640,2.35,201301300800
28641,1.56,201301300800
28642,1.4,201301300800
28643,1.95,201301300800
28644,2.93,201301300800
28645,1.55,201301300800
28646,2.91,201301300800
28649,0.98,201301300800
28658,0.63,201301300800
28667,0.82,201301300800
28675,1.8,201301300800
28751,0.58,201301300800
28753,1.77,201301300800
28754,1.79,201301300800
28788,1.14,201301300800
28812,1.58,201301300800
28823,2.67,201301300800
28886,2.91,201301300800
28887,2.29,201301300800
28888,1.02,201301300800
28889,2.12,201301300800
28890,2.95,201301300800
28891,2.09,201301300800
28892,1.73,201301300800
28893,1.25,201301300800
28894,0.87,201301300800
28895,1.63,201301300800
28896,1.26,201301300800
28897,1.35,201301300800
28899,1.47,201301300800
28900,2.85,201301300800
28901,0.9,201301300800
28902,1.07,201301300800
28905,1.42,201301300800
28912,1.67,201301300800
28960,1.5,201301300800
28969,1.21,201301300800
29004,2.57,201301300800
29012,1.54,201301300800
29026,0.98,201301300800
29068,1.53,201301300800
29076,2.41,201301300800
29088,1.2,201301300800
29094,1.74,201301300800
29136,1.69,201301300800
29137,1.43,201301300800
29138,0.85,201301300800
29139,1.28,201301300800
29140,1.47,201301300800
29141,0.95,201301300800
29142,1.71,201301300800
29143,2.0,201301300800
29144,2.87,201301300800
29146,2.02,201301300800
29147,2.63,201301300800
29148,0.81,201301300800
29149,2.69,201301300800
29151,2.25,201301300800
29158,1.62,201301300800
29165,2.96,201301300800
29171,2.75,201301300800
29190,1.4,201301300800
29247,0.76,201301300800
29387,1.84,201301300800
29388,2.68,201301300800
29389,2.4,201301300800
29390,2.39,201301300800
29391,0.9,201301300800
29392,2.33,201301300800
29393,2.41,201301300800
29394,2.99,201301300800
29395,0.78,201301300800
29396,0.55,201301300800
29397,1.91,201301300800
29398,2.61,201301300800
29399,2.63,201301300800
29401,2.18,201301300800
29402,2.64,201301300800
29403,2.95,201301300800
29405,1.69,201301300800
29409,0.72,201301300800
29425,1.61,201301300800
29429,2.06,201301300800
29495,2.03,201301300800
29498,2.86,201301300800
29533,0.72,201301300800
29556,1.26,201301300800
29638,2.93,201301300800
29639,0.65,201301300800
29640,2.17,201301300800
29641,2.27,201301300800
29642,1.02,201301300800
29643,1.5,201301300800
29644,2.87,201301300800
29645,0.67,201301300800
29648,1.27,201301300800
29649,1.96,201301300800
29650,2.06,201301300800
29654,1.33,201301300800
29663,0.53,201301300800
29670,0.85,201301300800
29710,1.01,201301300800
29730,0.94,201301300800
29733,2.76,201301300800
29736,1.3,201301300800
29766,2.03,201301300800
29891,2.17,201301300800
29892,0.69,201301300800
29893,2.98,201301300800
29894,2.68,201301300800
29895,2.97,201301300800
29896,2.28,201301300800
29897,1.71,201301300800
29898,1.26,201301300800
29900,0.83,201301300800
29903,2.81,201301300800
29906,1.77,201301300800
29909,2.71,201301300800
29912,1.01,201301300800
29917,1.88,201301300800
29925,1.25,201301300800
29966,0.58,201301300800
30021,2.35,201301300800
30026,2.49,201301300800
30036,0.69,201301300800
30142,1.04,201301300800
30143,1.39,201301300800
30144,1.09,201301300800
30145,1.87,201301300800
30146,2.37,201301300800
30147,2.46,201301300800
30148,1.21,201301300800
30152,2.08,201301300800
30154,0.54,201301300800
30157,2.14,201301300800
30158,0.8,201301300800
30181,0.95,201301300800
30242,2.11,201301300800
30243,1.29,201301300800
30244,1.33,201301300800
30261,2.69,201301300800
30300,2.35,201301300800
30322,1.31,201301300800
30393,1.47,201301300800
30394,2.86,201301300800
30395,2.93,201301300800
30396,2.34,201301300800
30397,2.76,201301300800
30398,0.68,201301300800
30400,2.35,201301300800
30401,2.22,201301300800
30403,2.04,201301300800
30407,0.98,201301300800
30410,2.09,201301300800
30420,2.45,201301300800
30430,2.39,201301300800
30434,1.03,201301300800
30439,2.42,201301300800
30481,2.4,201301300800
30489,0.58,201301300800
30494,1.02,201301300800
30495,1.72,201301300800
30496,1.2,201301300800
30645,2.49,201301300800
30646,2.73,201301300800
30647,2.6,201301300800
30648,2.58,201301300800
30649,2.1,201301300800
30650,0.53,201301300800
30651,1.78,201301300800
30652,2.52,201301300800
30653,2.3,201301300800
30654,0.53,201301300800
30661,2.29,201301300800
30664,2.08,201301300800
30666,1.8,201301300800
30669,1.69,201301300800
30673,1.61,201301300800
30683,1.01,201301300800
30745,2.58,201301300800
30750,2.73,201301300800
30777,2.01,201301300800
30780,1.86,201301300800
30812,2.86,201301300800
30897,2.35,201301300800
30898,1.68,201301300800
30899,0.53,201301300800
30900,0.61,201301300800
30901,1.81,201301300800
30902,2.43,201301300800
30903,2.83,201301300800
30904,1.74,201301300800
30908,2.2,201301300800
30909,1.49,201301300800
30912,1.96,201301300800
30913,2.61,201301300800
30928,2.41,201301300800
30953,1.06,201301300800
30979,2.1,201301300800
30994,2.94,201301300800
30995,2.57,201301300800
31027,1.95,201301300800
31028,2.75,201301300800
31029,2.28,201301300800
31082,1.32,201301300800
31148,1.92,201301300800
31149,1.95,201301300800
31150,0.74,201301300800
31151,2.0,201301300800
31152,1.62,201301300800
31156,2.98,201301300800
31157,0.57,201301300800
31161,2.24,201301300800
31166,1.64,201301300800
31172,0.87,201301300800
31274,2.2,201301300800
31281,1.51,201301300800
31369,1.58,201301300800
31398,2.39,201301300800
31401,1.11,201301300800
31407,1.81,201301300800
31408,1.09,201301300800
31409,0.6,201301300800
31410,1.23,201301300800
31413,2.46,201301300800
31419,1.44,201301300800
31427,2.49,201301300800
31457,2.0,201301300800
31466,0.86,201301300800
31651,0.79,201301300800
31652,0.98,201301300800
31656,2.88,201301300800
31660,1.71,201301300800
31663,2.42,201301300800
31666,2.96,201301300800
31675,1.54,201301300800
31738,2.42,201301300800
31754,2.7,201301300800
31782,0.57,201301300800
31903,2.35,201301300800
31904,2.87,201301300800
31905,1.54,201301300800
31906,0.88,201301300800
31908,2.15,201301300800
31912,2.54,201301300800
31921,2.55,201301300800
31928,2.93,201301300800
31949,1.56,201301300800
32028,1.96,201301300800
32032,1.71,201301300800
32045,2.69,201301300800
32150,2.08,201301300800
32155,1.18,201301300800
32157,1.45,201301300800
32161,1.87,201301300800
32162,2.48,201301300800
32167,2.42,201301300800
32169,2.59,201301300800
32175,1.05,201301300800
32182,1.84,201301300800
32185,0.97,201301300800
32195,1.03,201301300800
32235,0.71,201301300800
32404,1.05,201301300800
32405,2.32,201301300800
32410,2.28,201301300800
32411,0.73,201301300800
32415,1.32,201301300800
32449,1.16,201301300800
32490,1.04,201301300800
32558,2.24,201301300800
32622,1.3,201301300800
32656,2.75,201301300800
32658,0.54,201301300800
32660,1.58,201301300800
32662,2.69,201301300800
32668,0.97,201301300800
32682,1.68,201301300800
32697,2.14,201301300800
32712,1.79,201301300800
32729,1.26,201301300800
32739,0.9,201301300800
32742,1.04,201301300800
32744,1.93,201301300800
32802,1.82,201301300800
32834,1.29,201301300800
32905,2.24,201301300800
32907,1.13,201301300800
32912,1.6,201301300800
32916,2.81,201301300800
32922,1.8,201301300800
32924,2.36,201301300800
32926,1.16,201301300800
32929,0.59,201301300800
32977,1.6,201301300800
32978,0.91,201301300800
33154,2.18,201301300800
33158,2.82,201301300800
33160,1.44,201301300800
33165,1.74,201301300800
33170,2.53,201301300800
33186,1.56,201301300800
33286,0.93,201301300800
33405,1.64,201301300800
33409,0.7,201301300800
33412,2.35,201301300800
33418,0.98,201301300800
33420,1.96,201301300800
33424,1.15,201301300800
33435,2.55,201301300800
33442,1.94,201301300800
33519,1.98,201301300800
33594,2.06,201301300800
33656,0.83,201301300800
33659,2.32,201301300800
33662,0.93,201301300800
33664,2.46,201301300800
33666,2.97,201301300800
33669,1.16,201301300800
33673,2.8,201301300800
33675,2.15,201301300800
33694,2.82,201301300800
33724,1.33,201301300800
33742,2.78,201301300800
33812,2.59,201301300800
33909,0.85,201301300800
33911,1.47,201301300800
33912,0.79,201301300800
33913,1.87,201301300800
33922,2.51,201301300800
33923,1.39,201301300800
33924,1.31,201301300800
33931,1.47,201301300800
33935,2.14,201301300800
33986,1.4,201301300800
34013,0.72,201301300800
34160,2.61,201301300800
34161,1.52,201301300800
34162,2.68,201301300800
34163,1.92,201301300800
34167,2.14,201301300800
34190,1.15,201301300800
34211,1.55,201301300800
34303,2.78,201301300800
34380,1.24,201301300800
34407,0.77,201301300800
34413,2.8,201301300800
34423,0.82,201301300800
34424,2.23,201301300800
34427,2.24,201301300800
34430,1.41,201301300800
34437,2.8,201301300800
34440,0.58,201301300800
34486,2.81,201301300800
34495,2.18,201301300800
34510,0.78,201301300800
34520,0.61,201301300800
34528,2.84,201301300800
34563,2.52,201301300800
34662,1.73,201301300800
34667,2.82,201301300800
34668,0.74,201301300800
34670,1.23,201301300800
34672,0.54,201301300800
34673,2.36,201301300800
34676,1.64,201301300800
34679,0.74,201301300800
34682,1.95,201301300800
34695,0.84,201301300800
34710,2.58,201301300800
34714,2.96,201301300800
34720,0.55,201301300800
34882,2.51,201301300800
34913,2.47,201301300800
34914,0.68,201301300800
34915,2.11,201301300800
34924,2.3,201301300800
34925,2.81,201301300800
34934,2.28,201301300800
34939,0.62,201301300800
34959,2.48,201301300800
34990,0.95,201301300800
35102,2.4,201301300800
35164,0.75,201301300800
35166,2.37,201301300800
35173,2.81,201301300800
35178,1.77,201301300800
35183,1.15,201301300800
35185,1.47,201301300800
35187,2.83,201301300800
35193,2.08,201301300800
35203,2.62,201301300800
35218,2.9,201301300800
35237,2.51,201301300800
35244,0.73,201301300800
35249,1.29,201301300800
35295,2.78,201301300800
35368,0.87,201301300800
35410,2.41,201301300800
35414,1.49,201301300800
35415,0.7,201301300800
35417,1.69,201301300800
35421,0.66,201301300800
35440,2.79,201301300800
35455,2.86,201301300800
35492,1.46,201301300800
35515,2.15,201301300800
35665,2.04,201301300800
35675,1.67,201301300800
35683,1.35,201301300800
35686,1.57,201301300800
35700,1.76,201301300800
35745,0.69,201301300800
35755,2.56,201301300800
35769,1.39,201301300800
35916,2.94,201301300800
35917,1.47,201301300800
35918,2.1,201301300800
35919,0.73,201301300800
35921,1.93,201301300800
35929,2.86,201301300800
35931,2.17,201301300800
35941,2.47,201301300800
35944,2.47,201301300800
35971,1.45,201301300800
35981,0.63,201301300800
35992,0.78,201301300800
35994,1.66,201301300800
36067,0.9,201301300800
36162,1.59,201301300800
36167,0.78,201301300800
36169,1.55,201301300800
36170,1.13,201301300800
36173,1.47,201301300800
36176,1.5,201301300800
36177,2.51,201301300800
36205,1.85,201301300800
36237,0.67,201301300800
36245,2.02,201301300800
36246,1.33,201301300800
36293,1.71,201301300800
36311,1.88,201301300800
36417,1.37,201301300800
36420,1.9,201301300800
36421,1.36,201301300800
36441,1.3,201301300800
36448,0.64,201301300800
36494,1.67,201301300800
36498,2.43,201301300800
36502,1.88,201301300800
36510,2.61,201301300800
36513,1.11,201301300800
36519,1.46,201301300800
36524,1.32,201301300800
36576,1.97,201301300800
36668,2.02,201301300800
36673,1.17,201301300800
36675,2.42,201301300800
36677,0.76,201301300800
36679,2.11,201301300800
36682,2.59,201301300800
36688,2.41,201301300800
36690,0.97,201301300800
36711,1.17,201301300800
36717,2.02,201301300800
36758,2.87,201301300800
36889,2.02,201301300800
36915,1.66,201301300800
36918,0.56,201301300800
36933,2.75,201301300800
36934,2.63,201301300800
36953,1.55,201301300800
36959,2.16,201301300800
36996,2.31,201301300800
36999,2.97,201301300800
37001,2.79,201301300800
37167,1.48,201301300800
37168,0.53,201301300800
37169,2.19,201301300800
37172,2.84,201301300800
37176,2.21,201301300800
37178,2.81,201301300800
37179,0.56,201301300800
37182,1.26,201301300800
37192,1.67,201301300800
37200,1.02,201301300800
37206,2.88,201301300800
37232,1.07,201301300800
37239,0.74,201301300800
37270,0.67,201301300800
37298,1.41,201301300800
37304,1.14,201301300800
37419,0.7,201301300800
37421,2.2,201301300800
37423,2.31,201301300800
37425,0.88,201301300800
37446,1.01,201301300800
37454,2.92,201301300800
37477,0.67,201301300800
37487,1.72,201301300800
37501,1.74,201301300800
37503,0.66,201301300800
37513,2.78,201301300800
37523,1.01,201301300800
37562,2.55,201301300800
37609,2.03,201301300800
37642,1.15,201301300800
37643,1.58,201301300800
37670,1.29,201301300800
37671,2.31,201301300800
37672,1.08,201301300800
37676,2.08,201301300800
37688,2.49,201301300800
37689,1.09,201301300800
37690,1.04,201301300800
37695,0.63,201301300800
37701,1.88,201301300800
37710,0.54,201301300800
37711,2.22,201301300800
37754,1.07,201301300800
37874,0.63,201301300800
37891,1.14,201301300800
37893,1.94,201301300800
37894,2.28,201301300800
37926,2.14,201301300800
37928,1.25,201301300800
37929,1.24,201301300800
37932,1.72,201301300800
37936,2.66,201301300800
37943,0.74,201301300800
37952,2.54,201301300800
37962,2.57,201301300800
37968,1.44,201301300800
38003,1.13,201301300800
38060,2.57,201301300800
38145,1.29,201301300800
38172,2.21,201301300800
38173,1.36,201301300800
38178,0.96,201301300800
38200,1.36,201301300800
38204,2.7,201301300800
38209,0.55,201301300800
38215,0.85,201301300800
38220,0.85,201301300800
38225,0.88,201301300800
38228,1.33,201301300800
38230,2.1,201301300800
38243,1.52,201301300800
38247,2.81,201301300800
38255,2.78,201301300800
38263,1.1,201301300800
38268,1.43,201301300800
38272,1.29,201301300800
38367,0.83,201301300800
38381,1.36,201301300800
38423,1.9,201301300800
38425,1.69,201301300800
38426,2.24,201301300800
38431,1.28,201301300800
38440,1.19,201301300800
38479,0.66,201301300800
38481,2.01,201301300800
38483,2.73,201301300800
38488,1.79,201301300800
38490,2.15,201301300800
38498,1.79,201301300800
38499,1.31,201301300800
38500,1.18,201301300800
38505,2.59,201301300800
38506,2.11,201301300800
38508,1.68,201301300800
38517,0.91,201301300800
38534,1.99,201301300800
38648,0.7,201301300800
38674,0.74,201301300800
38676,1.7,201301300800
38679,2.09,201301300800
38684,1.49,201301300800
38693,0.79,201301300800
38697,1.73,201301300800
38716,2.32,201301300800
38722,2.28,201301300800
38736,1.16,201301300800
38738,1.33,201301300800
38752,1.32,201301300800
38753,0.61,201301300800
38758,2.19,201301300800
38760,1.85,201301300800
38761,2.75,201301300800
38762,1.58,201301300800
38766,1.36,201301300800
38769,1.23,201301300800
38778,1.37,201301300800
38812,2.47,201301300800
38939,2.24,201301300800
38953,2.88,201301300800
38958,2.8,201301300800
38967,1.42,201301300800
39006,1.84,201301300800
39008,2.42,201301300800
39010,1.33,201301300800
39011,0.78,201301300800
39017,1.83,201301300800
39113,2.58,201301300800
39148,0.7,201301300800
39149,2.31,201301300800
39176,1.58,201301300800
39178,2.07,201301300800
39191,2.79,201301300800
39201,1.19,201301300800
39230,2.01,201301300800
39236,1.65,201301300800
39246,1.14,201301300800
39252,1.07,201301300800
39255,1.99,201301300800
39260,1.35,201301300800
39262,2.89,201301300800
39263,2.93,201301300800
39268,2.6,201301300800
39269,1.87,201301300800
39271,0.71,201301300800
39274,1.71,201301300800
39275,2.1,201301300800
39375,1.13,201301300800
39391,0.95,201301300800
39427,2.87,201301300800
39428,0.78,201301300800
39430,1.66,201301300800
39433,2.81,201301300800
39446,2.62,201301300800
39457,2.83,201301300800
39514,2.63,201301300800
39515,2.53,201301300800
39516,2.75,201301300800
39517,2.22,201301300800
39535,1.52,201301300800
39554,0.71,201301300800
39559,1.8,201301300800
39631,1.45,201301300800
39632,2.86,201301300800
39633,2.24,201301300800
39652,2.29,201301300800
39683,2.86,201301300800
39687,2.15,201301300800
39706,2.66,201301300800
39710,2.28,201301300800
39722,2.64,201301300800
39731,1.25,201301300800
39750,2.39,201301300800
39755,2.49,201301300800
39759,0.81,201301300800
39762,1.39,201301300800
39764,2.57,201301300800
39765,2.43,201301300800
39766,2.6,201301300800
39767,2.71,201301300800
39769,1.22,201301300800
39772,2.99,201301300800
39776,0.74,201301300800
39777,1.88,201301300800
39790,2.16,201301300800
39791,0.69,201301300800
39796,2.82,201301300800
39832,1.19,201301300800
39883,2.21,201301300800
39930,1.77,201301300800
39932,2.81,201301300800
39941,2.96,201301300800
39948,1.17,201301300800
39969,0.79,201301300800
40018,2.73,201301300800
40031,1.32,201301300800
40133,2.65,201301300800
40180,2.57,201301300800
40188,1.89,201301300800
40196,2.92,201301300800
40242,0.64,201301300800
40246,1.19,201301300800
40259,1.45,201301300800
40264,0.81,201301300800
40267,2.31,201301300800
40268,2.1,201301300800
40270,1.57,201301300800
40276,1.29,201301300800
40286,0.75,201301300800
40295,2.71,201301300800
40431,1.3,201301300800
40432,2.77,201301300800
40442,2.19,201301300800
40447,2.94,201301300800
40448,1.57,201301300800
40451,1.26,201301300800
40457,2.2,201301300800
40500,2.94,201301300800
40512,0.59,201301300800
40518,2.09,201301300800
40519,2.44,201301300800
40522,1.21,201301300800
40524,1.77,201301300800
40525,1.22,201301300800
40532,1.36,201301300800
40560,1.17,201301300800
40566,1.57,201301300800
40633,2.6,201301300800
40687,1.55,201301300800
40713,1.22,201301300800
40719,1.54,201301300800
40732,2.04,201301300800
40733,1.63,201301300800
40766,2.87,201301300800
40810,2.48,201301300800
40894,2.5,201301300800
40933,1.83,201301300800
40936,2.19,201301300800
40939,0.53,201301300800
40954,0.98,201301300800
40982,2.87,201301300800
41021,1.64,201301300800
41024,2.86,201301300800
41061,2.74,201301300800
41145,1.67,201301300800
41157,1.39,201301300800
41183,1.2,201301300800
41200,1.73,201301300800
41262,1.83,201301300800
41265,1.43,201301300800
41270,1.67,201301300800
41277,2.61,201301300800
41318,2.56,201301300800
41401,1.97,201301300800
41407,1.25,201301300800
41437,1.02,201301300800
41459,0.79,201301300800
41465,1.93,201301300800
41469,0.85,201301300800
41508,2.04,201301300800
41520,2.28,201301300800
41522,2.67,201301300800
41526,1.16,201301300800
41532,1.93,201301300800
41558,1.1,201301300800
41635,1.36,201301300800
41653,2.02,201301300800
41658,1.22,201301300800
41692,1.13,201301300800
41696,1.62,201301300800
41764,2.6,201301300800
41772,0.83,201301300800
41893,2.93,201301300800
41904,2.15,201301300800
41905,1.04,201301300800
41936,1.92,201301300800
41941,0.91,201301300800
41958,1.92,201301300800
41990,2.49,201301300800
42023,2.84,201301300800
42026,2.33,201301300800
42029,2.06,201301300800
42074,1.37,201301300800
42085,1.59,201301300800
42095,0.57,201301300800
42147,2.02,201301300800
42160,1.87,201301300800
42200,1.13,201301300800
42213,1.0,201301300800
42267,2.23,201301300800
42271,1.94,201301300800
42274,1.29,201301300800
42283,1.21,201301300800
42291,1.86,201301300800
42342,1.12,201301300800
42411,1.73,201301300800
42438,2.79,201301300800
42454,0.94,201301300800
42471,1.65,201301300800
42478,2.63,201301300800
42487,1.05,201301300800
42503,2.85,201301300800
42514,0.97,201301300800
42521,2.62,201301300800
42533,1.44,201301300800
42644,2.12,201301300800
42661,1.42,201301300800
42695,2.89,201301300800
42744,2.14,201301300800
42750,1.96,201301300800
42846,1.99,201301300800
42905,1.2,201301300800
42912,2.32,201301300800
42939,0.61,201301300800
42940,1.97,201301300800
42944,1.01,201301300800
42949,1.47,201301300800
43011,0.97,201301300800
43021,2.53,201301300800
43030,0.85,201301300800
43151,1.9,201301300800
43160,1.15,201301300800
43162,2.02,201301300800
43213,2.62,201301300800
43220,0.92,201301300800
43261,2.36,201301300800
43412,0.86,201301300800
43413,2.96,201301300800
43440,2.4,201301300800
43443,1.02,201301300800
43449,1.88,201301300800
43483,0.7,201301300800
43484,2.87,201301300800
43494,1.05,201301300800
43518,1.66,201301300800
43523,1.51,201301300800
43526,1.16,201301300800
43530,1.75,201301300800
43571,2.64,201301300800
43642,1.37,201301300800
43662,1.6,201301300800
43738,2.14,201301300800
43760,2.77,201301300800
43779,2.13,201301300800
43914,1.84,201301300800
43957,1.52,201301300800
43980,2.64,201301300800
43984,1.21,201301300800
43992,1.95,201301300800
43995,1.14,201301300800
44002,0.81,201301300800
44039,2.87,201301300800
44194,0.59,201301300800
44197,1.42,201301300800
44204,2.77,201301300800
44215,1.39,201301300800
44226,1.25,201301300800
44247,2.68,201301300800
44255,2.5,201301300800
44282,2.5,201301300800
44284,1.07,201301300800
44356,1.87,201301300800
44470,2.97,201301300800
44486,0.68,201301300800
44503,2.81,201301300800
44504,2.65,201301300800
44510,1.32,201301300800
44517,1.77,201301300800
44534,2.91,201301300800
44578,1.85,201301300800
44666,1.58,201301300800
44694,2.71,201301300800
44697,1.37,201301300800
44716,0.71,201301300800
44724,3.0,201301300800
44743,2.2,201301300800
44755,2.63,201301300800
44756,1.44,201301300800
44757,1.49,201301300800
44758,2.69,201301300800
44786,1.32,201301300800
44787,0.88,201301300800
44911,0.94,201301300800
44963,1.25,201301300800
45005,2.59,201301300800
45006,2.45,201301300800
45007,2.41,201301300800
45008,1.02,201301300800
45039,2.02,201301300800
45114,2.69,201301300800
45168,2.83,201301300800
45200,1.96,201301300800
45203,0.99,201301300800
45208,2.93,201301300800
45237,2.44,201301300800
45254,1.25,201301300800
45256,2.24,201301300800
45258,0.54,201301300800
45261,2.52,201301300800
45265,2.27,201301300800
45266,2.95,201301300800
45401,2.15,201301300800
45479,1.01,201301300800
45502,2.78,201301300800
45507,1.55,201301300800
45509,2.15,201301300800
45526,0.74,201301300800
45538,1.92,201301300800
45582,2.0,201301300800
45661,1.32,201301300800
45701,0.94,201301300800
45703,1.4,201301300800
45716,1.74,201301300800
45720,1.65,201301300800
45725,2.71,201301300800
45735,1.37,201301300800
45747,1.49,201301300800
45766,1.79,201301300800
45793,1.88,201301300800
45795,1.97,201301300800
45919,1.2,201301300800
45948,1.61,201301300800
46008,2.31,201301300800
46036,1.09,201301300800
46041,2.3,201301300800
46052,1.37,201301300800
46074,1.02,201301300800
46145,2.34,201301300800
46202,2.96,201301300800
46209,1.75,201301300800
46242,2.82,201301300800
46265,0.71,201301300800
46372,1.95,201301300800
46384,1.59,201301300800
46455,0.89,201301300800
46508,1.2,201301300800
46523,0.61,201301300800
46538,1.47,201301300800
46565,1.4,201301300800
46574,1.07,201301300800
46626,1.46,201301300800
46700,0.94,201301300800
46738,1.47,201301300800
46770,1.8,201301300800
46778,1.8,201301300800
46787,2.14,201301300800
46803,2.05,201301300800
46954,0.92,201301300800
46964,0.65,201301300800
46972,1.03,201301300800
46976,2.95,201301300800
46981,1.27,201301300800
47011,1.0,201301300800
47015,1.56,201301300800
47047,1.38,201301300800
47253,1.41,201301300800
47288,2.68,201301300800
47295,1.33,201301300800
47342,1.13,201301300800
47454,2.64,201301300800
47535,0.63,201301300800
47543,2.95,201301300800
47705,1.38,201301300800
47709,2.98,201301300800
47711,1.36,201301300800
47758,1.94,201301300800
47806,1.31,201301300800
47889,1.98,201301300800
47926,0.59,201301300800
47968,2.71,201301300800
47972,1.33,201301300800
47977,1.22,201301300800
47982,2.1,201301300800
48032,2.61,201301300800
48209,1.97,201301300800
48239,2.5,201301300800
48244,2.76,201301300800
48278,1.38,201301300800
48420,2.3,201301300800
48427,0.9,201301300800
48499,2.97,201301300800
48503,1.57,201301300800
48552,1.1,201301300800
48584,2.09,201301300800
48713,2.47,201301300800
48759,1.28,201301300800
48848,1.32,201301300800
48898,2.54,201301300800
49017,0.65,201301300800
49049,1.43,201301300800
49229,2.49,201301300800
49241,0.6,201301300800
49472,1.95,201301300800
49483,2.99,201301300800
49542,2.88,201301300800
49555,0.73,201301300800
49679,1.77,201301300800
49750,1.26,201301300800
49760,0.96,201301300800
49777,1.75,201301300800
49968,0.68,201301300800
50053,1.99,201301300800
50103,2.63,201301300800
50180,1.6,201301300800
50285,2.32,201301300800
50430,2.42,201301300800
50470,2.68,201301300800
50494,2.71,201301300800
50511,1.82,201301300800
50549,1.96,201301300800
50680,2.81,201301300800
50682,1.7,201301300800
50731,1.21,201301300800
50812,1.25,201301300800
50872,1.94,201301300800
51029,1.18,201301300800
51046,2.83,201301300800
51053,2.13,201301300800
51056,0.79,201301300800
51162,1.17,201301300800
51177,2.74,201301300800
51182,2.38,201301300800
51228,2.55,201301300800
51258,0.75,201301300800
51430,1.44,201301300800
51431,1.13,201301300800
51432,2.41,201301300800
51520,1.67,201301300800
51681,0.63,201301300800
51682,1.55,201301300800
51725,2.36,201301300800
51790,0.89,201301300800
51832,1.52,201301300800
51857,2.0,201301300800
51931,0.98,201301300800
51932,2.93,201301300800
51986,1.81,201301300800
52003,2.43,201301300800
52182,0.87,201301300800
52244,0.6,201301300800
52259,1.33,201301300800
52280,1.36,201301300800
52319,2.73,201301300800
52473,1.53,201301300800
52518,1.43,201301300800
52631,1.89,201301300800
52679,0.7,201301300800
52729,0.95,201301300800
52811,1.45,201301300800
52983,1.25,201301300800
52988,0.86,201301300800
52993,1.46,201301300800
53000,2.44,201301300800
53016,1.89,201301300800
53027,1.08,201301300800
53072,1.12,201301300800
53090,0.98,201301300800
53177,0.76,201301300800
53178,0.96,201301300800
53381,2.72,201301300800
53427,2.21,201301300800
53429,1.93,201301300800
53761,2.13,201301300800
53774,2.69,201301300800
53797,2.26,201301300800
53810,0.55,201301300800
53822,2.87,201301300800
53864,1.1,201301300800
53927,1.46,201301300800
54038,1.71,201301300800
54071,1.11,201301300800
54234,2.42,201301300800
54281,1.21,201301300800
54284,2.92,201301300800
54327,2.16,201301300800
54334,2.39,201301300800
54349,2.14,201301300800
54427,2.63,201301300800
54503,2.7,201301300800
54510,1.27,201301300800
54520,1.51,201301300800
54550,2.4,201301300800
54578,0.89,201301300800
54678,2.38,201301300800
54828,0.61,201301300800
54983,0.64,201301300800
54996,1.32,201301300800
55070,2.86,201301300800
55329,1.66,201301300800
55331,0.67,201301300800
55535,1.6,201301300800
55633,1.65,201301300800
55680,1.07,201301300800
55761,1.75,201301300800
55831,0.5,201301300800
55832,1.17,201301300800
55838,1.53,201301300800
55845,2.0,201301300800
56106,0.78,201301300800
56493,2.62,201301300800
56571,2.24,201301300800
56586,0.86,201301300800
56587,2.44,201301300800
56591,0.68,201301300800
56738,1.51,201301300800
56835,2.86,201301300800
56882,1.07,201301300800
56887,2.74,201301300800
56888,2.13,201301300800
56933,1.41,201301300800
56934,2.0,201301300800
57042,2.93,201301300800
57062,1.81,201301300800
57189,2.96,201301300800
57261,1.25,201301300800
57329,2.45,201301300800
57342,1.92,201301300800
57376,0.85,201301300800
57378,1.08,201301300800
57380,1.3,201301300800
57397,2.66,201301300800
57440,1.05,201301300800
57495,2.41,201301300800
57523,1.57,201301300800
57555,1.27,201301300800
57597,1.24,201301300800
57613,0.98,201301300800
57615,2.81,201301300800
57628,1.04,201301300800
57631,2.5,201301300800
57823,1.71,201301300800
57837,2.16,201301300800
57851,2.85,201301300800
57852,2.45,201301300800
57906,1.3,201301300800
58179,2.07,201301300800
58251,0.74,201301300800
58421,2.19,201301300800
58511,2.23,201301300800
58632,2.08,201301300800
58744,1.43,201301300800
58802,1.6,201301300800
58814,1.25,201301300800
58879,1.37,201301300800
58892,2.14,201301300800
59010,2.2,201301300800
59043,1.77,201301300800
59104,1.83,201301300800
59125,1.45,201301300800
59134,1.63,201301300800
59285,0.76,201301300800
59329,0.63,201301300800
59555,2.46,201301300800
59635,1.3,201301300800
59745,2.19,201301300800
59927,1.57,201301300800
59941,0.77,201301300800
60008,1.85,201301300800
60011,1.37,201301300800
60114,2.96,201301300800
60141,2.06,201301300800
60147,2.58,201301300800
60331,1.65,201301300800
60344,2.64,201301300800
60350,0.83,201301300800
60578,1.16,201301300800
60593,2.22,201301300800
60613,2.32,201301300800
60630,1.86,201301300800
60635,2.33,201301300800
60649,0.5,201301300800
60750,0.76,201301300800
60774,0.57,201301300800
60819,2.96,201301300800
60880,2.09,201301300800
60888,0.96,201301300800
61062,2.36,201301300800
61110,2.34,201301300800
61263,1.77,201301300800
61343,1.86,201301300800
61591,0.61,201301300800
61597,2.21,201301300800
61654,2.73,201301300800
61818,2.39,201301300800
62077,1.45,201301300800
62104,2.16,201301300800
62135,2.77,201301300800
62140,1.29,201301300800
62252,0.74,201301300800
62558,0.75,201301300800
62589,2.87,201301300800
62757,0.59,201301300800
62772,1.53,201301300800
62850,1.91,201301300800
62926,2.78,201301300800
62948,1.18,201301300800
63044,2.09,201301300800
63153,1.1,201301300800
63383,2.52,201301300800
63397,2.05,201301300800
63398,1.42,201301300800
63407,0.58,201301300800
63574,2.13,201301300800
63586,2.38,201301300800
63816,1.46,201301300800
64102,2.29,201301300800
64150,1.8,201301300800
64200,2.91,201301300800
64515,1.5,201301300800
64529,1.03,201301300800
64573,2.81,201301300800
64581,2.24,201301300800
64815,1.02,201301300800
64915,1.41,201301300800
65059,2.8,201301300800
65144,2.43,201301300800
65320,2.12,201301300800
65375,1.63,201301300800
65454,2.22,201301300800
65528,2.6,201301300800
65607,2.61,201301300800
65774,1.07,201301300800
65838,2.86,201301300800
66068,2.12,201301300800
66084,2.01,201301300800
66151,0.97,201301300800
66353,2.64,201301300800
66538,2.77,201301300800
66575,1.69,201301300800
66637,1.91,201301300800
66827,1.28,201301300800
66870,2.08,201301300800
67110,1.39,201301300800
67207,0.7,201301300800
67335,1.1,201301300800
67385,2.42,201301300800
67599,0.95,201301300800
67601,1.83,201301300800
67602,2.82,201301300800
67698,2.39,201301300800
67824,2.49,201301300800
67842,0.97,201301300800
67854,1.1,201301300800
67855,2.27,201301300800
67918,1.69,201301300800
68103,1.93,201301300800
68104,2.73,201301300800
68110,1.68,201301300800
68111,2.75,201301300800
68349,1.2,201301300800
68354,2.44,201301300800
68356,1.67,201301300800
68454,1.54,201301300800
68455,2.94,201301300800
68587,2.84,201301300800
68857,1.99,201301300800
68858,1.01,201301300800
68897,1.08,201301300800
68924,2.41,201301300800
68930,1.1,201301300800
69106,1.63,201301300800
69190,1.15,201301300800
69206,1.09,201301300800
69359,1.26,201301300800
69371,2.22,201301300800
69455,0.68,201301300800
69582,1.45,201301300800
69613,1.97,201301300800
69676,0.63,201301300800
70115,0.94,201301300800
70132,0.52,201301300800
70181,0.59,201301300800
70342,1.98,201301300800
70352,1.19,201301300800
70360,1.15,201301300800
70374,1.08,201301300800
70440,2.09,201301300800
70462,2.2,201301300800
70619,1.91,201301300800
70659,1.34,201301300800
70715,2.39,201301300800
70903,2.13,201301300800
70934,1.47,201301300800
70961,1.11,201301300800
71122,1.93,201301300800
71187,1.71,201301300800
71399,2.81,201301300800
71601,2.46,201301300800
71629,2.77,201301300800
71888,2.39,201301300800
71961,2.56,201301300800
71964,2.66,201301300800
72201,0.98,201301300800
72218,0.74,201301300800
72345,2.94,201301300800
72367,1.31,201301300800
72407,0.78,201301300800
72416,2.97,201301300800
72706,2.08,201301300800
72894,2.46,201301300800
73104,2.31,201301300800
73135,0.72,201301300800
73211,2.45,201301300800
73223,2.31,201301300800
73451,1.82,201301300800
73460,1.76,201301300800
73461,2.42,201301300800
73557,2.2,201301300800
73669,1.06,201301300800
74158,2.73,201301300800
74216,0.8,201301300800
74388,1.8,201301300800
74396,1.64,201301300800
74466,1.25,201301300800
74467,0.78,201301300800
74638,0.81,201301300800
74677,1.44,201301300800
74678,1.64,201301300800
74711,1.94,201301300800
74721,2.41,201301300800
74962,2.89,201301300800
74968,2.17,201301300800
74973,0.5,201301300800
75224,1.04,201301300800
75329,1.82,201301300800
75386,1.77,201301300800
75424,2.49,201301300800
75436,0.68,201301300800
75475,1.93,201301300800
75619,1.78,201301300800
75721,2.46,201301300800
75722,0.54,201301300800
75724,1.09,201301300800
75725,0.63,201301300800
75726,2.43,201301300800
75727,0.73,201301300800
75974,2.07,201301300800
75975,2.32,201301300800
76133,0.96,201301300800
76227,2.33,201301300800
76393,1.09,201301300800
76473,2.98,201301300800
76477,2.12,201301300800
76654,1.44,201301300800
76728,0.67,201301300800
76959,2.39,201301300800
77169,1.58,201301300800
77230,1.53,201301300800
77381,0.99,201301300800
77458,1.44,201301300800
77641,0.7,201301300800
77942,1.14,201301300800
77981,0.61,201301300800
78205,1.21,201301300800
78418,1.52,201301300800
78654,1.38,201301300800
78733,1.53,201301300800
78881,2.04,201301300800
78896,1.7,201301300800
78909,1.13,201301300800
78983,1.38,201301300800
79234,2.18,201301300800
79379,1.26,201301300800
79394,1.78,201301300800
79484,1.11,201301300800
79712,1.77,201301300800
79911,0.52,201301300800
79915,1.15,201301300800
80160,0.57,201301300800
80161,1.99,201301300800
80193,2.29,201301300800
80352,2.58,201301300800
80397,1.17,201301300800
80406,2.83,201301300800
80411,1.81,201301300800
80412,1.79,201301300800
80413,2.16,201301300800
80420,2.32,201301300800
80485,2.23,201301300800
80635,1.4,201301300800
80659,1.35,201301300800
80663,1.52,201301300800
80664,2.16,201301300800
80703,2.06,201301300800
80877,2.54,201301300800
80916,1.3,201301300800
81163,2.53,201301300800
81164,2.22,201301300800
81354,1.13,201301300800
81363,1.05,201301300800
81390,0.87,201301300800
81625,2.05,201301300800
81651,0.63,201301300800
81899,1.64,201301300800
82135,1.24,201301300800
82168,2.83,201301300800
82169,1.81,201301300800
82237,2.58,201301300800
82613,0.85,201301300800
82622,1.74,201301300800
82664,1.75,201301300800
82892,0.62,201301300800
82951,1.21,201301300800
83410,2.39,201301300800
83489,1.87,201301300800
83735,2.1,201301300800
83865,1.82,201301300800
84123,2.81,201301300800
84179,2.93,201301300800
84207,1.05,201301300800
84212,1.86,201301300800
84221,2.48,201301300800
84366,2.95,201301300800
84689,1.01,201301300800
84712,2.85,201301300800
84902,2.52,201301300800
85474,0.94,201301300800
85487,0.96,201301300800
85620,0.79,201301300800
85705,1.11,201301300800
85715,1.03,201301300800
85738,1.37,201301300800
86440,2.55,201301300800
86622,1.78,201301300800
86623,1.43,201301300800
86672,2.17,201301300800
86873,2.41,201301300800
86895,1.81,201301300800
87121,1.53,201301300800
87227,2.9,201301300800
87460,2.17,201301300800
87690,1.04,201301300800
87873,2.79,201301300800
88242,2.84,201301300800
88463,2.26,201301300800
89120,2.37,201301300800
89152,2.03,201301300800
89175,1.14,201301300800
89198,1.97,201301300800
89615,0.92,201301300800
89625,0.51,201301300800
90116,0.82,201301300800
90183,2.54,201301300800
90497,0.53,201301300800
90699,2.85,201301300800
90719,2.96,201301300800
91200,1.41,201301300800
91432,2.6,201301300800
91434,0.57,201301300800
91684,3.0,201301300800
91713,1.59,201301300800
91744,2.44,201301300800
92233,2.91,201301300800
93205,0.7,201301300800
93244,0.84,201301300800
93252,0.74,201301300800
93463,2.49,201301300800
93675,2.92,201301300800
93944,1.46,201301300800
94431,1.6,201301300800
94710,0.73,201301300800
94755,1.71,201301300800
94997,1.1,201301300800
95000,1.53,201301300800
95707,0.58,201301300800
95949,1.85,201301300800
95998,2.01,201301300800
96188,1.0,201301300800
96225,1.15,201301300800
96249,1.3,201301300800
96468,0.98,201301300800
96486,2.52,201301300800
96718,1.78,201301300800
96972,1.9,201301300800
96995,0.83,201301300800
97251,0.91,201301300800
97440,1.36,201301300800
97471,2.32,201301300800
97969,0.54,201301300800
97990,2.05,201301300800
98224,1.51,201301300800
98229,1.51,201301300800
98450,1.04,201301300800
98475,2.12,201301300800
98739,2.52,201301300800
99256,2.39,201301300800
99468,1.45,201301300800
99730,2.58,201301300800
101215,1.05,201301300800
101911,2.83,201301300800
101912,1.02,201301300800
101989,2.76,201301300800
102999,1.63,201301300800
103242,2.37,201301300800
103431,2.01,201301300800
104177,2.94,201301300800
104221,1.18,201301300800
104239,2.62,201301300800
104701,0.73,201301300800
104984,0.6,201301300800
105196,1.06,201301300800
105219,1.6,201301300800
105460,2.28,201301300800
105461,0.63,201301300800
105481,2.85,201301300800
105489,2.78,201301300800
105709,0.85,201301300800
105710,0.99,201301300800
105711,1.31,201301300800
105712,2.42,201301300800
105713,0.9,201301300800
105715,0.92,201301300800
105726,2.86,201301300800
105727,1.17,201301300800
105736,0.78,201301300800
105960,1.24,201301300800
105961,2.46,201301300800
105962,1.16,201301300800
105963,0.67,201301300800
105964,2.66,201301300800
105975,2.66,201301300800
106195,1.45,201301300800
106213,0.71,201301300800
106214,1.14,201301300800
106215,2.02,201301300800
106221,1.92,201301300800
106231,2.79,201301300800
106232,2.96,201301300800
106234,0.75,201301300800
106235,1.29,201301300800
106237,2.06,201301300800
106446,2.71,201301300800
106447,2.88,201301300800
106462,2.14,201301300800
106463,1.01,201301300800
106465,1.62,201301300800
106466,1.37,201301300800
106467,2.72,201301300800
106480,2.43,201301300800
106712,0.74,201301300800
106717,0.7,201301300800
106718,0.89,201301300800
106741,2.96,201301300800
106958,1.45,201301300800
106964,1.18,201301300800
106965,0.59,201301300800
106966,1.03,201301300800
106967,1.4,201301300800
106971,0.52,201301300800
106983,2.59,201301300800
106997,0.95,201301300800
107200,2.61,201301300800
107212,2.43,201301300800
107219,0.57,201301300800
107240,1.62,201301300800
107460,2.21,201301300800
107465,2.28,201301300800
107466,1.94,201301300800
107468,1.54,201301300800
107491,2.62,201301300800
107711,0.73,201301300800
107725,2.78,201301300800
107726,0.93,201301300800
107954,0.81,201301300800
107966,1.55,201301300800
107971,2.83,201301300800
107979,1.67,201301300800
107993,2.02,201301300800
108205,2.56,201301300800
108211,1.95,201301300800
108214,1.3,201301300800
108215,0.54,201301300800
108217,1.86,201301300800
108219,2.63,201301300800
108220,1.87,201301300800
108222,1.73,201301300800
108225,0.51,201301300800
108230,2.23,201301300800
108454,0.63,201301300800
108463,2.26,201301300800
108499,2.42,201301300800
108717,1.54,201301300800
108722,2.84,201301300800
108724,1.39,201301300800
108733,2.36,201301300800
108968,2.09,201301300800
108975,0.57,201301300800
108984,2.25,201301300800
108985,1.24,201301300800
109216,0.55,201301300800
109219,0.98,201301300800
109222,1.3,201301300800
109227,0.82,201301300800
109231,2.91,201301300800
109236,1.22,201301300800
109245,1.08,201301300800
109473,1.6,201301300800
109487,0.93,201301300800
109494,0.66,201301300800
109495,1.29,201301300800
109496,0.68,201301300800
109497,2.81,201301300800
109742,2.87,201301300800
109744,1.04,201301300800
109748,2.14,201301300800
109750,2.65,201301300800
109980,1.82,201301300800
109991,2.04,201301300800
109994,2.92,201301300800
109998,2.57,201301300800
110001,0.9,201301300800
110243,2.0,201301300800
110247,1.56,201301300800
110249,1.03,201301300800
110251,2.98,201301300800
110253,0.88,201301300800
110254,0.77,201301300800
