cell,mobility,dtg
1610,1.46,201301301600
1846,1.84,201301301600
1851,1.46,201301301600
1853,2.05,201301301600
1856,1.43,201301301600
1857,0.97,201301301600
2103,1.88,201301301600
2105,2.14,201301301600
2106,2.09,201301301600
2107,1.44,201301301600
2114,1.48,201301301600
2342,1.68,201301301600
2347,0.73,201301301600
2351,2.37,201301301600
2354,2.99,201301301600
2357,2.32,201301301600
2372,0.67,201301301600
2374,1.84,201301301600
2591,2.57,201301301600
2595,2.67,201301301600
2605,2.5,201301301600
2611,1.82,201301301600
2615,0.61,201301301600
2620,0.74,201301301600
2627,2.22,201301301600
2839,2.29,201301301600
2847,1.68,201301301600
3086,2.75,201301301600
3094,0.52,201301301600
3100,2.44,201301301600
3124,1.81,201301301600
3128,0.86,201301301600
3334,1.3,201301301600
3337,0.66,201301301600
3375,1.29,201301301600
3614,1.18,201301301600
3619,1.47,201301301600
3632,0.66,201301301600
3635,1.54,201301301600
3830,0.64,201301301600
3831,1.19,201301301600
3833,2.97,201301301600
3837,1.18,201301301600
3845,2.92,201301301600
3856,1.02,201301301600
3860,2.33,201301301600
3865,2.32,201301301600
4078,1.6,201301301600
4081,2.53,201301301600
4137,2.38,201301301600
4141,1.26,201301301600
4142,1.16,201301301600
4328,1.84,201301301600
4329,1.83,201301301600
4341,1.24,201301301600
4345,2.01,201301301600
4348,1.52,201301301600
4354,1.64,201301301600
4372,2.61,201301301600
4577,1.72,201301301600
4578,2.41,201301301600
4580,1.55,201301301600
4582,2.28,201301301600
4605,2.17,201301301600
4608,1.28,201301301600
4631,0.97,201301301600
4636,1.37,201301301600
4637,1.05,201301301600
4829,2.02,201301301600
4830,0.55,201301301600
4831,2.2,201301301600
4834,0.97,201301301600
4837,0.85,201301301600
4852,0.85,201301301600
4863,1.27,201301301600
4868,2.63,201301301600
4890,1.67,201301301600
4891,1.09,201301301600
5078,1.21,201301301600
5081,2.5,201301301600
5084,1.95,201301301600
5127,1.08,201301301600
5153,1.87,201301301600
5327,1.38,201301301600
5329,2.16,201301301600
5333,2.81,201301301600
5334,1.8,201301301600
5339,2.24,201301301600
5369,2.85,201301301600
5402,1.67,201301301600
5410,0.84,201301301600
5577,0.67,201301301600
5581,2.46,201301301600
5592,2.53,201301301600
5612,1.37,201301301600
5623,2.26,201301301600
5876,2.24,201301301600
5893,1.03,201301301600
5898,0.62,201301301600
6078,0.54,201301301600
6118,2.79,201301301600
6136,1.15,201301301600
6158,1.79,201301301600
6159,1.16,201301301600
6333,1.01,201301301600
6353,2.13,201301301600
6365,2.38,201301301600
6366,1.23,201301301600
6414,1.36,201301301600
6588,2.67,201301301600
6609,1.77,201301301600
6635,2.01,201301301600
6668,1.41,201301301600
6841,2.5,201301301600
6849,2.16,201301301600
6896,0.84,201301301600
6924,2.07,201301301600
6928,1.2,201301301600
6935,1.41,201301301600
6939,1.75,201301301600
7077,1.54,201301301600
7078,1.42,201301301600
7085,2.28,201301301600
7088,0.81,201301301600
7113,0.65,201301301600
7114,0.88,201301301600
7129,1.3,201301301600
7133,1.84,201301301600
7165,0.59,201301301600
7192,1.64,201301301600
7354,2.34,201301301600
7375,1.1,201301301600
7379,0.62,201301301600
7401,1.39,201301301600
7410,0.67,201301301600
7436,2.19,201301301600
7584,2.6,201301301600
7646,2.04,201301301600
7849,2.1,201301301600
7871,2.8,201301301600
7927,1.12,201301301600
7948,1.0,201301301600
8080,1.25,201301301600
8170,1.82,201301301600
8182,0.7,201301301600
8195,2.52,201301301600
8342,2.62,201301301600
8582,0.53,201301301600
8602,0.79,201301301600
8609,2.19,201301301600
8638,2.54,201301301600
8656,2.83,201301301600
8830,1.23,201301301600
8839,2.01,201301301600
8876,0.91,201301301600
8897,1.25,201301301600
8912,1.59,201301301600
8918,0.85,201301301600
8929,1.41,201301301600
8940,1.67,201301301600
8954,2.87,201301301600
9140,1.61,201301301600
9333,1.68,201301301600
9468,2.23,201301301600
9473,2.35,201301301600
9589,2.74,201301301600
9601,1.87,201301301600
9607,1.76,201301301600
9658,2.73,201301301600
9724,2.53,201301301600
9833,2.66,201301301600
10084,1.94,201301301600
10089,2.75,201301301600
10096,1.1,201301301600
10144,1.11,201301301600
10170,2.43,201301301600
10181,0.54,201301301600
10189,1.48,201301301600
10201,2.41,201301301600
10334,1.45,201301301600
10335,1.33,201301301600
10383,2.22,201301301600
10414,1.42,201301301600
10444,1.78,201301301600
10458,1.53,201301301600
10477,2.16,201301301600
10586,1.97,201301301600
10601,1.97,201301301600
10609,1.96,201301301600
10616,0.8,201301301600
10633,2.25,201301301600
10655,2.43,201301301600
10665,1.81,201301301600
10681,0.71,201301301600
10717,1.4,201301301600
10835,0.56,201301301600
10837,0.84,201301301600
10847,1.16,201301301600
10903,1.91,201301301600
10911,1.24,201301301600
10918,1.2,201301301600
10973,2.7,201301301600
11087,1.22,201301301600
11092,1.62,201301301600
11128,0.61,201301301600
11222,1.23,201301301600
11223,2.21,201301301600
11225,2.12,201301301600
11238,2.02,201301301600
11361,1.06,201301301600
11393,1.42,201301301600
11424,2.28,201301301600
11601,2.99,201301301600
11682,2.73,201301301600
11704,2.0,201301301600
11858,1.17,201301301600
11884,2.7,201301301600
11901,0.51,201301301600
11946,2.32,201301301600
11960,2.45,201301301600
11972,0.57,201301301600
12089,2.66,201301301600
12090,2.65,201301301600
12096,1.42,201301301600
12120,1.66,201301301600
12157,1.54,201301301600
12230,2.91,201301301600
12383,1.51,201301301600
12431,0.96,201301301600
12601,1.89,201301301600
12625,2.93,201301301600
12632,1.12,201301301600
12842,2.97,201301301600
12875,1.28,201301301600
12901,1.46,201301301600
12913,2.37,201301301600
12933,2.03,201301301600
12934,2.58,201301301600
12985,1.15,201301301600
13099,0.54,201301301600
13114,1.53,201301301600
13150,2.07,201301301600
13175,2.37,201301301600
13183,1.96,201301301600
13222,1.1,201301301600
13358,1.13,201301301600
13444,2.52,201301301600
13455,0.68,201301301600
13456,1.85,201301301600
13670,2.64,201301301600
13694,0.77,201301301600
13845,0.52,201301301600
13849,1.35,201301301600
14011,1.26,201301301600
14095,2.35,201301301600
14133,2.23,201301301600
14161,1.48,201301301600
14167,1.15,201301301600
14184,1.98,201301301600
14241,1.56,201301301600
14255,1.65,201301301600
14349,0.6,201301301600
14350,0.61,201301301600
14375,0.51,201301301600
14452,1.82,201301301600
14475,1.75,201301301600
14620,2.72,201301301600
14673,2.27,201301301600
14745,1.61,201301301600
14859,2.49,201301301600
14936,1.72,201301301600
14995,0.54,201301301600
15097,1.78,201301301600
15098,0.75,201301301600
15246,0.64,201301301600
15349,1.78,201301301600
15440,2.88,201301301600
15600,1.42,201301301600
15656,2.74,201301301600
15672,2.21,201301301600
15699,1.4,201301301600
15714,2.38,201301301600
15725,2.03,201301301600
15744,2.69,201301301600
15849,2.96,201301301600
15850,0.57,201301301600
15851,1.4,201301301600
15853,1.88,201301301600
15871,2.07,201301301600
16100,2.43,201301301600
16105,1.43,201301301600
16114,2.16,201301301600
16171,2.03,201301301600
16184,0.62,201301301600
16400,2.95,201301301600
16414,2.66,201301301600
16601,1.12,201301301600
16604,1.68,201301301600
16625,1.54,201301301600
16670,0.55,201301301600
16853,1.36,201301301600
16868,1.85,201301301600
16932,0.6,201301301600
17232,2.58,201301301600
17355,2.17,201301301600
17358,1.15,201301301600
17367,0.77,201301301600
17635,1.42,201301301600
17673,0.7,201301301600
17681,2.26,201301301600
17884,1.49,201301301600
17984,2.5,201301301600
18108,2.16,201301301600
18115,2.65,201301301600
18118,0.5,201301301600
18123,2.77,201301301600
18139,0.67,201301301600
18154,0.8,201301301600
18160,2.5,201301301600
18177,2.15,201301301600
18185,2.55,201301301600
18383,1.93,201301301600
18404,1.51,201301301600
18427,1.27,201301301600
18466,0.98,201301301600
18616,2.03,201301301600
18629,1.91,201301301600
18861,2.43,201301301600
18866,1.3,201301301600
18925,2.89,201301301600
19110,2.7,201301301600
19112,1.38,201301301600
19114,1.18,201301301600
19122,0.53,201301301600
19360,2.29,201301301600
19443,1.25,201301301600
19481,0.74,201301301600
19611,1.84,201301301600
19612,1.33,201301301600
19618,2.91,201301301600
19633,0.68,201301301600
19678,1.33,201301301600
19878,2.75,201301301600
19913,2.31,201301301600
20113,2.88,201301301600
20114,0.83,201301301600
20116,2.35,201301301600
20170,0.81,201301301600
20363,1.6,201301301600
20387,0.57,201301301600
20396,1.91,201301301600
20436,1.98,201301301600
20616,0.71,201301301600
20621,1.82,201301301600
20628,1.96,201301301600
20651,2.24,201301301600
20671,2.46,201301301600
20682,1.62,201301301600
20864,2.97,201301301600
20882,1.15,201301301600
20931,2.79,201301301600
20995,2.17,201301301600
21115,1.66,201301301600
21118,2.9,201301301600
21201,2.09,201301301600
21373,1.49,201301301600
21377,1.34,201301301600
21392,0.82,201301301600
21407,0.55,201301301600
21428,2.36,201301301600
21448,1.12,201301301600
21617,1.36,201301301600
21619,1.01,201301301600
21639,2.56,201301301600
21658,2.1,201301301600
21663,1.04,201301301600
21701,1.35,201301301600
21721,2.12,201301301600
21868,1.36,201301301600
21871,2.08,201301301600
21999,0.65,201301301600
22126,2.18,201301301600
22133,2.62,201301301600
22174,2.31,201301301600
22176,0.82,201301301600
22205,0.51,201301301600
22368,1.27,201301301600
22395,1.99,201301301600
22419,1.97,201301301600
22420,1.67,201301301600
22421,2.76,201301301600
22422,1.0,201301301600
22619,2.09,201301301600
22630,1.6,201301301600
22634,0.7,201301301600
22671,1.2,201301301600
22673,1.33,201301301600
22700,1.67,201301301600
22751,0.79,201301301600
22768,0.94,201301301600
22869,1.92,201301301600
22877,2.18,201301301600
22928,0.54,201301301600
22940,1.43,201301301600
22955,0.72,201301301600
22963,2.19,201301301600
22966,0.52,201301301600
23120,2.59,201301301600
23124,2.42,201301301600
23125,2.85,201301301600
23131,0.98,201301301600
23138,2.07,201301301600
23169,2.12,201301301600
23194,1.83,201301301600
23216,1.05,201301301600
23370,2.7,201301301600
23371,2.03,201301301600
23379,2.0,201301301600
23386,0.94,201301301600
23388,1.11,201301301600
23427,2.4,201301301600
23621,1.65,201301301600
23627,0.69,201301301600
23635,2.98,201301301600
23641,0.62,201301301600
23662,1.73,201301301600
23669,2.35,201301301600
23690,2.98,201301301600
23744,1.43,201301301600
23750,1.0,201301301600
23872,1.93,201301301600
23873,1.44,201301301600
23875,1.01,201301301600
23881,2.02,201301301600
23894,0.6,201301301600
23896,2.58,201301301600
23907,2.06,201301301600
23925,2.1,201301301600
23973,0.86,201301301600
24005,1.27,201301301600
24009,0.57,201301301600
24032,2.0,201301301600
24122,1.84,201301301600
24123,2.21,201301301600
24149,1.38,201301301600
24247,2.33,201301301600
24251,2.28,201301301600
24265,0.82,201301301600
24266,1.71,201301301600
24373,2.18,201301301600
24374,2.21,201301301600
24380,2.88,201301301600
24381,0.85,201301301600
24383,1.43,201301301600
24387,2.46,201301301600
24402,0.87,201301301600
24405,2.59,201301301600
24423,2.66,201301301600
24623,1.16,201301301600
24626,2.26,201301301600
24643,1.08,201301301600
24732,2.79,201301301600
24734,1.4,201301301600
24739,2.14,201301301600
24774,2.78,201301301600
24775,2.73,201301301600
24781,2.18,201301301600
24837,1.1,201301301600
24874,1.75,201301301600
24877,1.32,201301301600
24879,2.08,201301301600
24880,0.68,201301301600
24895,2.21,201301301600
24920,1.94,201301301600
24990,2.3,201301301600
24991,1.64,201301301600
24993,2.39,201301301600
25124,2.12,201301301600
25125,1.81,201301301600
25126,1.16,201301301600
25129,1.7,201301301600
25130,1.53,201301301600
25132,2.29,201301301600
25136,2.88,201301301600
25138,1.58,201301301600
25141,2.29,201301301600
25179,2.45,201301301600
25187,2.58,201301301600
25375,1.68,201301301600
25376,2.12,201301301600
25377,1.97,201301301600
25379,2.02,201301301600
25385,0.81,201301301600
25395,2.84,201301301600
25400,2.37,201301301600
25405,2.97,201301301600
25412,2.36,201301301600
25427,1.52,201301301600
25626,0.64,201301301600
25627,1.03,201301301600
25628,1.69,201301301600
25629,1.57,201301301600
25632,1.74,201301301600
25633,0.58,201301301600
25642,1.54,201301301600
25715,2.85,201301301600
25747,0.67,201301301600
25763,0.67,201301301600
25876,2.58,201301301600
25877,2.59,201301301600
25878,1.36,201301301600
25881,0.53,201301301600
25882,1.34,201301301600
25886,1.45,201301301600
25888,0.8,201301301600
25926,1.46,201301301600
25997,1.49,201301301600
26005,2.25,201301301600
26035,1.95,201301301600
26127,1.66,201301301600
26129,1.23,201301301600
26130,1.02,201301301600
26133,2.7,201301301600
26135,0.89,201301301600
26136,1.08,201301301600
26138,1.18,201301301600
26139,1.34,201301301600
26141,1.66,201301301600
26148,1.4,201301301600
26168,2.89,201301301600
26378,1.99,201301301600
26379,2.91,201301301600
26380,1.6,201301301600
26381,2.28,201301301600
26382,1.18,201301301600
26383,2.6,201301301600
26385,2.5,201301301600
26386,2.18,201301301600
26387,0.59,201301301600
26389,1.27,201301301600
26391,2.51,201301301600
26392,1.28,201301301600
26393,0.71,201301301600
26396,1.76,201301301600
26403,2.54,201301301600
26408,2.77,201301301600
26427,0.77,201301301600
26450,0.82,201301301600
26492,1.79,201301301600
26546,1.84,201301301600
26563,2.28,201301301600
26564,3.0,201301301600
26628,2.05,201301301600
26629,1.4,201301301600
26630,1.61,201301301600
26631,1.82,201301301600
26633,1.93,201301301600
26634,0.99,201301301600
26656,0.71,201301301600
26674,1.78,201301301600
26708,1.56,201301301600
26752,1.82,201301301600
26754,2.55,201301301600
26755,1.7,201301301600
26782,2.21,201301301600
26846,1.34,201301301600
26879,2.62,201301301600
26880,2.59,201301301600
26881,1.86,201301301600
26882,0.82,201301301600
26883,1.83,201301301600
26884,0.92,201301301600
26885,0.59,201301301600
26886,1.1,201301301600
26887,1.33,201301301600
26889,1.93,201301301600
26890,2.03,201301301600
26891,0.84,201301301600
26892,1.25,201301301600
26893,2.81,201301301600
26894,1.64,201301301600
26895,0.69,201301301600
26897,1.67,201301301600
26905,2.9,201301301600
26938,2.69,201301301600
26964,1.51,201301301600
27006,0.58,201301301600
27042,2.77,201301301600
27098,2.03,201301301600
27130,1.2,201301301600
27131,1.32,201301301600
27132,1.06,201301301600
27133,1.71,201301301600
27134,0.53,201301301600
27135,2.61,201301301600
27136,1.29,201301301600
27137,2.75,201301301600
27138,0.72,201301301600
27142,2.34,201301301600
27143,2.75,201301301600
27145,0.51,201301301600
27148,0.99,201301301600
27149,0.98,201301301600
27152,0.63,201301301600
27155,2.47,201301301600
27175,1.35,201301301600
27209,2.79,201301301600
27247,1.23,201301301600
27381,0.64,201301301600
27382,1.2,201301301600
27383,2.17,201301301600
27384,2.19,201301301600
27386,1.7,201301301600
27387,1.18,201301301600
27388,2.02,201301301600
27389,2.58,201301301600
27390,0.71,201301301600
27392,1.46,201301301600
27395,1.84,201301301600
27404,2.35,201301301600
27415,2.22,201301301600
27427,1.11,201301301600
27489,1.44,201301301600
27494,1.91,201301301600
27498,2.91,201301301600
27518,2.1,201301301600
27632,2.77,201301301600
27633,2.59,201301301600
27634,1.84,201301301600
27635,1.77,201301301600
27636,1.18,201301301600
27637,1.22,201301301600
27638,2.33,201301301600
27639,1.35,201301301600
27640,2.89,201301301600
27642,2.3,201301301600
27643,2.5,201301301600
27645,1.73,201301301600
27646,2.33,201301301600
27647,2.12,201301301600
27649,2.09,201301301600
27654,2.47,201301301600
27763,2.29,201301301600
27764,2.95,201301301600
27796,1.42,201301301600
27797,2.68,201301301600
27883,2.03,201301301600
27884,2.93,201301301600
27885,2.52,201301301600
27886,1.98,201301301600
27887,1.03,201301301600
27888,2.86,201301301600
27889,0.56,201301301600
27890,2.67,201301301600
27891,2.96,201301301600
27892,2.18,201301301600
27894,1.73,201301301600
27895,2.11,201301301600
27897,1.88,201301301600
27902,1.7,201301301600
27908,0.66,201301301600
27911,2.08,201301301600
27930,0.57,201301301600
27971,1.81,201301301600
28004,1.82,201301301600
28015,2.58,201301301600
28049,1.69,201301301600
28102,2.74,201301301600
28134,1.67,201301301600
28135,2.59,201301301600
28136,0.91,201301301600
28137,1.4,201301301600
28138,0.99,201301301600
28139,1.21,201301301600
28140,0.68,201301301600
28142,0.56,201301301600
28143,2.6,201301301600
28144,0.63,201301301600
28146,1.98,201301301600
28154,2.61,201301301600
28156,1.53,201301301600
28216,0.93,201301301600
28239,2.21,201301301600
28384,1.58,201301301600
28385,1.16,201301301600
28386,2.87,201301301600
28387,1.88,201301301600
28388,0.73,201301301600
28389,2.25,201301301600
28390,1.31,201301301600
28391,2.26,201301301600
28392,0.58,201301301600
28393,2.93,201301301600
28394,1.15,201301301600
28396,0.62,201301301600
28397,0.58,201301301600
28400,1.5,201301301600
28401,0.9,201301301600
28405,0.66,201301301600
28427,2.74,201301301600
28467,1.92,201301301600
28496,2.83,201301301600
28497,1.11,201301301600
28519,0.96,201301301600
28535,1.32,201301301600
28539,1.7,201301301600
28545,2.58,201301301600
28557,0.84,201301301600
28635,2.1,201301301600
28636,1.22,201301301600
28637,0.59,201301301600
28638,2.05,201301301600
28639,1.18,201301301600
28640,2.37,201301301600
28641,2.8,201301301600
28642,2.01,201301301600
28643,0.75,201301301600
28644,2.39,201301301600
28645,0.65,201301301600
28646,2.84,201301301600
28649,2.11,201301301600
28658,1.07,201301301600
28667,1.06,201301301600
28675,0.81,201301301600
28751,0.69,201301301600
28753,2.5,201301301600
28754,1.89,201301301600
28788,2.12,201301301600
28812,1.13,201301301600
28823,0.54,201301301600
28886,2.42,201301301600
28887,2.16,201301301600
28888,1.9,201301301600
28889,1.99,201301301600
28890,2.95,201301301600
28891,2.21,201301301600
28892,2.72,201301301600
28893,1.13,201301301600
28894,1.85,201301301600
28895,2.25,201301301600
28896,0.59,201301301600
28897,1.98,201301301600
28899,1.61,201301301600
28900,2.34,201301301600
28901,2.36,201301301600
28902,1.16,201301301600
28905,1.17,201301301600
28912,2.41,201301301600
28960,2.43,201301301600
28969,2.26,201301301600
29004,1.94,201301301600
29012,1.0,201301301600
29026,1.94,201301301600
29068,1.0,201301301600
29076,1.9,201301301600
29088,2.07,201301301600
29094,2.93,201301301600
29136,1.47,201301301600
29137,2.44,201301301600
29138,2.28,201301301600
29139,1.15,201301301600
29140,2.82,201301301600
29141,0.56,201301301600
29142,1.95,201301301600
29143,0.79,201301301600
29144,2.31,201301301600
29146,1.52,201301301600
29147,1.74,201301301600
29148,1.04,201301301600
29149,0.88,201301301600
29151,2.86,201301301600
29158,1.12,201301301600
29165,2.12,201301301600
29171,1.45,201301301600
29190,1.82,201301301600
29247,2.73,201301301600
29387,2.83,201301301600
29388,0.92,201301301600
29389,1.59,201301301600
29390,2.86,201301301600
29391,0.63,201301301600
29392,0.76,201301301600
29393,1.36,201301301600
29394,2.24,201301301600
29395,2.15,201301301600
29396,1.64,201301301600
29397,2.44,201301301600
29398,2.94,201301301600
29399,1.63,201301301600
29401,1.77,201301301600
29402,2.15,201301301600
29403,0.78,201301301600
29405,1.0,201301301600
29409,2.46,201301301600
29425,1.1,201301301600
29429,0.75,201301301600
29495,2.71,201301301600
29498,2.85,201301301600
29533,1.15,201301301600
29556,2.46,201301301600
29638,2.91,201301301600
29639,2.8,201301301600
29640,2.7,201301301600
29641,2.93,201301301600
29642,1.22,201301301600
29643,1.32,201301301600
29644,1.47,201301301600
29645,1.88,201301301600
29648,1.43,201301301600
29649,1.98,201301301600
29650,1.31,201301301600
29654,2.84,201301301600
29663,2.4,201301301600
29670,2.71,201301301600
29710,1.54,201301301600
29730,1.47,201301301600
29733,2.12,201301301600
29736,0.94,201301301600
29766,0.91,201301301600
29891,1.34,201301301600
29892,2.39,201301301600
29893,1.55,201301301600
29894,2.93,201301301600
29895,2.49,201301301600
29896,1.49,201301301600
29897,2.65,201301301600
29898,1.2,201301301600
29900,2.5,201301301600
29903,1.13,201301301600
29906,1.26,201301301600
29909,1.83,201301301600
29912,0.95,201301301600
29917,2.23,201301301600
29925,2.45,201301301600
29966,2.92,201301301600
30021,0.52,201301301600
30026,2.44,201301301600
30036,2.68,201301301600
30142,0.71,201301301600
30143,0.81,201301301600
30144,0.88,201301301600
30145,1.06,201301301600
30146,2.61,201301301600
30147,1.43,201301301600
30148,2.3,201301301600
30152,1.0,201301301600
30154,2.24,201301301600
30157,1.58,201301301600
30158,2.89,201301301600
30181,0.94,201301301600
30242,1.28,201301301600
30243,2.34,201301301600
30244,2.68,201301301600
30261,2.72,201301301600
30300,1.82,201301301600
30322,2.62,201301301600
30393,2.68,201301301600
30394,0.71,201301301600
30395,1.07,201301301600
30396,1.5,201301301600
30397,0.66,201301301600
30398,2.33,201301301600
30400,0.9,201301301600
30401,1.08,201301301600
30403,1.67,201301301600
30407,0.57,201301301600
30410,0.53,201301301600
30420,2.62,201301301600
30430,0.82,201301301600
30434,2.51,201301301600
30439,1.72,201301301600
30481,2.43,201301301600
30489,2.9,201301301600
30494,2.45,201301301600
30495,1.32,201301301600
30496,1.26,201301301600
30645,1.69,201301301600
30646,1.38,201301301600
30647,2.8,201301301600
30648,2.01,201301301600
30649,1.37,201301301600
30650,2.23,201301301600
30651,2.88,201301301600
30652,1.83,201301301600
30653,1.91,201301301600
30654,1.27,201301301600
30661,2.63,201301301600
30664,0.66,201301301600
30666,0.65,201301301600
30669,1.04,201301301600
30673,0.73,201301301600
30683,1.69,201301301600
30745,2.04,201301301600
30750,0.61,201301301600
30777,1.09,201301301600
30780,2.0,201301301600
30812,2.04,201301301600
30897,1.46,201301301600
30898,1.96,201301301600
30899,1.49,201301301600
30900,1.39,201301301600
30901,2.51,201301301600
30902,2.74,201301301600
30903,0.74,201301301600
30904,1.04,201301301600
30908,1.24,201301301600
30909,0.97,201301301600
30912,2.45,201301301600
30913,2.27,201301301600
30928,0.88,201301301600
30953,1.63,201301301600
30979,1.97,201301301600
30994,1.77,201301301600
30995,2.0,201301301600
31027,1.53,201301301600
31028,2.77,201301301600
31029,2.25,201301301600
31082,2.73,201301301600
31148,2.64,201301301600
31149,2.9,201301301600
31150,1.97,201301301600
31151,1.81,201301301600
31152,1.06,201301301600
31156,1.77,201301301600
31157,2.19,201301301600
31161,2.36,201301301600
31166,1.46,201301301600
31172,3.0,201301301600
31274,2.49,201301301600
31281,1.74,201301301600
31369,2.44,201301301600
31398,1.27,201301301600
31401,2.38,201301301600
31407,2.17,201301301600
31408,1.31,201301301600
31409,2.57,201301301600
31410,2.53,201301301600
31413,1.95,201301301600
31419,1.59,201301301600
31427,2.78,201301301600
31457,2.27,201301301600
31466,2.72,201301301600
31651,1.88,201301301600
31652,2.22,201301301600
31656,1.31,201301301600
31660,1.48,201301301600
31663,0.54,201301301600
31666,2.48,201301301600
31675,1.39,201301301600
31738,2.63,201301301600
31754,2.8,201301301600
31782,0.82,201301301600
31903,1.62,201301301600
31904,2.04,201301301600
31905,2.94,201301301600
31906,1.04,201301301600
31908,1.49,201301301600
31912,0.91,201301301600
31921,2.97,201301301600
31928,1.35,201301301600
31949,0.84,201301301600
32028,2.56,201301301600
32032,1.46,201301301600
32045,0.52,201301301600
32150,1.61,201301301600
32155,0.58,201301301600
32157,1.81,201301301600
32161,2.47,201301301600
32162,1.12,201301301600
32167,0.53,201301301600
32169,2.75,201301301600
32175,1.02,201301301600
32182,2.47,201301301600
32185,1.87,201301301600
32195,0.69,201301301600
32235,0.63,201301301600
32404,1.15,201301301600
32405,1.16,201301301600
32410,0.91,201301301600
32411,2.34,201301301600
32415,1.15,201301301600
32449,1.83,201301301600
32490,1.59,201301301600
32558,1.01,201301301600
32622,2.28,201301301600
32656,1.11,201301301600
32658,0.72,201301301600
32660,2.1,201301301600
32662,2.31,201301301600
32668,0.66,201301301600
32682,0.7,201301301600
32697,0.74,201301301600
32712,2.96,201301301600
32729,0.98,201301301600
32739,2.76,201301301600
32742,2.66,201301301600
32744,2.75,201301301600
32802,1.21,201301301600
32834,1.55,201301301600
32905,1.48,201301301600
32907,2.26,201301301600
32912,2.83,201301301600
32916,0.51,201301301600
32922,1.1,201301301600
32924,1.4,201301301600
32926,0.88,201301301600
32929,2.94,201301301600
32977,1.27,201301301600
32978,0.83,201301301600
33154,2.75,201301301600
33158,2.02,201301301600
33160,0.92,201301301600
33165,1.89,201301301600
33170,1.22,201301301600
33186,1.67,201301301600
33286,1.56,201301301600
33405,0.61,201301301600
33409,2.05,201301301600
33412,0.7,201301301600
33418,2.53,201301301600
33420,1.24,201301301600
33424,2.21,201301301600
33435,0.68,201301301600
33442,0.59,201301301600
33519,2.59,201301301600
33594,2.99,201301301600
33656,2.08,201301301600
33659,1.46,201301301600
33662,2.71,201301301600
33664,0.72,201301301600
33666,0.84,201301301600
33669,2.29,201301301600
33673,1.69,201301301600
33675,2.37,201301301600
33694,1.99,201301301600
33724,0.77,201301301600
33742,0.92,201301301600
33812,1.43,201301301600
33909,2.72,201301301600
33911,2.51,201301301600
33912,1.97,201301301600
33913,2.02,201301301600
33922,0.74,201301301600
33923,2.89,201301301600
33924,1.76,201301301600
33931,2.18,201301301600
33935,1.15,201301301600
33986,1.71,201301301600
34013,1.78,201301301600
34160,2.18,201301301600
34161,1.99,201301301600
34162,1.09,201301301600
34163,1.48,201301301600
34167,2.68,201301301600
34190,0.54,201301301600
34211,1.16,201301301600
34303,1.15,201301301600
34380,1.66,201301301600
34407,1.68,201301301600
34413,0.58,201301301600
34423,2.94,201301301600
34424,2.37,201301301600
34427,0.85,201301301600
34430,0.59,201301301600
34437,1.61,201301301600
34440,2.73,201301301600
34486,2.29,201301301600
34495,2.2,201301301600
34510,2.02,201301301600
34520,2.37,201301301600
34528,3.0,201301301600
34563,1.68,201301301600
34662,1.65,201301301600
34667,2.14,201301301600
34668,2.93,201301301600
34670,2.44,201301301600
34672,1.98,201301301600
34673,0.78,201301301600
34676,1.55,201301301600
34679,1.06,201301301600
34682,1.96,201301301600
34695,2.36,201301301600
34710,0.58,201301301600
34714,1.14,201301301600
34720,1.73,201301301600
34882,1.64,201301301600
34913,1.67,201301301600
34914,1.22,201301301600
34915,1.44,201301301600
34924,1.9,201301301600
34925,1.25,201301301600
34934,2.28,201301301600
34939,1.01,201301301600
34959,1.94,201301301600
34990,2.06,201301301600
35102,2.93,201301301600
35164,2.84,201301301600
35166,1.52,201301301600
35173,0.91,201301301600
35178,0.89,201301301600
35183,2.06,201301301600
35185,1.96,201301301600
35187,2.34,201301301600
35193,1.03,201301301600
35203,1.91,201301301600
35218,1.34,201301301600
35237,1.4,201301301600
35244,0.88,201301301600
35249,1.68,201301301600
35295,0.94,201301301600
35368,0.69,201301301600
35410,2.35,201301301600
35414,2.39,201301301600
35415,2.9,201301301600
35417,0.67,201301301600
35421,2.85,201301301600
35440,2.03,201301301600
35455,2.14,201301301600
35492,2.77,201301301600
35515,1.24,201301301600
35665,1.22,201301301600
35675,0.62,201301301600
35683,2.86,201301301600
35686,1.01,201301301600
35700,1.61,201301301600
35745,1.65,201301301600
35755,2.17,201301301600
35769,2.21,201301301600
35916,1.66,201301301600
35917,2.98,201301301600
35918,1.23,201301301600
35919,1.88,201301301600
35921,2.62,201301301600
35929,1.82,201301301600
35931,2.82,201301301600
35941,1.8,201301301600
35944,2.97,201301301600
35971,2.74,201301301600
35981,2.61,201301301600
35992,2.76,201301301600
35994,1.11,201301301600
36067,1.97,201301301600
36162,1.23,201301301600
36167,2.88,201301301600
36169,2.45,201301301600
36170,2.74,201301301600
36173,2.99,201301301600
36176,1.34,201301301600
36177,1.43,201301301600
36205,1.8,201301301600
36237,1.26,201301301600
36245,2.3,201301301600
36246,1.37,201301301600
36293,2.85,201301301600
36311,2.31,201301301600
36417,1.48,201301301600
36420,2.25,201301301600
36421,0.77,201301301600
36441,1.39,201301301600
36448,1.26,201301301600
36494,0.81,201301301600
36498,0.8,201301301600
36502,2.78,201301301600
36510,2.08,201301301600
36513,0.8,201301301600
36519,1.61,201301301600
36524,1.9,201301301600
36576,1.12,201301301600
36668,1.95,201301301600
36673,2.82,201301301600
36675,2.14,201301301600
36677,0.91,201301301600
36679,0.69,201301301600
36682,2.01,201301301600
36688,1.91,201301301600
36690,1.71,201301301600
36711,0.61,201301301600
36717,1.04,201301301600
36758,2.3,201301301600
36889,1.98,201301301600
36915,1.41,201301301600
36918,0.64,201301301600
36933,2.93,201301301600
36934,2.1,201301301600
36953,0.66,201301301600
36959,1.72,201301301600
36996,0.96,201301301600
36999,0.9,201301301600
37001,0.95,201301301600
37167,2.34,201301301600
37168,0.69,201301301600
37169,1.36,201301301600
37172,2.95,201301301600
37176,0.83,201301301600
37178,2.79,201301301600
37179,2.34,201301301600
37182,2.07,201301301600
37192,1.69,201301301600
37200,2.82,201301301600
37206,1.65,201301301600
37232,1.27,201301301600
37239,2.88,201301301600
37270,2.69,201301301600
37298,1.35,201301301600
37304,1.24,201301301600
37419,2.83,201301301600
37421,2.14,201301301600
37423,1.23,201301301600
37425,1.79,201301301600
37446,1.73,201301301600
37454,0.89,201301301600
37477,2.82,201301301600
37487,1.52,201301301600
37501,2.9,201301301600
37503,2.47,201301301600
37513,1.4,201301301600
37523,2.23,201301301600
37562,2.09,201301301600
37609,1.91,201301301600
37642,2.06,201301301600
37643,2.13,201301301600
37670,0.9,201301301600
37671,2.77,201301301600
37672,1.41,201301301600
37676,1.96,201301301600
37688,1.63,201301301600
37689,1.56,201301301600
37690,1.17,201301301600
37695,1.81,201301301600
37701,2.35,201301301600
37710,0.56,201301301600
37711,2.52,201301301600
37754,2.89,201301301600
37874,2.11,201301301600
37891,1.76,201301301600
37893,0.53,201301301600
37894,0.84,201301301600
37926,1.85,201301301600
37928,1.69,201301301600
37929,2.81,201301301600
37932,1.28,201301301600
37936,1.5,201301301600
37943,0.51,201301301600
37952,0.82,201301301600
37962,2.17,201301301600
37968,2.82,201301301600
38003,1.42,201301301600
38060,1.43,201301301600
38145,1.09,201301301600
38172,2.95,201301301600
38173,1.21,201301301600
38178,1.57,201301301600
38200,0.93,201301301600
38204,1.48,201301301600
38209,2.34,201301301600
38215,2.55,201301301600
38220,1.37,201301301600
38225,0.84,201301301600
38228,2.92,201301301600
38230,0.95,201301301600
38243,2.47,201301301600
38247,0.57,201301301600
38255,1.69,201301301600
38263,2.01,201301301600
38268,2.89,201301301600
38272,0.61,201301301600
38367,2.09,201301301600
38381,2.75,201301301600
38423,2.46,201301301600
38425,1.25,201301301600
38426,1.55,201301301600
38431,2.54,201301301600
38440,2.18,201301301600
38479,0.61,201301301600
38481,2.32,201301301600
38483,0.72,201301301600
38488,2.93,201301301600
38490,1.29,201301301600
38498,1.44,201301301600
38499,2.5,201301301600
38500,0.65,201301301600
38505,2.35,201301301600
38506,1.31,201301301600
38508,2.48,201301301600
38517,2.88,201301301600
38534,2.34,201301301600
38648,1.19,201301301600
38674,2.58,201301301600
38676,0.51,201301301600
38679,2.61,201301301600
38684,1.8,201301301600
38693,0.64,201301301600
38697,1.35,201301301600
38716,1.76,201301301600
38722,1.63,201301301600
38736,1.2,201301301600
38738,1.93,201301301600
38752,1.46,201301301600
38753,2.13,201301301600
38758,2.55,201301301600
38760,1.35,201301301600
38761,2.77,201301301600
38762,1.81,201301301600
38766,1.0,201301301600
38769,2.57,201301301600
38778,2.13,201301301600
38812,2.75,201301301600
38939,2.66,201301301600
38953,1.69,201301301600
38958,1.47,201301301600
38967,1.19,201301301600
39006,2.26,201301301600
39008,2.82,201301301600
39010,2.13,201301301600
39011,2.76,201301301600
39017,0.75,201301301600
39113,1.46,201301301600
39148,2.08,201301301600
39149,2.78,201301301600
39176,2.59,201301301600
39178,0.7,201301301600
39191,2.83,201301301600
39201,0.53,201301301600
39230,1.91,201301301600
39236,1.13,201301301600
39246,1.96,201301301600
39252,2.55,201301301600
39255,1.45,201301301600
39260,0.52,201301301600
39262,2.11,201301301600
39263,1.29,201301301600
39268,2.61,201301301600
39269,0.8,201301301600
39271,1.46,201301301600
39274,1.38,201301301600
39275,1.42,201301301600
39375,2.79,201301301600
39391,1.05,201301301600
39427,1.98,201301301600
39428,2.62,201301301600
39430,1.57,201301301600
39433,0.74,201301301600
39446,0.77,201301301600
39457,0.59,201301301600
39514,1.67,201301301600
39515,1.04,201301301600
39516,0.84,201301301600
39517,1.17,201301301600
39535,0.91,201301301600
39554,1.08,201301301600
39559,1.01,201301301600
39631,2.55,201301301600
39632,2.54,201301301600
39633,1.49,201301301600
39652,1.25,201301301600
39683,0.96,201301301600
39687,0.67,201301301600
39706,2.65,201301301600
39710,0.69,201301301600
39722,1.2,201301301600
39731,0.93,201301301600
39750,2.46,201301301600
39755,0.75,201301301600
39759,1.02,201301301600
39762,1.63,201301301600
39764,0.61,201301301600
39765,0.53,201301301600
39766,1.58,201301301600
39767,2.96,201301301600
39769,0.67,201301301600
39772,1.62,201301301600
39776,2.02,201301301600
39777,1.36,201301301600
39790,2.43,201301301600
39791,0.53,201301301600
39796,2.31,201301301600
39832,1.2,201301301600
39883,1.64,201301301600
39930,0.62,201301301600
39932,1.53,201301301600
39941,2.23,201301301600
39948,2.09,201301301600
39969,0.91,201301301600
40018,1.34,201301301600
40031,2.46,201301301600
40133,0.91,201301301600
40180,1.45,201301301600
40188,2.41,201301301600
40196,0.51,201301301600
40242,1.09,201301301600
40246,1.1,201301301600
40259,1.59,201301301600
40264,1.2,201301301600
40267,1.89,201301301600
40268,2.58,201301301600
40270,2.69,201301301600
40276,1.12,201301301600
40286,2.41,201301301600
40295,1.03,201301301600
40431,1.36,201301301600
40432,1.38,201301301600
40442,2.51,201301301600
40447,2.2,201301301600
40448,0.8,201301301600
40451,1.72,201301301600
40457,2.76,201301301600
40500,1.33,201301301600
40512,0.95,201301301600
40518,0.58,201301301600
40519,2.38,201301301600
40522,2.63,201301301600
40524,1.26,201301301600
40525,1.83,201301301600
40532,1.78,201301301600
40560,1.04,201301301600
40566,0.82,201301301600
40633,1.2,201301301600
40687,2.1,201301301600
40713,1.64,201301301600
40719,0.54,201301301600
40732,2.45,201301301600
40733,1.6,201301301600
40766,0.71,201301301600
40810,2.54,201301301600
40894,2.0,201301301600
40933,0.84,201301301600
40936,2.38,201301301600
40939,0.8,201301301600
40954,2.01,201301301600
40982,1.37,201301301600
41021,2.63,201301301600
41024,1.24,201301301600
41061,2.08,201301301600
41145,2.38,201301301600
41157,2.06,201301301600
41183,1.46,201301301600
41200,0.9,201301301600
41262,2.12,201301301600
41265,2.74,201301301600
41270,2.85,201301301600
41277,2.42,201301301600
41318,1.56,201301301600
41401,0.7,201301301600
41407,2.39,201301301600
41437,1.51,201301301600
41459,1.52,201301301600
41465,2.61,201301301600
41469,2.22,201301301600
41508,2.38,201301301600
41520,0.61,201301301600
41522,2.79,201301301600
41526,2.48,201301301600
41532,1.78,201301301600
41558,2.69,201301301600
41635,1.85,201301301600
41653,1.03,201301301600
41658,1.15,201301301600
41692,1.09,201301301600
41696,1.86,201301301600
41764,2.7,201301301600
41772,1.8,201301301600
41893,2.21,201301301600
41904,2.6,201301301600
41905,2.38,201301301600
41936,0.97,201301301600
41941,1.45,201301301600
41958,1.47,201301301600
41990,2.53,201301301600
42023,0.67,201301301600
42026,2.47,201301301600
42029,2.17,201301301600
42074,0.92,201301301600
42085,1.09,201301301600
42095,1.92,201301301600
42147,1.55,201301301600
42160,2.4,201301301600
42200,2.62,201301301600
42213,1.54,201301301600
42267,2.34,201301301600
42271,0.82,201301301600
42274,2.56,201301301600
42283,1.34,201301301600
42291,2.85,201301301600
42342,1.87,201301301600
42411,2.48,201301301600
42438,0.63,201301301600
42454,0.51,201301301600
42471,2.11,201301301600
42478,1.77,201301301600
42487,0.8,201301301600
42503,2.4,201301301600
42514,1.66,201301301600
42521,0.68,201301301600
42533,1.06,201301301600
42644,2.01,201301301600
42661,2.97,201301301600
42695,2.15,201301301600
42744,2.84,201301301600
42750,1.62,201301301600
42846,1.15,201301301600
42905,2.82,201301301600
42912,1.2,201301301600
42939,0.78,201301301600
42940,1.72,201301301600
42944,1.91,201301301600
42949,0.67,201301301600
43011,2.93,201301301600
43021,0.6,201301301600
43030,1.08,201301301600
43151,0.58,201301301600
43160,1.47,201301301600
43162,0.72,201301301600
43213,0.57,201301301600
43220,0.61,201301301600
43261,1.86,201301301600
43412,0.79,201301301600
43413,1.78,201301301600
43440,0.52,201301301600
43443,0.53,201301301600
43449,0.87,201301301600
43483,2.75,201301301600
43484,1.12,201301301600
43494,2.14,201301301600
43518,1.12,201301301600
43523,1.71,201301301600
43526,2.64,201301301600
43530,2.52,201301301600
43571,2.99,201301301600
43642,2.02,201301301600
43662,1.5,201301301600
43738,0.86,201301301600
43760,2.15,201301301600
43779,2.29,201301301600
43914,1.96,201301301600
43957,2.95,201301301600
43980,1.74,201301301600
43984,0.77,201301301600
43992,2.24,201301301600
43995,2.09,201301301600
44002,1.56,201301301600
44039,2.96,201301301600
44194,2.44,201301301600
44197,1.53,201301301600
44204,1.39,201301301600
44215,0.96,201301301600
44226,2.45,201301301600
44247,1.66,201301301600
44255,2.24,201301301600
44282,2.4,201301301600
44284,2.23,201301301600
44356,2.49,201301301600
44470,2.23,201301301600
44486,1.73,201301301600
44503,2.77,201301301600
44504,1.65,201301301600
44510,2.74,201301301600
44517,2.17,201301301600
44534,2.34,201301301600
44578,2.07,201301301600
44666,0.83,201301301600
44694,2.3,201301301600
44697,2.49,201301301600
44716,1.19,201301301600
44724,1.47,201301301600
44743,1.78,201301301600
44755,0.72,201301301600
44756,1.64,201301301600
44757,1.57,201301301600
44758,1.75,201301301600
44786,2.86,201301301600
44787,0.66,201301301600
44911,1.98,201301301600
44963,2.5,201301301600
45005,2.95,201301301600
45006,0.97,201301301600
45007,0.54,201301301600
45008,1.98,201301301600
45039,1.76,201301301600
45114,2.25,201301301600
45168,2.98,201301301600
45200,2.35,201301301600
45203,1.84,201301301600
45208,1.04,201301301600
45237,0.9,201301301600
45254,1.02,201301301600
45256,2.43,201301301600
45258,2.56,201301301600
45261,2.4,201301301600
45265,1.11,201301301600
45266,1.31,201301301600
45401,1.92,201301301600
45479,1.55,201301301600
45502,2.93,201301301600
45507,1.27,201301301600
45509,2.0,201301301600
45526,0.67,201301301600
45538,1.57,201301301600
45582,2.95,201301301600
45661,2.83,201301301600
45701,0.55,201301301600
45703,1.05,201301301600
45716,2.35,201301301600
45720,1.42,201301301600
45725,2.49,201301301600
45735,1.77,201301301600
45747,2.62,201301301600
45766,0.59,201301301600
45793,1.82,201301301600
45795,2.27,201301301600
45919,2.96,201301301600
45948,1.6,201301301600
46008,2.13,201301301600
46036,1.06,201301301600
46041,1.02,201301301600
46052,2.31,201301301600
46074,2.53,201301301600
46145,1.19,201301301600
46202,1.08,201301301600
46209,1.87,201301301600
46242,2.62,201301301600
46265,1.39,201301301600
46372,1.3,201301301600
46384,1.74,201301301600
46455,2.42,201301301600
46508,2.33,201301301600
46523,1.38,201301301600
46538,2.7,201301301600
46565,2.66,201301301600
46574,0.94,201301301600
46626,2.95,201301301600
46700,1.17,201301301600
46738,0.83,201301301600
46770,1.61,201301301600
46778,2.31,201301301600
46787,2.46,201301301600
46803,1.45,201301301600
46954,1.97,201301301600
46964,1.17,201301301600
46972,2.8,201301301600
46976,0.76,201301301600
46981,2.31,201301301600
47011,1.56,201301301600
47015,2.23,201301301600
47047,0.92,201301301600
47253,1.29,201301301600
47288,2.41,201301301600
47295,1.51,201301301600
47342,1.56,201301301600
47454,1.68,201301301600
47535,1.98,201301301600
47543,1.89,201301301600
47705,1.99,201301301600
47709,2.22,201301301600
47711,1.37,201301301600
47758,2.14,201301301600
47806,2.25,201301301600
47889,2.87,201301301600
47926,2.38,201301301600
47968,1.69,201301301600
47972,1.26,201301301600
47977,0.91,201301301600
47982,2.33,201301301600
48032,2.3,201301301600
48209,2.09,201301301600
48239,2.97,201301301600
48244,2.01,201301301600
48278,1.3,201301301600
48420,1.24,201301301600
48427,2.88,201301301600
48499,1.24,201301301600
48503,2.91,201301301600
48552,1.98,201301301600
48584,1.69,201301301600
48713,1.62,201301301600
48759,2.08,201301301600
48848,0.94,201301301600
48898,0.98,201301301600
49017,1.33,201301301600
49049,0.97,201301301600
49229,0.78,201301301600
49241,1.66,201301301600
49472,1.3,201301301600
49483,2.65,201301301600
49542,1.58,201301301600
49555,2.4,201301301600
49679,2.57,201301301600
49750,0.99,201301301600
49760,2.78,201301301600
49777,0.72,201301301600
49968,2.51,201301301600
50053,0.68,201301301600
50103,2.82,201301301600
50180,1.01,201301301600
50285,1.4,201301301600
50430,2.3,201301301600
50470,1.89,201301301600
50494,1.4,201301301600
50511,2.17,201301301600
50549,0.66,201301301600
50680,2.89,201301301600
50682,2.04,201301301600
50731,2.61,201301301600
50812,1.14,201301301600
50872,2.54,201301301600
51029,0.77,201301301600
51046,1.26,201301301600
51053,2.79,201301301600
51056,1.12,201301301600
51162,1.07,201301301600
51177,0.62,201301301600
51182,2.23,201301301600
51228,2.38,201301301600
51258,0.59,201301301600
51430,2.54,201301301600
51431,1.49,201301301600
51432,2.92,201301301600
51520,2.03,201301301600
51681,2.39,201301301600
51682,1.98,201301301600
51725,2.55,201301301600
51790,0.55,201301301600
51832,1.79,201301301600
51857,0.67,201301301600
51931,1.36,201301301600
51932,1.61,201301301600
51986,2.11,201301301600
52003,0.55,201301301600
52182,2.43,201301301600
52244,2.89,201301301600
52259,1.83,201301301600
52280,0.6,201301301600
52319,1.18,201301301600
52473,2.27,201301301600
52518,1.49,201301301600
52631,2.85,201301301600
52679,0.61,201301301600
52729,1.3,201301301600
52811,2.51,201301301600
52983,1.92,201301301600
52988,2.49,201301301600
52993,2.63,201301301600
53000,1.63,201301301600
53016,2.11,201301301600
53027,2.68,201301301600
53072,0.87,201301301600
53090,1.78,201301301600
53177,2.94,201301301600
53178,1.06,201301301600
53381,2.5,201301301600
53427,1.47,201301301600
53429,2.24,201301301600
53761,1.02,201301301600
53774,2.63,201301301600
53797,2.79,201301301600
53810,2.1,201301301600
53822,2.41,201301301600
53864,0.76,201301301600
53927,1.27,201301301600
54038,1.75,201301301600
54071,2.85,201301301600
54234,1.19,201301301600
54281,0.91,201301301600
54284,0.94,201301301600
54327,0.54,201301301600
54334,1.41,201301301600
54349,2.65,201301301600
54427,1.09,201301301600
54503,0.64,201301301600
54510,2.73,201301301600
54520,1.0,201301301600
54550,0.92,201301301600
54578,1.6,201301301600
54678,2.59,201301301600
54828,1.28,201301301600
54983,2.38,201301301600
54996,1.89,201301301600
55070,0.94,201301301600
55329,1.54,201301301600
55331,1.82,201301301600
55535,2.78,201301301600
55633,1.16,201301301600
55680,1.26,201301301600
55761,2.32,201301301600
55831,1.66,201301301600
55832,2.89,201301301600
55838,2.01,201301301600
55845,2.03,201301301600
56106,2.36,201301301600
56493,0.64,201301301600
56571,2.73,201301301600
56586,1.28,201301301600
56587,1.45,201301301600
56591,0.95,201301301600
56738,0.91,201301301600
56835,1.86,201301301600
56882,1.36,201301301600
56887,2.57,201301301600
56888,2.28,201301301600
56933,1.9,201301301600
56934,2.98,201301301600
57042,1.26,201301301600
57062,1.5,201301301600
57189,0.62,201301301600
57261,2.84,201301301600
57329,1.22,201301301600
57342,2.65,201301301600
57376,0.89,201301301600
57378,1.7,201301301600
57380,0.54,201301301600
57397,1.87,201301301600
57440,0.59,201301301600
57495,1.96,201301301600
57523,1.79,201301301600
57555,1.35,201301301600
57597,1.4,201301301600
57613,2.78,201301301600
57615,2.81,201301301600
57628,2.46,201301301600
57631,2.35,201301301600
57823,1.59,201301301600
57837,2.94,201301301600
57851,1.36,201301301600
57852,2.37,201301301600
57906,2.9,201301301600
58179,1.38,201301301600
58251,1.39,201301301600
58421,2.62,201301301600
58511,2.77,201301301600
58632,2.06,201301301600
58744,2.95,201301301600
58802,0.98,201301301600
58814,1.04,201301301600
58879,2.4,201301301600
58892,2.02,201301301600
59010,2.44,201301301600
59043,1.25,201301301600
59104,1.52,201301301600
59125,0.56,201301301600
59134,2.42,201301301600
59285,2.74,201301301600
59329,1.73,201301301600
59555,0.73,201301301600
59635,0.76,201301301600
59745,0.66,201301301600
59927,2.06,201301301600
59941,2.73,201301301600
60008,2.31,201301301600
60011,2.28,201301301600
60114,2.93,201301301600
60141,2.18,201301301600
60147,2.59,201301301600
60331,1.9,201301301600
60344,1.55,201301301600
60350,2.69,201301301600
60578,1.75,201301301600
60593,2.9,201301301600
60613,1.07,201301301600
60630,2.35,201301301600
60635,2.66,201301301600
60649,2.05,201301301600
60750,2.35,201301301600
60774,1.8,201301301600
60819,0.82,201301301600
60880,1.85,201301301600
60888,2.11,201301301600
61062,2.5,201301301600
61110,1.23,201301301600
61263,1.79,201301301600
61343,1.91,201301301600
61591,1.81,201301301600
61597,1.93,201301301600
61654,1.72,201301301600
61818,1.71,201301301600
62077,1.37,201301301600
62104,2.73,201301301600
62135,2.21,201301301600
62140,0.63,201301301600
62252,1.86,201301301600
62558,2.21,201301301600
62589,1.74,201301301600
62757,1.45,201301301600
62772,1.41,201301301600
62850,2.1,201301301600
62926,2.02,201301301600
62948,1.89,201301301600
63044,2.45,201301301600
63153,1.97,201301301600
63383,0.8,201301301600
63397,2.35,201301301600
63398,0.84,201301301600
63407,0.63,201301301600
63574,2.39,201301301600
63586,2.31,201301301600
63816,2.79,201301301600
64102,1.25,201301301600
64150,1.11,201301301600
64200,1.37,201301301600
64515,1.15,201301301600
64529,0.9,201301301600
64573,1.52,201301301600
64581,1.9,201301301600
64815,2.06,201301301600
64915,2.92,201301301600
65059,1.49,201301301600
65144,1.05,201301301600
65320,1.17,201301301600
65375,0.6,201301301600
65454,1.11,201301301600
65528,0.55,201301301600
65607,1.37,201301301600
65774,1.68,201301301600
65838,0.76,201301301600
66068,2.5,201301301600
66084,1.03,201301301600
66151,1.51,201301301600
66353,1.24,201301301600
66538,1.63,201301301600
66575,1.7,201301301600
66637,1.71,201301301600
66827,2.31,201301301600
66870,2.41,201301301600
67110,2.45,201301301600
67207,2.92,201301301600
67335,2.97,201301301600
67385,2.64,201301301600
67599,0.96,201301301600
67601,1.54,201301301600
67602,2.58,201301301600
67698,2.69,201301301600
67824,0.73,201301301600
67842,2.29,201301301600
67854,0.54,201301301600
67855,0.92,201301301600
67918,0.85,201301301600
68103,0.71,201301301600
68104,0.52,201301301600
68110,1.7,201301301600
68111,0.61,201301301600
68349,2.36,201301301600
68354,1.36,201301301600
68356,1.58,201301301600
68454,2.19,201301301600
68455,2.01,201301301600
68587,1.37,201301301600
68857,1.51,201301301600
68858,2.63,201301301600
68897,2.49,201301301600
68924,2.25,201301301600
68930,1.82,201301301600
69106,1.58,201301301600
69190,2.85,201301301600
69206,0.51,201301301600
69359,2.6,201301301600
69371,2.93,201301301600
69455,1.11,201301301600
69582,0.85,201301301600
69613,2.76,201301301600
69676,2.9,201301301600
70115,2.16,201301301600
70132,1.05,201301301600
70181,0.93,201301301600
70342,1.08,201301301600
70352,2.22,201301301600
70360,0.74,201301301600
70374,1.65,201301301600
70440,1.02,201301301600
70462,0.58,201301301600
70619,1.62,201301301600
70659,0.54,201301301600
70715,2.64,201301301600
70903,1.09,201301301600
70934,0.92,201301301600
70961,1.62,201301301600
71122,1.91,201301301600
71187,0.59,201301301600
71399,2.92,201301301600
71601,1.16,201301301600
71629,1.26,201301301600
71888,1.25,201301301600
71961,1.74,201301301600
71964,1.29,201301301600
72201,1.04,201301301600
72218,2.03,201301301600
72345,1.73,201301301600
72367,2.36,201301301600
72407,2.36,201301301600
72416,2.1,201301301600
72706,2.54,201301301600
72894,2.25,201301301600
73104,1.25,201301301600
73135,0.72,201301301600
73211,2.47,201301301600
73223,1.62,201301301600
73451,1.18,201301301600
73460,2.55,201301301600
73461,0.57,201301301600
73557,1.3,201301301600
73669,2.42,201301301600
74158,1.32,201301301600
74216,0.84,201301301600
74388,1.02,201301301600
74396,0.64,201301301600
74466,0.86,201301301600
74467,2.84,201301301600
74638,1.01,201301301600
74677,2.55,201301301600
74678,2.8,201301301600
74711,0.84,201301301600
74721,2.68,201301301600
74962,1.59,201301301600
74968,1.92,201301301600
74973,1.72,201301301600
75224,1.44,201301301600
75329,1.21,201301301600
75386,1.19,201301301600
75424,2.4,201301301600
75436,1.44,201301301600
75475,2.65,201301301600
75619,2.4,201301301600
75721,1.45,201301301600
75722,0.66,201301301600
75724,2.12,201301301600
75725,1.87,201301301600
75726,1.81,201301301600
75727,0.74,201301301600
75974,1.38,201301301600
75975,0.83,201301301600
76133,2.23,201301301600
76227,1.39,201301301600
76393,1.59,201301301600
76473,2.2,201301301600
76477,2.77,201301301600
76654,1.27,201301301600
76728,0.93,201301301600
76959,1.18,201301301600
77169,2.34,201301301600
77230,2.85,201301301600
77381,0.68,201301301600
77458,0.73,201301301600
77641,0.7,201301301600
77942,1.8,201301301600
77981,2.75,201301301600
78205,2.78,201301301600
78418,1.2,201301301600
78654,1.02,201301301600
78733,2.9,201301301600
78881,1.12,201301301600
78896,2.0,201301301600
78909,1.32,201301301600
78983,0.88,201301301600
79234,1.32,201301301600
79379,0.66,201301301600
79394,0.57,201301301600
79484,2.77,201301301600
79712,1.45,201301301600
79911,1.34,201301301600
79915,1.98,201301301600
80160,2.08,201301301600
80161,2.07,201301301600
80193,2.75,201301301600
80352,1.44,201301301600
80397,2.42,201301301600
80406,2.62,201301301600
80411,2.07,201301301600
80412,0.69,201301301600
80413,0.64,201301301600
80420,2.28,201301301600
80485,1.96,201301301600
80635,1.03,201301301600
80659,1.27,201301301600
80663,1.41,201301301600
80664,1.76,201301301600
80703,1.8,201301301600
80877,1.24,201301301600
80916,2.51,201301301600
81163,2.54,201301301600
81164,0.94,201301301600
81354,2.24,201301301600
81363,2.01,201301301600
81390,2.19,201301301600
81625,2.92,201301301600
81651,1.46,201301301600
81899,1.58,201301301600
82135,1.08,201301301600
82168,1.42,201301301600
82169,1.24,201301301600
82237,1.86,201301301600
82613,1.07,201301301600
82622,1.29,201301301600
82664,2.54,201301301600
82892,0.69,201301301600
82951,2.7,201301301600
83410,2.0,201301301600
83489,0.79,201301301600
83735,0.6,201301301600
83865,0.99,201301301600
84123,2.18,201301301600
84179,1.97,201301301600
84207,2.19,201301301600
84212,1.88,201301301600
84221,0.89,201301301600
84366,1.85,201301301600
84689,1.64,201301301600
84712,1.59,201301301600
84902,2.5,201301301600
85474,1.98,201301301600
85487,1.84,201301301600
85620,2.4,201301301600
85705,0.93,201301301600
85715,1.26,201301301600
85738,1.82,201301301600
86440,1.01,201301301600
86622,1.39,201301301600
86623,0.88,201301301600
86672,1.66,201301301600
86873,2.92,201301301600
86895,2.12,201301301600
87121,1.81,201301301600
87227,2.24,201301301600
87460,1.65,201301301600
87690,1.08,201301301600
87873,2.04,201301301600
88242,0.54,201301301600
88463,2.29,201301301600
89120,1.73,201301301600
89152,2.04,201301301600
89175,1.32,201301301600
89198,1.61,201301301600
89615,1.03,201301301600
89625,1.43,201301301600
90116,1.09,201301301600
90183,0.63,201301301600
90497,2.91,201301301600
90699,2.87,201301301600
90719,2.85,201301301600
91200,2.3,201301301600
91432,1.63,201301301600
91434,2.41,201301301600
91684,0.78,201301301600
91713,1.78,201301301600
91744,0.84,201301301600
92233,2.29,201301301600
93205,1.35,201301301600
93244,0.56,201301301600
93252,1.33,201301301600
93463,2.95,201301301600
93675,2.53,201301301600
93944,0.63,201301301600
94431,2.45,201301301600
94710,1.52,201301301600
94755,2.89,201301301600
94997,0.96,201301301600
95000,1.43,201301301600
95707,0.73,201301301600
95949,0.92,201301301600
95998,1.38,201301301600
96188,1.39,201301301600
96225,2.58,201301301600
96249,2.75,201301301600
96468,2.25,201301301600
96486,1.79,201301301600
96718,0.74,201301301600
96972,2.02,201301301600
96995,1.67,201301301600
97251,2.08,201301301600
97440,0.73,201301301600
97471,1.26,201301301600
97969,2.44,201301301600
97990,0.97,201301301600
98224,0.89,201301301600
98229,1.06,201301301600
98450,2.42,201301301600
98475,0.99,201301301600
98739,1.01,201301301600
99256,0.51,201301301600
99468,2.56,201301301600
99730,0.97,201301301600
101215,2.91,201301301600
101911,2.63,201301301600
101912,0.66,201301301600
101989,1.26,201301301600
102999,1.8,201301301600
103242,1.23,201301301600
103431,2.71,201301301600
104177,1.27,201301301600
104221,2.0,201301301600
104239,1.65,201301301600
104701,2.61,201301301600
104984,2.23,201301301600
105196,1.32,201301301600
105219,1.63,201301301600
105460,0.54,201301301600
105461,1.4,201301301600
105481,1.08,201301301600
105489,2.86,201301301600
105709,0.99,201301301600
105710,1.34,201301301600
105711,0.7,201301301600
105712,1.93,201301301600
105713,2.86,201301301600
105715,1.5,201301301600
105726,2.9,201301301600
105727,1.63,201301301600
105736,2.38,201301301600
105960,1.84,201301301600
105961,2.81,201301301600
105962,1.27,201301301600
105963,1.67,201301301600
105964,1.94,201301301600
105975,1.6,201301301600
106195,2.01,201301301600
106213,2.7,201301301600
106214,2.66,201301301600
106215,1.24,201301301600
106221,1.05,201301301600
106231,2.26,201301301600
106232,0.73,201301301600
106234,2.61,201301301600
106235,1.86,201301301600
106237,2.56,201301301600
106446,2.89,201301301600
106447,2.2,201301301600
106462,2.82,201301301600
106463,2.88,201301301600
106465,1.8,201301301600
106466,1.42,201301301600
106467,0.97,201301301600
106480,2.84,201301301600
106712,0.54,201301301600
106717,2.27,201301301600
106718,2.53,201301301600
106741,1.47,201301301600
106958,1.8,201301301600
106964,1.06,201301301600
106965,2.91,201301301600
106966,1.03,201301301600
106967,2.99,201301301600
106971,1.44,201301301600
106983,0.63,201301301600
106997,2.09,201301301600
107200,2.37,201301301600
107212,2.38,201301301600
107219,2.22,201301301600
107240,0.59,201301301600
107460,1.01,201301301600
107465,1.93,201301301600
107466,0.72,201301301600
107468,1.31,201301301600
107491,2.55,201301301600
107711,0.82,201301301600
107725,0.86,201301301600
107726,2.22,201301301600
107954,0.93,201301301600
107966,2.64,201301301600
107971,2.69,201301301600
107979,0.75,201301301600
107993,1.62,201301301600
108205,1.86,201301301600
108211,0.67,201301301600
108214,1.83,201301301600
108215,1.36,201301301600
108217,1.2,201301301600
108219,0.75,201301301600
108220,2.13,201301301600
108222,0.6,201301301600
108225,1.2,201301301600
108230,2.28,201301301600
108454,1.51,201301301600
108463,2.63,201301301600
108499,1.58,201301301600
108717,1.47,201301301600
108722,1.8,201301301600
108724,1.97,201301301600
108733,0.51,201301301600
108968,2.28,201301301600
108975,1.56,201301301600
108984,2.1,201301301600
108985,2.84,201301301600
109216,0.52,201301301600
109219,1.23,201301301600
109222,1.98,201301301600
109227,1.09,201301301600
109231,1.48,201301301600
109236,1.77,201301301600
109245,2.94,201301301600
109473,2.56,201301301600
109487,1.98,201301301600
109494,2.39,201301301600
109495,0.8,201301301600
109496,2.42,201301301600
109497,2.96,201301301600
109742,1.01,201301301600
109744,0.5,201301301600
109748,2.35,201301301600
109750,2.5,201301301600
109980,1.88,201301301600
109991,1.25,201301301600
109994,0.99,201301301600
109998,2.3,201301301600
110001,1.84,201301301600
110243,1.02,201301301600
110247,2.78,201301301600
110249,1.53,201301301600
110251,2.84,201301301600
110253,0.57,201301301600
110254,0.68,201301301600
