cell,mobility,dtg
1610,0.53,201301211600
1846,2.89,201301211600
1851,2.18,201301211600
1853,1.09,201301211600
1856,2.58,201301211600
1857,0.69,201301211600
2103,1.08,201301211600
2105,2.5,201301211600
2106,0.8,201301211600
2107,1.6,201301211600
2114,0.53,201301211600
2342,2.67,201301211600
2347,1.56,201301211600
2351,2.96,201301211600
2354,1.84,201301211600
2357,2.69,201301211600
2372,1.19,201301211600
2374,2.67,201301211600
2591,2.04,201301211600
2595,1.07,201301211600
2605,2.69,201301211600
2611,0.99,201301211600
2615,2.95,201301211600
2620,1.42,201301211600
2627,1.79,201301211600
2839,1.7,201301211600
2847,1.41,201301211600
3086,2.58,201301211600
3094,2.05,201301211600
3100,1.01,201301211600
3124,1.73,201301211600
3128,2.85,201301211600
3334,2.08,201301211600
3337,0.93,201301211600
3375,2.45,201301211600
3614,2.67,201301211600
3619,0.79,201301211600
3632,0.62,201301211600
3635,0.86,201301211600
3830,1.04,201301211600
3831,1.99,201301211600
3833,2.3,201301211600
3837,1.89,201301211600
3845,1.83,201301211600
3856,1.35,201301211600
3860,2.97,201301211600
3865,1.45,201301211600
4078,0.92,201301211600
4081,2.67,201301211600
4137,2.09,201301211600
4141,2.87,201301211600
4142,1.87,201301211600
4328,0.77,201301211600
4329,1.89,201301211600
4341,2.66,201301211600
4345,2.7,201301211600
4348,2.85,201301211600
4354,1.03,201301211600
4372,1.96,201301211600
4577,2.54,201301211600
4578,1.28,201301211600
4580,2.37,201301211600
4582,0.71,201301211600
4605,2.93,201301211600
4608,1.32,201301211600
4631,2.73,201301211600
4636,1.69,201301211600
4637,0.73,201301211600
4829,1.55,201301211600
4830,0.84,201301211600
4831,2.5,201301211600
4834,2.74,201301211600
4837,2.42,201301211600
4852,1.84,201301211600
4863,0.62,201301211600
4868,1.54,201301211600
4890,2.6,201301211600
4891,0.64,201301211600
5078,1.67,201301211600
5081,1.12,201301211600
5084,1.34,201301211600
5127,2.26,201301211600
5153,0.94,201301211600
5327,1.99,201301211600
5329,2.62,201301211600
5333,1.76,201301211600
5334,1.6,201301211600
5339,2.51,201301211600
5369,2.37,201301211600
5402,1.3,201301211600
5410,0.69,201301211600
5577,1.03,201301211600
5581,1.82,201301211600
5592,1.28,201301211600
5612,1.29,201301211600
5623,0.83,201301211600
5876,2.72,201301211600
5893,1.31,201301211600
5898,0.51,201301211600
6078,0.56,201301211600
6118,2.37,201301211600
6136,1.56,201301211600
6158,0.56,201301211600
6159,2.11,201301211600
6333,0.95,201301211600
6353,2.0,201301211600
6365,2.98,201301211600
6366,1.63,201301211600
6414,1.63,201301211600
6588,1.02,201301211600
6609,0.63,201301211600
6635,1.21,201301211600
6668,0.55,201301211600
6841,2.64,201301211600
6849,0.86,201301211600
6896,2.74,201301211600
6924,0.5,201301211600
6928,2.29,201301211600
6935,2.87,201301211600
6939,0.61,201301211600
7077,1.36,201301211600
7078,1.54,201301211600
7085,0.8,201301211600
7088,1.45,201301211600
7113,0.86,201301211600
7114,2.46,201301211600
7129,1.78,201301211600
7133,0.81,201301211600
7165,2.77,201301211600
7192,2.26,201301211600
7354,1.12,201301211600
7375,1.81,201301211600
7379,2.13,201301211600
7401,2.07,201301211600
7410,1.8,201301211600
7436,1.66,201301211600
7584,2.41,201301211600
7646,1.48,201301211600
7849,1.33,201301211600
7871,0.81,201301211600
7927,1.38,201301211600
7948,2.77,201301211600
8080,0.77,201301211600
8170,0.89,201301211600
8182,3.0,201301211600
8195,2.88,201301211600
8342,0.87,201301211600
8582,2.69,201301211600
8602,0.61,201301211600
8609,1.26,201301211600
8638,0.61,201301211600
8656,1.43,201301211600
8830,1.58,201301211600
8839,1.52,201301211600
8876,1.57,201301211600
8897,1.62,201301211600
8912,2.69,201301211600
8918,1.96,201301211600
8929,2.91,201301211600
8940,1.11,201301211600
8954,2.52,201301211600
9140,1.12,201301211600
9333,2.89,201301211600
9468,1.81,201301211600
9473,1.8,201301211600
9589,2.07,201301211600
9601,2.56,201301211600
9607,1.31,201301211600
9658,1.8,201301211600
9724,1.84,201301211600
9833,1.54,201301211600
10084,1.92,201301211600
10089,0.54,201301211600
10096,1.44,201301211600
10144,2.69,201301211600
10170,1.68,201301211600
10181,2.3,201301211600
10189,1.08,201301211600
10201,1.95,201301211600
10334,2.16,201301211600
10335,2.27,201301211600
10383,2.89,201301211600
10414,2.77,201301211600
10444,1.75,201301211600
10458,2.13,201301211600
10477,1.07,201301211600
10586,2.94,201301211600
10601,1.23,201301211600
10609,1.16,201301211600
10616,1.8,201301211600
10633,0.7,201301211600
10655,2.36,201301211600
10665,0.68,201301211600
10681,0.9,201301211600
10717,1.21,201301211600
10835,1.11,201301211600
10837,2.39,201301211600
10847,1.69,201301211600
10903,1.77,201301211600
10911,2.84,201301211600
10918,2.39,201301211600
10973,2.15,201301211600
11087,0.51,201301211600
11092,0.93,201301211600
11128,1.05,201301211600
11222,2.18,201301211600
11223,0.69,201301211600
11225,2.77,201301211600
11238,1.83,201301211600
11361,2.58,201301211600
11393,1.72,201301211600
11424,0.68,201301211600
11601,0.92,201301211600
11682,2.36,201301211600
11704,0.7,201301211600
11858,0.54,201301211600
11884,2.55,201301211600
11901,0.89,201301211600
11946,2.06,201301211600
11960,2.31,201301211600
11972,1.28,201301211600
12089,1.24,201301211600
12090,1.02,201301211600
12096,2.99,201301211600
12120,1.05,201301211600
12157,1.47,201301211600
12230,1.04,201301211600
12383,1.73,201301211600
12431,2.97,201301211600
12601,2.67,201301211600
12625,1.87,201301211600
12632,1.01,201301211600
12842,2.38,201301211600
12875,1.61,201301211600
12901,0.78,201301211600
12913,0.54,201301211600
12933,1.36,201301211600
12934,2.34,201301211600
12985,0.75,201301211600
13099,2.69,201301211600
13114,2.83,201301211600
13150,1.22,201301211600
13175,2.0,201301211600
13183,0.99,201301211600
13222,1.01,201301211600
13358,0.71,201301211600
13444,0.65,201301211600
13455,1.2,201301211600
13456,2.24,201301211600
13670,1.48,201301211600
13694,1.61,201301211600
13845,0.76,201301211600
13849,1.67,201301211600
14011,0.58,201301211600
14095,2.64,201301211600
14133,2.48,201301211600
14161,2.23,201301211600
14167,1.98,201301211600
14184,1.68,201301211600
14241,0.52,201301211600
14255,2.1,201301211600
14349,1.87,201301211600
14350,2.65,201301211600
14375,1.42,201301211600
14452,0.9,201301211600
14475,2.83,201301211600
14620,1.46,201301211600
14673,0.72,201301211600
14745,2.19,201301211600
14859,0.59,201301211600
14936,2.74,201301211600
14995,1.79,201301211600
15097,1.82,201301211600
15098,1.07,201301211600
15246,0.82,201301211600
15349,0.6,201301211600
15440,1.8,201301211600
15600,1.72,201301211600
15656,2.06,201301211600
15672,0.78,201301211600
15699,2.47,201301211600
15714,1.22,201301211600
15725,0.72,201301211600
15744,2.02,201301211600
15849,0.7,201301211600
15850,0.61,201301211600
15851,1.34,201301211600
15853,1.89,201301211600
15871,2.36,201301211600
16100,1.1,201301211600
16105,2.68,201301211600
16114,2.91,201301211600
16171,2.07,201301211600
16184,1.93,201301211600
16400,1.06,201301211600
16414,2.62,201301211600
16601,2.08,201301211600
16604,1.12,201301211600
16625,1.43,201301211600
16670,1.05,201301211600
16853,1.03,201301211600
16868,1.94,201301211600
16932,0.71,201301211600
17232,0.94,201301211600
17355,0.98,201301211600
17358,1.03,201301211600
17367,2.76,201301211600
17635,2.92,201301211600
17673,2.08,201301211600
17681,2.04,201301211600
17884,0.92,201301211600
17984,2.47,201301211600
18108,0.99,201301211600
18115,1.86,201301211600
18118,2.47,201301211600
18123,2.28,201301211600
18139,1.87,201301211600
18154,2.86,201301211600
18160,2.85,201301211600
18177,2.04,201301211600
18185,1.94,201301211600
18383,0.94,201301211600
18404,0.91,201301211600
18427,2.88,201301211600
18466,0.61,201301211600
18616,2.17,201301211600
18629,2.48,201301211600
18861,1.45,201301211600
18866,0.65,201301211600
18925,1.71,201301211600
19110,1.19,201301211600
19112,1.27,201301211600
19114,0.7,201301211600
19122,1.08,201301211600
19360,2.1,201301211600
19443,1.37,201301211600
19481,0.77,201301211600
19611,0.59,201301211600
19612,1.41,201301211600
19618,1.99,201301211600
19633,1.14,201301211600
19678,2.38,201301211600
19878,0.86,201301211600
19913,1.19,201301211600
20113,1.77,201301211600
20114,2.72,201301211600
20116,2.94,201301211600
20170,1.54,201301211600
20363,0.96,201301211600
20387,1.85,201301211600
20396,0.68,201301211600
20436,3.0,201301211600
20616,0.61,201301211600
20621,1.77,201301211600
20628,2.37,201301211600
20651,2.09,201301211600
20671,1.99,201301211600
20682,1.14,201301211600
20864,1.53,201301211600
20882,1.53,201301211600
20931,0.94,201301211600
20995,0.7,201301211600
21115,0.72,201301211600
21118,0.85,201301211600
21201,2.24,201301211600
21373,0.88,201301211600
21377,1.39,201301211600
21392,0.99,201301211600
21407,1.82,201301211600
21428,2.9,201301211600
21448,2.81,201301211600
21617,2.93,201301211600
21619,1.17,201301211600
21639,2.26,201301211600
21658,1.72,201301211600
21663,2.19,201301211600
21701,1.37,201301211600
21721,1.76,201301211600
21868,2.46,201301211600
21871,2.24,201301211600
21999,0.69,201301211600
22126,0.61,201301211600
22133,2.34,201301211600
22174,1.95,201301211600
22176,1.39,201301211600
22205,1.99,201301211600
22368,1.48,201301211600
22395,1.74,201301211600
22419,2.93,201301211600
22420,3.0,201301211600
22421,1.84,201301211600
22422,1.94,201301211600
22619,1.62,201301211600
22630,2.58,201301211600
22634,0.77,201301211600
22671,1.32,201301211600
22673,1.01,201301211600
22700,0.87,201301211600
22751,2.1,201301211600
22768,1.69,201301211600
22869,1.57,201301211600
22877,2.44,201301211600
22928,1.65,201301211600
22940,0.84,201301211600
22955,1.2,201301211600
22963,2.47,201301211600
22966,2.52,201301211600
23120,2.75,201301211600
23124,1.28,201301211600
23125,1.43,201301211600
23131,1.95,201301211600
23138,0.53,201301211600
23169,2.68,201301211600
23194,0.53,201301211600
23216,2.88,201301211600
23370,2.99,201301211600
23371,2.91,201301211600
23379,0.75,201301211600
23386,1.76,201301211600
23388,1.57,201301211600
23427,2.36,201301211600
23621,2.01,201301211600
23627,2.59,201301211600
23635,2.01,201301211600
23641,2.17,201301211600
23662,1.93,201301211600
23669,0.64,201301211600
23690,0.89,201301211600
23744,2.67,201301211600
23750,2.7,201301211600
23872,2.38,201301211600
23873,0.75,201301211600
23875,1.85,201301211600
23881,2.12,201301211600
23894,0.76,201301211600
23896,1.06,201301211600
23907,2.12,201301211600
23925,2.93,201301211600
23973,0.82,201301211600
24005,2.86,201301211600
24009,1.93,201301211600
24032,2.14,201301211600
24122,2.82,201301211600
24123,2.62,201301211600
24149,2.73,201301211600
24247,1.18,201301211600
24251,0.53,201301211600
24265,1.45,201301211600
24266,1.08,201301211600
24373,2.3,201301211600
24374,0.88,201301211600
24380,2.14,201301211600
24381,1.45,201301211600
24383,1.08,201301211600
24387,1.09,201301211600
24402,2.54,201301211600
24405,0.82,201301211600
24423,1.74,201301211600
24623,1.81,201301211600
24626,2.17,201301211600
24643,2.11,201301211600
24732,2.84,201301211600
24734,1.17,201301211600
24739,0.95,201301211600
24774,0.71,201301211600
24775,2.04,201301211600
24781,0.88,201301211600
24837,0.6,201301211600
24874,1.65,201301211600
24877,1.17,201301211600
24879,2.52,201301211600
24880,1.68,201301211600
24895,2.57,201301211600
24920,1.14,201301211600
24990,1.45,201301211600
24991,0.89,201301211600
24993,2.86,201301211600
25124,1.11,201301211600
25125,1.02,201301211600
25126,2.49,201301211600
25129,1.44,201301211600
25130,0.81,201301211600
25132,2.06,201301211600
25136,1.84,201301211600
25138,2.58,201301211600
25141,0.92,201301211600
25179,1.97,201301211600
25187,2.79,201301211600
25375,1.36,201301211600
25376,2.49,201301211600
25377,2.11,201301211600
25379,2.02,201301211600
25385,1.62,201301211600
25395,1.66,201301211600
25400,0.98,201301211600
25405,0.74,201301211600
25412,0.71,201301211600
25427,1.46,201301211600
25626,2.07,201301211600
25627,1.87,201301211600
25628,1.12,201301211600
25629,0.87,201301211600
25632,0.56,201301211600
25633,2.86,201301211600
25642,0.83,201301211600
25715,2.92,201301211600
25747,1.61,201301211600
25763,0.93,201301211600
25876,2.4,201301211600
25877,2.62,201301211600
25878,1.04,201301211600
25881,1.24,201301211600
25882,2.45,201301211600
25886,0.61,201301211600
25888,1.85,201301211600
25926,0.63,201301211600
25997,1.11,201301211600
26005,2.58,201301211600
26035,2.74,201301211600
26127,1.75,201301211600
26129,0.9,201301211600
26130,0.95,201301211600
26133,1.59,201301211600
26135,0.98,201301211600
26136,0.83,201301211600
26138,2.94,201301211600
26139,2.72,201301211600
26141,1.5,201301211600
26148,1.58,201301211600
26168,1.81,201301211600
26378,0.89,201301211600
26379,1.04,201301211600
26380,0.65,201301211600
26381,2.66,201301211600
26382,2.35,201301211600
26383,2.44,201301211600
26385,1.38,201301211600
26386,2.27,201301211600
26387,0.84,201301211600
26389,1.17,201301211600
26391,2.12,201301211600
26392,1.71,201301211600
26393,1.14,201301211600
26396,1.39,201301211600
26403,2.58,201301211600
26408,2.31,201301211600
26427,1.61,201301211600
26450,2.72,201301211600
26492,1.13,201301211600
26546,1.19,201301211600
26563,2.11,201301211600
26564,2.57,201301211600
26628,2.07,201301211600
26629,2.51,201301211600
26630,0.64,201301211600
26631,2.53,201301211600
26633,2.2,201301211600
26634,2.73,201301211600
26656,2.44,201301211600
26674,1.7,201301211600
26708,2.93,201301211600
26752,1.7,201301211600
26754,2.06,201301211600
26755,2.96,201301211600
26782,0.78,201301211600
26846,1.85,201301211600
26879,2.93,201301211600
26880,2.38,201301211600
26881,1.56,201301211600
26882,1.86,201301211600
26883,2.48,201301211600
26884,1.66,201301211600
26885,2.71,201301211600
26886,1.34,201301211600
26887,2.98,201301211600
26889,1.64,201301211600
26890,0.61,201301211600
26891,2.79,201301211600
26892,2.11,201301211600
26893,1.81,201301211600
26894,1.34,201301211600
26895,2.2,201301211600
26897,1.47,201301211600
26905,2.4,201301211600
26938,2.92,201301211600
26964,2.83,201301211600
27006,2.36,201301211600
27042,0.67,201301211600
27098,1.94,201301211600
27130,2.75,201301211600
27131,0.99,201301211600
27132,2.99,201301211600
27133,2.8,201301211600
27134,2.21,201301211600
27135,2.19,201301211600
27136,1.7,201301211600
27137,1.45,201301211600
27138,0.89,201301211600
27142,2.51,201301211600
27143,2.31,201301211600
27145,2.02,201301211600
27148,2.97,201301211600
27149,2.46,201301211600
27152,2.87,201301211600
27155,2.06,201301211600
27175,0.6,201301211600
27209,1.79,201301211600
27247,2.74,201301211600
27381,0.96,201301211600
27382,2.31,201301211600
27383,1.89,201301211600
27384,2.09,201301211600
27386,1.74,201301211600
27387,1.99,201301211600
27388,2.88,201301211600
27389,0.5,201301211600
27390,0.51,201301211600
27392,1.26,201301211600
27395,1.36,201301211600
27404,1.11,201301211600
27415,1.4,201301211600
27427,1.06,201301211600
27489,0.98,201301211600
27494,0.96,201301211600
27498,1.3,201301211600
27518,1.23,201301211600
27632,0.82,201301211600
27633,3.0,201301211600
27634,0.59,201301211600
27635,1.48,201301211600
27636,0.8,201301211600
27637,1.53,201301211600
27638,2.75,201301211600
27639,0.85,201301211600
27640,2.52,201301211600
27642,2.64,201301211600
27643,1.14,201301211600
27645,2.51,201301211600
27646,2.2,201301211600
27647,1.96,201301211600
27649,2.34,201301211600
27654,0.75,201301211600
27763,2.12,201301211600
27764,1.5,201301211600
27796,2.5,201301211600
27797,1.96,201301211600
27883,1.56,201301211600
27884,2.83,201301211600
27885,2.54,201301211600
27886,0.54,201301211600
27887,2.12,201301211600
27888,2.56,201301211600
27889,2.11,201301211600
27890,2.23,201301211600
27891,1.14,201301211600
27892,2.47,201301211600
27894,2.21,201301211600
27895,2.63,201301211600
27897,2.24,201301211600
27902,1.64,201301211600
27908,0.86,201301211600
27911,1.09,201301211600
27930,0.66,201301211600
27971,2.32,201301211600
28004,2.45,201301211600
28015,2.51,201301211600
28049,1.3,201301211600
28102,0.56,201301211600
28134,1.27,201301211600
28135,1.93,201301211600
28136,1.38,201301211600
28137,0.75,201301211600
28138,2.73,201301211600
28139,1.64,201301211600
28140,1.27,201301211600
28142,0.74,201301211600
28143,0.76,201301211600
28144,2.03,201301211600
28146,2.11,201301211600
28154,0.96,201301211600
28156,2.79,201301211600
28216,0.83,201301211600
28239,1.26,201301211600
28384,1.03,201301211600
28385,1.01,201301211600
28386,0.97,201301211600
28387,1.27,201301211600
28388,1.68,201301211600
28389,0.67,201301211600
28390,1.81,201301211600
28391,2.57,201301211600
28392,2.67,201301211600
28393,0.51,201301211600
28394,2.75,201301211600
28396,1.8,201301211600
28397,0.52,201301211600
28400,2.65,201301211600
28401,1.77,201301211600
28405,2.61,201301211600
28427,1.18,201301211600
28467,1.18,201301211600
28496,2.73,201301211600
28497,2.15,201301211600
28519,1.26,201301211600
28535,1.98,201301211600
28539,0.71,201301211600
28545,2.96,201301211600
28557,2.14,201301211600
28635,0.75,201301211600
28636,2.08,201301211600
28637,1.0,201301211600
28638,2.82,201301211600
28639,2.23,201301211600
28640,0.6,201301211600
28641,0.87,201301211600
28642,1.29,201301211600
28643,1.45,201301211600
28644,2.36,201301211600
28645,0.53,201301211600
28646,1.97,201301211600
28649,1.2,201301211600
28658,1.4,201301211600
28667,1.61,201301211600
28675,0.56,201301211600
28751,0.55,201301211600
28753,2.0,201301211600
28754,2.26,201301211600
28788,2.4,201301211600
28812,2.01,201301211600
28823,2.74,201301211600
28886,1.94,201301211600
28887,2.07,201301211600
28888,0.62,201301211600
28889,0.81,201301211600
28890,2.32,201301211600
28891,1.65,201301211600
28892,0.87,201301211600
28893,1.29,201301211600
28894,0.54,201301211600
28895,1.66,201301211600
28896,2.68,201301211600
28897,2.12,201301211600
28899,2.25,201301211600
28900,2.86,201301211600
28901,2.87,201301211600
28902,1.34,201301211600
28905,1.03,201301211600
28912,1.49,201301211600
28960,1.19,201301211600
28969,2.67,201301211600
29004,1.6,201301211600
29012,0.55,201301211600
29026,2.42,201301211600
29068,0.9,201301211600
29076,2.87,201301211600
29088,2.86,201301211600
29094,1.11,201301211600
29136,0.78,201301211600
29137,2.79,201301211600
29138,2.01,201301211600
29139,2.1,201301211600
29140,2.21,201301211600
29141,2.92,201301211600
29142,2.07,201301211600
29143,1.42,201301211600
29144,2.76,201301211600
29146,0.82,201301211600
29147,2.11,201301211600
29148,1.62,201301211600
29149,1.71,201301211600
29151,2.69,201301211600
29158,1.58,201301211600
29165,2.98,201301211600
29171,0.84,201301211600
29190,0.54,201301211600
29247,0.62,201301211600
29387,1.53,201301211600
29388,1.08,201301211600
29389,1.39,201301211600
29390,2.25,201301211600
29391,0.96,201301211600
29392,0.6,201301211600
29393,0.63,201301211600
29394,1.06,201301211600
29395,2.74,201301211600
29396,0.96,201301211600
29397,0.86,201301211600
29398,2.64,201301211600
29399,2.41,201301211600
29401,1.32,201301211600
29402,2.37,201301211600
29403,2.05,201301211600
29405,0.53,201301211600
29409,1.76,201301211600
29425,1.23,201301211600
29429,1.13,201301211600
29495,2.52,201301211600
29498,1.94,201301211600
29533,2.81,201301211600
29556,1.15,201301211600
29638,0.62,201301211600
29639,1.1,201301211600
29640,2.05,201301211600
29641,1.84,201301211600
29642,1.03,201301211600
29643,1.55,201301211600
29644,1.37,201301211600
29645,2.89,201301211600
29648,2.1,201301211600
29649,1.43,201301211600
29650,0.85,201301211600
29654,1.46,201301211600
29663,2.38,201301211600
29670,1.82,201301211600
29710,2.54,201301211600
29730,2.45,201301211600
29733,0.96,201301211600
29736,2.35,201301211600
29766,0.59,201301211600
29891,1.89,201301211600
29892,0.91,201301211600
29893,1.2,201301211600
29894,1.25,201301211600
29895,0.52,201301211600
29896,1.55,201301211600
29897,1.96,201301211600
29898,0.76,201301211600
29900,1.59,201301211600
29903,1.34,201301211600
29906,1.38,201301211600
29909,1.3,201301211600
29912,2.18,201301211600
29917,2.1,201301211600
29925,0.91,201301211600
29966,2.28,201301211600
30021,2.4,201301211600
30026,2.21,201301211600
30036,2.56,201301211600
30142,2.95,201301211600
30143,2.63,201301211600
30144,1.32,201301211600
30145,2.77,201301211600
30146,2.99,201301211600
30147,1.11,201301211600
30148,0.67,201301211600
30152,2.97,201301211600
30154,1.23,201301211600
30157,2.09,201301211600
30158,1.77,201301211600
30181,0.89,201301211600
30242,2.01,201301211600
30243,2.85,201301211600
30244,1.33,201301211600
30261,2.59,201301211600
30300,1.52,201301211600
30322,2.41,201301211600
30393,1.0,201301211600
30394,2.05,201301211600
30395,0.7,201301211600
30396,2.42,201301211600
30397,1.65,201301211600
30398,0.93,201301211600
30400,1.53,201301211600
30401,1.58,201301211600
30403,1.71,201301211600
30407,2.2,201301211600
30410,0.6,201301211600
30420,1.71,201301211600
30430,1.72,201301211600
30434,1.04,201301211600
30439,1.66,201301211600
30481,0.9,201301211600
30489,0.61,201301211600
30494,2.65,201301211600
30495,2.38,201301211600
30496,1.53,201301211600
30645,2.95,201301211600
30646,1.82,201301211600
30647,2.63,201301211600
30648,1.43,201301211600
30649,1.05,201301211600
30650,1.76,201301211600
30651,1.7,201301211600
30652,1.34,201301211600
30653,2.68,201301211600
30654,2.92,201301211600
30661,2.65,201301211600
30664,1.63,201301211600
30666,1.81,201301211600
30669,2.85,201301211600
30673,2.39,201301211600
30683,1.65,201301211600
30745,1.65,201301211600
30750,0.73,201301211600
30777,2.11,201301211600
30780,2.57,201301211600
30812,1.04,201301211600
30897,1.05,201301211600
30898,1.88,201301211600
30899,2.18,201301211600
30900,2.16,201301211600
30901,1.14,201301211600
30902,0.61,201301211600
30903,1.89,201301211600
30904,2.94,201301211600
30908,2.0,201301211600
30909,2.77,201301211600
30912,2.97,201301211600
30913,0.68,201301211600
30928,1.39,201301211600
30953,2.73,201301211600
30979,1.54,201301211600
30994,0.54,201301211600
30995,2.25,201301211600
31027,1.11,201301211600
31028,1.47,201301211600
31029,2.06,201301211600
31082,2.72,201301211600
31148,1.91,201301211600
31149,1.05,201301211600
31150,2.96,201301211600
31151,0.79,201301211600
31152,2.71,201301211600
31156,0.87,201301211600
31157,0.83,201301211600
31161,0.75,201301211600
31166,1.0,201301211600
31172,1.97,201301211600
31274,0.99,201301211600
31281,1.81,201301211600
31369,0.97,201301211600
31398,2.05,201301211600
31401,2.18,201301211600
31407,1.4,201301211600
31408,2.01,201301211600
31409,0.67,201301211600
31410,2.86,201301211600
31413,1.55,201301211600
31419,1.43,201301211600
31427,1.58,201301211600
31457,1.29,201301211600
31466,1.55,201301211600
31651,2.88,201301211600
31652,1.73,201301211600
31656,2.62,201301211600
31660,1.96,201301211600
31663,0.81,201301211600
31666,2.87,201301211600
31675,1.94,201301211600
31738,2.34,201301211600
31754,2.86,201301211600
31782,1.0,201301211600
31903,1.07,201301211600
31904,0.63,201301211600
31905,2.03,201301211600
31906,1.71,201301211600
31908,2.35,201301211600
31912,1.51,201301211600
31921,1.42,201301211600
31928,0.63,201301211600
31949,2.2,201301211600
32028,2.5,201301211600
32032,1.63,201301211600
32045,1.48,201301211600
32150,2.4,201301211600
32155,2.63,201301211600
32157,2.33,201301211600
32161,1.22,201301211600
32162,2.59,201301211600
32167,0.89,201301211600
32169,1.21,201301211600
32175,2.65,201301211600
32182,2.52,201301211600
32185,1.62,201301211600
32195,1.34,201301211600
32235,1.99,201301211600
32404,1.05,201301211600
32405,2.52,201301211600
32410,0.91,201301211600
32411,2.38,201301211600
32415,1.32,201301211600
32449,1.7,201301211600
32490,0.79,201301211600
32558,2.74,201301211600
32622,2.2,201301211600
32656,0.66,201301211600
32658,1.08,201301211600
32660,2.55,201301211600
32662,1.56,201301211600
32668,2.54,201301211600
32682,0.95,201301211600
32697,1.44,201301211600
32712,2.43,201301211600
32729,1.97,201301211600
32739,2.25,201301211600
32742,2.42,201301211600
32744,1.42,201301211600
32802,2.41,201301211600
32834,0.89,201301211600
32905,1.73,201301211600
32907,0.95,201301211600
32912,2.91,201301211600
32916,1.27,201301211600
32922,1.11,201301211600
32924,2.74,201301211600
32926,2.05,201301211600
32929,1.04,201301211600
32977,2.93,201301211600
32978,2.25,201301211600
33154,0.84,201301211600
33158,1.34,201301211600
33160,2.4,201301211600
33165,0.61,201301211600
33170,2.31,201301211600
33186,1.12,201301211600
33286,0.76,201301211600
33405,1.9,201301211600
33409,2.72,201301211600
33412,1.3,201301211600
33418,2.63,201301211600
33420,2.23,201301211600
33424,1.95,201301211600
33435,2.34,201301211600
33442,1.31,201301211600
33519,1.06,201301211600
33594,2.44,201301211600
33656,1.71,201301211600
33659,1.38,201301211600
33662,1.28,201301211600
33664,1.28,201301211600
33666,0.88,201301211600
33669,2.49,201301211600
33673,2.5,201301211600
33675,1.45,201301211600
33694,0.77,201301211600
33724,1.1,201301211600
33742,2.72,201301211600
33812,1.94,201301211600
33909,1.67,201301211600
33911,1.06,201301211600
33912,2.89,201301211600
33913,2.76,201301211600
33922,0.7,201301211600
33923,1.11,201301211600
33924,1.21,201301211600
33931,1.49,201301211600
33935,1.41,201301211600
33986,2.52,201301211600
34013,0.95,201301211600
34160,1.2,201301211600
34161,0.88,201301211600
34162,1.67,201301211600
34163,1.68,201301211600
34167,1.67,201301211600
34190,1.78,201301211600
34211,1.73,201301211600
34303,0.91,201301211600
34380,0.98,201301211600
34407,1.17,201301211600
34413,0.78,201301211600
34423,0.78,201301211600
34424,1.0,201301211600
34427,1.43,201301211600
34430,2.36,201301211600
34437,1.47,201301211600
34440,1.62,201301211600
34486,1.14,201301211600
34495,0.65,201301211600
34510,2.39,201301211600
34520,2.78,201301211600
34528,1.24,201301211600
34563,2.3,201301211600
34662,1.72,201301211600
34667,0.67,201301211600
34668,1.84,201301211600
34670,1.98,201301211600
34672,1.23,201301211600
34673,1.84,201301211600
34676,2.8,201301211600
34679,1.9,201301211600
34682,1.37,201301211600
34695,2.68,201301211600
34710,2.85,201301211600
34714,1.68,201301211600
34720,2.87,201301211600
34882,1.54,201301211600
34913,2.45,201301211600
34914,2.81,201301211600
34915,2.16,201301211600
34924,2.31,201301211600
34925,2.74,201301211600
34934,0.51,201301211600
34939,2.86,201301211600
34959,1.42,201301211600
34990,2.39,201301211600
35102,2.96,201301211600
35164,0.82,201301211600
35166,0.73,201301211600
35173,1.8,201301211600
35178,1.99,201301211600
35183,2.62,201301211600
35185,0.67,201301211600
35187,0.56,201301211600
35193,1.65,201301211600
35203,2.22,201301211600
35218,1.97,201301211600
35237,1.49,201301211600
35244,2.51,201301211600
35249,1.38,201301211600
35295,2.61,201301211600
35368,1.4,201301211600
35410,1.02,201301211600
35414,0.92,201301211600
35415,0.71,201301211600
35417,1.65,201301211600
35421,1.53,201301211600
35440,0.94,201301211600
35455,2.78,201301211600
35492,1.98,201301211600
35515,1.59,201301211600
35665,1.32,201301211600
35675,0.72,201301211600
35683,1.91,201301211600
35686,0.98,201301211600
35700,0.88,201301211600
35745,1.02,201301211600
35755,2.6,201301211600
35769,0.88,201301211600
35916,1.38,201301211600
35917,1.57,201301211600
35918,0.67,201301211600
35919,1.42,201301211600
35921,2.29,201301211600
35929,2.28,201301211600
35931,2.86,201301211600
35941,2.2,201301211600
35944,2.19,201301211600
35971,1.71,201301211600
35981,0.98,201301211600
35992,2.36,201301211600
35994,2.38,201301211600
36067,1.5,201301211600
36162,2.65,201301211600
36167,2.38,201301211600
36169,2.65,201301211600
36170,0.95,201301211600
36173,1.07,201301211600
36176,0.88,201301211600
36177,1.33,201301211600
36205,1.97,201301211600
36237,2.84,201301211600
36245,1.01,201301211600
36246,0.96,201301211600
36293,2.09,201301211600
36311,1.48,201301211600
36417,2.45,201301211600
36420,2.04,201301211600
36421,1.2,201301211600
36441,0.91,201301211600
36448,2.06,201301211600
36494,2.4,201301211600
36498,2.21,201301211600
36502,1.2,201301211600
36510,1.37,201301211600
36513,0.65,201301211600
36519,1.37,201301211600
36524,2.65,201301211600
36576,0.72,201301211600
36668,0.97,201301211600
36673,2.66,201301211600
36675,2.1,201301211600
36677,2.2,201301211600
36679,0.94,201301211600
36682,2.38,201301211600
36688,1.32,201301211600
36690,2.92,201301211600
36711,1.4,201301211600
36717,1.96,201301211600
36758,0.92,201301211600
36889,2.41,201301211600
36915,0.91,201301211600
36918,2.87,201301211600
36933,2.08,201301211600
36934,0.83,201301211600
36953,1.93,201301211600
36959,1.14,201301211600
36996,1.04,201301211600
36999,2.72,201301211600
37001,0.51,201301211600
37167,2.24,201301211600
37168,0.87,201301211600
37169,1.15,201301211600
37172,2.21,201301211600
37176,1.43,201301211600
37178,2.02,201301211600
37179,1.69,201301211600
37182,1.2,201301211600
37192,2.21,201301211600
37200,0.96,201301211600
37206,1.64,201301211600
37232,2.44,201301211600
37239,1.08,201301211600
37270,1.85,201301211600
37298,1.4,201301211600
37304,2.44,201301211600
37419,2.41,201301211600
37421,1.02,201301211600
37423,1.28,201301211600
37425,1.33,201301211600
37446,2.5,201301211600
37454,1.54,201301211600
37477,2.59,201301211600
37487,2.93,201301211600
37501,1.88,201301211600
37503,2.31,201301211600
37513,2.2,201301211600
37523,1.99,201301211600
37562,1.24,201301211600
37609,2.39,201301211600
37642,0.64,201301211600
37643,1.99,201301211600
37670,1.16,201301211600
37671,0.62,201301211600
37672,0.53,201301211600
37676,2.26,201301211600
37688,1.47,201301211600
37689,2.2,201301211600
37690,2.37,201301211600
37695,1.09,201301211600
37701,2.31,201301211600
37710,2.92,201301211600
37711,0.66,201301211600
37754,2.95,201301211600
37874,1.37,201301211600
37891,1.34,201301211600
37893,1.04,201301211600
37894,2.79,201301211600
37926,2.25,201301211600
37928,2.41,201301211600
37929,1.11,201301211600
37932,0.52,201301211600
37936,1.21,201301211600
37943,1.77,201301211600
37952,2.58,201301211600
37962,0.72,201301211600
37968,2.3,201301211600
38003,2.39,201301211600
38060,2.84,201301211600
38145,2.89,201301211600
38172,1.04,201301211600
38173,1.36,201301211600
38178,2.2,201301211600
38200,2.5,201301211600
38204,1.41,201301211600
38209,2.5,201301211600
38215,2.4,201301211600
38220,2.16,201301211600
38225,1.32,201301211600
38228,2.17,201301211600
38230,1.94,201301211600
38243,0.74,201301211600
38247,2.32,201301211600
38255,0.61,201301211600
38263,1.13,201301211600
38268,1.83,201301211600
38272,2.96,201301211600
38367,1.91,201301211600
38381,2.86,201301211600
38423,2.57,201301211600
38425,1.99,201301211600
38426,0.8,201301211600
38431,0.75,201301211600
38440,0.61,201301211600
38479,1.66,201301211600
38481,2.79,201301211600
38483,1.45,201301211600
38488,2.13,201301211600
38490,2.0,201301211600
38498,1.23,201301211600
38499,1.36,201301211600
38500,1.21,201301211600
38505,3.0,201301211600
38506,2.87,201301211600
38508,1.13,201301211600
38517,1.38,201301211600
38534,2.07,201301211600
38648,1.05,201301211600
38674,1.85,201301211600
38676,1.07,201301211600
38679,2.9,201301211600
38684,0.9,201301211600
38693,1.17,201301211600
38697,2.48,201301211600
38716,0.95,201301211600
38722,1.88,201301211600
38736,1.32,201301211600
38738,2.37,201301211600
38752,1.1,201301211600
38753,2.25,201301211600
38758,2.39,201301211600
38760,1.79,201301211600
38761,1.39,201301211600
38762,1.4,201301211600
38766,1.86,201301211600
38769,0.84,201301211600
38778,2.4,201301211600
38812,2.69,201301211600
38939,3.0,201301211600
38953,2.23,201301211600
38958,1.87,201301211600
38967,0.87,201301211600
39006,1.48,201301211600
39008,1.57,201301211600
39010,1.45,201301211600
39011,2.2,201301211600
39017,2.93,201301211600
39113,1.81,201301211600
39148,1.17,201301211600
39149,0.93,201301211600
39176,0.67,201301211600
39178,2.82,201301211600
39191,1.98,201301211600
39201,1.59,201301211600
39230,2.44,201301211600
39236,2.99,201301211600
39246,2.26,201301211600
39252,1.6,201301211600
39255,2.66,201301211600
39260,0.8,201301211600
39262,1.86,201301211600
39263,1.79,201301211600
39268,2.16,201301211600
39269,1.35,201301211600
39271,2.8,201301211600
39274,1.52,201301211600
39275,1.51,201301211600
39375,0.63,201301211600
39391,1.47,201301211600
39427,1.72,201301211600
39428,2.18,201301211600
39430,1.09,201301211600
39433,1.32,201301211600
39446,0.88,201301211600
39457,0.77,201301211600
39514,1.73,201301211600
39515,0.56,201301211600
39516,2.68,201301211600
39517,1.91,201301211600
39535,2.0,201301211600
39554,0.87,201301211600
39559,1.01,201301211600
39631,1.0,201301211600
39632,1.74,201301211600
39633,2.46,201301211600
39652,1.69,201301211600
39683,2.39,201301211600
39687,2.71,201301211600
39706,1.95,201301211600
39710,2.29,201301211600
39722,2.24,201301211600
39731,2.47,201301211600
39750,1.7,201301211600
39755,1.18,201301211600
39759,1.74,201301211600
39762,2.43,201301211600
39764,2.47,201301211600
39765,0.92,201301211600
39766,1.04,201301211600
39767,1.51,201301211600
39769,0.99,201301211600
39772,0.75,201301211600
39776,1.88,201301211600
39777,2.13,201301211600
39790,2.34,201301211600
39791,2.58,201301211600
39796,0.5,201301211600
39832,1.17,201301211600
39883,1.87,201301211600
39930,2.18,201301211600
39932,1.93,201301211600
39941,0.68,201301211600
39948,1.34,201301211600
39969,2.41,201301211600
40018,2.73,201301211600
40031,0.99,201301211600
40133,1.59,201301211600
40180,0.76,201301211600
40188,2.02,201301211600
40196,1.85,201301211600
40242,1.43,201301211600
40246,1.49,201301211600
40259,1.69,201301211600
40264,0.72,201301211600
40267,2.86,201301211600
40268,1.2,201301211600
40270,1.68,201301211600
40276,1.49,201301211600
40286,1.42,201301211600
40295,2.07,201301211600
40431,0.72,201301211600
40432,2.64,201301211600
40442,0.83,201301211600
40447,2.44,201301211600
40448,1.02,201301211600
40451,0.95,201301211600
40457,2.39,201301211600
40500,0.67,201301211600
40512,2.1,201301211600
40518,1.7,201301211600
40519,0.83,201301211600
40522,2.5,201301211600
40524,1.75,201301211600
40525,1.8,201301211600
40532,1.26,201301211600
40560,1.1,201301211600
40566,0.73,201301211600
40633,1.36,201301211600
40687,2.03,201301211600
40713,1.31,201301211600
40719,2.87,201301211600
40732,2.19,201301211600
40733,2.77,201301211600
40766,1.72,201301211600
40810,0.97,201301211600
40894,2.28,201301211600
40933,0.64,201301211600
40936,1.77,201301211600
40939,2.78,201301211600
40954,2.38,201301211600
40982,2.87,201301211600
41021,1.03,201301211600
41024,1.36,201301211600
41061,0.52,201301211600
41145,1.78,201301211600
41157,2.43,201301211600
41183,2.95,201301211600
41200,2.38,201301211600
41262,2.23,201301211600
41265,2.77,201301211600
41270,1.69,201301211600
41277,1.67,201301211600
41318,0.53,201301211600
41401,1.89,201301211600
41407,2.38,201301211600
41437,2.96,201301211600
41459,2.87,201301211600
41465,1.5,201301211600
41469,0.51,201301211600
41508,2.44,201301211600
41520,1.19,201301211600
41522,0.87,201301211600
41526,2.24,201301211600
41532,0.53,201301211600
41558,2.35,201301211600
41635,2.02,201301211600
41653,2.18,201301211600
41658,0.64,201301211600
41692,2.67,201301211600
41696,1.26,201301211600
41764,0.78,201301211600
41772,0.83,201301211600
41893,0.55,201301211600
41904,0.97,201301211600
41905,1.17,201301211600
41936,2.89,201301211600
41941,1.71,201301211600
41958,2.36,201301211600
41990,1.76,201301211600
42023,1.66,201301211600
42026,2.24,201301211600
42029,1.46,201301211600
42074,1.14,201301211600
42085,1.43,201301211600
42095,2.14,201301211600
42147,2.23,201301211600
42160,2.17,201301211600
42200,2.4,201301211600
42213,0.51,201301211600
42267,1.41,201301211600
42271,2.95,201301211600
42274,1.61,201301211600
42283,1.62,201301211600
42291,1.56,201301211600
42342,1.22,201301211600
42411,2.45,201301211600
42438,1.37,201301211600
42454,2.46,201301211600
42471,2.44,201301211600
42478,1.89,201301211600
42487,0.92,201301211600
42503,0.7,201301211600
42514,2.39,201301211600
42521,2.86,201301211600
42533,2.77,201301211600
42644,2.85,201301211600
42661,2.72,201301211600
42695,1.47,201301211600
42744,0.6,201301211600
42750,1.79,201301211600
42846,1.73,201301211600
42905,1.23,201301211600
42912,2.59,201301211600
42939,1.2,201301211600
42940,2.46,201301211600
42944,0.51,201301211600
42949,2.54,201301211600
43011,2.91,201301211600
43021,2.71,201301211600
43030,2.4,201301211600
43151,1.34,201301211600
43160,1.29,201301211600
43162,1.6,201301211600
43213,0.83,201301211600
43220,1.08,201301211600
43261,1.69,201301211600
43412,2.24,201301211600
43413,2.47,201301211600
43440,1.34,201301211600
43443,1.85,201301211600
43449,1.09,201301211600
43483,1.04,201301211600
43484,1.28,201301211600
43494,1.75,201301211600
43518,2.5,201301211600
43523,2.34,201301211600
43526,2.21,201301211600
43530,0.68,201301211600
43571,2.76,201301211600
43642,0.99,201301211600
43662,2.68,201301211600
43738,2.12,201301211600
43760,1.3,201301211600
43779,0.92,201301211600
43914,1.11,201301211600
43957,1.11,201301211600
43980,1.4,201301211600
43984,1.88,201301211600
43992,0.51,201301211600
43995,2.58,201301211600
44002,1.5,201301211600
44039,2.28,201301211600
44194,0.56,201301211600
44197,1.65,201301211600
44204,1.69,201301211600
44215,0.8,201301211600
44226,0.58,201301211600
44247,1.48,201301211600
44255,1.86,201301211600
44282,0.52,201301211600
44284,2.97,201301211600
44356,2.23,201301211600
44470,1.3,201301211600
44486,1.96,201301211600
44503,0.68,201301211600
44504,2.78,201301211600
44510,0.92,201301211600
44517,0.63,201301211600
44534,2.17,201301211600
44578,3.0,201301211600
44666,2.82,201301211600
44694,2.92,201301211600
44697,2.83,201301211600
44716,1.56,201301211600
44724,0.76,201301211600
44743,2.49,201301211600
44755,2.38,201301211600
44756,1.32,201301211600
44757,1.42,201301211600
44758,1.53,201301211600
44786,2.49,201301211600
44787,2.83,201301211600
44911,0.98,201301211600
44963,0.64,201301211600
45005,2.88,201301211600
45006,2.15,201301211600
45007,0.79,201301211600
45008,1.12,201301211600
45039,2.17,201301211600
45114,2.34,201301211600
45168,2.95,201301211600
45200,1.59,201301211600
45203,1.02,201301211600
45208,1.77,201301211600
45237,2.55,201301211600
45254,2.97,201301211600
45256,0.74,201301211600
45258,2.44,201301211600
45261,2.46,201301211600
45265,1.93,201301211600
45266,2.61,201301211600
45401,1.36,201301211600
45479,2.89,201301211600
45502,1.51,201301211600
45507,1.82,201301211600
45509,1.3,201301211600
45526,2.96,201301211600
45538,0.63,201301211600
45582,1.61,201301211600
45661,0.68,201301211600
45701,2.18,201301211600
45703,1.9,201301211600
45716,1.75,201301211600
45720,2.26,201301211600
45725,1.52,201301211600
45735,0.88,201301211600
45747,2.87,201301211600
45766,0.65,201301211600
45793,0.73,201301211600
45795,0.85,201301211600
45919,2.66,201301211600
45948,2.19,201301211600
46008,2.87,201301211600
46036,2.01,201301211600
46041,2.54,201301211600
46052,0.99,201301211600
46074,0.86,201301211600
46145,2.2,201301211600
46202,1.89,201301211600
46209,1.33,201301211600
46242,2.04,201301211600
46265,1.24,201301211600
46372,1.23,201301211600
46384,2.43,201301211600
46455,1.84,201301211600
46508,0.77,201301211600
46523,0.69,201301211600
46538,0.73,201301211600
46565,1.75,201301211600
46574,2.74,201301211600
46626,2.23,201301211600
46700,2.66,201301211600
46738,0.66,201301211600
46770,2.27,201301211600
46778,0.85,201301211600
46787,1.02,201301211600
46803,1.36,201301211600
46954,2.73,201301211600
46964,1.23,201301211600
46972,2.52,201301211600
46976,1.34,201301211600
46981,2.14,201301211600
47011,1.83,201301211600
47015,2.75,201301211600
47047,1.52,201301211600
47253,1.71,201301211600
47288,2.04,201301211600
47295,2.67,201301211600
47342,1.11,201301211600
47454,2.42,201301211600
47535,2.04,201301211600
47543,0.77,201301211600
47705,2.46,201301211600
47709,1.78,201301211600
47711,1.56,201301211600
47758,1.72,201301211600
47806,2.55,201301211600
47889,2.44,201301211600
47926,0.76,201301211600
47968,1.75,201301211600
47972,0.92,201301211600
47977,1.57,201301211600
47982,0.67,201301211600
48032,1.25,201301211600
48209,0.94,201301211600
48239,0.93,201301211600
48244,1.27,201301211600
48278,2.95,201301211600
48420,2.78,201301211600
48427,0.87,201301211600
48499,0.87,201301211600
48503,1.28,201301211600
48552,0.75,201301211600
48584,0.93,201301211600
48713,2.09,201301211600
48759,2.59,201301211600
48848,2.83,201301211600
48898,1.62,201301211600
49017,2.92,201301211600
49049,2.05,201301211600
49229,1.61,201301211600
49241,1.96,201301211600
49472,1.69,201301211600
49483,2.01,201301211600
49542,0.96,201301211600
49555,1.26,201301211600
49679,2.2,201301211600
49750,2.07,201301211600
49760,1.91,201301211600
49777,2.6,201301211600
49968,2.26,201301211600
50053,1.22,201301211600
50103,1.9,201301211600
50180,2.39,201301211600
50285,2.46,201301211600
50430,2.92,201301211600
50470,1.34,201301211600
50494,2.11,201301211600
50511,1.71,201301211600
50549,0.78,201301211600
50680,0.79,201301211600
50682,2.21,201301211600
50731,1.94,201301211600
50812,2.83,201301211600
50872,2.63,201301211600
51029,2.19,201301211600
51046,1.64,201301211600
51053,1.16,201301211600
51056,1.2,201301211600
51162,2.87,201301211600
51177,0.79,201301211600
51182,1.32,201301211600
51228,0.83,201301211600
51258,2.48,201301211600
51430,1.86,201301211600
51431,2.23,201301211600
51432,2.21,201301211600
51520,0.91,201301211600
51681,1.45,201301211600
51682,2.8,201301211600
51725,2.17,201301211600
51790,2.54,201301211600
51832,2.33,201301211600
51857,1.24,201301211600
51931,1.27,201301211600
51932,1.4,201301211600
51986,0.86,201301211600
52003,1.02,201301211600
52182,2.16,201301211600
52244,1.13,201301211600
52259,2.58,201301211600
52280,1.43,201301211600
52319,1.02,201301211600
52473,1.69,201301211600
52518,1.77,201301211600
52631,1.36,201301211600
52679,1.55,201301211600
52729,0.58,201301211600
52811,1.79,201301211600
52983,2.29,201301211600
52988,1.6,201301211600
52993,0.65,201301211600
53000,1.91,201301211600
53016,1.12,201301211600
53027,2.35,201301211600
53072,2.14,201301211600
53090,1.0,201301211600
53177,1.48,201301211600
53178,0.53,201301211600
53381,0.86,201301211600
53427,2.35,201301211600
53429,1.26,201301211600
53761,2.15,201301211600
53774,2.19,201301211600
53797,2.67,201301211600
53810,1.04,201301211600
53822,0.74,201301211600
53864,0.9,201301211600
53927,2.15,201301211600
54038,1.98,201301211600
54071,0.98,201301211600
54234,2.81,201301211600
54281,2.46,201301211600
54284,0.66,201301211600
54327,1.79,201301211600
54334,0.51,201301211600
54349,0.67,201301211600
54427,2.98,201301211600
54503,1.49,201301211600
54510,1.76,201301211600
54520,0.88,201301211600
54550,1.49,201301211600
54578,1.89,201301211600
54678,0.85,201301211600
54828,2.22,201301211600
54983,0.64,201301211600
54996,2.43,201301211600
55070,2.35,201301211600
55329,0.91,201301211600
55331,2.06,201301211600
55535,1.08,201301211600
55633,1.06,201301211600
55680,1.16,201301211600
55761,1.97,201301211600
55831,0.68,201301211600
55832,0.82,201301211600
55838,2.7,201301211600
55845,0.54,201301211600
56106,2.02,201301211600
56493,2.02,201301211600
56571,2.44,201301211600
56586,2.27,201301211600
56587,2.01,201301211600
56591,0.86,201301211600
56738,2.45,201301211600
56835,2.05,201301211600
56882,2.9,201301211600
56887,2.16,201301211600
56888,1.46,201301211600
56933,2.66,201301211600
56934,1.43,201301211600
57042,2.67,201301211600
57062,0.82,201301211600
57189,1.01,201301211600
57261,2.93,201301211600
57329,2.23,201301211600
57342,0.74,201301211600
57376,2.88,201301211600
57378,1.28,201301211600
57380,2.5,201301211600
57397,2.29,201301211600
57440,1.5,201301211600
57495,2.55,201301211600
57523,1.78,201301211600
57555,2.54,201301211600
57597,1.42,201301211600
57613,0.81,201301211600
57615,1.16,201301211600
57628,0.66,201301211600
57631,2.77,201301211600
57823,1.84,201301211600
57837,0.6,201301211600
57851,1.57,201301211600
57852,2.65,201301211600
57906,2.8,201301211600
58179,0.93,201301211600
58251,2.85,201301211600
58421,1.42,201301211600
58511,0.94,201301211600
58632,1.96,201301211600
58744,1.57,201301211600
58802,0.63,201301211600
58814,0.89,201301211600
58879,2.37,201301211600
58892,1.71,201301211600
59010,1.16,201301211600
59043,1.89,201301211600
59104,1.97,201301211600
59125,2.74,201301211600
59134,2.38,201301211600
59285,2.86,201301211600
59329,1.33,201301211600
59555,0.85,201301211600
59635,2.94,201301211600
59745,2.38,201301211600
59927,1.51,201301211600
59941,2.13,201301211600
60008,2.48,201301211600
60011,1.05,201301211600
60114,0.96,201301211600
60141,2.73,201301211600
60147,2.14,201301211600
60331,1.94,201301211600
60344,2.17,201301211600
60350,1.06,201301211600
60578,2.21,201301211600
60593,1.95,201301211600
60613,2.93,201301211600
60630,2.14,201301211600
60635,1.83,201301211600
60649,2.91,201301211600
60750,2.87,201301211600
60774,1.34,201301211600
60819,1.85,201301211600
60880,0.79,201301211600
60888,2.42,201301211600
61062,0.93,201301211600
61110,1.37,201301211600
61263,1.35,201301211600
61343,1.2,201301211600
61591,1.7,201301211600
61597,1.82,201301211600
61654,1.36,201301211600
61818,2.76,201301211600
62077,1.16,201301211600
62104,1.03,201301211600
62135,0.88,201301211600
62140,1.86,201301211600
62252,0.8,201301211600
62558,2.21,201301211600
62589,0.68,201301211600
62757,2.17,201301211600
62772,2.98,201301211600
62850,0.64,201301211600
62926,1.11,201301211600
62948,2.38,201301211600
63044,1.0,201301211600
63153,1.4,201301211600
63383,1.03,201301211600
63397,1.77,201301211600
63398,2.4,201301211600
63407,0.58,201301211600
63574,2.09,201301211600
63586,2.58,201301211600
63816,1.15,201301211600
64102,1.74,201301211600
64150,2.55,201301211600
64200,2.5,201301211600
64515,2.43,201301211600
64529,1.67,201301211600
64573,2.03,201301211600
64581,2.53,201301211600
64815,1.48,201301211600
64915,0.51,201301211600
65059,1.98,201301211600
65144,0.53,201301211600
65320,0.73,201301211600
65375,0.77,201301211600
65454,2.24,201301211600
65528,2.15,201301211600
65607,1.57,201301211600
65774,2.63,201301211600
65838,0.66,201301211600
66068,0.87,201301211600
66084,1.3,201301211600
66151,2.34,201301211600
66353,2.44,201301211600
66538,2.15,201301211600
66575,2.7,201301211600
66637,2.57,201301211600
66827,1.09,201301211600
66870,2.81,201301211600
67110,1.88,201301211600
67207,2.55,201301211600
67335,1.58,201301211600
67385,2.46,201301211600
67599,2.91,201301211600
67601,1.33,201301211600
67602,0.99,201301211600
67698,2.7,201301211600
67824,1.28,201301211600
67842,1.62,201301211600
67854,2.1,201301211600
67855,1.99,201301211600
67918,1.52,201301211600
68103,2.09,201301211600
68104,2.74,201301211600
68110,0.85,201301211600
68111,0.9,201301211600
68349,2.62,201301211600
68354,0.61,201301211600
68356,1.59,201301211600
68454,2.98,201301211600
68455,0.88,201301211600
68587,1.77,201301211600
68857,1.94,201301211600
68858,2.21,201301211600
68897,1.35,201301211600
68924,0.94,201301211600
68930,1.19,201301211600
69106,3.0,201301211600
69190,1.7,201301211600
69206,0.87,201301211600
69359,2.69,201301211600
69371,2.18,201301211600
69455,2.72,201301211600
69582,2.89,201301211600
69613,1.03,201301211600
69676,1.71,201301211600
70115,1.43,201301211600
70132,1.32,201301211600
70181,1.79,201301211600
70342,1.25,201301211600
70352,1.09,201301211600
70360,1.54,201301211600
70374,2.86,201301211600
70440,2.84,201301211600
70462,1.61,201301211600
70619,0.68,201301211600
70659,0.63,201301211600
70715,2.81,201301211600
70903,1.94,201301211600
70934,0.85,201301211600
70961,2.73,201301211600
71122,2.68,201301211600
71187,0.9,201301211600
71399,2.65,201301211600
71601,1.96,201301211600
71629,1.11,201301211600
71888,1.68,201301211600
71961,0.7,201301211600
71964,2.33,201301211600
72201,1.15,201301211600
72218,2.72,201301211600
72345,2.12,201301211600
72367,2.99,201301211600
72407,0.58,201301211600
72416,1.31,201301211600
72706,2.6,201301211600
72894,1.48,201301211600
73104,1.71,201301211600
73135,0.84,201301211600
73211,0.96,201301211600
73223,2.38,201301211600
73451,2.19,201301211600
73460,2.11,201301211600
73461,1.13,201301211600
73557,2.43,201301211600
73669,0.83,201301211600
74158,2.32,201301211600
74216,1.72,201301211600
74388,1.03,201301211600
74396,1.69,201301211600
74466,0.79,201301211600
74467,0.74,201301211600
74638,0.52,201301211600
74677,1.48,201301211600
74678,1.65,201301211600
74711,1.95,201301211600
74721,1.78,201301211600
74962,2.5,201301211600
74968,2.48,201301211600
74973,1.54,201301211600
75224,1.71,201301211600
75329,2.22,201301211600
75386,2.95,201301211600
75424,2.82,201301211600
75436,1.64,201301211600
75475,2.16,201301211600
75619,0.59,201301211600
75721,0.65,201301211600
75722,2.79,201301211600
75724,1.32,201301211600
75725,2.57,201301211600
75726,2.67,201301211600
75727,2.99,201301211600
75974,1.78,201301211600
75975,0.84,201301211600
76133,0.99,201301211600
76227,1.83,201301211600
76393,1.53,201301211600
76473,0.55,201301211600
76477,0.86,201301211600
76654,2.25,201301211600
76728,2.52,201301211600
76959,2.15,201301211600
77169,1.46,201301211600
77230,2.34,201301211600
77381,2.76,201301211600
77458,0.56,201301211600
77641,0.8,201301211600
77942,1.26,201301211600
77981,2.45,201301211600
78205,1.84,201301211600
78418,2.19,201301211600
78654,0.7,201301211600
78733,1.29,201301211600
78881,0.94,201301211600
78896,1.08,201301211600
78909,2.74,201301211600
78983,2.13,201301211600
79234,2.18,201301211600
79379,1.62,201301211600
79394,1.88,201301211600
79484,1.21,201301211600
79712,2.76,201301211600
79911,2.87,201301211600
79915,2.53,201301211600
80160,2.25,201301211600
80161,0.73,201301211600
80193,2.7,201301211600
80352,1.48,201301211600
80397,1.69,201301211600
80406,2.95,201301211600
80411,2.93,201301211600
80412,1.1,201301211600
80413,2.1,201301211600
80420,2.48,201301211600
80485,1.71,201301211600
80635,2.92,201301211600
80659,1.53,201301211600
80663,1.56,201301211600
80664,1.03,201301211600
80703,2.55,201301211600
80877,1.73,201301211600
80916,1.82,201301211600
81163,1.1,201301211600
81164,1.49,201301211600
81354,0.75,201301211600
81363,2.65,201301211600
81390,1.95,201301211600
81625,2.67,201301211600
81651,2.41,201301211600
81899,2.3,201301211600
82135,2.32,201301211600
82168,1.42,201301211600
82169,1.52,201301211600
82237,2.13,201301211600
82613,2.84,201301211600
82622,0.71,201301211600
82664,2.48,201301211600
82892,2.15,201301211600
82951,0.63,201301211600
83410,2.72,201301211600
83489,1.14,201301211600
83735,1.49,201301211600
83865,1.44,201301211600
84123,0.65,201301211600
84179,2.81,201301211600
84207,2.41,201301211600
84212,1.55,201301211600
84221,1.32,201301211600
84366,2.47,201301211600
84689,3.0,201301211600
84712,1.61,201301211600
84902,1.34,201301211600
85474,2.54,201301211600
85487,1.49,201301211600
85620,1.71,201301211600
85705,2.02,201301211600
85715,2.69,201301211600
85738,2.56,201301211600
86440,1.66,201301211600
86622,2.32,201301211600
86623,1.08,201301211600
86672,2.38,201301211600
86873,0.95,201301211600
86895,0.85,201301211600
87121,2.83,201301211600
87227,2.15,201301211600
87460,0.77,201301211600
87690,1.19,201301211600
87873,2.78,201301211600
88242,0.67,201301211600
88463,2.11,201301211600
89120,0.77,201301211600
89152,2.8,201301211600
89175,1.69,201301211600
89198,2.12,201301211600
89615,2.57,201301211600
89625,2.82,201301211600
90116,0.52,201301211600
90183,1.51,201301211600
90497,1.32,201301211600
90699,2.45,201301211600
90719,2.24,201301211600
91200,0.84,201301211600
91432,0.63,201301211600
91434,0.79,201301211600
91684,1.34,201301211600
91713,1.5,201301211600
91744,2.57,201301211600
92233,1.5,201301211600
93205,1.02,201301211600
93244,0.77,201301211600
93252,2.46,201301211600
93463,1.93,201301211600
93675,0.57,201301211600
93944,0.9,201301211600
94431,1.08,201301211600
94710,2.43,201301211600
94755,0.66,201301211600
94997,1.15,201301211600
95000,0.61,201301211600
95707,2.93,201301211600
95949,2.7,201301211600
95998,2.46,201301211600
96188,2.69,201301211600
96225,1.94,201301211600
96249,1.54,201301211600
96468,2.35,201301211600
96486,0.88,201301211600
96718,1.14,201301211600
96972,2.08,201301211600
96995,2.11,201301211600
97251,1.48,201301211600
97440,0.91,201301211600
97471,2.35,201301211600
97969,1.03,201301211600
97990,0.91,201301211600
98224,1.75,201301211600
98229,1.08,201301211600
98450,2.05,201301211600
98475,2.32,201301211600
98739,1.16,201301211600
99256,0.88,201301211600
99468,1.97,201301211600
99730,2.72,201301211600
101215,1.55,201301211600
101911,2.97,201301211600
101912,1.41,201301211600
101989,0.8,201301211600
102999,1.49,201301211600
103242,0.96,201301211600
103431,1.22,201301211600
104177,0.96,201301211600
104221,0.62,201301211600
104239,1.82,201301211600
104701,0.95,201301211600
104984,2.94,201301211600
105196,2.84,201301211600
105219,2.43,201301211600
105460,2.59,201301211600
105461,1.24,201301211600
105481,2.88,201301211600
105489,1.81,201301211600
105709,2.08,201301211600
105710,2.78,201301211600
105711,0.8,201301211600
105712,0.6,201301211600
105713,1.73,201301211600
105715,2.84,201301211600
105726,0.77,201301211600
105727,1.73,201301211600
105736,2.47,201301211600
105960,2.31,201301211600
105961,2.34,201301211600
105962,2.85,201301211600
105963,1.54,201301211600
105964,2.26,201301211600
105975,1.64,201301211600
106195,1.06,201301211600
106213,1.73,201301211600
106214,0.51,201301211600
106215,1.45,201301211600
106221,0.83,201301211600
106231,2.36,201301211600
106232,2.8,201301211600
106234,1.78,201301211600
106235,2.56,201301211600
106237,1.54,201301211600
106446,0.77,201301211600
106447,1.51,201301211600
106462,2.71,201301211600
106463,2.37,201301211600
106465,1.88,201301211600
106466,0.95,201301211600
106467,2.96,201301211600
106480,0.93,201301211600
106712,2.09,201301211600
106717,2.8,201301211600
106718,0.81,201301211600
106741,2.33,201301211600
106958,1.07,201301211600
106964,0.94,201301211600
106965,0.87,201301211600
106966,1.73,201301211600
106967,1.03,201301211600
106971,1.28,201301211600
106983,2.29,201301211600
106997,2.71,201301211600
107200,2.78,201301211600
107212,2.44,201301211600
107219,0.69,201301211600
107240,2.33,201301211600
107460,0.84,201301211600
107465,1.6,201301211600
107466,2.58,201301211600
107468,2.7,201301211600
107491,2.96,201301211600
107711,2.67,201301211600
107725,1.57,201301211600
107726,2.17,201301211600
107954,1.16,201301211600
107966,2.33,201301211600
107971,1.01,201301211600
107979,2.27,201301211600
107993,0.71,201301211600
108205,0.74,201301211600
108211,2.63,201301211600
108214,1.74,201301211600
108215,1.41,201301211600
108217,1.39,201301211600
108219,1.89,201301211600
108220,2.19,201301211600
108222,2.35,201301211600
108225,1.84,201301211600
108230,1.0,201301211600
108454,0.94,201301211600
108463,1.35,201301211600
108499,1.45,201301211600
108717,2.04,201301211600
108722,1.08,201301211600
108724,1.43,201301211600
108733,2.35,201301211600
108968,0.97,201301211600
108975,1.15,201301211600
108984,1.86,201301211600
108985,1.67,201301211600
109216,0.71,201301211600
109219,1.44,201301211600
109222,1.6,201301211600
109227,1.63,201301211600
109231,1.18,201301211600
109236,0.91,201301211600
109245,2.71,201301211600
109473,2.93,201301211600
109487,1.16,201301211600
109494,0.79,201301211600
109495,1.93,201301211600
109496,1.1,201301211600
109497,1.12,201301211600
109742,2.49,201301211600
109744,0.62,201301211600
109748,2.56,201301211600
109750,2.71,201301211600
109980,2.1,201301211600
109991,1.9,201301211600
109994,1.27,201301211600
109998,2.66,201301211600
110001,0.72,201301211600
110243,1.46,201301211600
110247,1.4,201301211600
110249,2.92,201301211600
110251,2.87,201301211600
110253,1.05,201301211600
110254,1.16,201301211600
