cell,mobility,dtg
1610,2.53,201301230000
1846,1.94,201301230000
1851,1.39,201301230000
1853,2.9,201301230000
1856,2.44,201301230000
1857,2.11,201301230000
2103,2.72,201301230000
2105,2.92,201301230000
2106,0.7,201301230000
2107,1.11,201301230000
2114,2.46,201301230000
2342,0.88,201301230000
2347,1.05,201301230000
2351,1.07,201301230000
2354,0.72,201301230000
2357,2.86,201301230000
2372,2.84,201301230000
2374,0.6,201301230000
2591,2.78,201301230000
2595,1.21,201301230000
2605,1.01,201301230000
2611,2.89,201301230000
2615,1.95,201301230000
2620,2.26,201301230000
2627,2.58,201301230000
2839,2.92,201301230000
2847,0.6,201301230000
3086,2.52,201301230000
3094,2.41,201301230000
3100,2.92,201301230000
3124,1.74,201301230000
3128,2.33,201301230000
3334,0.66,201301230000
3337,0.63,201301230000
3375,1.85,201301230000
3614,1.7,201301230000
3619,1.9,201301230000
3632,1.13,201301230000
3635,1.02,201301230000
3830,1.35,201301230000
3831,2.71,201301230000
3833,2.22,201301230000
3837,1.9,201301230000
3845,1.03,201301230000
3856,2.07,201301230000
3860,2.04,201301230000
3865,2.44,201301230000
4078,0.62,201301230000
4081,1.56,201301230000
4137,1.09,201301230000
4141,2.81,201301230000
4142,2.62,201301230000
4328,0.65,201301230000
4329,2.3,201301230000
4341,2.9,201301230000
4345,0.79,201301230000
4348,0.66,201301230000
4354,0.88,201301230000
4372,0.98,201301230000
4577,0.6,201301230000
4578,1.45,201301230000
4580,2.29,201301230000
4582,2.73,201301230000
4605,1.95,201301230000
4608,2.14,201301230000
4631,2.05,201301230000
4636,0.82,201301230000
4637,1.89,201301230000
4829,1.01,201301230000
4830,0.9,201301230000
4831,1.92,201301230000
4834,0.63,201301230000
4837,0.7,201301230000
4852,1.33,201301230000
4863,1.06,201301230000
4868,2.85,201301230000
4890,2.55,201301230000
4891,1.98,201301230000
5078,2.57,201301230000
5081,0.76,201301230000
5084,2.9,201301230000
5127,1.96,201301230000
5153,1.79,201301230000
5327,0.59,201301230000
5329,2.07,201301230000
5333,1.49,201301230000
5334,2.67,201301230000
5339,1.05,201301230000
5369,2.31,201301230000
5402,2.29,201301230000
5410,2.67,201301230000
5577,1.69,201301230000
5581,2.96,201301230000
5592,2.78,201301230000
5612,2.34,201301230000
5623,1.65,201301230000
5876,2.14,201301230000
5893,2.05,201301230000
5898,2.76,201301230000
6078,2.83,201301230000
6118,0.56,201301230000
6136,1.34,201301230000
6158,2.61,201301230000
6159,1.18,201301230000
6333,0.8,201301230000
6353,1.03,201301230000
6365,0.73,201301230000
6366,2.02,201301230000
6414,2.2,201301230000
6588,1.38,201301230000
6609,1.51,201301230000
6635,2.74,201301230000
6668,1.12,201301230000
6841,2.44,201301230000
6849,0.79,201301230000
6896,2.15,201301230000
6924,2.31,201301230000
6928,0.72,201301230000
6935,1.0,201301230000
6939,0.69,201301230000
7077,1.85,201301230000
7078,1.98,201301230000
7085,1.9,201301230000
7088,2.98,201301230000
7113,1.88,201301230000
7114,2.64,201301230000
7129,0.74,201301230000
7133,1.12,201301230000
7165,1.8,201301230000
7192,1.32,201301230000
7354,1.32,201301230000
7375,2.28,201301230000
7379,2.71,201301230000
7401,1.15,201301230000
7410,2.1,201301230000
7436,0.58,201301230000
7584,0.62,201301230000
7646,2.08,201301230000
7849,2.56,201301230000
7871,0.76,201301230000
7927,0.8,201301230000
7948,0.95,201301230000
8080,2.85,201301230000
8170,2.07,201301230000
8182,0.81,201301230000
8195,1.96,201301230000
8342,2.63,201301230000
8582,1.49,201301230000
8602,1.92,201301230000
8609,1.79,201301230000
8638,2.25,201301230000
8656,2.7,201301230000
8830,2.7,201301230000
8839,1.68,201301230000
8876,2.72,201301230000
8897,2.19,201301230000
8912,1.61,201301230000
8918,0.62,201301230000
8929,1.59,201301230000
8940,1.81,201301230000
8954,1.44,201301230000
9140,0.5,201301230000
9333,2.14,201301230000
9468,1.04,201301230000
9473,1.09,201301230000
9589,1.57,201301230000
9601,0.98,201301230000
9607,2.97,201301230000
9658,0.75,201301230000
9724,1.51,201301230000
9833,2.08,201301230000
10084,2.18,201301230000
10089,2.18,201301230000
10096,0.55,201301230000
10144,1.2,201301230000
10170,2.26,201301230000
10181,2.85,201301230000
10189,1.84,201301230000
10201,0.78,201301230000
10334,1.4,201301230000
10335,2.43,201301230000
10383,1.63,201301230000
10414,1.81,201301230000
10444,1.45,201301230000
10458,0.71,201301230000
10477,1.94,201301230000
10586,2.46,201301230000
10601,1.45,201301230000
10609,1.29,201301230000
10616,1.32,201301230000
10633,1.87,201301230000
10655,0.98,201301230000
10665,1.64,201301230000
10681,0.81,201301230000
10717,0.95,201301230000
10835,1.82,201301230000
10837,1.02,201301230000
10847,1.71,201301230000
10903,1.04,201301230000
10911,1.14,201301230000
10918,2.83,201301230000
10973,0.96,201301230000
11087,0.85,201301230000
11092,2.61,201301230000
11128,1.63,201301230000
11222,1.07,201301230000
11223,1.41,201301230000
11225,0.99,201301230000
11238,2.42,201301230000
11361,2.55,201301230000
11393,2.13,201301230000
11424,2.87,201301230000
11601,2.5,201301230000
11682,1.33,201301230000
11704,2.73,201301230000
11858,2.18,201301230000
11884,1.56,201301230000
11901,2.33,201301230000
11946,2.8,201301230000
11960,1.17,201301230000
11972,1.97,201301230000
12089,2.64,201301230000
12090,0.68,201301230000
12096,1.53,201301230000
12120,2.31,201301230000
12157,2.29,201301230000
12230,1.9,201301230000
12383,1.74,201301230000
12431,1.02,201301230000
12601,1.39,201301230000
12625,2.93,201301230000
12632,1.12,201301230000
12842,1.89,201301230000
12875,2.85,201301230000
12901,0.8,201301230000
12913,1.49,201301230000
12933,2.86,201301230000
12934,1.85,201301230000
12985,2.02,201301230000
13099,1.14,201301230000
13114,2.07,201301230000
13150,0.99,201301230000
13175,1.81,201301230000
13183,2.16,201301230000
13222,2.63,201301230000
13358,0.82,201301230000
13444,0.72,201301230000
13455,1.97,201301230000
13456,1.89,201301230000
13670,2.47,201301230000
13694,2.1,201301230000
13845,2.76,201301230000
13849,2.06,201301230000
14011,1.38,201301230000
14095,2.97,201301230000
14133,0.52,201301230000
14161,0.98,201301230000
14167,2.39,201301230000
14184,0.86,201301230000
14241,1.56,201301230000
14255,1.28,201301230000
14349,2.21,201301230000
14350,1.42,201301230000
14375,1.25,201301230000
14452,2.59,201301230000
14475,0.82,201301230000
14620,2.18,201301230000
14673,1.18,201301230000
14745,1.42,201301230000
14859,2.45,201301230000
14936,2.41,201301230000
14995,1.51,201301230000
15097,2.66,201301230000
15098,1.93,201301230000
15246,1.84,201301230000
15349,2.78,201301230000
15440,1.53,201301230000
15600,1.41,201301230000
15656,0.54,201301230000
15672,2.77,201301230000
15699,2.65,201301230000
15714,1.56,201301230000
15725,1.76,201301230000
15744,2.22,201301230000
15849,1.87,201301230000
15850,2.89,201301230000
15851,1.58,201301230000
15853,2.16,201301230000
15871,1.23,201301230000
16100,1.66,201301230000
16105,2.36,201301230000
16114,1.94,201301230000
16171,2.95,201301230000
16184,2.39,201301230000
16400,1.91,201301230000
16414,2.2,201301230000
16601,0.79,201301230000
16604,2.09,201301230000
16625,0.91,201301230000
16670,1.75,201301230000
16853,1.45,201301230000
16868,1.19,201301230000
16932,1.68,201301230000
17232,1.95,201301230000
17355,2.01,201301230000
17358,2.64,201301230000
17367,2.53,201301230000
17635,2.2,201301230000
17673,1.72,201301230000
17681,2.46,201301230000
17884,1.15,201301230000
17984,0.84,201301230000
18108,2.03,201301230000
18115,1.6,201301230000
18118,1.69,201301230000
18123,1.47,201301230000
18139,0.75,201301230000
18154,1.83,201301230000
18160,1.05,201301230000
18177,0.82,201301230000
18185,2.73,201301230000
18383,2.03,201301230000
18404,1.98,201301230000
18427,1.01,201301230000
18466,1.28,201301230000
18616,1.38,201301230000
18629,2.63,201301230000
18861,0.73,201301230000
18866,2.76,201301230000
18925,2.17,201301230000
19110,0.7,201301230000
19112,2.14,201301230000
19114,1.57,201301230000
19122,1.97,201301230000
19360,1.56,201301230000
19443,1.68,201301230000
19481,1.14,201301230000
19611,1.31,201301230000
19612,2.04,201301230000
19618,1.22,201301230000
19633,1.56,201301230000
19678,2.61,201301230000
19878,2.21,201301230000
19913,1.68,201301230000
20113,0.92,201301230000
20114,1.93,201301230000
20116,2.5,201301230000
20170,0.93,201301230000
20363,2.99,201301230000
20387,2.89,201301230000
20396,1.16,201301230000
20436,1.87,201301230000
20616,2.8,201301230000
20621,1.18,201301230000
20628,0.92,201301230000
20651,2.9,201301230000
20671,1.61,201301230000
20682,0.94,201301230000
20864,1.93,201301230000
20882,1.41,201301230000
20931,1.24,201301230000
20995,0.66,201301230000
21115,1.91,201301230000
21118,0.92,201301230000
21201,0.51,201301230000
21373,0.71,201301230000
21377,2.17,201301230000
21392,0.94,201301230000
21407,2.4,201301230000
21428,1.82,201301230000
21448,2.08,201301230000
21617,1.32,201301230000
21619,2.08,201301230000
21639,1.54,201301230000
21658,1.14,201301230000
21663,1.56,201301230000
21701,0.79,201301230000
21721,2.01,201301230000
21868,1.75,201301230000
21871,0.9,201301230000
21999,2.51,201301230000
22126,1.15,201301230000
22133,0.87,201301230000
22174,2.99,201301230000
22176,2.95,201301230000
22205,0.96,201301230000
22368,1.29,201301230000
22395,1.39,201301230000
22419,0.52,201301230000
22420,2.6,201301230000
22421,2.86,201301230000
22422,0.59,201301230000
22619,0.77,201301230000
22630,2.28,201301230000
22634,2.82,201301230000
22671,2.81,201301230000
22673,2.23,201301230000
22700,1.29,201301230000
22751,1.98,201301230000
22768,0.72,201301230000
22869,1.1,201301230000
22877,2.39,201301230000
22928,2.53,201301230000
22940,1.5,201301230000
22955,0.93,201301230000
22963,1.05,201301230000
22966,2.18,201301230000
23120,1.07,201301230000
23124,2.38,201301230000
23125,2.49,201301230000
23131,1.04,201301230000
23138,0.67,201301230000
23169,0.63,201301230000
23194,0.54,201301230000
23216,0.52,201301230000
23370,2.67,201301230000
23371,2.8,201301230000
23379,1.71,201301230000
23386,2.72,201301230000
23388,2.88,201301230000
23427,2.25,201301230000
23621,1.89,201301230000
23627,1.89,201301230000
23635,2.24,201301230000
23641,1.12,201301230000
23662,1.89,201301230000
23669,1.55,201301230000
23690,0.86,201301230000
23744,1.79,201301230000
23750,0.54,201301230000
23872,0.69,201301230000
23873,1.35,201301230000
23875,1.68,201301230000
23881,2.3,201301230000
23894,1.39,201301230000
23896,2.38,201301230000
23907,1.67,201301230000
23925,0.55,201301230000
23973,1.75,201301230000
24005,2.96,201301230000
24009,2.39,201301230000
24032,2.11,201301230000
24122,1.47,201301230000
24123,0.71,201301230000
24149,2.49,201301230000
24247,1.04,201301230000
24251,0.86,201301230000
24265,2.39,201301230000
24266,2.36,201301230000
24373,1.96,201301230000
24374,0.58,201301230000
24380,2.34,201301230000
24381,2.02,201301230000
24383,1.13,201301230000
24387,0.99,201301230000
24402,1.69,201301230000
24405,1.94,201301230000
24423,1.97,201301230000
24623,1.77,201301230000
24626,1.08,201301230000
24643,0.87,201301230000
24732,1.18,201301230000
24734,0.99,201301230000
24739,2.95,201301230000
24774,1.99,201301230000
24775,0.74,201301230000
24781,1.17,201301230000
24837,2.78,201301230000
24874,0.73,201301230000
24877,0.88,201301230000
24879,1.26,201301230000
24880,1.77,201301230000
24895,1.1,201301230000
24920,0.95,201301230000
24990,1.87,201301230000
24991,2.37,201301230000
24993,0.91,201301230000
25124,2.81,201301230000
25125,2.35,201301230000
25126,1.61,201301230000
25129,1.5,201301230000
25130,1.21,201301230000
25132,2.48,201301230000
25136,1.24,201301230000
25138,1.89,201301230000
25141,2.63,201301230000
25179,1.87,201301230000
25187,2.77,201301230000
25375,1.83,201301230000
25376,0.55,201301230000
25377,1.96,201301230000
25379,1.74,201301230000
25385,1.85,201301230000
25395,2.87,201301230000
25400,2.37,201301230000
25405,1.81,201301230000
25412,2.43,201301230000
25427,2.99,201301230000
25626,1.08,201301230000
25627,1.2,201301230000
25628,2.01,201301230000
25629,1.99,201301230000
25632,2.06,201301230000
25633,1.07,201301230000
25642,2.69,201301230000
25715,2.52,201301230000
25747,2.58,201301230000
25763,2.87,201301230000
25876,1.35,201301230000
25877,2.91,201301230000
25878,2.49,201301230000
25881,1.55,201301230000
25882,0.93,201301230000
25886,2.4,201301230000
25888,2.84,201301230000
25926,1.93,201301230000
25997,2.11,201301230000
26005,0.64,201301230000
26035,2.96,201301230000
26127,0.88,201301230000
26129,0.69,201301230000
26130,0.81,201301230000
26133,0.58,201301230000
26135,1.82,201301230000
26136,1.09,201301230000
26138,0.55,201301230000
26139,0.73,201301230000
26141,0.93,201301230000
26148,2.05,201301230000
26168,1.39,201301230000
26378,0.81,201301230000
26379,1.59,201301230000
26380,1.33,201301230000
26381,2.93,201301230000
26382,0.65,201301230000
26383,1.27,201301230000
26385,1.85,201301230000
26386,1.96,201301230000
26387,2.73,201301230000
26389,0.63,201301230000
26391,2.95,201301230000
26392,1.27,201301230000
26393,2.6,201301230000
26396,1.31,201301230000
26403,1.13,201301230000
26408,1.1,201301230000
26427,0.86,201301230000
26450,1.63,201301230000
26492,2.44,201301230000
26546,2.72,201301230000
26563,0.77,201301230000
26564,1.28,201301230000
26628,2.0,201301230000
26629,1.34,201301230000
26630,0.92,201301230000
26631,2.42,201301230000
26633,1.22,201301230000
26634,2.12,201301230000
26656,2.04,201301230000
26674,0.85,201301230000
26708,1.19,201301230000
26752,1.94,201301230000
26754,1.44,201301230000
26755,1.92,201301230000
26782,1.95,201301230000
26846,1.56,201301230000
26879,0.63,201301230000
26880,2.03,201301230000
26881,2.1,201301230000
26882,2.08,201301230000
26883,1.27,201301230000
26884,2.54,201301230000
26885,1.16,201301230000
26886,0.54,201301230000
26887,2.85,201301230000
26889,1.98,201301230000
26890,2.59,201301230000
26891,1.67,201301230000
26892,1.96,201301230000
26893,1.78,201301230000
26894,1.98,201301230000
26895,2.0,201301230000
26897,0.73,201301230000
26905,2.42,201301230000
26938,1.55,201301230000
26964,1.68,201301230000
27006,0.72,201301230000
27042,2.78,201301230000
27098,1.73,201301230000
27130,2.1,201301230000
27131,1.66,201301230000
27132,2.65,201301230000
27133,2.65,201301230000
27134,0.67,201301230000
27135,2.04,201301230000
27136,1.11,201301230000
27137,1.74,201301230000
27138,2.23,201301230000
27142,1.78,201301230000
27143,1.41,201301230000
27145,2.12,201301230000
27148,1.51,201301230000
27149,2.91,201301230000
27152,2.12,201301230000
27155,2.27,201301230000
27175,1.11,201301230000
27209,2.81,201301230000
27247,2.82,201301230000
27381,2.7,201301230000
27382,2.67,201301230000
27383,2.94,201301230000
27384,2.69,201301230000
27386,1.58,201301230000
27387,1.12,201301230000
27388,0.63,201301230000
27389,0.64,201301230000
27390,2.51,201301230000
27392,2.31,201301230000
27395,0.96,201301230000
27404,0.93,201301230000
27415,0.72,201301230000
27427,0.64,201301230000
27489,1.81,201301230000
27494,2.35,201301230000
27498,0.94,201301230000
27518,1.16,201301230000
27632,0.52,201301230000
27633,1.71,201301230000
27634,1.56,201301230000
27635,0.84,201301230000
27636,0.65,201301230000
27637,2.65,201301230000
27638,2.21,201301230000
27639,1.56,201301230000
27640,1.32,201301230000
27642,1.96,201301230000
27643,1.02,201301230000
27645,0.54,201301230000
27646,1.25,201301230000
27647,0.93,201301230000
27649,0.59,201301230000
27654,1.13,201301230000
27763,1.98,201301230000
27764,1.43,201301230000
27796,1.52,201301230000
27797,1.98,201301230000
27883,2.06,201301230000
27884,2.3,201301230000
27885,2.63,201301230000
27886,0.89,201301230000
27887,2.47,201301230000
27888,1.5,201301230000
27889,0.54,201301230000
27890,2.22,201301230000
27891,2.93,201301230000
27892,0.85,201301230000
27894,1.07,201301230000
27895,2.31,201301230000
27897,1.65,201301230000
27902,1.62,201301230000
27908,0.61,201301230000
27911,1.77,201301230000
27930,1.79,201301230000
27971,2.9,201301230000
28004,1.79,201301230000
28015,2.48,201301230000
28049,0.89,201301230000
28102,0.62,201301230000
28134,1.36,201301230000
28135,0.73,201301230000
28136,1.63,201301230000
28137,2.4,201301230000
28138,1.02,201301230000
28139,0.72,201301230000
28140,2.63,201301230000
28142,0.74,201301230000
28143,2.87,201301230000
28144,1.8,201301230000
28146,0.79,201301230000
28154,0.98,201301230000
28156,2.57,201301230000
28216,2.67,201301230000
28239,1.69,201301230000
28384,1.74,201301230000
28385,0.7,201301230000
28386,1.62,201301230000
28387,2.74,201301230000
28388,2.66,201301230000
28389,0.89,201301230000
28390,2.8,201301230000
28391,2.57,201301230000
28392,2.47,201301230000
28393,0.54,201301230000
28394,2.6,201301230000
28396,1.05,201301230000
28397,0.9,201301230000
28400,1.7,201301230000
28401,2.65,201301230000
28405,2.79,201301230000
28427,1.18,201301230000
28467,2.62,201301230000
28496,1.91,201301230000
28497,1.45,201301230000
28519,0.94,201301230000
28535,1.02,201301230000
28539,2.86,201301230000
28545,1.23,201301230000
28557,1.47,201301230000
28635,1.11,201301230000
28636,1.64,201301230000
28637,1.4,201301230000
28638,0.9,201301230000
28639,1.18,201301230000
28640,0.64,201301230000
28641,2.72,201301230000
28642,0.57,201301230000
28643,1.44,201301230000
28644,1.44,201301230000
28645,0.88,201301230000
28646,1.57,201301230000
28649,0.78,201301230000
28658,1.57,201301230000
28667,2.84,201301230000
28675,1.12,201301230000
28751,0.63,201301230000
28753,1.08,201301230000
28754,1.83,201301230000
28788,0.8,201301230000
28812,0.55,201301230000
28823,0.92,201301230000
28886,1.79,201301230000
28887,1.32,201301230000
28888,1.69,201301230000
28889,2.12,201301230000
28890,1.34,201301230000
28891,2.44,201301230000
28892,1.15,201301230000
28893,0.78,201301230000
28894,2.23,201301230000
28895,1.08,201301230000
28896,1.84,201301230000
28897,2.1,201301230000
28899,2.39,201301230000
28900,0.83,201301230000
28901,1.91,201301230000
28902,1.84,201301230000
28905,1.37,201301230000
28912,1.03,201301230000
28960,2.51,201301230000
28969,2.38,201301230000
29004,2.95,201301230000
29012,2.54,201301230000
29026,0.66,201301230000
29068,2.84,201301230000
29076,0.53,201301230000
29088,2.19,201301230000
29094,1.67,201301230000
29136,2.51,201301230000
29137,3.0,201301230000
29138,2.79,201301230000
29139,1.13,201301230000
29140,2.9,201301230000
29141,2.89,201301230000
29142,2.47,201301230000
29143,1.55,201301230000
29144,1.42,201301230000
29146,1.57,201301230000
29147,2.98,201301230000
29148,1.03,201301230000
29149,1.72,201301230000
29151,1.79,201301230000
29158,2.48,201301230000
29165,2.09,201301230000
29171,3.0,201301230000
29190,1.51,201301230000
29247,0.77,201301230000
29387,0.58,201301230000
29388,1.94,201301230000
29389,0.68,201301230000
29390,2.6,201301230000
29391,2.85,201301230000
29392,2.85,201301230000
29393,2.7,201301230000
29394,2.63,201301230000
29395,0.66,201301230000
29396,1.84,201301230000
29397,0.71,201301230000
29398,2.56,201301230000
29399,1.88,201301230000
29401,2.04,201301230000
29402,1.85,201301230000
29403,2.95,201301230000
29405,1.79,201301230000
29409,1.4,201301230000
29425,2.31,201301230000
29429,0.95,201301230000
29495,0.82,201301230000
29498,2.55,201301230000
29533,1.52,201301230000
29556,1.33,201301230000
29638,0.93,201301230000
29639,1.45,201301230000
29640,2.46,201301230000
29641,0.97,201301230000
29642,1.16,201301230000
29643,1.62,201301230000
29644,2.11,201301230000
29645,2.88,201301230000
29648,2.05,201301230000
29649,0.85,201301230000
29650,1.9,201301230000
29654,1.97,201301230000
29663,0.68,201301230000
29670,1.59,201301230000
29710,1.41,201301230000
29730,1.18,201301230000
29733,1.23,201301230000
29736,2.29,201301230000
29766,1.35,201301230000
29891,2.38,201301230000
29892,2.39,201301230000
29893,2.15,201301230000
29894,0.57,201301230000
29895,2.62,201301230000
29896,2.18,201301230000
29897,2.56,201301230000
29898,0.66,201301230000
29900,0.68,201301230000
29903,2.94,201301230000
29906,0.93,201301230000
29909,2.03,201301230000
29912,2.06,201301230000
29917,2.48,201301230000
29925,2.89,201301230000
29966,1.41,201301230000
30021,0.68,201301230000
30026,2.38,201301230000
30036,1.18,201301230000
30142,2.66,201301230000
30143,2.92,201301230000
30144,0.55,201301230000
30145,2.7,201301230000
30146,1.96,201301230000
30147,2.63,201301230000
30148,2.76,201301230000
30152,2.93,201301230000
30154,1.29,201301230000
30157,1.98,201301230000
30158,2.18,201301230000
30181,2.51,201301230000
30242,1.15,201301230000
30243,1.97,201301230000
30244,2.28,201301230000
30261,2.42,201301230000
30300,2.99,201301230000
30322,2.06,201301230000
30393,1.42,201301230000
30394,2.29,201301230000
30395,2.07,201301230000
30396,0.52,201301230000
30397,1.46,201301230000
30398,0.77,201301230000
30400,1.2,201301230000
30401,1.08,201301230000
30403,1.34,201301230000
30407,2.32,201301230000
30410,1.46,201301230000
30420,0.68,201301230000
30430,0.9,201301230000
30434,2.68,201301230000
30439,2.26,201301230000
30481,1.84,201301230000
30489,2.47,201301230000
30494,0.81,201301230000
30495,1.63,201301230000
30496,2.03,201301230000
30645,2.67,201301230000
30646,2.25,201301230000
30647,2.45,201301230000
30648,2.43,201301230000
30649,1.59,201301230000
30650,0.83,201301230000
30651,1.72,201301230000
30652,2.41,201301230000
30653,1.5,201301230000
30654,1.87,201301230000
30661,2.76,201301230000
30664,1.22,201301230000
30666,2.83,201301230000
30669,2.38,201301230000
30673,1.16,201301230000
30683,0.98,201301230000
30745,1.97,201301230000
30750,0.91,201301230000
30777,2.44,201301230000
30780,0.92,201301230000
30812,1.21,201301230000
30897,1.79,201301230000
30898,2.77,201301230000
30899,1.55,201301230000
30900,1.46,201301230000
30901,1.88,201301230000
30902,1.34,201301230000
30903,2.32,201301230000
30904,0.78,201301230000
30908,1.21,201301230000
30909,1.0,201301230000
30912,1.47,201301230000
30913,1.17,201301230000
30928,0.82,201301230000
30953,1.01,201301230000
30979,2.06,201301230000
30994,2.1,201301230000
30995,2.95,201301230000
31027,1.65,201301230000
31028,2.38,201301230000
31029,1.58,201301230000
31082,1.0,201301230000
31148,2.48,201301230000
31149,0.84,201301230000
31150,0.67,201301230000
31151,2.14,201301230000
31152,1.53,201301230000
31156,2.61,201301230000
31157,2.13,201301230000
31161,0.81,201301230000
31166,0.69,201301230000
31172,2.45,201301230000
31274,1.64,201301230000
31281,1.78,201301230000
31369,1.75,201301230000
31398,1.57,201301230000
31401,2.51,201301230000
31407,1.88,201301230000
31408,2.88,201301230000
31409,0.76,201301230000
31410,2.88,201301230000
31413,2.22,201301230000
31419,2.03,201301230000
31427,2.43,201301230000
31457,2.67,201301230000
31466,2.09,201301230000
31651,2.88,201301230000
31652,1.35,201301230000
31656,2.57,201301230000
31660,0.88,201301230000
31663,1.66,201301230000
31666,2.4,201301230000
31675,0.58,201301230000
31738,1.35,201301230000
31754,1.35,201301230000
31782,2.29,201301230000
31903,0.96,201301230000
31904,1.79,201301230000
31905,0.99,201301230000
31906,3.0,201301230000
31908,0.7,201301230000
31912,2.3,201301230000
31921,2.2,201301230000
31928,1.81,201301230000
31949,0.94,201301230000
32028,2.31,201301230000
32032,0.76,201301230000
32045,2.17,201301230000
32150,1.7,201301230000
32155,0.77,201301230000
32157,0.76,201301230000
32161,2.93,201301230000
32162,0.75,201301230000
32167,2.41,201301230000
32169,2.63,201301230000
32175,1.5,201301230000
32182,1.61,201301230000
32185,1.45,201301230000
32195,1.19,201301230000
32235,2.96,201301230000
32404,1.06,201301230000
32405,0.77,201301230000
32410,2.26,201301230000
32411,0.68,201301230000
32415,2.2,201301230000
32449,0.76,201301230000
32490,2.46,201301230000
32558,1.03,201301230000
32622,2.55,201301230000
32656,1.13,201301230000
32658,2.76,201301230000
32660,2.53,201301230000
32662,2.3,201301230000
32668,1.09,201301230000
32682,1.21,201301230000
32697,2.77,201301230000
32712,1.66,201301230000
32729,2.05,201301230000
32739,1.87,201301230000
32742,0.66,201301230000
32744,1.4,201301230000
32802,1.37,201301230000
32834,0.77,201301230000
32905,0.94,201301230000
32907,1.79,201301230000
32912,1.02,201301230000
32916,2.81,201301230000
32922,1.08,201301230000
32924,1.56,201301230000
32926,1.48,201301230000
32929,1.87,201301230000
32977,1.32,201301230000
32978,2.86,201301230000
33154,1.68,201301230000
33158,1.19,201301230000
33160,0.89,201301230000
33165,2.6,201301230000
33170,1.25,201301230000
33186,1.58,201301230000
33286,0.82,201301230000
33405,1.29,201301230000
33409,2.47,201301230000
33412,2.6,201301230000
33418,2.26,201301230000
33420,2.07,201301230000
33424,0.67,201301230000
33435,1.59,201301230000
33442,1.17,201301230000
33519,1.55,201301230000
33594,1.83,201301230000
33656,2.22,201301230000
33659,1.95,201301230000
33662,2.89,201301230000
33664,0.92,201301230000
33666,0.85,201301230000
33669,2.6,201301230000
33673,1.28,201301230000
33675,2.78,201301230000
33694,2.85,201301230000
33724,1.71,201301230000
33742,1.28,201301230000
33812,2.9,201301230000
33909,2.21,201301230000
33911,2.93,201301230000
33912,2.24,201301230000
33913,0.78,201301230000
33922,1.7,201301230000
33923,2.1,201301230000
33924,1.8,201301230000
33931,0.7,201301230000
33935,2.33,201301230000
33986,2.16,201301230000
34013,0.66,201301230000
34160,1.54,201301230000
34161,2.07,201301230000
34162,2.84,201301230000
34163,0.63,201301230000
34167,1.1,201301230000
34190,2.34,201301230000
34211,0.59,201301230000
34303,2.05,201301230000
34380,1.84,201301230000
34407,2.85,201301230000
34413,0.63,201301230000
34423,1.75,201301230000
34424,1.7,201301230000
34427,2.58,201301230000
34430,1.32,201301230000
34437,2.78,201301230000
34440,1.3,201301230000
34486,1.93,201301230000
34495,2.47,201301230000
34510,2.09,201301230000
34520,1.77,201301230000
34528,1.84,201301230000
34563,1.95,201301230000
34662,0.95,201301230000
34667,1.37,201301230000
34668,1.19,201301230000
34670,2.59,201301230000
34672,0.92,201301230000
34673,1.07,201301230000
34676,1.39,201301230000
34679,2.77,201301230000
34682,1.62,201301230000
34695,1.57,201301230000
34710,0.77,201301230000
34714,0.69,201301230000
34720,0.82,201301230000
34882,2.18,201301230000
34913,1.68,201301230000
34914,2.53,201301230000
34915,2.84,201301230000
34924,0.84,201301230000
34925,2.73,201301230000
34934,1.11,201301230000
34939,1.69,201301230000
34959,2.16,201301230000
34990,1.39,201301230000
35102,2.83,201301230000
35164,2.59,201301230000
35166,1.31,201301230000
35173,2.88,201301230000
35178,2.72,201301230000
35183,2.98,201301230000
35185,0.74,201301230000
35187,1.94,201301230000
35193,2.65,201301230000
35203,2.01,201301230000
35218,1.49,201301230000
35237,2.01,201301230000
35244,1.34,201301230000
35249,0.93,201301230000
35295,1.83,201301230000
35368,1.35,201301230000
35410,1.3,201301230000
35414,2.4,201301230000
35415,2.79,201301230000
35417,0.95,201301230000
35421,2.17,201301230000
35440,1.37,201301230000
35455,0.76,201301230000
35492,0.91,201301230000
35515,1.62,201301230000
35665,2.4,201301230000
35675,1.82,201301230000
35683,1.86,201301230000
35686,0.71,201301230000
35700,2.31,201301230000
35745,2.45,201301230000
35755,2.29,201301230000
35769,1.32,201301230000
35916,1.77,201301230000
35917,1.17,201301230000
35918,2.34,201301230000
35919,0.98,201301230000
35921,1.48,201301230000
35929,1.12,201301230000
35931,2.4,201301230000
35941,2.17,201301230000
35944,1.68,201301230000
35971,1.02,201301230000
35981,1.34,201301230000
35992,1.03,201301230000
35994,1.11,201301230000
36067,2.77,201301230000
36162,1.02,201301230000
36167,2.61,201301230000
36169,0.61,201301230000
36170,2.93,201301230000
36173,0.7,201301230000
36176,1.93,201301230000
36177,1.65,201301230000
36205,1.72,201301230000
36237,2.01,201301230000
36245,0.73,201301230000
36246,1.8,201301230000
36293,0.93,201301230000
36311,0.76,201301230000
36417,0.86,201301230000
36420,1.47,201301230000
36421,1.25,201301230000
36441,1.45,201301230000
36448,1.2,201301230000
36494,2.03,201301230000
36498,1.91,201301230000
36502,0.94,201301230000
36510,2.63,201301230000
36513,0.81,201301230000
36519,2.86,201301230000
36524,2.6,201301230000
36576,2.96,201301230000
36668,2.59,201301230000
36673,2.45,201301230000
36675,2.76,201301230000
36677,2.38,201301230000
36679,1.0,201301230000
36682,1.95,201301230000
36688,2.7,201301230000
36690,2.8,201301230000
36711,1.43,201301230000
36717,1.17,201301230000
36758,2.58,201301230000
36889,2.43,201301230000
36915,1.63,201301230000
36918,2.59,201301230000
36933,2.73,201301230000
36934,1.7,201301230000
36953,2.43,201301230000
36959,2.96,201301230000
36996,2.3,201301230000
36999,1.8,201301230000
37001,1.16,201301230000
37167,1.88,201301230000
37168,2.39,201301230000
37169,1.13,201301230000
37172,2.21,201301230000
37176,2.09,201301230000
37178,2.02,201301230000
37179,0.52,201301230000
37182,0.76,201301230000
37192,0.65,201301230000
37200,2.49,201301230000
37206,0.9,201301230000
37232,1.15,201301230000
37239,1.91,201301230000
37270,2.08,201301230000
37298,0.82,201301230000
37304,2.31,201301230000
37419,0.89,201301230000
37421,2.97,201301230000
37423,1.98,201301230000
37425,1.75,201301230000
37446,0.85,201301230000
37454,1.64,201301230000
37477,0.72,201301230000
37487,2.86,201301230000
37501,1.11,201301230000
37503,0.76,201301230000
37513,1.97,201301230000
37523,1.23,201301230000
37562,2.99,201301230000
37609,2.75,201301230000
37642,0.88,201301230000
37643,1.61,201301230000
37670,0.52,201301230000
37671,2.16,201301230000
37672,2.51,201301230000
37676,1.21,201301230000
37688,2.38,201301230000
37689,2.95,201301230000
37690,1.29,201301230000
37695,2.71,201301230000
37701,2.53,201301230000
37710,2.19,201301230000
37711,1.38,201301230000
37754,0.63,201301230000
37874,1.86,201301230000
37891,1.64,201301230000
37893,0.91,201301230000
37894,2.27,201301230000
37926,1.74,201301230000
37928,0.79,201301230000
37929,2.63,201301230000
37932,0.82,201301230000
37936,1.86,201301230000
37943,1.74,201301230000
37952,2.71,201301230000
37962,1.22,201301230000
37968,2.9,201301230000
38003,1.04,201301230000
38060,2.29,201301230000
38145,2.92,201301230000
38172,2.16,201301230000
38173,1.72,201301230000
38178,2.88,201301230000
38200,2.19,201301230000
38204,1.89,201301230000
38209,2.88,201301230000
38215,0.85,201301230000
38220,1.83,201301230000
38225,2.63,201301230000
38228,0.94,201301230000
38230,1.26,201301230000
38243,2.91,201301230000
38247,1.59,201301230000
38255,2.97,201301230000
38263,0.8,201301230000
38268,1.12,201301230000
38272,2.44,201301230000
38367,2.81,201301230000
38381,2.23,201301230000
38423,2.49,201301230000
38425,1.05,201301230000
38426,2.53,201301230000
38431,1.3,201301230000
38440,2.72,201301230000
38479,1.41,201301230000
38481,0.89,201301230000
38483,1.05,201301230000
38488,2.09,201301230000
38490,2.54,201301230000
38498,1.87,201301230000
38499,2.48,201301230000
38500,2.28,201301230000
38505,0.73,201301230000
38506,2.34,201301230000
38508,1.66,201301230000
38517,1.85,201301230000
38534,0.8,201301230000
38648,2.84,201301230000
38674,1.55,201301230000
38676,2.96,201301230000
38679,1.52,201301230000
38684,2.9,201301230000
38693,2.25,201301230000
38697,1.45,201301230000
38716,1.01,201301230000
38722,2.64,201301230000
38736,2.01,201301230000
38738,2.03,201301230000
38752,1.9,201301230000
38753,2.77,201301230000
38758,2.86,201301230000
38760,2.85,201301230000
38761,1.51,201301230000
38762,1.63,201301230000
38766,1.5,201301230000
38769,2.24,201301230000
38778,0.93,201301230000
38812,1.33,201301230000
38939,0.57,201301230000
38953,1.67,201301230000
38958,1.97,201301230000
38967,2.47,201301230000
39006,1.58,201301230000
39008,0.88,201301230000
39010,2.47,201301230000
39011,1.57,201301230000
39017,2.14,201301230000
39113,2.13,201301230000
39148,1.82,201301230000
39149,1.55,201301230000
39176,1.83,201301230000
39178,2.47,201301230000
39191,2.63,201301230000
39201,1.26,201301230000
39230,2.21,201301230000
39236,2.9,201301230000
39246,2.78,201301230000
39252,1.38,201301230000
39255,1.82,201301230000
39260,1.55,201301230000
39262,1.84,201301230000
39263,2.51,201301230000
39268,2.66,201301230000
39269,2.43,201301230000
39271,1.11,201301230000
39274,1.04,201301230000
39275,2.59,201301230000
39375,2.88,201301230000
39391,0.8,201301230000
39427,1.0,201301230000
39428,1.58,201301230000
39430,1.04,201301230000
39433,0.82,201301230000
39446,1.57,201301230000
39457,1.9,201301230000
39514,1.49,201301230000
39515,0.78,201301230000
39516,1.65,201301230000
39517,2.11,201301230000
39535,1.21,201301230000
39554,2.36,201301230000
39559,1.37,201301230000
39631,2.81,201301230000
39632,2.05,201301230000
39633,0.52,201301230000
39652,2.45,201301230000
39683,1.41,201301230000
39687,1.18,201301230000
39706,2.24,201301230000
39710,1.91,201301230000
39722,2.0,201301230000
39731,2.71,201301230000
39750,2.86,201301230000
39755,2.18,201301230000
39759,2.44,201301230000
39762,0.66,201301230000
39764,1.78,201301230000
39765,2.22,201301230000
39766,2.6,201301230000
39767,1.29,201301230000
39769,2.92,201301230000
39772,1.37,201301230000
39776,2.47,201301230000
39777,2.13,201301230000
39790,0.77,201301230000
39791,2.59,201301230000
39796,1.04,201301230000
39832,1.26,201301230000
39883,0.58,201301230000
39930,2.05,201301230000
39932,2.12,201301230000
39941,0.5,201301230000
39948,1.52,201301230000
39969,2.77,201301230000
40018,0.56,201301230000
40031,0.54,201301230000
40133,1.72,201301230000
40180,2.26,201301230000
40188,1.52,201301230000
40196,0.94,201301230000
40242,1.64,201301230000
40246,1.61,201301230000
40259,1.45,201301230000
40264,2.46,201301230000
40267,2.44,201301230000
40268,1.55,201301230000
40270,0.57,201301230000
40276,1.99,201301230000
40286,1.37,201301230000
40295,0.9,201301230000
40431,1.26,201301230000
40432,2.9,201301230000
40442,2.28,201301230000
40447,2.6,201301230000
40448,0.91,201301230000
40451,2.1,201301230000
40457,2.98,201301230000
40500,0.95,201301230000
40512,1.99,201301230000
40518,1.16,201301230000
40519,1.27,201301230000
40522,1.5,201301230000
40524,1.1,201301230000
40525,0.7,201301230000
40532,1.98,201301230000
40560,2.17,201301230000
40566,2.5,201301230000
40633,1.11,201301230000
40687,0.89,201301230000
40713,2.66,201301230000
40719,1.7,201301230000
40732,1.28,201301230000
40733,1.96,201301230000
40766,0.51,201301230000
40810,1.13,201301230000
40894,2.96,201301230000
40933,0.91,201301230000
40936,1.85,201301230000
40939,1.89,201301230000
40954,0.57,201301230000
40982,2.22,201301230000
41021,2.95,201301230000
41024,1.42,201301230000
41061,2.99,201301230000
41145,0.71,201301230000
41157,1.71,201301230000
41183,1.38,201301230000
41200,1.19,201301230000
41262,2.03,201301230000
41265,2.61,201301230000
41270,2.23,201301230000
41277,2.09,201301230000
41318,2.54,201301230000
41401,0.52,201301230000
41407,0.59,201301230000
41437,2.31,201301230000
41459,2.16,201301230000
41465,1.42,201301230000
41469,2.16,201301230000
41508,1.14,201301230000
41520,1.31,201301230000
41522,2.32,201301230000
41526,1.12,201301230000
41532,1.56,201301230000
41558,0.9,201301230000
41635,1.59,201301230000
41653,2.98,201301230000
41658,2.54,201301230000
41692,1.4,201301230000
41696,0.58,201301230000
41764,0.87,201301230000
41772,0.51,201301230000
41893,1.75,201301230000
41904,2.98,201301230000
41905,2.29,201301230000
41936,1.93,201301230000
41941,1.6,201301230000
41958,1.01,201301230000
41990,0.6,201301230000
42023,2.02,201301230000
42026,0.86,201301230000
42029,2.49,201301230000
42074,1.14,201301230000
42085,2.88,201301230000
42095,0.61,201301230000
42147,0.9,201301230000
42160,2.72,201301230000
42200,0.57,201301230000
42213,1.07,201301230000
42267,1.78,201301230000
42271,2.54,201301230000
42274,0.52,201301230000
42283,2.05,201301230000
42291,2.48,201301230000
42342,2.19,201301230000
42411,2.48,201301230000
42438,2.81,201301230000
42454,2.64,201301230000
42471,1.19,201301230000
42478,1.67,201301230000
42487,2.67,201301230000
42503,2.93,201301230000
42514,1.67,201301230000
42521,1.91,201301230000
42533,0.8,201301230000
42644,1.2,201301230000
42661,0.75,201301230000
42695,2.11,201301230000
42744,2.34,201301230000
42750,1.05,201301230000
42846,1.85,201301230000
42905,1.69,201301230000
42912,1.06,201301230000
42939,1.43,201301230000
42940,1.32,201301230000
42944,2.3,201301230000
42949,1.18,201301230000
43011,2.17,201301230000
43021,2.71,201301230000
43030,2.94,201301230000
43151,1.33,201301230000
43160,0.62,201301230000
43162,1.51,201301230000
43213,1.49,201301230000
43220,2.08,201301230000
43261,2.42,201301230000
43412,1.62,201301230000
43413,0.9,201301230000
43440,1.08,201301230000
43443,2.53,201301230000
43449,1.26,201301230000
43483,2.37,201301230000
43484,1.19,201301230000
43494,2.74,201301230000
43518,0.82,201301230000
43523,2.06,201301230000
43526,2.31,201301230000
43530,2.98,201301230000
43571,1.0,201301230000
43642,0.53,201301230000
43662,0.67,201301230000
43738,2.32,201301230000
43760,1.09,201301230000
43779,1.86,201301230000
43914,2.74,201301230000
43957,1.36,201301230000
43980,0.86,201301230000
43984,1.89,201301230000
43992,1.12,201301230000
43995,0.63,201301230000
44002,2.49,201301230000
44039,0.53,201301230000
44194,1.48,201301230000
44197,1.61,201301230000
44204,1.96,201301230000
44215,2.45,201301230000
44226,0.54,201301230000
44247,0.69,201301230000
44255,1.32,201301230000
44282,1.01,201301230000
44284,1.41,201301230000
44356,0.79,201301230000
44470,2.26,201301230000
44486,2.9,201301230000
44503,2.24,201301230000
44504,2.89,201301230000
44510,2.46,201301230000
44517,1.51,201301230000
44534,1.05,201301230000
44578,1.48,201301230000
44666,1.48,201301230000
44694,2.39,201301230000
44697,2.53,201301230000
44716,1.73,201301230000
44724,0.53,201301230000
44743,1.83,201301230000
44755,1.61,201301230000
44756,1.48,201301230000
44757,1.01,201301230000
44758,1.15,201301230000
44786,2.99,201301230000
44787,2.4,201301230000
44911,2.27,201301230000
44963,1.22,201301230000
45005,1.06,201301230000
45006,1.98,201301230000
45007,1.09,201301230000
45008,2.82,201301230000
45039,2.78,201301230000
45114,1.82,201301230000
45168,2.68,201301230000
45200,1.86,201301230000
45203,2.35,201301230000
45208,0.75,201301230000
45237,2.22,201301230000
45254,2.32,201301230000
45256,1.28,201301230000
45258,2.09,201301230000
45261,1.1,201301230000
45265,0.87,201301230000
45266,2.25,201301230000
45401,2.76,201301230000
45479,2.74,201301230000
45502,1.22,201301230000
45507,0.99,201301230000
45509,1.44,201301230000
45526,2.37,201301230000
45538,1.94,201301230000
45582,1.6,201301230000
45661,2.97,201301230000
45701,1.33,201301230000
45703,2.93,201301230000
45716,0.7,201301230000
45720,1.43,201301230000
45725,2.7,201301230000
45735,2.88,201301230000
45747,1.26,201301230000
45766,2.64,201301230000
45793,0.58,201301230000
45795,1.35,201301230000
45919,2.28,201301230000
45948,2.29,201301230000
46008,2.82,201301230000
46036,0.8,201301230000
46041,2.5,201301230000
46052,2.8,201301230000
46074,1.43,201301230000
46145,2.19,201301230000
46202,2.04,201301230000
46209,0.62,201301230000
46242,2.75,201301230000
46265,1.21,201301230000
46372,2.8,201301230000
46384,0.61,201301230000
46455,2.8,201301230000
46508,1.64,201301230000
46523,1.22,201301230000
46538,1.71,201301230000
46565,2.58,201301230000
46574,0.55,201301230000
46626,1.01,201301230000
46700,1.26,201301230000
46738,1.8,201301230000
46770,2.15,201301230000
46778,2.02,201301230000
46787,2.47,201301230000
46803,1.08,201301230000
46954,1.98,201301230000
46964,2.2,201301230000
46972,2.34,201301230000
46976,0.52,201301230000
46981,1.18,201301230000
47011,1.62,201301230000
47015,0.91,201301230000
47047,1.84,201301230000
47253,1.64,201301230000
47288,0.82,201301230000
47295,2.28,201301230000
47342,2.08,201301230000
47454,1.46,201301230000
47535,1.61,201301230000
47543,1.41,201301230000
47705,1.43,201301230000
47709,1.11,201301230000
47711,2.2,201301230000
47758,1.72,201301230000
47806,2.95,201301230000
47889,2.81,201301230000
47926,2.97,201301230000
47968,1.51,201301230000
47972,1.11,201301230000
47977,2.39,201301230000
47982,2.16,201301230000
48032,1.72,201301230000
48209,2.13,201301230000
48239,2.38,201301230000
48244,1.5,201301230000
48278,0.66,201301230000
48420,1.01,201301230000
48427,1.92,201301230000
48499,2.84,201301230000
48503,0.73,201301230000
48552,1.79,201301230000
48584,1.43,201301230000
48713,2.82,201301230000
48759,1.35,201301230000
48848,0.53,201301230000
48898,1.23,201301230000
49017,0.97,201301230000
49049,2.78,201301230000
49229,0.95,201301230000
49241,2.1,201301230000
49472,0.54,201301230000
49483,2.91,201301230000
49542,1.51,201301230000
49555,0.79,201301230000
49679,0.83,201301230000
49750,1.63,201301230000
49760,1.08,201301230000
49777,1.29,201301230000
49968,1.4,201301230000
50053,1.67,201301230000
50103,2.12,201301230000
50180,2.91,201301230000
50285,1.3,201301230000
50430,2.91,201301230000
50470,1.37,201301230000
50494,1.21,201301230000
50511,1.06,201301230000
50549,2.12,201301230000
50680,1.85,201301230000
50682,2.52,201301230000
50731,2.91,201301230000
50812,0.91,201301230000
50872,1.77,201301230000
51029,1.95,201301230000
51046,2.96,201301230000
51053,1.36,201301230000
51056,2.38,201301230000
51162,2.84,201301230000
51177,2.65,201301230000
51182,1.75,201301230000
51228,1.47,201301230000
51258,2.28,201301230000
51430,2.49,201301230000
51431,1.97,201301230000
51432,0.85,201301230000
51520,1.43,201301230000
51681,1.52,201301230000
51682,1.91,201301230000
51725,2.03,201301230000
51790,1.06,201301230000
51832,1.04,201301230000
51857,2.04,201301230000
51931,0.66,201301230000
51932,2.22,201301230000
51986,2.05,201301230000
52003,1.14,201301230000
52182,1.23,201301230000
52244,2.12,201301230000
52259,1.6,201301230000
52280,2.23,201301230000
52319,1.59,201301230000
52473,2.67,201301230000
52518,0.87,201301230000
52631,2.27,201301230000
52679,2.76,201301230000
52729,2.98,201301230000
52811,1.94,201301230000
52983,2.53,201301230000
52988,1.64,201301230000
52993,1.09,201301230000
53000,2.26,201301230000
53016,1.49,201301230000
53027,2.81,201301230000
53072,2.36,201301230000
53090,2.97,201301230000
53177,2.58,201301230000
53178,1.52,201301230000
53381,1.8,201301230000
53427,1.48,201301230000
53429,2.77,201301230000
53761,1.35,201301230000
53774,0.91,201301230000
53797,1.75,201301230000
53810,2.67,201301230000
53822,2.54,201301230000
53864,1.68,201301230000
53927,0.54,201301230000
54038,2.43,201301230000
54071,1.6,201301230000
54234,0.61,201301230000
54281,0.7,201301230000
54284,0.7,201301230000
54327,0.52,201301230000
54334,2.15,201301230000
54349,2.57,201301230000
54427,1.43,201301230000
54503,0.89,201301230000
54510,3.0,201301230000
54520,0.61,201301230000
54550,1.4,201301230000
54578,2.4,201301230000
54678,0.63,201301230000
54828,2.65,201301230000
54983,2.51,201301230000
54996,1.87,201301230000
55070,0.62,201301230000
55329,1.35,201301230000
55331,3.0,201301230000
55535,1.41,201301230000
55633,0.92,201301230000
55680,1.05,201301230000
55761,1.08,201301230000
55831,2.26,201301230000
55832,2.17,201301230000
55838,2.06,201301230000
55845,0.77,201301230000
56106,1.46,201301230000
56493,1.7,201301230000
56571,1.35,201301230000
56586,0.72,201301230000
56587,2.43,201301230000
56591,0.89,201301230000
56738,1.79,201301230000
56835,1.88,201301230000
56882,2.81,201301230000
56887,1.1,201301230000
56888,1.8,201301230000
56933,2.25,201301230000
56934,0.73,201301230000
57042,1.17,201301230000
57062,0.57,201301230000
57189,2.49,201301230000
57261,2.61,201301230000
57329,1.74,201301230000
57342,1.82,201301230000
57376,2.13,201301230000
57378,2.66,201301230000
57380,0.81,201301230000
57397,0.61,201301230000
57440,1.61,201301230000
57495,2.63,201301230000
57523,2.84,201301230000
57555,2.65,201301230000
57597,2.43,201301230000
57613,0.84,201301230000
57615,1.94,201301230000
57628,1.59,201301230000
57631,1.26,201301230000
57823,2.31,201301230000
57837,2.45,201301230000
57851,2.56,201301230000
57852,1.05,201301230000
57906,1.82,201301230000
58179,1.19,201301230000
58251,1.71,201301230000
58421,1.74,201301230000
58511,2.26,201301230000
58632,3.0,201301230000
58744,1.31,201301230000
58802,1.23,201301230000
58814,0.5,201301230000
58879,1.26,201301230000
58892,0.96,201301230000
59010,1.66,201301230000
59043,1.33,201301230000
59104,2.13,201301230000
59125,2.64,201301230000
59134,1.01,201301230000
59285,1.65,201301230000
59329,1.94,201301230000
59555,2.79,201301230000
59635,1.18,201301230000
59745,2.54,201301230000
59927,2.99,201301230000
59941,1.12,201301230000
60008,1.08,201301230000
60011,2.25,201301230000
60114,1.49,201301230000
60141,1.66,201301230000
60147,1.53,201301230000
60331,1.44,201301230000
60344,2.54,201301230000
60350,2.68,201301230000
60578,1.67,201301230000
60593,0.96,201301230000
60613,0.64,201301230000
60630,2.55,201301230000
60635,2.36,201301230000
60649,0.96,201301230000
60750,0.85,201301230000
60774,0.57,201301230000
60819,1.85,201301230000
60880,0.97,201301230000
60888,2.5,201301230000
61062,1.42,201301230000
61110,1.74,201301230000
61263,2.6,201301230000
61343,2.9,201301230000
61591,2.75,201301230000
61597,1.44,201301230000
61654,2.24,201301230000
61818,1.08,201301230000
62077,1.62,201301230000
62104,2.68,201301230000
62135,0.89,201301230000
62140,1.96,201301230000
62252,1.23,201301230000
62558,1.85,201301230000
62589,2.19,201301230000
62757,0.94,201301230000
62772,2.35,201301230000
62850,1.89,201301230000
62926,1.36,201301230000
62948,1.48,201301230000
63044,1.97,201301230000
63153,2.69,201301230000
63383,2.03,201301230000
63397,1.36,201301230000
63398,1.91,201301230000
63407,0.67,201301230000
63574,1.58,201301230000
63586,1.28,201301230000
63816,1.39,201301230000
64102,1.81,201301230000
64150,2.01,201301230000
64200,2.54,201301230000
64515,1.32,201301230000
64529,0.8,201301230000
64573,2.09,201301230000
64581,1.88,201301230000
64815,2.05,201301230000
64915,2.03,201301230000
65059,1.23,201301230000
65144,2.4,201301230000
65320,1.22,201301230000
65375,1.8,201301230000
65454,1.03,201301230000
65528,1.52,201301230000
65607,0.86,201301230000
65774,0.74,201301230000
65838,2.86,201301230000
66068,2.14,201301230000
66084,1.78,201301230000
66151,2.75,201301230000
66353,2.83,201301230000
66538,2.08,201301230000
66575,2.86,201301230000
66637,0.72,201301230000
66827,1.05,201301230000
66870,2.9,201301230000
67110,2.49,201301230000
67207,1.46,201301230000
67335,2.88,201301230000
67385,2.96,201301230000
67599,1.34,201301230000
67601,1.27,201301230000
67602,2.48,201301230000
67698,2.83,201301230000
67824,2.57,201301230000
67842,0.81,201301230000
67854,2.71,201301230000
67855,1.97,201301230000
67918,1.33,201301230000
68103,0.78,201301230000
68104,1.19,201301230000
68110,2.93,201301230000
68111,1.53,201301230000
68349,1.96,201301230000
68354,2.37,201301230000
68356,1.77,201301230000
68454,2.33,201301230000
68455,1.45,201301230000
68587,2.46,201301230000
68857,2.79,201301230000
68858,0.68,201301230000
68897,1.92,201301230000
68924,1.96,201301230000
68930,1.6,201301230000
69106,1.79,201301230000
69190,2.22,201301230000
69206,0.59,201301230000
69359,2.8,201301230000
69371,0.84,201301230000
69455,2.24,201301230000
69582,1.97,201301230000
69613,2.28,201301230000
69676,2.36,201301230000
70115,1.25,201301230000
70132,2.5,201301230000
70181,1.73,201301230000
70342,0.82,201301230000
70352,2.47,201301230000
70360,2.76,201301230000
70374,1.54,201301230000
70440,1.09,201301230000
70462,1.69,201301230000
70619,0.7,201301230000
70659,1.67,201301230000
70715,2.3,201301230000
70903,2.2,201301230000
70934,0.64,201301230000
70961,1.19,201301230000
71122,1.8,201301230000
71187,2.82,201301230000
71399,2.34,201301230000
71601,0.69,201301230000
71629,1.66,201301230000
71888,2.28,201301230000
71961,1.1,201301230000
71964,0.54,201301230000
72201,2.41,201301230000
72218,2.25,201301230000
72345,2.14,201301230000
72367,0.63,201301230000
72407,1.11,201301230000
72416,2.77,201301230000
72706,2.03,201301230000
72894,2.52,201301230000
73104,0.55,201301230000
73135,1.96,201301230000
73211,1.31,201301230000
73223,2.88,201301230000
73451,1.79,201301230000
73460,2.82,201301230000
73461,2.51,201301230000
73557,0.85,201301230000
73669,2.99,201301230000
74158,0.72,201301230000
74216,1.87,201301230000
74388,1.02,201301230000
74396,0.56,201301230000
74466,2.07,201301230000
74467,2.21,201301230000
74638,0.81,201301230000
74677,2.72,201301230000
74678,2.91,201301230000
74711,0.94,201301230000
74721,2.04,201301230000
74962,1.16,201301230000
74968,1.08,201301230000
74973,2.41,201301230000
75224,1.56,201301230000
75329,1.87,201301230000
75386,1.53,201301230000
75424,1.51,201301230000
75436,2.89,201301230000
75475,2.56,201301230000
75619,1.21,201301230000
75721,0.66,201301230000
75722,0.65,201301230000
75724,2.93,201301230000
75725,2.76,201301230000
75726,1.85,201301230000
75727,0.72,201301230000
75974,2.65,201301230000
75975,0.98,201301230000
76133,0.77,201301230000
76227,2.91,201301230000
76393,2.27,201301230000
76473,2.74,201301230000
76477,2.59,201301230000
76654,1.33,201301230000
76728,0.66,201301230000
76959,1.77,201301230000
77169,1.09,201301230000
77230,2.47,201301230000
77381,1.05,201301230000
77458,1.05,201301230000
77641,0.73,201301230000
77942,1.19,201301230000
77981,2.41,201301230000
78205,2.2,201301230000
78418,2.3,201301230000
78654,2.71,201301230000
78733,1.82,201301230000
78881,2.76,201301230000
78896,1.04,201301230000
78909,2.48,201301230000
78983,1.83,201301230000
79234,1.31,201301230000
79379,0.92,201301230000
79394,2.04,201301230000
79484,2.31,201301230000
79712,2.21,201301230000
79911,0.87,201301230000
79915,1.28,201301230000
80160,2.66,201301230000
80161,1.01,201301230000
80193,1.06,201301230000
80352,1.98,201301230000
80397,0.57,201301230000
80406,2.17,201301230000
80411,1.74,201301230000
80412,0.53,201301230000
80413,1.55,201301230000
80420,0.65,201301230000
80485,2.79,201301230000
80635,2.62,201301230000
80659,1.56,201301230000
80663,2.83,201301230000
80664,2.8,201301230000
80703,1.63,201301230000
80877,1.75,201301230000
80916,2.32,201301230000
81163,2.01,201301230000
81164,1.54,201301230000
81354,2.78,201301230000
81363,0.73,201301230000
81390,1.89,201301230000
81625,2.95,201301230000
81651,1.43,201301230000
81899,2.76,201301230000
82135,0.84,201301230000
82168,1.91,201301230000
82169,2.72,201301230000
82237,0.7,201301230000
82613,0.84,201301230000
82622,2.22,201301230000
82664,0.84,201301230000
82892,1.72,201301230000
82951,2.39,201301230000
83410,2.06,201301230000
83489,1.12,201301230000
83735,2.67,201301230000
83865,0.96,201301230000
84123,1.09,201301230000
84179,1.08,201301230000
84207,2.67,201301230000
84212,1.14,201301230000
84221,0.7,201301230000
84366,1.79,201301230000
84689,2.49,201301230000
84712,2.52,201301230000
84902,1.72,201301230000
85474,2.68,201301230000
85487,1.64,201301230000
85620,1.04,201301230000
85705,1.35,201301230000
85715,1.91,201301230000
85738,1.91,201301230000
86440,2.61,201301230000
86622,2.72,201301230000
86623,0.89,201301230000
86672,2.58,201301230000
86873,0.53,201301230000
86895,2.36,201301230000
87121,1.19,201301230000
87227,1.29,201301230000
87460,2.59,201301230000
87690,2.79,201301230000
87873,1.48,201301230000
88242,2.1,201301230000
88463,2.16,201301230000
89120,1.18,201301230000
89152,1.9,201301230000
89175,1.91,201301230000
89198,2.6,201301230000
89615,0.89,201301230000
89625,2.88,201301230000
90116,0.71,201301230000
90183,2.74,201301230000
90497,1.06,201301230000
90699,0.67,201301230000
90719,2.5,201301230000
91200,2.99,201301230000
91432,2.26,201301230000
91434,2.04,201301230000
91684,1.02,201301230000
91713,1.01,201301230000
91744,1.06,201301230000
92233,1.86,201301230000
93205,1.45,201301230000
93244,2.53,201301230000
93252,2.96,201301230000
93463,0.8,201301230000
93675,1.61,201301230000
93944,0.88,201301230000
94431,2.11,201301230000
94710,2.88,201301230000
94755,2.55,201301230000
94997,1.03,201301230000
95000,2.17,201301230000
95707,2.55,201301230000
95949,1.39,201301230000
95998,2.98,201301230000
96188,2.92,201301230000
96225,0.81,201301230000
96249,1.48,201301230000
96468,1.21,201301230000
96486,2.27,201301230000
96718,1.21,201301230000
96972,1.77,201301230000
96995,2.65,201301230000
97251,0.84,201301230000
97440,0.72,201301230000
97471,2.53,201301230000
97969,1.31,201301230000
97990,2.75,201301230000
98224,2.13,201301230000
98229,2.8,201301230000
98450,0.56,201301230000
98475,2.91,201301230000
98739,0.96,201301230000
99256,2.59,201301230000
99468,2.14,201301230000
99730,2.21,201301230000
101215,1.58,201301230000
101911,2.55,201301230000
101912,0.91,201301230000
101989,2.74,201301230000
102999,1.3,201301230000
103242,2.64,201301230000
103431,1.91,201301230000
104177,2.61,201301230000
104221,1.53,201301230000
104239,1.6,201301230000
104701,1.85,201301230000
104984,1.36,201301230000
105196,2.65,201301230000
105219,0.58,201301230000
105460,1.74,201301230000
105461,1.03,201301230000
105481,1.66,201301230000
105489,2.08,201301230000
105709,2.69,201301230000
105710,0.92,201301230000
105711,2.12,201301230000
105712,2.34,201301230000
105713,1.29,201301230000
105715,1.14,201301230000
105726,2.75,201301230000
105727,2.79,201301230000
105736,1.09,201301230000
105960,1.52,201301230000
105961,1.53,201301230000
105962,2.74,201301230000
105963,1.03,201301230000
105964,2.45,201301230000
105975,2.09,201301230000
106195,2.28,201301230000
106213,1.58,201301230000
106214,1.66,201301230000
106215,1.5,201301230000
106221,1.88,201301230000
106231,2.18,201301230000
106232,1.08,201301230000
106234,1.72,201301230000
106235,0.5,201301230000
106237,1.0,201301230000
106446,0.83,201301230000
106447,2.48,201301230000
106462,2.4,201301230000
106463,2.13,201301230000
106465,1.75,201301230000
106466,2.74,201301230000
106467,1.17,201301230000
106480,2.81,201301230000
106712,2.47,201301230000
106717,1.19,201301230000
106718,2.67,201301230000
106741,1.29,201301230000
106958,0.56,201301230000
106964,2.38,201301230000
106965,2.0,201301230000
106966,1.51,201301230000
106967,2.97,201301230000
106971,1.56,201301230000
106983,2.16,201301230000
106997,2.04,201301230000
107200,0.66,201301230000
107212,1.66,201301230000
107219,2.53,201301230000
107240,1.68,201301230000
107460,1.57,201301230000
107465,2.85,201301230000
107466,1.62,201301230000
107468,1.28,201301230000
107491,2.65,201301230000
107711,0.59,201301230000
107725,1.28,201301230000
107726,0.73,201301230000
107954,2.75,201301230000
107966,2.77,201301230000
107971,1.21,201301230000
107979,2.02,201301230000
107993,0.89,201301230000
108205,1.83,201301230000
108211,2.88,201301230000
108214,2.23,201301230000
108215,1.43,201301230000
108217,0.84,201301230000
108219,2.03,201301230000
108220,0.7,201301230000
108222,1.34,201301230000
108225,1.95,201301230000
108230,0.95,201301230000
108454,1.37,201301230000
108463,1.32,201301230000
108499,0.96,201301230000
108717,1.09,201301230000
108722,0.99,201301230000
108724,1.42,201301230000
108733,1.73,201301230000
108968,1.18,201301230000
108975,1.22,201301230000
108984,1.74,201301230000
108985,1.47,201301230000
109216,2.97,201301230000
109219,1.71,201301230000
109222,2.21,201301230000
109227,1.3,201301230000
109231,2.07,201301230000
109236,1.5,201301230000
109245,2.05,201301230000
109473,1.79,201301230000
109487,1.76,201301230000
109494,1.36,201301230000
109495,0.53,201301230000
109496,1.79,201301230000
109497,2.2,201301230000
109742,1.75,201301230000
109744,2.01,201301230000
109748,0.64,201301230000
109750,1.31,201301230000
109980,1.69,201301230000
109991,1.76,201301230000
109994,1.12,201301230000
109998,2.04,201301230000
110001,1.79,201301230000
110243,2.7,201301230000
110247,2.91,201301230000
110249,1.39,201301230000
110251,2.78,201301230000
110253,2.25,201301230000
110254,2.8,201301230000
