cell,mobility,dtg
1610,0.83,201301120000
1846,2.82,201301120000
1851,1.43,201301120000
1853,0.91,201301120000
1856,1.95,201301120000
1857,2.47,201301120000
2103,1.88,201301120000
2105,1.68,201301120000
2106,1.42,201301120000
2107,0.52,201301120000
2114,1.98,201301120000
2342,1.93,201301120000
2347,0.55,201301120000
2351,2.34,201301120000
2354,1.64,201301120000
2357,2.29,201301120000
2372,1.39,201301120000
2374,1.0,201301120000
2591,2.52,201301120000
2595,2.92,201301120000
2605,0.91,201301120000
2611,0.93,201301120000
2615,1.11,201301120000
2620,1.44,201301120000
2627,2.09,201301120000
2839,0.93,201301120000
2847,0.85,201301120000
3086,1.19,201301120000
3094,1.94,201301120000
3100,0.95,201301120000
3124,1.51,201301120000
3128,0.66,201301120000
3334,0.87,201301120000
3337,2.02,201301120000
3375,2.1,201301120000
3614,1.24,201301120000
3619,0.91,201301120000
3632,2.72,201301120000
3635,2.67,201301120000
3830,0.85,201301120000
3831,2.62,201301120000
3833,0.68,201301120000
3837,2.03,201301120000
3845,2.43,201301120000
3856,0.94,201301120000
3860,1.14,201301120000
3865,2.69,201301120000
4078,2.02,201301120000
4081,1.01,201301120000
4137,0.75,201301120000
4141,2.16,201301120000
4142,0.9,201301120000
4328,1.94,201301120000
4329,1.3,201301120000
4341,0.5,201301120000
4345,0.82,201301120000
4348,2.18,201301120000
4354,2.51,201301120000
4372,2.74,201301120000
4577,1.07,201301120000
4578,2.17,201301120000
4580,1.63,201301120000
4582,2.07,201301120000
4605,1.91,201301120000
4608,1.94,201301120000
4631,1.86,201301120000
4636,2.81,201301120000
4637,1.78,201301120000
4829,2.24,201301120000
4830,2.78,201301120000
4831,0.81,201301120000
4834,1.14,201301120000
4837,2.43,201301120000
4852,1.1,201301120000
4863,1.35,201301120000
4868,1.9,201301120000
4890,0.58,201301120000
4891,1.24,201301120000
5078,1.88,201301120000
5081,0.59,201301120000
5084,1.31,201301120000
5127,1.02,201301120000
5153,1.97,201301120000
5327,2.98,201301120000
5329,1.17,201301120000
5333,1.12,201301120000
5334,2.25,201301120000
5339,0.73,201301120000
5369,0.55,201301120000
5402,2.87,201301120000
5410,0.75,201301120000
5577,1.54,201301120000
5581,2.65,201301120000
5592,1.09,201301120000
5612,1.52,201301120000
5623,1.8,201301120000
5876,2.81,201301120000
5893,1.0,201301120000
5898,0.91,201301120000
6078,2.69,201301120000
6118,1.31,201301120000
6136,0.98,201301120000
6158,1.69,201301120000
6159,2.39,201301120000
6333,2.16,201301120000
6353,2.35,201301120000
6365,1.14,201301120000
6366,1.81,201301120000
6414,2.31,201301120000
6588,1.29,201301120000
6609,1.36,201301120000
6635,2.26,201301120000
6668,1.16,201301120000
6841,2.33,201301120000
6849,2.22,201301120000
6896,2.97,201301120000
6924,0.98,201301120000
6928,1.5,201301120000
6935,2.93,201301120000
6939,2.23,201301120000
7077,1.53,201301120000
7078,1.29,201301120000
7085,2.07,201301120000
7088,2.47,201301120000
7113,0.84,201301120000
7114,2.54,201301120000
7129,1.26,201301120000
7133,1.07,201301120000
7165,2.25,201301120000
7192,2.26,201301120000
7354,1.28,201301120000
7375,1.29,201301120000
7379,1.96,201301120000
7401,1.89,201301120000
7410,0.94,201301120000
7436,0.91,201301120000
7584,2.0,201301120000
7646,0.82,201301120000
7849,2.77,201301120000
7871,1.19,201301120000
7927,1.79,201301120000
7948,1.39,201301120000
8080,2.41,201301120000
8170,1.23,201301120000
8182,2.7,201301120000
8195,1.63,201301120000
8342,2.18,201301120000
8582,2.57,201301120000
8602,0.78,201301120000
8609,2.28,201301120000
8638,1.82,201301120000
8656,2.88,201301120000
8830,1.89,201301120000
8839,2.55,201301120000
8876,2.81,201301120000
8897,2.2,201301120000
8912,1.84,201301120000
8918,2.85,201301120000
8929,1.69,201301120000
8940,2.14,201301120000
8954,1.94,201301120000
9140,2.58,201301120000
9333,2.11,201301120000
9468,2.58,201301120000
9473,0.92,201301120000
9589,1.63,201301120000
9601,1.41,201301120000
9607,0.76,201301120000
9658,2.37,201301120000
9724,1.49,201301120000
9833,1.63,201301120000
10084,0.51,201301120000
10089,2.66,201301120000
10096,1.72,201301120000
10144,1.74,201301120000
10170,2.62,201301120000
10181,0.97,201301120000
10189,2.29,201301120000
10201,1.83,201301120000
10334,2.76,201301120000
10335,0.73,201301120000
10383,1.86,201301120000
10414,1.02,201301120000
10444,1.04,201301120000
10458,1.01,201301120000
10477,1.98,201301120000
10586,2.94,201301120000
10601,1.98,201301120000
10609,1.69,201301120000
10616,0.8,201301120000
10633,2.8,201301120000
10655,1.71,201301120000
10665,2.93,201301120000
10681,2.72,201301120000
10717,0.84,201301120000
10835,1.67,201301120000
10837,2.78,201301120000
10847,2.46,201301120000
10903,2.88,201301120000
10911,2.86,201301120000
10918,0.81,201301120000
10973,1.44,201301120000
11087,1.72,201301120000
11092,1.22,201301120000
11128,2.88,201301120000
11222,2.35,201301120000
11223,1.89,201301120000
11225,2.4,201301120000
11238,1.9,201301120000
11361,2.94,201301120000
11393,0.56,201301120000
11424,0.65,201301120000
11601,0.68,201301120000
11682,1.26,201301120000
11704,1.91,201301120000
11858,2.45,201301120000
11884,1.63,201301120000
11901,0.95,201301120000
11946,2.58,201301120000
11960,1.82,201301120000
11972,1.09,201301120000
12089,2.77,201301120000
12090,0.95,201301120000
12096,2.73,201301120000
12120,2.96,201301120000
12157,0.97,201301120000
12230,2.68,201301120000
12383,1.62,201301120000
12431,2.52,201301120000
12601,1.63,201301120000
12625,0.8,201301120000
12632,0.96,201301120000
12842,2.3,201301120000
12875,2.7,201301120000
12901,0.78,201301120000
12913,1.04,201301120000
12933,1.74,201301120000
12934,1.9,201301120000
12985,1.17,201301120000
13099,1.51,201301120000
13114,2.0,201301120000
13150,2.0,201301120000
13175,1.11,201301120000
13183,2.87,201301120000
13222,2.15,201301120000
13358,2.36,201301120000
13444,1.41,201301120000
13455,1.87,201301120000
13456,1.11,201301120000
13670,0.84,201301120000
13694,1.33,201301120000
13845,1.88,201301120000
13849,0.63,201301120000
14011,1.49,201301120000
14095,2.73,201301120000
14133,1.83,201301120000
14161,0.61,201301120000
14167,0.83,201301120000
14184,2.73,201301120000
14241,2.82,201301120000
14255,0.82,201301120000
14349,1.83,201301120000
14350,2.13,201301120000
14375,1.04,201301120000
14452,2.97,201301120000
14475,2.51,201301120000
14620,2.96,201301120000
14673,1.37,201301120000
14745,1.43,201301120000
14859,1.09,201301120000
14936,0.83,201301120000
14995,1.08,201301120000
15097,1.3,201301120000
15098,1.09,201301120000
15246,0.89,201301120000
15349,1.89,201301120000
15440,2.0,201301120000
15600,2.85,201301120000
15656,1.72,201301120000
15672,1.96,201301120000
15699,0.52,201301120000
15714,2.27,201301120000
15725,2.58,201301120000
15744,1.69,201301120000
15849,1.8,201301120000
15850,2.96,201301120000
15851,1.02,201301120000
15853,0.59,201301120000
15871,0.8,201301120000
16100,0.66,201301120000
16105,0.88,201301120000
16114,1.97,201301120000
16171,1.7,201301120000
16184,1.44,201301120000
16400,1.98,201301120000
16414,2.59,201301120000
16601,2.48,201301120000
16604,1.47,201301120000
16625,1.28,201301120000
16670,2.23,201301120000
16853,0.87,201301120000
16868,2.56,201301120000
16932,1.43,201301120000
17232,1.21,201301120000
17355,1.14,201301120000
17358,0.95,201301120000
17367,1.69,201301120000
17635,0.83,201301120000
17673,2.08,201301120000
17681,0.8,201301120000
17884,2.76,201301120000
17984,2.3,201301120000
18108,2.27,201301120000
18115,2.16,201301120000
18118,1.5,201301120000
18123,1.86,201301120000
18139,1.77,201301120000
18154,1.45,201301120000
18160,0.92,201301120000
18177,0.79,201301120000
18185,1.78,201301120000
18383,1.65,201301120000
18404,1.03,201301120000
18427,0.9,201301120000
18466,1.14,201301120000
18616,2.19,201301120000
18629,1.6,201301120000
18861,1.67,201301120000
18866,0.85,201301120000
18925,1.69,201301120000
19110,2.89,201301120000
19112,2.21,201301120000
19114,2.49,201301120000
19122,1.87,201301120000
19360,2.4,201301120000
19443,2.87,201301120000
19481,2.24,201301120000
19611,0.8,201301120000
19612,1.8,201301120000
19618,0.78,201301120000
19633,1.55,201301120000
19678,1.4,201301120000
19878,2.5,201301120000
19913,2.63,201301120000
20113,2.5,201301120000
20114,1.21,201301120000
20116,2.69,201301120000
20170,1.57,201301120000
20363,2.76,201301120000
20387,0.71,201301120000
20396,2.19,201301120000
20436,1.19,201301120000
20616,0.87,201301120000
20621,2.12,201301120000
20628,0.86,201301120000
20651,2.68,201301120000
20671,1.19,201301120000
20682,1.79,201301120000
20864,1.68,201301120000
20882,2.61,201301120000
20931,2.95,201301120000
20995,1.0,201301120000
21115,2.76,201301120000
21118,2.69,201301120000
21201,1.39,201301120000
21373,1.94,201301120000
21377,1.02,201301120000
21392,0.78,201301120000
21407,2.77,201301120000
21428,2.87,201301120000
21448,2.02,201301120000
21617,0.96,201301120000
21619,0.67,201301120000
21639,2.17,201301120000
21658,2.07,201301120000
21663,1.81,201301120000
21701,1.64,201301120000
21721,2.11,201301120000
21868,0.66,201301120000
21871,1.6,201301120000
21999,2.49,201301120000
22126,2.23,201301120000
22133,2.3,201301120000
22174,1.14,201301120000
22176,2.6,201301120000
22205,1.64,201301120000
22368,2.05,201301120000
22395,2.78,201301120000
22419,1.27,201301120000
22420,2.13,201301120000
22421,2.88,201301120000
22422,1.65,201301120000
22619,1.64,201301120000
22630,2.98,201301120000
22634,1.14,201301120000
22671,2.56,201301120000
22673,1.35,201301120000
22700,1.87,201301120000
22751,2.39,201301120000
22768,2.52,201301120000
22869,0.94,201301120000
22877,2.04,201301120000
22928,1.38,201301120000
22940,0.76,201301120000
22955,2.9,201301120000
22963,1.79,201301120000
22966,1.25,201301120000
23120,1.65,201301120000
23124,1.94,201301120000
23125,0.86,201301120000
23131,0.54,201301120000
23138,0.87,201301120000
23169,2.87,201301120000
23194,2.05,201301120000
23216,1.19,201301120000
23370,2.02,201301120000
23371,0.52,201301120000
23379,2.1,201301120000
23386,0.94,201301120000
23388,2.28,201301120000
23427,0.78,201301120000
23621,2.36,201301120000
23627,1.84,201301120000
23635,1.42,201301120000
23641,0.87,201301120000
23662,0.53,201301120000
23669,0.55,201301120000
23690,1.7,201301120000
23744,1.63,201301120000
23750,1.93,201301120000
23872,1.06,201301120000
23873,2.32,201301120000
23875,1.75,201301120000
23881,2.28,201301120000
23894,0.84,201301120000
23896,2.17,201301120000
23907,2.95,201301120000
23925,1.77,201301120000
23973,1.02,201301120000
24005,2.76,201301120000
24009,2.15,201301120000
24032,2.43,201301120000
24122,2.69,201301120000
24123,1.82,201301120000
24149,1.75,201301120000
24247,2.16,201301120000
24251,2.11,201301120000
24265,0.86,201301120000
24266,1.62,201301120000
24373,2.03,201301120000
24374,2.19,201301120000
24380,1.52,201301120000
24381,1.92,201301120000
24383,2.77,201301120000
24387,2.56,201301120000
24402,1.3,201301120000
24405,1.48,201301120000
24423,1.88,201301120000
24623,1.15,201301120000
24626,0.86,201301120000
24643,1.39,201301120000
24732,1.62,201301120000
24734,0.63,201301120000
24739,1.01,201301120000
24774,0.9,201301120000
24775,1.03,201301120000
24781,1.24,201301120000
24837,1.45,201301120000
24874,2.61,201301120000
24877,1.35,201301120000
24879,2.55,201301120000
24880,1.74,201301120000
24895,1.95,201301120000
24920,2.24,201301120000
24990,1.32,201301120000
24991,2.54,201301120000
24993,1.49,201301120000
25124,2.71,201301120000
25125,2.68,201301120000
25126,2.93,201301120000
25129,2.05,201301120000
25130,1.84,201301120000
25132,2.36,201301120000
25136,0.88,201301120000
25138,1.55,201301120000
25141,2.47,201301120000
25179,1.48,201301120000
25187,1.24,201301120000
25375,1.58,201301120000
25376,2.73,201301120000
25377,1.5,201301120000
25379,1.47,201301120000
25385,1.28,201301120000
25395,2.46,201301120000
25400,0.91,201301120000
25405,2.49,201301120000
25412,1.93,201301120000
25427,2.92,201301120000
25626,1.93,201301120000
25627,2.16,201301120000
25628,1.71,201301120000
25629,0.68,201301120000
25632,0.78,201301120000
25633,1.41,201301120000
25642,0.7,201301120000
25715,1.16,201301120000
25747,0.88,201301120000
25763,2.2,201301120000
25876,0.56,201301120000
25877,1.93,201301120000
25878,0.82,201301120000
25881,2.66,201301120000
25882,2.76,201301120000
25886,0.86,201301120000
25888,1.53,201301120000
25926,2.91,201301120000
25997,1.66,201301120000
26005,1.55,201301120000
26035,2.86,201301120000
26127,0.65,201301120000
26129,0.82,201301120000
26130,2.81,201301120000
26133,0.79,201301120000
26135,2.18,201301120000
26136,1.77,201301120000
26138,2.25,201301120000
26139,2.27,201301120000
26141,2.32,201301120000
26148,0.74,201301120000
26168,2.53,201301120000
26378,2.59,201301120000
26379,2.31,201301120000
26380,1.67,201301120000
26381,1.69,201301120000
26382,2.71,201301120000
26383,0.97,201301120000
26385,1.37,201301120000
26386,2.52,201301120000
26387,0.99,201301120000
26389,0.98,201301120000
26391,0.68,201301120000
26392,1.93,201301120000
26393,1.5,201301120000
26396,0.7,201301120000
26403,2.54,201301120000
26408,1.37,201301120000
26427,1.78,201301120000
26450,1.46,201301120000
26492,1.56,201301120000
26546,1.01,201301120000
26563,0.6,201301120000
26564,1.18,201301120000
26628,0.85,201301120000
26629,2.4,201301120000
26630,2.95,201301120000
26631,2.86,201301120000
26633,0.96,201301120000
26634,1.76,201301120000
26656,1.81,201301120000
26674,1.18,201301120000
26708,2.3,201301120000
26752,2.75,201301120000
26754,1.55,201301120000
26755,0.54,201301120000
26782,0.7,201301120000
26846,2.13,201301120000
26879,2.24,201301120000
26880,2.87,201301120000
26881,1.01,201301120000
26882,2.84,201301120000
26883,2.27,201301120000
26884,2.87,201301120000
26885,1.17,201301120000
26886,2.73,201301120000
26887,0.99,201301120000
26889,1.98,201301120000
26890,2.41,201301120000
26891,1.5,201301120000
26892,1.55,201301120000
26893,0.57,201301120000
26894,1.86,201301120000
26895,0.63,201301120000
26897,1.4,201301120000
26905,2.97,201301120000
26938,2.2,201301120000
26964,2.82,201301120000
27006,2.51,201301120000
27042,1.32,201301120000
27098,2.07,201301120000
27130,2.63,201301120000
27131,0.82,201301120000
27132,1.81,201301120000
27133,0.93,201301120000
27134,1.39,201301120000
27135,2.53,201301120000
27136,1.53,201301120000
27137,1.75,201301120000
27138,2.63,201301120000
27142,0.66,201301120000
27143,1.67,201301120000
27145,0.94,201301120000
27148,1.49,201301120000
27149,2.5,201301120000
27152,2.01,201301120000
27155,1.25,201301120000
27175,2.4,201301120000
27209,1.11,201301120000
27247,1.33,201301120000
27381,2.94,201301120000
27382,1.9,201301120000
27383,1.26,201301120000
27384,1.13,201301120000
27386,0.54,201301120000
27387,0.72,201301120000
27388,2.86,201301120000
27389,0.7,201301120000
27390,1.95,201301120000
27392,1.82,201301120000
27395,2.1,201301120000
27404,1.74,201301120000
27415,0.62,201301120000
27427,1.25,201301120000
27489,2.6,201301120000
27494,1.28,201301120000
27498,1.49,201301120000
27518,2.26,201301120000
27632,2.37,201301120000
27633,0.6,201301120000
27634,1.82,201301120000
27635,0.84,201301120000
27636,2.66,201301120000
27637,1.2,201301120000
27638,2.85,201301120000
27639,0.95,201301120000
27640,2.02,201301120000
27642,2.57,201301120000
27643,1.39,201301120000
27645,0.62,201301120000
27646,2.92,201301120000
27647,1.43,201301120000
27649,2.07,201301120000
27654,1.38,201301120000
27763,1.5,201301120000
27764,0.58,201301120000
27796,2.92,201301120000
27797,2.88,201301120000
27883,1.61,201301120000
27884,1.3,201301120000
27885,2.83,201301120000
27886,1.03,201301120000
27887,2.85,201301120000
27888,1.18,201301120000
27889,1.51,201301120000
27890,1.75,201301120000
27891,1.48,201301120000
27892,2.73,201301120000
27894,0.64,201301120000
27895,2.08,201301120000
27897,2.65,201301120000
27902,2.69,201301120000
27908,0.73,201301120000
27911,2.19,201301120000
27930,2.49,201301120000
27971,1.47,201301120000
28004,1.67,201301120000
28015,1.15,201301120000
28049,0.7,201301120000
28102,2.57,201301120000
28134,1.45,201301120000
28135,2.8,201301120000
28136,1.61,201301120000
28137,1.79,201301120000
28138,2.34,201301120000
28139,2.79,201301120000
28140,1.23,201301120000
28142,1.04,201301120000
28143,2.51,201301120000
28144,1.12,201301120000
28146,2.49,201301120000
28154,0.77,201301120000
28156,0.51,201301120000
28216,1.64,201301120000
28239,1.95,201301120000
28384,1.09,201301120000
28385,1.01,201301120000
28386,2.8,201301120000
28387,0.68,201301120000
28388,2.28,201301120000
28389,1.76,201301120000
28390,1.68,201301120000
28391,0.64,201301120000
28392,1.8,201301120000
28393,1.43,201301120000
28394,3.0,201301120000
28396,2.18,201301120000
28397,1.05,201301120000
28400,0.62,201301120000
28401,0.99,201301120000
28405,1.54,201301120000
28427,2.14,201301120000
28467,0.63,201301120000
28496,2.94,201301120000
28497,1.22,201301120000
28519,1.77,201301120000
28535,2.44,201301120000
28539,1.46,201301120000
28545,2.49,201301120000
28557,0.99,201301120000
28635,1.52,201301120000
28636,1.34,201301120000
28637,1.8,201301120000
28638,1.45,201301120000
28639,1.76,201301120000
28640,2.95,201301120000
28641,0.76,201301120000
28642,2.54,201301120000
28643,1.46,201301120000
28644,2.76,201301120000
28645,2.57,201301120000
28646,2.72,201301120000
28649,1.42,201301120000
28658,1.3,201301120000
28667,1.66,201301120000
28675,2.11,201301120000
28751,1.56,201301120000
28753,2.71,201301120000
28754,1.58,201301120000
28788,2.84,201301120000
28812,2.45,201301120000
28823,1.32,201301120000
28886,0.94,201301120000
28887,1.33,201301120000
28888,2.98,201301120000
28889,2.48,201301120000
28890,2.74,201301120000
28891,2.25,201301120000
28892,1.64,201301120000
28893,2.48,201301120000
28894,2.02,201301120000
28895,2.49,201301120000
28896,0.52,201301120000
28897,2.04,201301120000
28899,0.8,201301120000
28900,2.13,201301120000
28901,0.52,201301120000
28902,2.12,201301120000
28905,0.59,201301120000
28912,1.53,201301120000
28960,1.96,201301120000
28969,2.29,201301120000
29004,0.99,201301120000
29012,1.52,201301120000
29026,2.67,201301120000
29068,1.16,201301120000
29076,2.1,201301120000
29088,1.18,201301120000
29094,0.88,201301120000
29136,1.05,201301120000
29137,2.81,201301120000
29138,2.13,201301120000
29139,2.62,201301120000
29140,0.77,201301120000
29141,2.54,201301120000
29142,1.23,201301120000
29143,1.83,201301120000
29144,2.59,201301120000
29146,1.73,201301120000
29147,0.7,201301120000
29148,1.66,201301120000
29149,1.39,201301120000
29151,2.28,201301120000
29158,2.09,201301120000
29165,2.11,201301120000
29171,1.15,201301120000
29190,0.62,201301120000
29247,1.85,201301120000
29387,1.66,201301120000
29388,2.57,201301120000
29389,0.96,201301120000
29390,0.73,201301120000
29391,1.49,201301120000
29392,1.43,201301120000
29393,1.19,201301120000
29394,2.39,201301120000
29395,1.48,201301120000
29396,2.2,201301120000
29397,1.72,201301120000
29398,2.12,201301120000
29399,2.05,201301120000
29401,1.29,201301120000
29402,2.17,201301120000
29403,2.55,201301120000
29405,2.71,201301120000
29409,2.6,201301120000
29425,1.79,201301120000
29429,1.36,201301120000
29495,1.59,201301120000
29498,2.87,201301120000
29533,0.81,201301120000
29556,2.23,201301120000
29638,2.41,201301120000
29639,1.92,201301120000
29640,1.89,201301120000
29641,0.68,201301120000
29642,1.2,201301120000
29643,1.12,201301120000
29644,2.74,201301120000
29645,2.71,201301120000
29648,2.89,201301120000
29649,1.44,201301120000
29650,2.54,201301120000
29654,2.96,201301120000
29663,2.62,201301120000
29670,2.83,201301120000
29710,0.82,201301120000
29730,1.72,201301120000
29733,2.95,201301120000
29736,0.77,201301120000
29766,0.68,201301120000
29891,2.9,201301120000
29892,1.59,201301120000
29893,2.23,201301120000
29894,0.68,201301120000
29895,2.29,201301120000
29896,1.39,201301120000
29897,1.31,201301120000
29898,2.06,201301120000
29900,2.04,201301120000
29903,2.29,201301120000
29906,2.4,201301120000
29909,2.67,201301120000
29912,0.7,201301120000
29917,0.91,201301120000
29925,1.99,201301120000
29966,1.47,201301120000
30021,1.2,201301120000
30026,2.78,201301120000
30036,1.6,201301120000
30142,2.81,201301120000
30143,2.68,201301120000
30144,1.91,201301120000
30145,2.41,201301120000
30146,2.85,201301120000
30147,0.94,201301120000
30148,2.54,201301120000
30152,0.62,201301120000
30154,0.88,201301120000
30157,2.27,201301120000
30158,1.31,201301120000
30181,2.12,201301120000
30242,1.32,201301120000
30243,2.57,201301120000
30244,1.62,201301120000
30261,2.67,201301120000
30300,1.42,201301120000
30322,0.87,201301120000
30393,1.17,201301120000
30394,0.86,201301120000
30395,2.68,201301120000
30396,2.2,201301120000
30397,2.61,201301120000
30398,2.32,201301120000
30400,2.46,201301120000
30401,0.56,201301120000
30403,1.27,201301120000
30407,2.22,201301120000
30410,2.78,201301120000
30420,1.99,201301120000
30430,1.88,201301120000
30434,0.93,201301120000
30439,2.04,201301120000
30481,3.0,201301120000
30489,2.84,201301120000
30494,1.01,201301120000
30495,2.75,201301120000
30496,2.98,201301120000
30645,1.52,201301120000
30646,2.38,201301120000
30647,1.07,201301120000
30648,0.81,201301120000
30649,2.73,201301120000
30650,0.78,201301120000
30651,2.45,201301120000
30652,2.9,201301120000
30653,2.97,201301120000
30654,1.83,201301120000
30661,2.32,201301120000
30664,1.64,201301120000
30666,1.34,201301120000
30669,0.9,201301120000
30673,1.76,201301120000
30683,2.75,201301120000
30745,0.53,201301120000
30750,0.83,201301120000
30777,2.55,201301120000
30780,1.36,201301120000
30812,2.29,201301120000
30897,0.65,201301120000
30898,2.43,201301120000
30899,1.12,201301120000
30900,0.63,201301120000
30901,2.7,201301120000
30902,1.85,201301120000
30903,2.82,201301120000
30904,0.63,201301120000
30908,2.19,201301120000
30909,2.26,201301120000
30912,1.6,201301120000
30913,1.19,201301120000
30928,0.69,201301120000
30953,2.08,201301120000
30979,2.41,201301120000
30994,2.89,201301120000
30995,2.89,201301120000
31027,0.78,201301120000
31028,1.0,201301120000
31029,0.86,201301120000
31082,2.18,201301120000
31148,2.77,201301120000
31149,2.6,201301120000
31150,0.86,201301120000
31151,1.52,201301120000
31152,1.86,201301120000
31156,1.35,201301120000
31157,2.61,201301120000
31161,2.25,201301120000
31166,2.6,201301120000
31172,1.26,201301120000
31274,0.63,201301120000
31281,2.21,201301120000
31369,2.46,201301120000
31398,2.67,201301120000
31401,0.82,201301120000
31407,2.48,201301120000
31408,2.95,201301120000
31409,1.89,201301120000
31410,2.66,201301120000
31413,0.94,201301120000
31419,1.12,201301120000
31427,2.01,201301120000
31457,2.25,201301120000
31466,1.53,201301120000
31651,1.4,201301120000
31652,2.54,201301120000
31656,0.76,201301120000
31660,2.37,201301120000
31663,1.84,201301120000
31666,2.49,201301120000
31675,1.86,201301120000
31738,2.04,201301120000
31754,2.39,201301120000
31782,2.2,201301120000
31903,1.6,201301120000
31904,2.57,201301120000
31905,2.92,201301120000
31906,2.53,201301120000
31908,1.86,201301120000
31912,2.0,201301120000
31921,2.95,201301120000
31928,2.13,201301120000
31949,1.92,201301120000
32028,2.99,201301120000
32032,1.42,201301120000
32045,2.38,201301120000
32150,1.83,201301120000
32155,2.37,201301120000
32157,2.08,201301120000
32161,2.08,201301120000
32162,2.45,201301120000
32167,1.8,201301120000
32169,2.18,201301120000
32175,1.96,201301120000
32182,0.84,201301120000
32185,1.41,201301120000
32195,1.08,201301120000
32235,2.39,201301120000
32404,2.12,201301120000
32405,2.06,201301120000
32410,2.47,201301120000
32411,2.5,201301120000
32415,1.58,201301120000
32449,1.3,201301120000
32490,1.74,201301120000
32558,2.88,201301120000
32622,0.88,201301120000
32656,2.2,201301120000
32658,1.67,201301120000
32660,1.65,201301120000
32662,1.64,201301120000
32668,2.73,201301120000
32682,1.57,201301120000
32697,2.7,201301120000
32712,2.37,201301120000
32729,0.53,201301120000
32739,1.48,201301120000
32742,1.74,201301120000
32744,0.71,201301120000
32802,0.52,201301120000
32834,2.59,201301120000
32905,2.94,201301120000
32907,1.79,201301120000
32912,1.99,201301120000
32916,1.81,201301120000
32922,0.6,201301120000
32924,1.45,201301120000
32926,1.81,201301120000
32929,2.77,201301120000
32977,1.43,201301120000
32978,2.99,201301120000
33154,2.62,201301120000
33158,1.76,201301120000
33160,2.56,201301120000
33165,0.54,201301120000
33170,2.38,201301120000
33186,2.33,201301120000
33286,1.82,201301120000
33405,1.4,201301120000
33409,2.55,201301120000
33412,1.16,201301120000
33418,2.92,201301120000
33420,2.18,201301120000
33424,1.26,201301120000
33435,0.91,201301120000
33442,1.9,201301120000
33519,2.6,201301120000
33594,0.66,201301120000
33656,1.76,201301120000
33659,1.13,201301120000
33662,2.68,201301120000
33664,2.27,201301120000
33666,0.86,201301120000
33669,2.96,201301120000
33673,1.68,201301120000
33675,2.86,201301120000
33694,0.9,201301120000
33724,1.39,201301120000
33742,1.03,201301120000
33812,1.44,201301120000
33909,2.87,201301120000
33911,2.75,201301120000
33912,2.25,201301120000
33913,0.64,201301120000
33922,1.8,201301120000
33923,2.29,201301120000
33924,1.54,201301120000
33931,2.75,201301120000
33935,0.84,201301120000
33986,0.89,201301120000
34013,1.29,201301120000
34160,2.39,201301120000
34161,1.9,201301120000
34162,1.43,201301120000
34163,1.56,201301120000
34167,0.75,201301120000
34190,1.44,201301120000
34211,2.34,201301120000
34303,2.72,201301120000
34380,1.67,201301120000
34407,2.27,201301120000
34413,2.7,201301120000
34423,2.86,201301120000
34424,2.37,201301120000
34427,1.67,201301120000
34430,1.4,201301120000
34437,2.02,201301120000
34440,1.43,201301120000
34486,1.21,201301120000
34495,0.66,201301120000
34510,0.88,201301120000
34520,2.84,201301120000
34528,1.83,201301120000
34563,2.36,201301120000
34662,1.47,201301120000
34667,1.23,201301120000
34668,1.4,201301120000
34670,0.65,201301120000
34672,0.74,201301120000
34673,0.77,201301120000
34676,2.88,201301120000
34679,2.05,201301120000
34682,2.06,201301120000
34695,0.93,201301120000
34710,1.17,201301120000
34714,2.14,201301120000
34720,2.57,201301120000
34882,2.17,201301120000
34913,1.22,201301120000
34914,2.97,201301120000
34915,2.07,201301120000
34924,0.89,201301120000
34925,0.83,201301120000
34934,2.93,201301120000
34939,1.73,201301120000
34959,2.46,201301120000
34990,2.89,201301120000
35102,2.12,201301120000
35164,0.78,201301120000
35166,2.19,201301120000
35173,2.68,201301120000
35178,1.51,201301120000
35183,1.13,201301120000
35185,0.64,201301120000
35187,0.85,201301120000
35193,2.84,201301120000
35203,1.85,201301120000
35218,2.64,201301120000
35237,2.99,201301120000
35244,2.03,201301120000
35249,1.64,201301120000
35295,1.79,201301120000
35368,1.08,201301120000
35410,1.08,201301120000
35414,2.41,201301120000
35415,2.89,201301120000
35417,1.99,201301120000
35421,1.11,201301120000
35440,1.83,201301120000
35455,1.68,201301120000
35492,0.68,201301120000
35515,2.44,201301120000
35665,1.77,201301120000
35675,1.6,201301120000
35683,0.56,201301120000
35686,2.89,201301120000
35700,0.85,201301120000
35745,1.68,201301120000
35755,2.06,201301120000
35769,1.04,201301120000
35916,1.97,201301120000
35917,1.75,201301120000
35918,2.83,201301120000
35919,2.33,201301120000
35921,2.81,201301120000
35929,2.99,201301120000
35931,2.49,201301120000
35941,2.0,201301120000
35944,2.86,201301120000
35971,0.62,201301120000
35981,1.63,201301120000
35992,2.75,201301120000
35994,2.44,201301120000
36067,1.39,201301120000
36162,2.0,201301120000
36167,0.54,201301120000
36169,2.4,201301120000
36170,2.86,201301120000
36173,0.51,201301120000
36176,1.77,201301120000
36177,1.59,201301120000
36205,2.99,201301120000
36237,2.17,201301120000
36245,1.03,201301120000
36246,2.41,201301120000
36293,2.79,201301120000
36311,1.42,201301120000
36417,1.25,201301120000
36420,0.51,201301120000
36421,0.8,201301120000
36441,1.39,201301120000
36448,1.37,201301120000
36494,2.99,201301120000
36498,2.35,201301120000
36502,2.29,201301120000
36510,2.69,201301120000
36513,2.05,201301120000
36519,2.68,201301120000
36524,2.41,201301120000
36576,0.71,201301120000
36668,2.96,201301120000
36673,1.15,201301120000
36675,1.32,201301120000
36677,2.12,201301120000
36679,1.36,201301120000
36682,0.65,201301120000
36688,0.61,201301120000
36690,2.06,201301120000
36711,2.04,201301120000
36717,0.71,201301120000
36758,2.34,201301120000
36889,0.88,201301120000
36915,2.03,201301120000
36918,1.99,201301120000
36933,1.52,201301120000
36934,0.89,201301120000
36953,1.61,201301120000
36959,1.62,201301120000
36996,1.9,201301120000
36999,2.58,201301120000
37001,2.23,201301120000
37167,3.0,201301120000
37168,0.9,201301120000
37169,1.19,201301120000
37172,2.14,201301120000
37176,1.69,201301120000
37178,1.71,201301120000
37179,1.82,201301120000
37182,1.29,201301120000
37192,1.35,201301120000
37200,0.88,201301120000
37206,0.82,201301120000
37232,2.06,201301120000
37239,0.81,201301120000
37270,1.11,201301120000
37298,1.4,201301120000
37304,1.74,201301120000
37419,2.15,201301120000
37421,1.79,201301120000
37423,0.7,201301120000
37425,0.65,201301120000
37446,2.15,201301120000
37454,2.22,201301120000
37477,1.01,201301120000
37487,2.0,201301120000
37501,1.62,201301120000
37503,1.0,201301120000
37513,0.74,201301120000
37523,1.49,201301120000
37562,1.86,201301120000
37609,0.8,201301120000
37642,2.63,201301120000
37643,1.04,201301120000
37670,2.12,201301120000
37671,2.75,201301120000
37672,0.79,201301120000
37676,2.97,201301120000
37688,2.56,201301120000
37689,1.95,201301120000
37690,1.59,201301120000
37695,2.78,201301120000
37701,1.79,201301120000
37710,2.42,201301120000
37711,1.17,201301120000
37754,2.19,201301120000
37874,2.26,201301120000
37891,2.61,201301120000
37893,2.23,201301120000
37894,2.12,201301120000
37926,0.61,201301120000
37928,2.57,201301120000
37929,2.14,201301120000
37932,1.29,201301120000
37936,0.61,201301120000
37943,2.51,201301120000
37952,0.81,201301120000
37962,2.29,201301120000
37968,2.94,201301120000
38003,2.28,201301120000
38060,1.23,201301120000
38145,0.76,201301120000
38172,1.92,201301120000
38173,2.29,201301120000
38178,0.92,201301120000
38200,0.53,201301120000
38204,1.98,201301120000
38209,2.4,201301120000
38215,0.69,201301120000
38220,2.63,201301120000
38225,1.15,201301120000
38228,0.79,201301120000
38230,0.84,201301120000
38243,2.87,201301120000
38247,1.68,201301120000
38255,2.83,201301120000
38263,2.14,201301120000
38268,1.8,201301120000
38272,0.63,201301120000
38367,2.74,201301120000
38381,0.84,201301120000
38423,1.45,201301120000
38425,2.28,201301120000
38426,2.86,201301120000
38431,2.49,201301120000
38440,1.32,201301120000
38479,2.98,201301120000
38481,1.21,201301120000
38483,1.35,201301120000
38488,1.86,201301120000
38490,2.67,201301120000
38498,2.93,201301120000
38499,1.32,201301120000
38500,1.89,201301120000
38505,1.2,201301120000
38506,1.95,201301120000
38508,0.59,201301120000
38517,1.98,201301120000
38534,2.71,201301120000
38648,1.78,201301120000
38674,0.83,201301120000
38676,2.04,201301120000
38679,0.94,201301120000
38684,2.97,201301120000
38693,2.58,201301120000
38697,1.79,201301120000
38716,1.79,201301120000
38722,1.73,201301120000
38736,2.81,201301120000
38738,2.22,201301120000
38752,2.04,201301120000
38753,2.65,201301120000
38758,0.62,201301120000
38760,0.78,201301120000
38761,1.68,201301120000
38762,0.75,201301120000
38766,1.3,201301120000
38769,1.06,201301120000
38778,2.11,201301120000
38812,2.83,201301120000
38939,0.75,201301120000
38953,1.66,201301120000
38958,2.41,201301120000
38967,1.35,201301120000
39006,2.42,201301120000
39008,2.09,201301120000
39010,2.8,201301120000
39011,2.1,201301120000
39017,0.64,201301120000
39113,1.28,201301120000
39148,1.83,201301120000
39149,1.41,201301120000
39176,1.73,201301120000
39178,2.84,201301120000
39191,2.04,201301120000
39201,1.84,201301120000
39230,1.7,201301120000
39236,2.88,201301120000
39246,1.22,201301120000
39252,2.12,201301120000
39255,2.85,201301120000
39260,1.55,201301120000
39262,2.67,201301120000
39263,1.71,201301120000
39268,2.84,201301120000
39269,2.27,201301120000
39271,1.98,201301120000
39274,0.63,201301120000
39275,2.5,201301120000
39375,1.75,201301120000
39391,0.59,201301120000
39427,1.58,201301120000
39428,2.15,201301120000
39430,1.37,201301120000
39433,1.57,201301120000
39446,1.6,201301120000
39457,2.11,201301120000
39514,0.87,201301120000
39515,1.07,201301120000
39516,1.85,201301120000
39517,2.17,201301120000
39535,2.91,201301120000
39554,1.56,201301120000
39559,2.45,201301120000
39631,2.7,201301120000
39632,0.67,201301120000
39633,2.64,201301120000
39652,2.41,201301120000
39683,1.58,201301120000
39687,2.14,201301120000
39706,2.97,201301120000
39710,1.0,201301120000
39722,1.19,201301120000
39731,2.9,201301120000
39750,0.96,201301120000
39755,2.72,201301120000
39759,2.58,201301120000
39762,0.89,201301120000
39764,2.26,201301120000
39765,1.71,201301120000
39766,0.81,201301120000
39767,0.55,201301120000
39769,0.85,201301120000
39772,1.54,201301120000
39776,1.34,201301120000
39777,1.67,201301120000
39790,1.66,201301120000
39791,0.7,201301120000
39796,2.69,201301120000
39832,2.18,201301120000
39883,1.67,201301120000
39930,2.1,201301120000
39932,1.33,201301120000
39941,0.85,201301120000
39948,1.98,201301120000
39969,1.47,201301120000
40018,0.76,201301120000
40031,2.89,201301120000
40133,0.61,201301120000
40180,1.84,201301120000
40188,1.02,201301120000
40196,1.03,201301120000
40242,1.85,201301120000
40246,1.72,201301120000
40259,0.98,201301120000
40264,2.77,201301120000
40267,0.9,201301120000
40268,2.97,201301120000
40270,1.01,201301120000
40276,2.72,201301120000
40286,2.96,201301120000
40295,2.41,201301120000
40431,0.61,201301120000
40432,2.54,201301120000
40442,1.71,201301120000
40447,1.75,201301120000
40448,2.46,201301120000
40451,2.5,201301120000
40457,2.34,201301120000
40500,1.82,201301120000
40512,2.15,201301120000
40518,0.73,201301120000
40519,0.55,201301120000
40522,2.82,201301120000
40524,2.52,201301120000
40525,1.32,201301120000
40532,2.91,201301120000
40560,2.85,201301120000
40566,1.23,201301120000
40633,1.51,201301120000
40687,0.79,201301120000
40713,1.62,201301120000
40719,1.52,201301120000
40732,0.54,201301120000
40733,2.96,201301120000
40766,2.93,201301120000
40810,2.45,201301120000
40894,2.71,201301120000
40933,2.24,201301120000
40936,0.76,201301120000
40939,2.51,201301120000
40954,1.68,201301120000
40982,0.6,201301120000
41021,0.51,201301120000
41024,2.05,201301120000
41061,2.76,201301120000
41145,2.36,201301120000
41157,0.85,201301120000
41183,0.75,201301120000
41200,1.21,201301120000
41262,1.16,201301120000
41265,1.98,201301120000
41270,2.17,201301120000
41277,1.66,201301120000
41318,1.76,201301120000
41401,1.33,201301120000
41407,2.0,201301120000
41437,2.63,201301120000
41459,1.59,201301120000
41465,1.03,201301120000
41469,1.7,201301120000
41508,0.86,201301120000
41520,2.6,201301120000
41522,1.03,201301120000
41526,1.65,201301120000
41532,0.85,201301120000
41558,2.65,201301120000
41635,0.8,201301120000
41653,1.84,201301120000
41658,0.51,201301120000
41692,2.06,201301120000
41696,1.97,201301120000
41764,1.02,201301120000
41772,1.28,201301120000
41893,1.11,201301120000
41904,1.41,201301120000
41905,1.06,201301120000
41936,1.23,201301120000
41941,0.91,201301120000
41958,0.82,201301120000
41990,1.9,201301120000
42023,2.64,201301120000
42026,1.96,201301120000
42029,0.52,201301120000
42074,1.23,201301120000
42085,0.82,201301120000
42095,1.21,201301120000
42147,1.18,201301120000
42160,1.56,201301120000
42200,1.47,201301120000
42213,2.42,201301120000
42267,0.87,201301120000
42271,0.62,201301120000
42274,1.2,201301120000
42283,1.76,201301120000
42291,1.06,201301120000
42342,2.49,201301120000
42411,2.37,201301120000
42438,2.35,201301120000
42454,1.93,201301120000
42471,1.81,201301120000
42478,1.81,201301120000
42487,0.85,201301120000
42503,1.21,201301120000
42514,2.54,201301120000
42521,1.09,201301120000
42533,1.65,201301120000
42644,1.93,201301120000
42661,1.01,201301120000
42695,0.79,201301120000
42744,1.67,201301120000
42750,2.19,201301120000
42846,0.78,201301120000
42905,1.49,201301120000
42912,1.74,201301120000
42939,1.35,201301120000
42940,0.62,201301120000
42944,2.8,201301120000
42949,1.24,201301120000
43011,2.23,201301120000
43021,1.91,201301120000
43030,1.56,201301120000
43151,1.43,201301120000
43160,2.59,201301120000
43162,1.71,201301120000
43213,2.88,201301120000
43220,1.66,201301120000
43261,2.17,201301120000
43412,0.87,201301120000
43413,1.2,201301120000
43440,2.89,201301120000
43443,1.83,201301120000
43449,2.27,201301120000
43483,1.85,201301120000
43484,0.6,201301120000
43494,1.41,201301120000
43518,0.81,201301120000
43523,2.99,201301120000
43526,1.21,201301120000
43530,2.3,201301120000
43571,2.53,201301120000
43642,2.53,201301120000
43662,2.41,201301120000
43738,1.35,201301120000
43760,2.97,201301120000
43779,2.89,201301120000
43914,2.42,201301120000
43957,0.61,201301120000
43980,2.02,201301120000
43984,0.88,201301120000
43992,2.99,201301120000
43995,1.04,201301120000
44002,1.64,201301120000
44039,1.83,201301120000
44194,0.73,201301120000
44197,0.69,201301120000
44204,2.08,201301120000
44215,2.51,201301120000
44226,1.92,201301120000
44247,1.3,201301120000
44255,1.49,201301120000
44282,2.59,201301120000
44284,2.51,201301120000
44356,2.43,201301120000
44470,2.44,201301120000
44486,0.88,201301120000
44503,2.92,201301120000
44504,1.46,201301120000
44510,0.66,201301120000
44517,1.55,201301120000
44534,2.75,201301120000
44578,2.64,201301120000
44666,1.56,201301120000
44694,1.52,201301120000
44697,2.98,201301120000
44716,2.37,201301120000
44724,2.44,201301120000
44743,0.91,201301120000
44755,2.17,201301120000
44756,1.17,201301120000
44757,2.18,201301120000
44758,2.26,201301120000
44786,1.53,201301120000
44787,2.91,201301120000
44911,1.85,201301120000
44963,1.69,201301120000
45005,2.47,201301120000
45006,0.81,201301120000
45007,1.44,201301120000
45008,2.4,201301120000
45039,0.51,201301120000
45114,3.0,201301120000
45168,1.49,201301120000
45200,2.88,201301120000
45203,2.22,201301120000
45208,2.06,201301120000
45237,2.19,201301120000
45254,2.34,201301120000
45256,2.3,201301120000
45258,2.47,201301120000
45261,2.52,201301120000
45265,2.79,201301120000
45266,2.83,201301120000
45401,1.43,201301120000
45479,1.02,201301120000
45502,2.32,201301120000
45507,1.67,201301120000
45509,1.7,201301120000
45526,2.08,201301120000
45538,2.45,201301120000
45582,2.62,201301120000
45661,1.93,201301120000
45701,0.85,201301120000
45703,2.83,201301120000
45716,1.48,201301120000
45720,2.29,201301120000
45725,2.94,201301120000
45735,1.72,201301120000
45747,0.67,201301120000
45766,2.25,201301120000
45793,1.54,201301120000
45795,1.04,201301120000
45919,1.69,201301120000
45948,2.91,201301120000
46008,2.34,201301120000
46036,1.1,201301120000
46041,1.27,201301120000
46052,0.51,201301120000
46074,1.48,201301120000
46145,1.79,201301120000
46202,0.96,201301120000
46209,1.82,201301120000
46242,0.76,201301120000
46265,1.58,201301120000
46372,1.39,201301120000
46384,0.55,201301120000
46455,0.66,201301120000
46508,2.83,201301120000
46523,0.8,201301120000
46538,2.07,201301120000
46565,2.37,201301120000
46574,1.34,201301120000
46626,2.14,201301120000
46700,0.66,201301120000
46738,2.53,201301120000
46770,1.23,201301120000
46778,0.52,201301120000
46787,2.66,201301120000
46803,1.78,201301120000
46954,0.92,201301120000
46964,2.89,201301120000
46972,0.54,201301120000
46976,0.62,201301120000
46981,1.53,201301120000
47011,1.27,201301120000
47015,1.02,201301120000
47047,2.45,201301120000
47253,0.6,201301120000
47288,2.52,201301120000
47295,1.76,201301120000
47342,2.43,201301120000
47454,3.0,201301120000
47535,2.04,201301120000
47543,2.46,201301120000
47705,1.43,201301120000
47709,1.91,201301120000
47711,2.63,201301120000
47758,1.01,201301120000
47806,0.76,201301120000
47889,1.58,201301120000
47926,1.98,201301120000
47968,2.63,201301120000
47972,0.88,201301120000
47977,1.88,201301120000
47982,1.73,201301120000
48032,0.58,201301120000
48209,1.39,201301120000
48239,1.47,201301120000
48244,0.55,201301120000
48278,0.84,201301120000
48420,1.65,201301120000
48427,0.88,201301120000
48499,1.13,201301120000
48503,0.69,201301120000
48552,2.66,201301120000
48584,0.93,201301120000
48713,1.37,201301120000
48759,1.61,201301120000
48848,2.92,201301120000
48898,0.79,201301120000
49017,1.06,201301120000
49049,1.49,201301120000
49229,0.88,201301120000
49241,2.64,201301120000
49472,2.86,201301120000
49483,1.07,201301120000
49542,0.68,201301120000
49555,1.85,201301120000
49679,0.55,201301120000
49750,2.27,201301120000
49760,2.25,201301120000
49777,0.57,201301120000
49968,2.76,201301120000
50053,2.82,201301120000
50103,1.59,201301120000
50180,1.35,201301120000
50285,1.29,201301120000
50430,1.15,201301120000
50470,0.57,201301120000
50494,2.43,201301120000
50511,2.67,201301120000
50549,2.67,201301120000
50680,2.08,201301120000
50682,0.7,201301120000
50731,2.53,201301120000
50812,0.95,201301120000
50872,1.21,201301120000
51029,2.02,201301120000
51046,2.15,201301120000
51053,1.95,201301120000
51056,1.54,201301120000
51162,2.71,201301120000
51177,0.85,201301120000
51182,2.38,201301120000
51228,2.16,201301120000
51258,2.68,201301120000
51430,2.88,201301120000
51431,2.96,201301120000
51432,1.8,201301120000
51520,2.22,201301120000
51681,1.9,201301120000
51682,1.58,201301120000
51725,2.54,201301120000
51790,2.79,201301120000
51832,0.58,201301120000
51857,2.92,201301120000
51931,1.98,201301120000
51932,2.26,201301120000
51986,1.8,201301120000
52003,0.81,201301120000
52182,2.23,201301120000
52244,2.55,201301120000
52259,1.35,201301120000
52280,2.67,201301120000
52319,0.7,201301120000
52473,1.14,201301120000
52518,1.57,201301120000
52631,1.8,201301120000
52679,1.91,201301120000
52729,2.67,201301120000
52811,2.77,201301120000
52983,1.63,201301120000
52988,1.14,201301120000
52993,0.62,201301120000
53000,2.87,201301120000
53016,2.09,201301120000
53027,0.77,201301120000
53072,0.68,201301120000
53090,0.55,201301120000
53177,0.54,201301120000
53178,1.5,201301120000
53381,2.91,201301120000
53427,2.39,201301120000
53429,1.7,201301120000
53761,2.55,201301120000
53774,2.79,201301120000
53797,0.81,201301120000
53810,1.15,201301120000
53822,0.73,201301120000
53864,2.07,201301120000
53927,1.12,201301120000
54038,0.78,201301120000
54071,1.96,201301120000
54234,1.93,201301120000
54281,2.15,201301120000
54284,1.04,201301120000
54327,0.73,201301120000
54334,2.0,201301120000
54349,1.2,201301120000
54427,2.89,201301120000
54503,2.66,201301120000
54510,1.17,201301120000
54520,2.62,201301120000
54550,0.74,201301120000
54578,0.64,201301120000
54678,1.24,201301120000
54828,1.13,201301120000
54983,0.5,201301120000
54996,0.85,201301120000
55070,2.32,201301120000
55329,1.14,201301120000
55331,2.03,201301120000
55535,0.83,201301120000
55633,1.05,201301120000
55680,1.5,201301120000
55761,0.89,201301120000
55831,1.22,201301120000
55832,1.39,201301120000
55838,2.39,201301120000
55845,1.68,201301120000
56106,0.89,201301120000
56493,1.59,201301120000
56571,2.76,201301120000
56586,0.91,201301120000
56587,1.5,201301120000
56591,1.42,201301120000
56738,0.68,201301120000
56835,1.3,201301120000
56882,2.37,201301120000
56887,1.79,201301120000
56888,1.21,201301120000
56933,0.91,201301120000
56934,1.0,201301120000
57042,2.1,201301120000
57062,0.71,201301120000
57189,2.12,201301120000
57261,1.15,201301120000
57329,0.88,201301120000
57342,1.82,201301120000
57376,0.99,201301120000
57378,1.58,201301120000
57380,2.84,201301120000
57397,1.25,201301120000
57440,1.62,201301120000
57495,0.66,201301120000
57523,1.75,201301120000
57555,2.58,201301120000
57597,1.89,201301120000
57613,0.84,201301120000
57615,2.42,201301120000
57628,0.9,201301120000
57631,2.7,201301120000
57823,1.44,201301120000
57837,0.83,201301120000
57851,2.4,201301120000
57852,1.61,201301120000
57906,2.49,201301120000
58179,2.98,201301120000
58251,2.31,201301120000
58421,2.81,201301120000
58511,1.27,201301120000
58632,1.1,201301120000
58744,0.88,201301120000
58802,2.68,201301120000
58814,0.68,201301120000
58879,2.34,201301120000
58892,2.43,201301120000
59010,2.79,201301120000
59043,0.9,201301120000
59104,2.63,201301120000
59125,1.54,201301120000
59134,2.83,201301120000
59285,1.22,201301120000
59329,0.77,201301120000
59555,2.95,201301120000
59635,0.7,201301120000
59745,1.24,201301120000
59927,2.49,201301120000
59941,2.73,201301120000
60008,2.59,201301120000
60011,2.11,201301120000
60114,1.87,201301120000
60141,0.73,201301120000
60147,0.71,201301120000
60331,2.36,201301120000
60344,2.98,201301120000
60350,0.77,201301120000
60578,1.41,201301120000
60593,1.25,201301120000
60613,1.16,201301120000
60630,0.76,201301120000
60635,0.84,201301120000
60649,0.99,201301120000
60750,0.86,201301120000
60774,0.83,201301120000
60819,1.3,201301120000
60880,2.68,201301120000
60888,1.81,201301120000
61062,0.72,201301120000
61110,2.93,201301120000
61263,1.95,201301120000
61343,1.36,201301120000
61591,1.09,201301120000
61597,2.96,201301120000
61654,1.19,201301120000
61818,1.69,201301120000
62077,2.83,201301120000
62104,0.51,201301120000
62135,2.09,201301120000
62140,0.54,201301120000
62252,2.08,201301120000
62558,0.93,201301120000
62589,2.35,201301120000
62757,2.8,201301120000
62772,1.04,201301120000
62850,2.37,201301120000
62926,0.76,201301120000
62948,2.21,201301120000
63044,2.72,201301120000
63153,2.2,201301120000
63383,0.82,201301120000
63397,2.91,201301120000
63398,2.7,201301120000
63407,2.49,201301120000
63574,2.24,201301120000
63586,2.08,201301120000
63816,2.43,201301120000
64102,2.64,201301120000
64150,2.27,201301120000
64200,1.63,201301120000
64515,0.53,201301120000
64529,2.25,201301120000
64573,0.62,201301120000
64581,1.89,201301120000
64815,0.56,201301120000
64915,1.21,201301120000
65059,2.36,201301120000
65144,1.27,201301120000
65320,2.76,201301120000
65375,0.99,201301120000
65454,0.62,201301120000
65528,1.48,201301120000
65607,2.9,201301120000
65774,2.0,201301120000
65838,1.69,201301120000
66068,1.29,201301120000
66084,1.64,201301120000
66151,2.13,201301120000
66353,0.82,201301120000
66538,2.48,201301120000
66575,0.8,201301120000
66637,2.03,201301120000
66827,1.58,201301120000
66870,2.06,201301120000
67110,1.92,201301120000
67207,0.78,201301120000
67335,2.13,201301120000
67385,0.71,201301120000
67599,1.38,201301120000
67601,2.67,201301120000
67602,2.86,201301120000
67698,1.11,201301120000
67824,1.16,201301120000
67842,2.41,201301120000
67854,0.93,201301120000
67855,2.02,201301120000
67918,0.73,201301120000
68103,0.86,201301120000
68104,2.65,201301120000
68110,0.55,201301120000
68111,2.27,201301120000
68349,2.6,201301120000
68354,1.05,201301120000
68356,1.94,201301120000
68454,1.33,201301120000
68455,2.13,201301120000
68587,1.34,201301120000
68857,1.45,201301120000
68858,1.28,201301120000
68897,1.14,201301120000
68924,1.99,201301120000
68930,2.21,201301120000
69106,1.58,201301120000
69190,2.7,201301120000
69206,2.32,201301120000
69359,1.3,201301120000
69371,1.85,201301120000
69455,0.84,201301120000
69582,2.24,201301120000
69613,2.49,201301120000
69676,1.56,201301120000
70115,0.61,201301120000
70132,2.95,201301120000
70181,1.0,201301120000
70342,2.27,201301120000
70352,2.83,201301120000
70360,2.95,201301120000
70374,1.39,201301120000
70440,0.62,201301120000
70462,2.86,201301120000
70619,1.47,201301120000
70659,2.87,201301120000
70715,2.17,201301120000
70903,2.8,201301120000
70934,2.83,201301120000
70961,1.08,201301120000
71122,2.37,201301120000
71187,1.64,201301120000
71399,2.7,201301120000
71601,1.74,201301120000
71629,1.85,201301120000
71888,2.89,201301120000
71961,1.17,201301120000
71964,2.32,201301120000
72201,0.73,201301120000
72218,1.8,201301120000
72345,1.24,201301120000
72367,2.14,201301120000
72407,2.04,201301120000
72416,1.54,201301120000
72706,1.87,201301120000
72894,2.75,201301120000
73104,1.24,201301120000
73135,1.07,201301120000
73211,2.34,201301120000
73223,0.96,201301120000
73451,1.04,201301120000
73460,2.88,201301120000
73461,1.09,201301120000
73557,0.92,201301120000
73669,1.51,201301120000
74158,1.06,201301120000
74216,1.95,201301120000
74388,0.81,201301120000
74396,2.76,201301120000
74466,2.07,201301120000
74467,2.95,201301120000
74638,0.55,201301120000
74677,0.76,201301120000
74678,2.08,201301120000
74711,2.29,201301120000
74721,2.01,201301120000
74962,1.66,201301120000
74968,0.65,201301120000
74973,1.46,201301120000
75224,2.62,201301120000
75329,0.77,201301120000
75386,0.98,201301120000
75424,1.29,201301120000
75436,0.63,201301120000
75475,1.6,201301120000
75619,2.36,201301120000
75721,1.81,201301120000
75722,0.72,201301120000
75724,2.66,201301120000
75725,1.46,201301120000
75726,2.33,201301120000
75727,1.44,201301120000
75974,1.21,201301120000
75975,1.01,201301120000
76133,2.05,201301120000
76227,1.45,201301120000
76393,2.63,201301120000
76473,0.62,201301120000
76477,0.99,201301120000
76654,2.8,201301120000
76728,1.38,201301120000
76959,2.09,201301120000
77169,2.4,201301120000
77230,0.86,201301120000
77381,2.31,201301120000
77458,1.69,201301120000
77641,0.97,201301120000
77942,2.22,201301120000
77981,2.84,201301120000
78205,2.6,201301120000
78418,2.05,201301120000
78654,2.01,201301120000
78733,0.67,201301120000
78881,1.21,201301120000
78896,2.18,201301120000
78909,0.83,201301120000
78983,2.81,201301120000
79234,1.29,201301120000
79379,2.39,201301120000
79394,1.91,201301120000
79484,0.83,201301120000
79712,1.42,201301120000
79911,2.83,201301120000
79915,2.24,201301120000
80160,0.69,201301120000
80161,2.59,201301120000
80193,1.42,201301120000
80352,1.14,201301120000
80397,2.78,201301120000
80406,2.34,201301120000
80411,1.72,201301120000
80412,2.59,201301120000
80413,2.67,201301120000
80420,2.95,201301120000
80485,2.96,201301120000
80635,2.95,201301120000
80659,0.8,201301120000
80663,0.8,201301120000
80664,1.55,201301120000
80703,2.01,201301120000
80877,2.96,201301120000
80916,1.28,201301120000
81163,1.24,201301120000
81164,2.5,201301120000
81354,1.37,201301120000
81363,2.58,201301120000
81390,2.67,201301120000
81625,1.38,201301120000
81651,1.31,201301120000
81899,2.77,201301120000
82135,2.59,201301120000
82168,1.84,201301120000
82169,0.86,201301120000
82237,1.77,201301120000
82613,1.27,201301120000
82622,1.47,201301120000
82664,2.52,201301120000
82892,2.85,201301120000
82951,1.12,201301120000
83410,0.92,201301120000
83489,2.03,201301120000
83735,2.49,201301120000
83865,1.72,201301120000
84123,1.72,201301120000
84179,0.78,201301120000
84207,1.17,201301120000
84212,1.2,201301120000
84221,2.34,201301120000
84366,1.93,201301120000
84689,1.32,201301120000
84712,1.19,201301120000
84902,0.88,201301120000
85474,2.81,201301120000
85487,1.5,201301120000
85620,2.3,201301120000
85705,2.79,201301120000
85715,1.14,201301120000
85738,2.82,201301120000
86440,0.8,201301120000
86622,2.93,201301120000
86623,2.12,201301120000
86672,1.51,201301120000
86873,2.35,201301120000
86895,0.95,201301120000
87121,1.02,201301120000
87227,1.31,201301120000
87460,1.35,201301120000
87690,0.66,201301120000
87873,2.46,201301120000
88242,2.67,201301120000
88463,0.78,201301120000
89120,0.98,201301120000
89152,1.79,201301120000
89175,2.64,201301120000
89198,1.59,201301120000
89615,1.92,201301120000
89625,0.67,201301120000
90116,1.44,201301120000
90183,2.65,201301120000
90497,0.96,201301120000
90699,1.4,201301120000
90719,1.75,201301120000
91200,1.6,201301120000
91432,1.61,201301120000
91434,1.75,201301120000
91684,0.69,201301120000
91713,2.7,201301120000
91744,2.26,201301120000
92233,1.23,201301120000
93205,1.62,201301120000
93244,2.6,201301120000
93252,2.31,201301120000
93463,2.65,201301120000
93675,1.45,201301120000
93944,0.7,201301120000
94431,0.94,201301120000
94710,1.61,201301120000
94755,0.69,201301120000
94997,1.3,201301120000
95000,1.0,201301120000
95707,1.42,201301120000
95949,0.63,201301120000
95998,1.76,201301120000
96188,0.7,201301120000
96225,2.86,201301120000
96249,0.74,201301120000
96468,2.35,201301120000
96486,2.22,201301120000
96718,0.93,201301120000
96972,0.6,201301120000
96995,2.91,201301120000
97251,2.14,201301120000
97440,0.57,201301120000
97471,2.22,201301120000
97969,1.72,201301120000
97990,1.41,201301120000
98224,1.21,201301120000
98229,2.1,201301120000
98450,0.81,201301120000
98475,0.81,201301120000
98739,1.01,201301120000
99256,0.97,201301120000
99468,1.51,201301120000
99730,2.79,201301120000
101215,1.22,201301120000
101911,2.04,201301120000
101912,2.37,201301120000
101989,2.67,201301120000
102999,0.62,201301120000
103242,2.79,201301120000
103431,1.84,201301120000
104177,1.13,201301120000
104221,1.83,201301120000
104239,0.68,201301120000
104701,0.52,201301120000
104984,2.28,201301120000
105196,2.56,201301120000
105219,2.92,201301120000
105460,2.86,201301120000
105461,1.8,201301120000
105481,2.76,201301120000
105489,1.74,201301120000
105709,1.3,201301120000
105710,2.97,201301120000
105711,0.96,201301120000
105712,2.09,201301120000
105713,2.46,201301120000
105715,1.18,201301120000
105726,2.82,201301120000
105727,2.54,201301120000
105736,2.8,201301120000
105960,2.12,201301120000
105961,0.84,201301120000
105962,1.5,201301120000
105963,2.15,201301120000
105964,1.63,201301120000
105975,2.8,201301120000
106195,2.76,201301120000
106213,0.85,201301120000
106214,1.74,201301120000
106215,1.94,201301120000
106221,2.2,201301120000
106231,1.71,201301120000
106232,0.74,201301120000
106234,1.15,201301120000
106235,2.05,201301120000
106237,1.9,201301120000
106446,2.12,201301120000
106447,1.83,201301120000
106462,1.19,201301120000
106463,1.86,201301120000
106465,2.41,201301120000
106466,0.89,201301120000
106467,2.66,201301120000
106480,1.49,201301120000
106712,2.01,201301120000
106717,2.86,201301120000
106718,1.3,201301120000
106741,2.99,201301120000
106958,1.38,201301120000
106964,2.74,201301120000
106965,1.25,201301120000
106966,1.3,201301120000
106967,1.85,201301120000
106971,1.98,201301120000
106983,2.27,201301120000
106997,1.51,201301120000
107200,2.55,201301120000
107212,2.58,201301120000
107219,0.82,201301120000
107240,0.81,201301120000
107460,1.21,201301120000
107465,1.28,201301120000
107466,1.84,201301120000
107468,1.22,201301120000
107491,0.93,201301120000
107711,0.73,201301120000
107725,1.02,201301120000
107726,0.56,201301120000
107954,0.53,201301120000
107966,2.62,201301120000
107971,0.83,201301120000
107979,2.3,201301120000
107993,1.62,201301120000
108205,0.58,201301120000
108211,2.9,201301120000
108214,1.21,201301120000
108215,1.59,201301120000
108217,0.71,201301120000
108219,2.41,201301120000
108220,1.49,201301120000
108222,0.79,201301120000
108225,0.62,201301120000
108230,1.87,201301120000
108454,2.73,201301120000
108463,2.06,201301120000
108499,1.55,201301120000
108717,2.44,201301120000
108722,2.78,201301120000
108724,1.1,201301120000
108733,2.89,201301120000
108968,1.17,201301120000
108975,2.9,201301120000
108984,1.78,201301120000
108985,2.6,201301120000
109216,2.51,201301120000
109219,0.66,201301120000
109222,2.64,201301120000
109227,1.27,201301120000
109231,2.34,201301120000
109236,2.85,201301120000
109245,2.92,201301120000
109473,0.73,201301120000
109487,2.33,201301120000
109494,1.19,201301120000
109495,2.24,201301120000
109496,0.75,201301120000
109497,2.87,201301120000
109742,1.98,201301120000
109744,1.91,201301120000
109748,1.41,201301120000
109750,2.82,201301120000
109980,2.18,201301120000
109991,0.87,201301120000
109994,2.82,201301120000
109998,1.46,201301120000
110001,1.09,201301120000
110243,2.34,201301120000
110247,2.15,201301120000
110249,0.81,201301120000
110251,2.4,201301120000
110253,2.91,201301120000
110254,0.8,201301120000
