cell,mobility,dtg
1610,1.84,201301131600
1846,0.73,201301131600
1851,2.1,201301131600
1853,1.84,201301131600
1856,0.61,201301131600
1857,1.25,201301131600
2103,0.54,201301131600
2105,1.79,201301131600
2106,2.33,201301131600
2107,1.59,201301131600
2114,2.06,201301131600
2342,1.55,201301131600
2347,1.3,201301131600
2351,1.06,201301131600
2354,0.95,201301131600
2357,0.81,201301131600
2372,1.16,201301131600
2374,2.59,201301131600
2591,1.3,201301131600
2595,1.24,201301131600
2605,1.49,201301131600
2611,1.17,201301131600
2615,2.57,201301131600
2620,2.11,201301131600
2627,2.11,201301131600
2839,1.14,201301131600
2847,1.07,201301131600
3086,1.94,201301131600
3094,1.03,201301131600
3100,1.12,201301131600
3124,0.69,201301131600
3128,2.15,201301131600
3334,0.86,201301131600
3337,2.5,201301131600
3375,0.81,201301131600
3614,2.92,201301131600
3619,2.24,201301131600
3632,2.78,201301131600
3635,1.68,201301131600
3830,1.18,201301131600
3831,2.82,201301131600
3833,0.67,201301131600
3837,2.94,201301131600
3845,1.84,201301131600
3856,0.62,201301131600
3860,2.85,201301131600
3865,2.67,201301131600
4078,1.13,201301131600
4081,1.51,201301131600
4137,1.5,201301131600
4141,2.2,201301131600
4142,1.13,201301131600
4328,1.95,201301131600
4329,1.16,201301131600
4341,2.37,201301131600
4345,1.36,201301131600
4348,1.58,201301131600
4354,1.29,201301131600
4372,1.53,201301131600
4577,2.96,201301131600
4578,1.2,201301131600
4580,1.13,201301131600
4582,0.51,201301131600
4605,2.62,201301131600
4608,0.57,201301131600
4631,2.4,201301131600
4636,1.14,201301131600
4637,1.35,201301131600
4829,1.14,201301131600
4830,1.55,201301131600
4831,2.81,201301131600
4834,1.83,201301131600
4837,0.86,201301131600
4852,2.19,201301131600
4863,1.72,201301131600
4868,2.72,201301131600
4890,2.55,201301131600
4891,0.66,201301131600
5078,1.44,201301131600
5081,1.89,201301131600
5084,1.17,201301131600
5127,1.36,201301131600
5153,1.78,201301131600
5327,1.04,201301131600
5329,1.89,201301131600
5333,0.5,201301131600
5334,2.21,201301131600
5339,1.51,201301131600
5369,0.88,201301131600
5402,0.73,201301131600
5410,2.57,201301131600
5577,0.79,201301131600
5581,2.68,201301131600
5592,1.97,201301131600
5612,1.74,201301131600
5623,0.51,201301131600
5876,2.02,201301131600
5893,0.8,201301131600
5898,1.62,201301131600
6078,0.96,201301131600
6118,0.88,201301131600
6136,2.63,201301131600
6158,2.85,201301131600
6159,1.78,201301131600
6333,1.35,201301131600
6353,0.98,201301131600
6365,2.98,201301131600
6366,2.32,201301131600
6414,1.62,201301131600
6588,0.72,201301131600
6609,1.12,201301131600
6635,2.59,201301131600
6668,0.61,201301131600
6841,1.0,201301131600
6849,0.87,201301131600
6896,1.83,201301131600
6924,2.84,201301131600
6928,0.91,201301131600
6935,0.97,201301131600
6939,1.2,201301131600
7077,0.7,201301131600
7078,2.98,201301131600
7085,2.89,201301131600
7088,2.62,201301131600
7113,0.69,201301131600
7114,1.55,201301131600
7129,2.8,201301131600
7133,1.51,201301131600
7165,2.47,201301131600
7192,1.14,201301131600
7354,2.93,201301131600
7375,2.87,201301131600
7379,0.5,201301131600
7401,2.97,201301131600
7410,2.9,201301131600
7436,2.83,201301131600
7584,1.23,201301131600
7646,2.12,201301131600
7849,0.77,201301131600
7871,2.47,201301131600
7927,1.08,201301131600
7948,2.65,201301131600
8080,1.44,201301131600
8170,0.94,201301131600
8182,0.71,201301131600
8195,2.69,201301131600
8342,1.75,201301131600
8582,0.55,201301131600
8602,2.67,201301131600
8609,0.75,201301131600
8638,1.45,201301131600
8656,1.44,201301131600
8830,1.31,201301131600
8839,0.84,201301131600
8876,2.87,201301131600
8897,2.22,201301131600
8912,1.29,201301131600
8918,2.05,201301131600
8929,1.48,201301131600
8940,2.61,201301131600
8954,1.97,201301131600
9140,2.51,201301131600
9333,2.7,201301131600
9468,1.96,201301131600
9473,1.08,201301131600
9589,1.21,201301131600
9601,2.29,201301131600
9607,2.4,201301131600
9658,0.84,201301131600
9724,1.4,201301131600
9833,1.17,201301131600
10084,1.84,201301131600
10089,2.32,201301131600
10096,2.22,201301131600
10144,0.53,201301131600
10170,1.59,201301131600
10181,2.35,201301131600
10189,2.17,201301131600
10201,1.72,201301131600
10334,1.54,201301131600
10335,2.16,201301131600
10383,0.58,201301131600
10414,1.96,201301131600
10444,2.21,201301131600
10458,2.28,201301131600
10477,0.88,201301131600
10586,1.27,201301131600
10601,2.58,201301131600
10609,2.68,201301131600
10616,1.81,201301131600
10633,1.84,201301131600
10655,1.11,201301131600
10665,2.35,201301131600
10681,2.12,201301131600
10717,1.01,201301131600
10835,0.84,201301131600
10837,1.15,201301131600
10847,2.59,201301131600
10903,2.86,201301131600
10911,2.25,201301131600
10918,1.09,201301131600
10973,2.61,201301131600
11087,2.72,201301131600
11092,2.17,201301131600
11128,1.92,201301131600
11222,1.53,201301131600
11223,2.12,201301131600
11225,2.34,201301131600
11238,1.43,201301131600
11361,1.45,201301131600
11393,2.02,201301131600
11424,1.74,201301131600
11601,1.68,201301131600
11682,0.59,201301131600
11704,2.76,201301131600
11858,1.57,201301131600
11884,1.49,201301131600
11901,2.17,201301131600
11946,2.6,201301131600
11960,2.94,201301131600
11972,2.87,201301131600
12089,2.8,201301131600
12090,2.51,201301131600
12096,1.17,201301131600
12120,2.73,201301131600
12157,1.77,201301131600
12230,2.48,201301131600
12383,2.66,201301131600
12431,1.13,201301131600
12601,2.06,201301131600
12625,1.17,201301131600
12632,2.57,201301131600
12842,2.82,201301131600
12875,1.31,201301131600
12901,2.03,201301131600
12913,1.77,201301131600
12933,0.7,201301131600
12934,0.54,201301131600
12985,1.16,201301131600
13099,2.65,201301131600
13114,2.37,201301131600
13150,2.96,201301131600
13175,2.83,201301131600
13183,2.98,201301131600
13222,0.85,201301131600
13358,1.51,201301131600
13444,1.02,201301131600
13455,2.03,201301131600
13456,0.7,201301131600
13670,2.54,201301131600
13694,1.18,201301131600
13845,0.68,201301131600
13849,2.21,201301131600
14011,2.91,201301131600
14095,2.29,201301131600
14133,1.32,201301131600
14161,1.3,201301131600
14167,2.19,201301131600
14184,2.23,201301131600
14241,1.2,201301131600
14255,0.6,201301131600
14349,1.61,201301131600
14350,1.44,201301131600
14375,1.87,201301131600
14452,1.82,201301131600
14475,2.98,201301131600
14620,2.95,201301131600
14673,2.22,201301131600
14745,2.58,201301131600
14859,1.39,201301131600
14936,2.83,201301131600
14995,1.35,201301131600
15097,1.02,201301131600
15098,2.94,201301131600
15246,1.43,201301131600
15349,1.06,201301131600
15440,1.12,201301131600
15600,0.57,201301131600
15656,2.92,201301131600
15672,1.14,201301131600
15699,1.4,201301131600
15714,2.24,201301131600
15725,0.93,201301131600
15744,1.82,201301131600
15849,2.24,201301131600
15850,0.91,201301131600
15851,0.75,201301131600
15853,2.53,201301131600
15871,1.28,201301131600
16100,2.4,201301131600
16105,2.23,201301131600
16114,2.12,201301131600
16171,2.44,201301131600
16184,1.56,201301131600
16400,1.19,201301131600
16414,2.45,201301131600
16601,2.81,201301131600
16604,2.39,201301131600
16625,2.15,201301131600
16670,1.5,201301131600
16853,1.13,201301131600
16868,2.82,201301131600
16932,1.08,201301131600
17232,2.23,201301131600
17355,2.84,201301131600
17358,1.2,201301131600
17367,2.69,201301131600
17635,1.48,201301131600
17673,1.59,201301131600
17681,2.34,201301131600
17884,2.2,201301131600
17984,0.81,201301131600
18108,0.82,201301131600
18115,2.7,201301131600
18118,2.33,201301131600
18123,0.89,201301131600
18139,1.04,201301131600
18154,0.58,201301131600
18160,0.95,201301131600
18177,2.7,201301131600
18185,1.89,201301131600
18383,2.97,201301131600
18404,1.44,201301131600
18427,1.0,201301131600
18466,2.95,201301131600
18616,1.72,201301131600
18629,0.62,201301131600
18861,1.65,201301131600
18866,2.18,201301131600
18925,1.76,201301131600
19110,1.17,201301131600
19112,1.49,201301131600
19114,0.6,201301131600
19122,2.42,201301131600
19360,0.79,201301131600
19443,2.8,201301131600
19481,1.69,201301131600
19611,2.7,201301131600
19612,1.83,201301131600
19618,0.75,201301131600
19633,2.39,201301131600
19678,2.57,201301131600
19878,1.8,201301131600
19913,2.84,201301131600
20113,2.42,201301131600
20114,2.73,201301131600
20116,1.3,201301131600
20170,2.93,201301131600
20363,2.34,201301131600
20387,0.79,201301131600
20396,2.99,201301131600
20436,1.95,201301131600
20616,1.36,201301131600
20621,2.74,201301131600
20628,1.26,201301131600
20651,0.7,201301131600
20671,2.16,201301131600
20682,0.57,201301131600
20864,2.32,201301131600
20882,2.09,201301131600
20931,2.9,201301131600
20995,2.13,201301131600
21115,1.92,201301131600
21118,1.92,201301131600
21201,1.92,201301131600
21373,0.93,201301131600
21377,2.83,201301131600
21392,2.84,201301131600
21407,2.41,201301131600
21428,2.65,201301131600
21448,1.34,201301131600
21617,2.99,201301131600
21619,2.62,201301131600
21639,2.02,201301131600
21658,1.72,201301131600
21663,0.65,201301131600
21701,2.35,201301131600
21721,2.01,201301131600
21868,1.6,201301131600
21871,2.96,201301131600
21999,0.79,201301131600
22126,0.98,201301131600
22133,0.99,201301131600
22174,1.46,201301131600
22176,2.12,201301131600
22205,2.58,201301131600
22368,0.68,201301131600
22395,1.65,201301131600
22419,2.95,201301131600
22420,1.79,201301131600
22421,0.56,201301131600
22422,2.63,201301131600
22619,2.13,201301131600
22630,2.33,201301131600
22634,1.28,201301131600
22671,2.81,201301131600
22673,1.87,201301131600
22700,2.72,201301131600
22751,2.79,201301131600
22768,2.54,201301131600
22869,1.37,201301131600
22877,1.48,201301131600
22928,1.01,201301131600
22940,2.64,201301131600
22955,2.15,201301131600
22963,1.82,201301131600
22966,1.36,201301131600
23120,2.77,201301131600
23124,2.4,201301131600
23125,1.85,201301131600
23131,2.9,201301131600
23138,1.55,201301131600
23169,0.85,201301131600
23194,1.35,201301131600
23216,2.56,201301131600
23370,2.62,201301131600
23371,1.17,201301131600
23379,0.98,201301131600
23386,1.25,201301131600
23388,1.18,201301131600
23427,1.29,201301131600
23621,2.12,201301131600
23627,1.0,201301131600
23635,2.67,201301131600
23641,1.19,201301131600
23662,1.14,201301131600
23669,2.64,201301131600
23690,0.97,201301131600
23744,2.43,201301131600
23750,2.75,201301131600
23872,1.02,201301131600
23873,1.48,201301131600
23875,2.61,201301131600
23881,1.5,201301131600
23894,2.51,201301131600
23896,1.55,201301131600
23907,1.41,201301131600
23925,1.04,201301131600
23973,1.1,201301131600
24005,1.71,201301131600
24009,0.85,201301131600
24032,2.11,201301131600
24122,2.62,201301131600
24123,0.53,201301131600
24149,1.75,201301131600
24247,0.51,201301131600
24251,2.67,201301131600
24265,1.93,201301131600
24266,1.04,201301131600
24373,2.26,201301131600
24374,2.36,201301131600
24380,2.71,201301131600
24381,1.2,201301131600
24383,2.09,201301131600
24387,1.96,201301131600
24402,1.71,201301131600
24405,2.61,201301131600
24423,1.49,201301131600
24623,2.51,201301131600
24626,1.43,201301131600
24643,2.41,201301131600
24732,2.8,201301131600
24734,1.95,201301131600
24739,0.98,201301131600
24774,0.54,201301131600
24775,1.72,201301131600
24781,0.58,201301131600
24837,2.99,201301131600
24874,2.97,201301131600
24877,0.96,201301131600
24879,1.15,201301131600
24880,2.33,201301131600
24895,2.65,201301131600
24920,2.64,201301131600
24990,0.98,201301131600
24991,1.25,201301131600
24993,0.66,201301131600
25124,1.22,201301131600
25125,2.05,201301131600
25126,1.62,201301131600
25129,2.45,201301131600
25130,0.9,201301131600
25132,1.43,201301131600
25136,1.18,201301131600
25138,2.81,201301131600
25141,2.73,201301131600
25179,1.96,201301131600
25187,0.82,201301131600
25375,2.47,201301131600
25376,1.93,201301131600
25377,1.58,201301131600
25379,1.84,201301131600
25385,2.22,201301131600
25395,1.66,201301131600
25400,2.38,201301131600
25405,0.85,201301131600
25412,0.6,201301131600
25427,1.79,201301131600
25626,2.37,201301131600
25627,0.97,201301131600
25628,0.84,201301131600
25629,2.55,201301131600
25632,0.72,201301131600
25633,2.5,201301131600
25642,0.81,201301131600
25715,1.74,201301131600
25747,2.21,201301131600
25763,1.66,201301131600
25876,0.96,201301131600
25877,1.32,201301131600
25878,1.69,201301131600
25881,1.85,201301131600
25882,2.24,201301131600
25886,2.65,201301131600
25888,2.59,201301131600
25926,2.99,201301131600
25997,1.12,201301131600
26005,0.83,201301131600
26035,1.12,201301131600
26127,1.91,201301131600
26129,2.09,201301131600
26130,2.13,201301131600
26133,0.88,201301131600
26135,2.68,201301131600
26136,1.61,201301131600
26138,2.38,201301131600
26139,0.87,201301131600
26141,1.7,201301131600
26148,1.02,201301131600
26168,2.15,201301131600
26378,1.56,201301131600
26379,1.75,201301131600
26380,1.72,201301131600
26381,2.68,201301131600
26382,2.46,201301131600
26383,1.83,201301131600
26385,1.06,201301131600
26386,2.51,201301131600
26387,1.62,201301131600
26389,2.47,201301131600
26391,2.1,201301131600
26392,1.22,201301131600
26393,2.47,201301131600
26396,2.74,201301131600
26403,2.66,201301131600
26408,1.01,201301131600
26427,2.28,201301131600
26450,1.53,201301131600
26492,1.36,201301131600
26546,2.07,201301131600
26563,1.47,201301131600
26564,2.06,201301131600
26628,1.08,201301131600
26629,1.57,201301131600
26630,2.39,201301131600
26631,2.02,201301131600
26633,1.44,201301131600
26634,1.3,201301131600
26656,2.89,201301131600
26674,1.69,201301131600
26708,1.17,201301131600
26752,1.92,201301131600
26754,1.92,201301131600
26755,0.95,201301131600
26782,2.54,201301131600
26846,2.15,201301131600
26879,1.64,201301131600
26880,1.64,201301131600
26881,2.25,201301131600
26882,1.35,201301131600
26883,0.54,201301131600
26884,2.36,201301131600
26885,2.4,201301131600
26886,1.93,201301131600
26887,2.38,201301131600
26889,1.13,201301131600
26890,2.5,201301131600
26891,1.52,201301131600
26892,1.26,201301131600
26893,1.02,201301131600
26894,1.09,201301131600
26895,1.32,201301131600
26897,1.08,201301131600
26905,2.61,201301131600
26938,2.36,201301131600
26964,2.44,201301131600
27006,1.67,201301131600
27042,2.03,201301131600
27098,0.91,201301131600
27130,1.2,201301131600
27131,1.71,201301131600
27132,0.61,201301131600
27133,2.51,201301131600
27134,2.31,201301131600
27135,2.99,201301131600
27136,0.67,201301131600
27137,0.89,201301131600
27138,0.88,201301131600
27142,1.85,201301131600
27143,2.64,201301131600
27145,1.11,201301131600
27148,2.97,201301131600
27149,0.9,201301131600
27152,0.67,201301131600
27155,2.98,201301131600
27175,2.62,201301131600
27209,2.88,201301131600
27247,1.71,201301131600
27381,1.83,201301131600
27382,1.03,201301131600
27383,1.61,201301131600
27384,0.95,201301131600
27386,2.32,201301131600
27387,0.65,201301131600
27388,2.19,201301131600
27389,1.4,201301131600
27390,1.61,201301131600
27392,1.07,201301131600
27395,1.29,201301131600
27404,2.39,201301131600
27415,0.99,201301131600
27427,1.17,201301131600
27489,0.56,201301131600
27494,0.77,201301131600
27498,1.63,201301131600
27518,2.54,201301131600
27632,0.88,201301131600
27633,2.22,201301131600
27634,1.59,201301131600
27635,2.67,201301131600
27636,1.49,201301131600
27637,1.12,201301131600
27638,0.87,201301131600
27639,0.67,201301131600
27640,2.75,201301131600
27642,2.15,201301131600
27643,1.76,201301131600
27645,2.49,201301131600
27646,0.67,201301131600
27647,2.34,201301131600
27649,0.72,201301131600
27654,2.49,201301131600
27763,2.23,201301131600
27764,2.95,201301131600
27796,0.57,201301131600
27797,1.66,201301131600
27883,0.78,201301131600
27884,1.7,201301131600
27885,2.12,201301131600
27886,2.91,201301131600
27887,1.44,201301131600
27888,1.78,201301131600
27889,0.72,201301131600
27890,2.34,201301131600
27891,2.74,201301131600
27892,1.65,201301131600
27894,2.64,201301131600
27895,0.62,201301131600
27897,0.79,201301131600
27902,1.9,201301131600
27908,1.51,201301131600
27911,2.87,201301131600
27930,0.97,201301131600
27971,2.1,201301131600
28004,2.62,201301131600
28015,1.65,201301131600
28049,1.48,201301131600
28102,0.85,201301131600
28134,1.23,201301131600
28135,1.83,201301131600
28136,1.55,201301131600
28137,2.02,201301131600
28138,2.14,201301131600
28139,0.54,201301131600
28140,0.55,201301131600
28142,1.01,201301131600
28143,2.03,201301131600
28144,2.6,201301131600
28146,1.39,201301131600
28154,2.81,201301131600
28156,2.84,201301131600
28216,1.38,201301131600
28239,2.75,201301131600
28384,2.55,201301131600
28385,2.91,201301131600
28386,1.47,201301131600
28387,1.33,201301131600
28388,1.21,201301131600
28389,0.86,201301131600
28390,1.32,201301131600
28391,2.84,201301131600
28392,1.51,201301131600
28393,1.87,201301131600
28394,1.0,201301131600
28396,2.94,201301131600
28397,2.77,201301131600
28400,1.78,201301131600
28401,0.67,201301131600
28405,2.73,201301131600
28427,2.19,201301131600
28467,2.05,201301131600
28496,2.53,201301131600
28497,2.92,201301131600
28519,1.79,201301131600
28535,1.32,201301131600
28539,2.42,201301131600
28545,1.67,201301131600
28557,2.43,201301131600
28635,2.9,201301131600
28636,0.73,201301131600
28637,0.56,201301131600
28638,1.99,201301131600
28639,0.59,201301131600
28640,0.62,201301131600
28641,2.93,201301131600
28642,1.57,201301131600
28643,2.46,201301131600
28644,0.52,201301131600
28645,0.58,201301131600
28646,0.64,201301131600
28649,2.23,201301131600
28658,0.86,201301131600
28667,2.36,201301131600
28675,1.64,201301131600
28751,1.59,201301131600
28753,0.9,201301131600
28754,1.16,201301131600
28788,2.53,201301131600
28812,2.86,201301131600
28823,2.1,201301131600
28886,1.19,201301131600
28887,0.71,201301131600
28888,0.52,201301131600
28889,0.64,201301131600
28890,0.93,201301131600
28891,1.6,201301131600
28892,1.83,201301131600
28893,1.24,201301131600
28894,0.66,201301131600
28895,0.97,201301131600
28896,1.37,201301131600
28897,0.81,201301131600
28899,1.33,201301131600
28900,1.33,201301131600
28901,2.82,201301131600
28902,2.78,201301131600
28905,1.65,201301131600
28912,1.96,201301131600
28960,0.75,201301131600
28969,1.32,201301131600
29004,2.33,201301131600
29012,1.33,201301131600
29026,1.78,201301131600
29068,1.03,201301131600
29076,2.25,201301131600
29088,0.96,201301131600
29094,1.33,201301131600
29136,2.31,201301131600
29137,1.3,201301131600
29138,2.51,201301131600
29139,2.14,201301131600
29140,1.1,201301131600
29141,1.87,201301131600
29142,2.09,201301131600
29143,1.39,201301131600
29144,2.65,201301131600
29146,2.83,201301131600
29147,1.0,201301131600
29148,0.51,201301131600
29149,0.73,201301131600
29151,1.75,201301131600
29158,2.32,201301131600
29165,0.98,201301131600
29171,0.57,201301131600
29190,0.64,201301131600
29247,0.92,201301131600
29387,2.42,201301131600
29388,0.71,201301131600
29389,1.39,201301131600
29390,2.65,201301131600
29391,1.86,201301131600
29392,1.3,201301131600
29393,1.15,201301131600
29394,1.73,201301131600
29395,2.32,201301131600
29396,0.89,201301131600
29397,1.28,201301131600
29398,1.45,201301131600
29399,2.77,201301131600
29401,2.75,201301131600
29402,2.71,201301131600
29403,2.99,201301131600
29405,2.59,201301131600
29409,2.58,201301131600
29425,1.95,201301131600
29429,1.34,201301131600
29495,2.02,201301131600
29498,2.75,201301131600
29533,1.28,201301131600
29556,0.54,201301131600
29638,1.7,201301131600
29639,1.85,201301131600
29640,0.69,201301131600
29641,2.96,201301131600
29642,1.68,201301131600
29643,2.73,201301131600
29644,0.73,201301131600
29645,0.95,201301131600
29648,0.71,201301131600
29649,2.49,201301131600
29650,1.97,201301131600
29654,1.76,201301131600
29663,2.65,201301131600
29670,1.62,201301131600
29710,1.81,201301131600
29730,1.02,201301131600
29733,1.38,201301131600
29736,2.44,201301131600
29766,1.25,201301131600
29891,0.91,201301131600
29892,2.04,201301131600
29893,1.76,201301131600
29894,2.45,201301131600
29895,1.02,201301131600
29896,2.77,201301131600
29897,1.77,201301131600
29898,2.79,201301131600
29900,2.13,201301131600
29903,1.85,201301131600
29906,2.28,201301131600
29909,2.7,201301131600
29912,0.61,201301131600
29917,2.89,201301131600
29925,2.0,201301131600
29966,1.26,201301131600
30021,0.78,201301131600
30026,2.21,201301131600
30036,1.21,201301131600
30142,1.13,201301131600
30143,2.26,201301131600
30144,2.75,201301131600
30145,2.98,201301131600
30146,1.37,201301131600
30147,2.54,201301131600
30148,1.18,201301131600
30152,2.71,201301131600
30154,2.92,201301131600
30157,2.84,201301131600
30158,0.93,201301131600
30181,1.95,201301131600
30242,1.97,201301131600
30243,1.68,201301131600
30244,1.76,201301131600
30261,2.61,201301131600
30300,2.95,201301131600
30322,2.94,201301131600
30393,2.04,201301131600
30394,1.18,201301131600
30395,1.45,201301131600
30396,1.67,201301131600
30397,2.43,201301131600
30398,1.26,201301131600
30400,1.62,201301131600
30401,0.63,201301131600
30403,1.87,201301131600
30407,2.3,201301131600
30410,1.75,201301131600
30420,1.51,201301131600
30430,1.6,201301131600
30434,2.86,201301131600
30439,2.99,201301131600
30481,1.25,201301131600
30489,2.05,201301131600
30494,2.44,201301131600
30495,0.65,201301131600
30496,2.14,201301131600
30645,1.16,201301131600
30646,2.62,201301131600
30647,1.4,201301131600
30648,1.23,201301131600
30649,1.08,201301131600
30650,0.66,201301131600
30651,1.0,201301131600
30652,1.1,201301131600
30653,2.61,201301131600
30654,0.97,201301131600
30661,2.11,201301131600
30664,1.79,201301131600
30666,2.01,201301131600
30669,1.64,201301131600
30673,1.44,201301131600
30683,0.66,201301131600
30745,0.88,201301131600
30750,2.82,201301131600
30777,1.34,201301131600
30780,0.78,201301131600
30812,1.77,201301131600
30897,0.91,201301131600
30898,1.37,201301131600
30899,2.97,201301131600
30900,2.9,201301131600
30901,0.62,201301131600
30902,1.13,201301131600
30903,2.35,201301131600
30904,0.63,201301131600
30908,0.63,201301131600
30909,2.35,201301131600
30912,2.15,201301131600
30913,2.83,201301131600
30928,2.2,201301131600
30953,1.94,201301131600
30979,1.98,201301131600
30994,1.84,201301131600
30995,2.07,201301131600
31027,2.25,201301131600
31028,2.93,201301131600
31029,1.82,201301131600
31082,2.09,201301131600
31148,1.15,201301131600
31149,2.45,201301131600
31150,1.75,201301131600
31151,1.84,201301131600
31152,2.73,201301131600
31156,2.41,201301131600
31157,2.27,201301131600
31161,2.34,201301131600
31166,2.32,201301131600
31172,0.95,201301131600
31274,2.34,201301131600
31281,0.8,201301131600
31369,0.81,201301131600
31398,2.81,201301131600
31401,2.7,201301131600
31407,2.66,201301131600
31408,1.18,201301131600
31409,0.73,201301131600
31410,0.76,201301131600
31413,2.41,201301131600
31419,1.6,201301131600
31427,1.38,201301131600
31457,0.77,201301131600
31466,2.84,201301131600
31651,1.81,201301131600
31652,2.76,201301131600
31656,1.71,201301131600
31660,1.1,201301131600
31663,1.71,201301131600
31666,2.94,201301131600
31675,2.75,201301131600
31738,2.31,201301131600
31754,1.91,201301131600
31782,1.07,201301131600
31903,2.76,201301131600
31904,0.72,201301131600
31905,2.19,201301131600
31906,1.52,201301131600
31908,0.74,201301131600
31912,1.55,201301131600
31921,2.54,201301131600
31928,1.82,201301131600
31949,1.85,201301131600
32028,1.94,201301131600
32032,3.0,201301131600
32045,2.17,201301131600
32150,2.1,201301131600
32155,1.52,201301131600
32157,1.3,201301131600
32161,2.48,201301131600
32162,2.96,201301131600
32167,2.98,201301131600
32169,1.65,201301131600
32175,2.73,201301131600
32182,1.55,201301131600
32185,2.58,201301131600
32195,2.02,201301131600
32235,2.78,201301131600
32404,1.53,201301131600
32405,2.14,201301131600
32410,2.8,201301131600
32411,2.46,201301131600
32415,1.52,201301131600
32449,0.7,201301131600
32490,0.95,201301131600
32558,1.06,201301131600
32622,2.5,201301131600
32656,1.89,201301131600
32658,2.08,201301131600
32660,1.54,201301131600
32662,2.71,201301131600
32668,1.65,201301131600
32682,2.83,201301131600
32697,1.66,201301131600
32712,2.08,201301131600
32729,1.48,201301131600
32739,2.71,201301131600
32742,0.59,201301131600
32744,1.44,201301131600
32802,1.18,201301131600
32834,2.37,201301131600
32905,2.5,201301131600
32907,2.46,201301131600
32912,0.86,201301131600
32916,1.42,201301131600
32922,0.92,201301131600
32924,0.89,201301131600
32926,2.54,201301131600
32929,2.09,201301131600
32977,1.78,201301131600
32978,2.91,201301131600
33154,1.39,201301131600
33158,0.97,201301131600
33160,2.87,201301131600
33165,2.75,201301131600
33170,2.85,201301131600
33186,2.93,201301131600
33286,2.09,201301131600
33405,1.83,201301131600
33409,1.25,201301131600
33412,2.13,201301131600
33418,1.67,201301131600
33420,1.66,201301131600
33424,2.78,201301131600
33435,1.26,201301131600
33442,2.76,201301131600
33519,2.12,201301131600
33594,1.06,201301131600
33656,1.8,201301131600
33659,2.43,201301131600
33662,1.49,201301131600
33664,2.36,201301131600
33666,1.69,201301131600
33669,2.43,201301131600
33673,2.04,201301131600
33675,0.72,201301131600
33694,1.54,201301131600
33724,1.91,201301131600
33742,2.14,201301131600
33812,2.41,201301131600
33909,2.29,201301131600
33911,0.82,201301131600
33912,2.61,201301131600
33913,0.68,201301131600
33922,1.47,201301131600
33923,1.49,201301131600
33924,1.03,201301131600
33931,1.21,201301131600
33935,1.44,201301131600
33986,2.98,201301131600
34013,1.3,201301131600
34160,1.92,201301131600
34161,2.69,201301131600
34162,2.22,201301131600
34163,0.94,201301131600
34167,1.66,201301131600
34190,1.21,201301131600
34211,1.1,201301131600
34303,0.93,201301131600
34380,1.52,201301131600
34407,0.91,201301131600
34413,1.59,201301131600
34423,0.74,201301131600
34424,2.26,201301131600
34427,2.26,201301131600
34430,2.54,201301131600
34437,2.31,201301131600
34440,1.85,201301131600
34486,2.18,201301131600
34495,0.86,201301131600
34510,1.46,201301131600
34520,1.52,201301131600
34528,1.9,201301131600
34563,2.36,201301131600
34662,1.27,201301131600
34667,1.31,201301131600
34668,0.52,201301131600
34670,1.27,201301131600
34672,1.1,201301131600
34673,1.48,201301131600
34676,1.0,201301131600
34679,2.32,201301131600
34682,0.57,201301131600
34695,2.7,201301131600
34710,1.67,201301131600
34714,0.87,201301131600
34720,1.97,201301131600
34882,2.65,201301131600
34913,0.55,201301131600
34914,1.6,201301131600
34915,2.34,201301131600
34924,2.82,201301131600
34925,1.07,201301131600
34934,1.72,201301131600
34939,1.48,201301131600
34959,2.01,201301131600
34990,1.02,201301131600
35102,1.74,201301131600
35164,0.79,201301131600
35166,2.78,201301131600
35173,2.89,201301131600
35178,1.82,201301131600
35183,1.27,201301131600
35185,0.68,201301131600
35187,0.94,201301131600
35193,1.76,201301131600
35203,1.32,201301131600
35218,1.92,201301131600
35237,2.51,201301131600
35244,1.28,201301131600
35249,0.62,201301131600
35295,2.42,201301131600
35368,1.96,201301131600
35410,1.0,201301131600
35414,2.16,201301131600
35415,2.83,201301131600
35417,2.77,201301131600
35421,1.73,201301131600
35440,2.62,201301131600
35455,2.7,201301131600
35492,0.95,201301131600
35515,1.92,201301131600
35665,0.59,201301131600
35675,2.6,201301131600
35683,2.1,201301131600
35686,2.71,201301131600
35700,2.44,201301131600
35745,1.05,201301131600
35755,1.13,201301131600
35769,2.24,201301131600
35916,2.37,201301131600
35917,1.43,201301131600
35918,2.17,201301131600
35919,2.7,201301131600
35921,1.61,201301131600
35929,2.83,201301131600
35931,0.96,201301131600
35941,2.06,201301131600
35944,0.83,201301131600
35971,1.11,201301131600
35981,0.8,201301131600
35992,2.23,201301131600
35994,0.9,201301131600
36067,2.27,201301131600
36162,0.66,201301131600
36167,1.2,201301131600
36169,1.23,201301131600
36170,1.02,201301131600
36173,1.22,201301131600
36176,1.05,201301131600
36177,1.94,201301131600
36205,1.55,201301131600
36237,1.19,201301131600
36245,1.93,201301131600
36246,1.09,201301131600
36293,1.27,201301131600
36311,1.09,201301131600
36417,1.19,201301131600
36420,0.54,201301131600
36421,1.12,201301131600
36441,0.65,201301131600
36448,2.54,201301131600
36494,1.54,201301131600
36498,2.87,201301131600
36502,2.88,201301131600
36510,1.72,201301131600
36513,1.7,201301131600
36519,1.16,201301131600
36524,1.39,201301131600
36576,1.88,201301131600
36668,0.64,201301131600
36673,1.1,201301131600
36675,2.67,201301131600
36677,0.79,201301131600
36679,1.4,201301131600
36682,1.23,201301131600
36688,0.78,201301131600
36690,2.27,201301131600
36711,2.77,201301131600
36717,1.27,201301131600
36758,1.84,201301131600
36889,2.92,201301131600
36915,1.52,201301131600
36918,0.59,201301131600
36933,1.2,201301131600
36934,0.85,201301131600
36953,2.72,201301131600
36959,2.16,201301131600
36996,1.08,201301131600
36999,2.77,201301131600
37001,2.31,201301131600
37167,0.97,201301131600
37168,0.58,201301131600
37169,0.59,201301131600
37172,1.9,201301131600
37176,2.63,201301131600
37178,1.95,201301131600
37179,1.09,201301131600
37182,1.48,201301131600
37192,1.99,201301131600
37200,1.08,201301131600
37206,1.11,201301131600
37232,1.39,201301131600
37239,0.79,201301131600
37270,0.62,201301131600
37298,1.16,201301131600
37304,1.88,201301131600
37419,2.01,201301131600
37421,1.44,201301131600
37423,0.62,201301131600
37425,0.62,201301131600
37446,1.73,201301131600
37454,1.77,201301131600
37477,1.74,201301131600
37487,2.08,201301131600
37501,2.01,201301131600
37503,2.35,201301131600
37513,1.9,201301131600
37523,2.45,201301131600
37562,2.79,201301131600
37609,1.73,201301131600
37642,1.62,201301131600
37643,2.39,201301131600
37670,1.13,201301131600
37671,1.85,201301131600
37672,2.0,201301131600
37676,1.47,201301131600
37688,1.96,201301131600
37689,1.58,201301131600
37690,2.77,201301131600
37695,2.56,201301131600
37701,0.88,201301131600
37710,2.9,201301131600
37711,1.01,201301131600
37754,2.39,201301131600
37874,2.49,201301131600
37891,0.74,201301131600
37893,1.71,201301131600
37894,1.16,201301131600
37926,1.28,201301131600
37928,0.75,201301131600
37929,0.51,201301131600
37932,1.69,201301131600
37936,2.62,201301131600
37943,2.09,201301131600
37952,0.96,201301131600
37962,1.42,201301131600
37968,2.27,201301131600
38003,1.75,201301131600
38060,1.45,201301131600
38145,1.09,201301131600
38172,2.67,201301131600
38173,0.98,201301131600
38178,0.84,201301131600
38200,0.69,201301131600
38204,1.48,201301131600
38209,1.08,201301131600
38215,0.96,201301131600
38220,2.36,201301131600
38225,2.33,201301131600
38228,2.19,201301131600
38230,1.88,201301131600
38243,2.24,201301131600
38247,1.78,201301131600
38255,2.05,201301131600
38263,1.92,201301131600
38268,2.99,201301131600
38272,2.13,201301131600
38367,0.86,201301131600
38381,1.63,201301131600
38423,2.63,201301131600
38425,2.99,201301131600
38426,2.16,201301131600
38431,0.73,201301131600
38440,2.72,201301131600
38479,1.58,201301131600
38481,0.84,201301131600
38483,0.91,201301131600
38488,0.52,201301131600
38490,1.5,201301131600
38498,1.82,201301131600
38499,2.89,201301131600
38500,1.04,201301131600
38505,0.73,201301131600
38506,0.89,201301131600
38508,0.98,201301131600
38517,1.53,201301131600
38534,2.27,201301131600
38648,0.79,201301131600
38674,2.04,201301131600
38676,1.41,201301131600
38679,2.16,201301131600
38684,2.75,201301131600
38693,1.54,201301131600
38697,0.66,201301131600
38716,0.97,201301131600
38722,0.68,201301131600
38736,1.23,201301131600
38738,2.62,201301131600
38752,2.56,201301131600
38753,2.85,201301131600
38758,2.67,201301131600
38760,1.89,201301131600
38761,2.54,201301131600
38762,1.48,201301131600
38766,2.19,201301131600
38769,1.1,201301131600
38778,0.62,201301131600
38812,2.95,201301131600
38939,2.19,201301131600
38953,1.06,201301131600
38958,1.53,201301131600
38967,0.68,201301131600
39006,0.9,201301131600
39008,2.59,201301131600
39010,1.92,201301131600
39011,1.29,201301131600
39017,2.02,201301131600
39113,2.46,201301131600
39148,1.08,201301131600
39149,2.9,201301131600
39176,2.55,201301131600
39178,2.29,201301131600
39191,1.54,201301131600
39201,1.26,201301131600
39230,1.96,201301131600
39236,1.78,201301131600
39246,0.57,201301131600
39252,2.89,201301131600
39255,2.38,201301131600
39260,2.33,201301131600
39262,2.57,201301131600
39263,2.19,201301131600
39268,1.69,201301131600
39269,1.49,201301131600
39271,2.27,201301131600
39274,2.14,201301131600
39275,0.92,201301131600
39375,2.48,201301131600
39391,2.06,201301131600
39427,0.75,201301131600
39428,2.3,201301131600
39430,1.57,201301131600
39433,0.58,201301131600
39446,2.13,201301131600
39457,0.67,201301131600
39514,2.34,201301131600
39515,1.01,201301131600
39516,1.21,201301131600
39517,1.64,201301131600
39535,1.04,201301131600
39554,2.4,201301131600
39559,0.51,201301131600
39631,0.89,201301131600
39632,0.84,201301131600
39633,2.43,201301131600
39652,1.91,201301131600
39683,2.15,201301131600
39687,0.53,201301131600
39706,2.61,201301131600
39710,2.54,201301131600
39722,0.65,201301131600
39731,1.48,201301131600
39750,2.83,201301131600
39755,2.76,201301131600
39759,2.73,201301131600
39762,2.87,201301131600
39764,1.76,201301131600
39765,0.96,201301131600
39766,2.89,201301131600
39767,2.82,201301131600
39769,1.04,201301131600
39772,2.79,201301131600
39776,1.17,201301131600
39777,0.83,201301131600
39790,1.17,201301131600
39791,0.69,201301131600
39796,0.73,201301131600
39832,2.99,201301131600
39883,2.06,201301131600
39930,1.26,201301131600
39932,2.74,201301131600
39941,0.93,201301131600
39948,2.77,201301131600
39969,1.43,201301131600
40018,2.85,201301131600
40031,2.62,201301131600
40133,0.9,201301131600
40180,2.78,201301131600
40188,1.36,201301131600
40196,2.99,201301131600
40242,2.25,201301131600
40246,1.4,201301131600
40259,1.82,201301131600
40264,1.4,201301131600
40267,1.7,201301131600
40268,2.43,201301131600
40270,2.96,201301131600
40276,1.17,201301131600
40286,2.64,201301131600
40295,0.72,201301131600
40431,1.01,201301131600
40432,2.22,201301131600
40442,1.31,201301131600
40447,2.23,201301131600
40448,0.6,201301131600
40451,1.19,201301131600
40457,1.99,201301131600
40500,0.87,201301131600
40512,0.72,201301131600
40518,0.57,201301131600
40519,2.47,201301131600
40522,2.39,201301131600
40524,1.57,201301131600
40525,1.64,201301131600
40532,1.12,201301131600
40560,2.19,201301131600
40566,2.62,201301131600
40633,1.26,201301131600
40687,1.03,201301131600
40713,2.07,201301131600
40719,0.83,201301131600
40732,2.82,201301131600
40733,2.78,201301131600
40766,1.66,201301131600
40810,2.37,201301131600
40894,0.81,201301131600
40933,0.86,201301131600
40936,2.61,201301131600
40939,2.0,201301131600
40954,1.36,201301131600
40982,2.09,201301131600
41021,2.39,201301131600
41024,2.41,201301131600
41061,1.29,201301131600
41145,0.92,201301131600
41157,1.09,201301131600
41183,2.21,201301131600
41200,2.33,201301131600
41262,1.92,201301131600
41265,1.64,201301131600
41270,2.33,201301131600
41277,2.4,201301131600
41318,1.9,201301131600
41401,1.3,201301131600
41407,2.94,201301131600
41437,2.33,201301131600
41459,1.12,201301131600
41465,0.82,201301131600
41469,1.77,201301131600
41508,1.94,201301131600
41520,1.63,201301131600
41522,2.57,201301131600
41526,1.89,201301131600
41532,0.52,201301131600
41558,2.69,201301131600
41635,1.33,201301131600
41653,2.53,201301131600
41658,2.0,201301131600
41692,0.62,201301131600
41696,1.84,201301131600
41764,1.22,201301131600
41772,1.83,201301131600
41893,2.66,201301131600
41904,0.8,201301131600
41905,2.11,201301131600
41936,1.9,201301131600
41941,1.89,201301131600
41958,1.69,201301131600
41990,2.79,201301131600
42023,1.95,201301131600
42026,2.05,201301131600
42029,1.91,201301131600
42074,1.27,201301131600
42085,2.82,201301131600
42095,1.99,201301131600
42147,1.44,201301131600
42160,2.06,201301131600
42200,1.97,201301131600
42213,1.11,201301131600
42267,2.82,201301131600
42271,0.84,201301131600
42274,1.35,201301131600
42283,1.74,201301131600
42291,1.43,201301131600
42342,0.84,201301131600
42411,2.34,201301131600
42438,2.43,201301131600
42454,1.6,201301131600
42471,1.8,201301131600
42478,2.3,201301131600
42487,2.11,201301131600
42503,2.49,201301131600
42514,0.84,201301131600
42521,0.73,201301131600
42533,0.73,201301131600
42644,1.66,201301131600
42661,0.95,201301131600
42695,2.78,201301131600
42744,0.83,201301131600
42750,2.03,201301131600
42846,2.53,201301131600
42905,0.88,201301131600
42912,1.86,201301131600
42939,1.19,201301131600
42940,2.22,201301131600
42944,2.88,201301131600
42949,1.13,201301131600
43011,1.62,201301131600
43021,1.53,201301131600
43030,2.32,201301131600
43151,0.83,201301131600
43160,2.46,201301131600
43162,1.36,201301131600
43213,1.78,201301131600
43220,0.93,201301131600
43261,2.86,201301131600
43412,1.86,201301131600
43413,1.83,201301131600
43440,0.66,201301131600
43443,2.13,201301131600
43449,2.97,201301131600
43483,2.27,201301131600
43484,2.12,201301131600
43494,1.85,201301131600
43518,1.54,201301131600
43523,2.46,201301131600
43526,1.07,201301131600
43530,1.01,201301131600
43571,1.25,201301131600
43642,1.38,201301131600
43662,0.99,201301131600
43738,2.0,201301131600
43760,0.64,201301131600
43779,1.74,201301131600
43914,2.25,201301131600
43957,1.4,201301131600
43980,1.5,201301131600
43984,1.81,201301131600
43992,0.82,201301131600
43995,1.37,201301131600
44002,1.15,201301131600
44039,2.74,201301131600
44194,1.82,201301131600
44197,0.66,201301131600
44204,1.39,201301131600
44215,1.42,201301131600
44226,1.8,201301131600
44247,2.56,201301131600
44255,1.79,201301131600
44282,1.04,201301131600
44284,2.75,201301131600
44356,0.55,201301131600
44470,2.83,201301131600
44486,2.32,201301131600
44503,1.61,201301131600
44504,1.85,201301131600
44510,1.66,201301131600
44517,2.21,201301131600
44534,1.34,201301131600
44578,1.03,201301131600
44666,2.89,201301131600
44694,0.77,201301131600
44697,2.36,201301131600
44716,2.19,201301131600
44724,1.2,201301131600
44743,2.87,201301131600
44755,1.14,201301131600
44756,0.59,201301131600
44757,0.5,201301131600
44758,1.43,201301131600
44786,2.43,201301131600
44787,2.14,201301131600
44911,0.65,201301131600
44963,2.62,201301131600
45005,1.18,201301131600
45006,2.74,201301131600
45007,2.95,201301131600
45008,0.77,201301131600
45039,0.96,201301131600
45114,0.88,201301131600
45168,2.99,201301131600
45200,1.4,201301131600
45203,2.38,201301131600
45208,1.78,201301131600
45237,1.3,201301131600
45254,2.43,201301131600
45256,2.55,201301131600
45258,2.74,201301131600
45261,1.33,201301131600
45265,2.27,201301131600
45266,0.93,201301131600
45401,2.99,201301131600
45479,2.33,201301131600
45502,2.36,201301131600
45507,2.07,201301131600
45509,0.54,201301131600
45526,2.03,201301131600
45538,0.65,201301131600
45582,2.13,201301131600
45661,1.9,201301131600
45701,1.71,201301131600
45703,1.0,201301131600
45716,1.53,201301131600
45720,2.44,201301131600
45725,1.05,201301131600
45735,1.49,201301131600
45747,1.17,201301131600
45766,1.45,201301131600
45793,2.13,201301131600
45795,2.14,201301131600
45919,2.04,201301131600
45948,1.58,201301131600
46008,2.39,201301131600
46036,2.74,201301131600
46041,1.46,201301131600
46052,1.13,201301131600
46074,1.49,201301131600
46145,1.44,201301131600
46202,2.56,201301131600
46209,2.77,201301131600
46242,1.97,201301131600
46265,2.27,201301131600
46372,2.12,201301131600
46384,0.88,201301131600
46455,1.19,201301131600
46508,2.16,201301131600
46523,1.31,201301131600
46538,1.92,201301131600
46565,1.77,201301131600
46574,1.02,201301131600
46626,2.42,201301131600
46700,2.81,201301131600
46738,2.22,201301131600
46770,2.57,201301131600
46778,2.37,201301131600
46787,2.58,201301131600
46803,2.27,201301131600
46954,0.82,201301131600
46964,0.96,201301131600
46972,1.12,201301131600
46976,0.62,201301131600
46981,2.88,201301131600
47011,1.42,201301131600
47015,1.29,201301131600
47047,2.56,201301131600
47253,1.58,201301131600
47288,2.79,201301131600
47295,2.0,201301131600
47342,1.68,201301131600
47454,1.96,201301131600
47535,0.76,201301131600
47543,2.64,201301131600
47705,2.58,201301131600
47709,1.17,201301131600
47711,1.54,201301131600
47758,2.05,201301131600
47806,1.61,201301131600
47889,0.64,201301131600
47926,0.78,201301131600
47968,2.87,201301131600
47972,1.0,201301131600
47977,1.2,201301131600
47982,1.39,201301131600
48032,0.88,201301131600
48209,0.54,201301131600
48239,1.32,201301131600
48244,2.98,201301131600
48278,1.19,201301131600
48420,2.7,201301131600
48427,2.0,201301131600
48499,2.68,201301131600
48503,1.08,201301131600
48552,2.45,201301131600
48584,1.46,201301131600
48713,2.66,201301131600
48759,2.39,201301131600
48848,1.86,201301131600
48898,1.2,201301131600
49017,1.04,201301131600
49049,1.19,201301131600
49229,1.26,201301131600
49241,2.64,201301131600
49472,2.04,201301131600
49483,0.51,201301131600
49542,1.87,201301131600
49555,1.71,201301131600
49679,0.68,201301131600
49750,2.87,201301131600
49760,2.69,201301131600
49777,1.1,201301131600
49968,2.35,201301131600
50053,2.02,201301131600
50103,1.67,201301131600
50180,2.89,201301131600
50285,1.37,201301131600
50430,0.84,201301131600
50470,0.78,201301131600
50494,0.59,201301131600
50511,0.79,201301131600
50549,1.4,201301131600
50680,2.26,201301131600
50682,2.42,201301131600
50731,0.57,201301131600
50812,1.31,201301131600
50872,1.2,201301131600
51029,1.41,201301131600
51046,0.58,201301131600
51053,0.93,201301131600
51056,1.04,201301131600
51162,0.52,201301131600
51177,2.59,201301131600
51182,1.89,201301131600
51228,1.52,201301131600
51258,0.77,201301131600
51430,2.59,201301131600
51431,0.6,201301131600
51432,1.09,201301131600
51520,2.55,201301131600
51681,0.55,201301131600
51682,2.48,201301131600
51725,0.84,201301131600
51790,2.25,201301131600
51832,2.7,201301131600
51857,0.94,201301131600
51931,2.98,201301131600
51932,2.17,201301131600
51986,1.1,201301131600
52003,2.4,201301131600
52182,2.16,201301131600
52244,0.85,201301131600
52259,1.55,201301131600
52280,1.5,201301131600
52319,0.66,201301131600
52473,1.26,201301131600
52518,2.17,201301131600
52631,1.27,201301131600
52679,1.43,201301131600
52729,2.2,201301131600
52811,2.87,201301131600
52983,0.58,201301131600
52988,1.64,201301131600
52993,2.85,201301131600
53000,0.76,201301131600
53016,2.33,201301131600
53027,0.67,201301131600
53072,1.41,201301131600
53090,1.73,201301131600
53177,1.36,201301131600
53178,1.29,201301131600
53381,2.76,201301131600
53427,0.98,201301131600
53429,1.58,201301131600
53761,2.02,201301131600
53774,1.81,201301131600
53797,2.17,201301131600
53810,1.41,201301131600
53822,1.35,201301131600
53864,1.79,201301131600
53927,2.9,201301131600
54038,2.16,201301131600
54071,2.58,201301131600
54234,0.91,201301131600
54281,0.99,201301131600
54284,1.6,201301131600
54327,2.11,201301131600
54334,2.51,201301131600
54349,2.39,201301131600
54427,1.31,201301131600
54503,1.29,201301131600
54510,2.14,201301131600
54520,2.53,201301131600
54550,1.1,201301131600
54578,2.33,201301131600
54678,2.65,201301131600
54828,2.45,201301131600
54983,1.4,201301131600
54996,1.82,201301131600
55070,1.05,201301131600
55329,2.14,201301131600
55331,2.98,201301131600
55535,1.02,201301131600
55633,0.51,201301131600
55680,0.76,201301131600
55761,1.67,201301131600
55831,1.38,201301131600
55832,2.36,201301131600
55838,2.51,201301131600
55845,0.81,201301131600
56106,1.21,201301131600
56493,2.09,201301131600
56571,1.2,201301131600
56586,1.29,201301131600
56587,1.23,201301131600
56591,2.59,201301131600
56738,2.31,201301131600
56835,2.85,201301131600
56882,2.06,201301131600
56887,1.71,201301131600
56888,1.36,201301131600
56933,2.38,201301131600
56934,2.51,201301131600
57042,1.95,201301131600
57062,1.85,201301131600
57189,2.34,201301131600
57261,1.8,201301131600
57329,2.46,201301131600
57342,1.77,201301131600
57376,1.97,201301131600
57378,2.49,201301131600
57380,2.96,201301131600
57397,2.69,201301131600
57440,1.83,201301131600
57495,2.02,201301131600
57523,0.62,201301131600
57555,2.78,201301131600
57597,2.02,201301131600
57613,1.19,201301131600
57615,0.79,201301131600
57628,0.63,201301131600
57631,2.93,201301131600
57823,0.77,201301131600
57837,0.56,201301131600
57851,2.77,201301131600
57852,2.88,201301131600
57906,0.51,201301131600
58179,1.29,201301131600
58251,0.85,201301131600
58421,2.07,201301131600
58511,1.02,201301131600
58632,0.53,201301131600
58744,1.58,201301131600
58802,2.78,201301131600
58814,0.73,201301131600
58879,0.91,201301131600
58892,1.63,201301131600
59010,0.8,201301131600
59043,2.14,201301131600
59104,1.09,201301131600
59125,0.67,201301131600
59134,2.09,201301131600
59285,1.01,201301131600
59329,1.61,201301131600
59555,1.35,201301131600
59635,0.77,201301131600
59745,0.69,201301131600
59927,1.64,201301131600
59941,1.71,201301131600
60008,1.57,201301131600
60011,1.44,201301131600
60114,0.53,201301131600
60141,2.27,201301131600
60147,1.58,201301131600
60331,1.65,201301131600
60344,1.26,201301131600
60350,1.37,201301131600
60578,2.43,201301131600
60593,0.82,201301131600
60613,1.29,201301131600
60630,2.0,201301131600
60635,1.43,201301131600
60649,0.65,201301131600
60750,2.78,201301131600
60774,2.76,201301131600
60819,2.47,201301131600
60880,2.68,201301131600
60888,1.16,201301131600
61062,2.19,201301131600
61110,1.3,201301131600
61263,1.23,201301131600
61343,0.94,201301131600
61591,2.94,201301131600
61597,1.0,201301131600
61654,2.92,201301131600
61818,1.74,201301131600
62077,2.69,201301131600
62104,2.19,201301131600
62135,1.09,201301131600
62140,1.43,201301131600
62252,2.64,201301131600
62558,1.99,201301131600
62589,1.67,201301131600
62757,1.76,201301131600
62772,1.89,201301131600
62850,2.02,201301131600
62926,2.37,201301131600
62948,1.64,201301131600
63044,1.72,201301131600
63153,1.32,201301131600
63383,1.59,201301131600
63397,1.23,201301131600
63398,2.07,201301131600
63407,1.02,201301131600
63574,0.5,201301131600
63586,1.73,201301131600
63816,1.72,201301131600
64102,1.23,201301131600
64150,1.1,201301131600
64200,0.86,201301131600
64515,1.0,201301131600
64529,1.3,201301131600
64573,1.84,201301131600
64581,0.57,201301131600
64815,1.65,201301131600
64915,2.08,201301131600
65059,1.1,201301131600
65144,1.14,201301131600
65320,1.26,201301131600
65375,0.73,201301131600
65454,2.85,201301131600
65528,2.66,201301131600
65607,1.46,201301131600
65774,1.14,201301131600
65838,0.75,201301131600
66068,2.03,201301131600
66084,2.83,201301131600
66151,1.12,201301131600
66353,0.51,201301131600
66538,1.56,201301131600
66575,1.12,201301131600
66637,0.71,201301131600
66827,0.81,201301131600
66870,1.8,201301131600
67110,2.16,201301131600
67207,2.26,201301131600
67335,0.56,201301131600
67385,1.98,201301131600
67599,0.52,201301131600
67601,1.39,201301131600
67602,1.75,201301131600
67698,1.68,201301131600
67824,2.72,201301131600
67842,0.88,201301131600
67854,0.74,201301131600
67855,1.47,201301131600
67918,1.18,201301131600
68103,1.59,201301131600
68104,1.96,201301131600
68110,1.72,201301131600
68111,0.84,201301131600
68349,2.6,201301131600
68354,0.59,201301131600
68356,1.68,201301131600
68454,2.02,201301131600
68455,2.28,201301131600
68587,2.55,201301131600
68857,1.36,201301131600
68858,0.99,201301131600
68897,1.84,201301131600
68924,1.93,201301131600
68930,2.0,201301131600
69106,1.09,201301131600
69190,0.58,201301131600
69206,1.09,201301131600
69359,2.89,201301131600
69371,1.95,201301131600
69455,1.23,201301131600
69582,0.97,201301131600
69613,2.92,201301131600
69676,0.89,201301131600
70115,2.05,201301131600
70132,0.86,201301131600
70181,2.08,201301131600
70342,0.61,201301131600
70352,2.49,201301131600
70360,0.72,201301131600
70374,0.52,201301131600
70440,2.72,201301131600
70462,1.68,201301131600
70619,0.89,201301131600
70659,2.13,201301131600
70715,1.44,201301131600
70903,0.94,201301131600
70934,1.95,201301131600
70961,1.49,201301131600
71122,1.68,201301131600
71187,2.18,201301131600
71399,2.4,201301131600
71601,1.28,201301131600
71629,2.61,201301131600
71888,1.0,201301131600
71961,2.13,201301131600
71964,2.19,201301131600
72201,2.92,201301131600
72218,2.03,201301131600
72345,0.66,201301131600
72367,1.01,201301131600
72407,1.05,201301131600
72416,2.14,201301131600
72706,1.7,201301131600
72894,0.72,201301131600
73104,0.8,201301131600
73135,1.49,201301131600
73211,1.13,201301131600
73223,0.98,201301131600
73451,1.11,201301131600
73460,0.54,201301131600
73461,1.37,201301131600
73557,1.57,201301131600
73669,2.66,201301131600
74158,2.53,201301131600
74216,1.43,201301131600
74388,1.32,201301131600
74396,2.39,201301131600
74466,0.71,201301131600
74467,2.51,201301131600
74638,2.86,201301131600
74677,2.29,201301131600
74678,1.35,201301131600
74711,2.93,201301131600
74721,2.71,201301131600
74962,1.56,201301131600
74968,1.22,201301131600
74973,0.98,201301131600
75224,1.8,201301131600
75329,1.0,201301131600
75386,2.82,201301131600
75424,1.81,201301131600
75436,0.59,201301131600
75475,0.88,201301131600
75619,0.76,201301131600
75721,1.8,201301131600
75722,1.68,201301131600
75724,1.46,201301131600
75725,2.97,201301131600
75726,2.48,201301131600
75727,2.52,201301131600
75974,0.87,201301131600
75975,1.94,201301131600
76133,0.84,201301131600
76227,0.6,201301131600
76393,1.98,201301131600
76473,1.22,201301131600
76477,2.81,201301131600
76654,2.27,201301131600
76728,1.99,201301131600
76959,1.95,201301131600
77169,1.34,201301131600
77230,1.6,201301131600
77381,1.02,201301131600
77458,2.61,201301131600
77641,1.55,201301131600
77942,2.2,201301131600
77981,2.17,201301131600
78205,2.62,201301131600
78418,1.2,201301131600
78654,0.53,201301131600
78733,1.87,201301131600
78881,2.1,201301131600
78896,1.32,201301131600
78909,2.78,201301131600
78983,1.74,201301131600
79234,2.84,201301131600
79379,0.87,201301131600
79394,1.29,201301131600
79484,2.62,201301131600
79712,1.22,201301131600
79911,1.62,201301131600
79915,2.54,201301131600
80160,1.37,201301131600
80161,1.08,201301131600
80193,1.88,201301131600
80352,2.9,201301131600
80397,1.41,201301131600
80406,2.93,201301131600
80411,1.12,201301131600
80412,1.03,201301131600
80413,2.86,201301131600
80420,1.6,201301131600
80485,1.26,201301131600
80635,2.79,201301131600
80659,1.22,201301131600
80663,1.77,201301131600
80664,2.82,201301131600
80703,2.88,201301131600
80877,0.69,201301131600
80916,0.52,201301131600
81163,1.35,201301131600
81164,1.28,201301131600
81354,1.87,201301131600
81363,1.91,201301131600
81390,2.72,201301131600
81625,1.16,201301131600
81651,2.04,201301131600
81899,1.45,201301131600
82135,2.81,201301131600
82168,2.69,201301131600
82169,1.57,201301131600
82237,1.52,201301131600
82613,1.91,201301131600
82622,0.88,201301131600
82664,1.81,201301131600
82892,0.8,201301131600
82951,2.74,201301131600
83410,2.92,201301131600
83489,1.6,201301131600
83735,0.55,201301131600
83865,0.9,201301131600
84123,2.77,201301131600
84179,1.64,201301131600
84207,2.64,201301131600
84212,0.84,201301131600
84221,2.39,201301131600
84366,2.52,201301131600
84689,0.56,201301131600
84712,1.25,201301131600
84902,2.45,201301131600
85474,2.89,201301131600
85487,2.2,201301131600
85620,2.16,201301131600
85705,2.6,201301131600
85715,1.2,201301131600
85738,0.89,201301131600
86440,2.23,201301131600
86622,1.48,201301131600
86623,1.71,201301131600
86672,1.37,201301131600
86873,2.2,201301131600
86895,2.47,201301131600
87121,1.02,201301131600
87227,2.73,201301131600
87460,1.31,201301131600
87690,2.64,201301131600
87873,0.79,201301131600
88242,2.96,201301131600
88463,1.33,201301131600
89120,1.98,201301131600
89152,1.42,201301131600
89175,1.74,201301131600
89198,2.62,201301131600
89615,0.56,201301131600
89625,1.57,201301131600
90116,1.58,201301131600
90183,0.54,201301131600
90497,2.21,201301131600
90699,2.59,201301131600
90719,1.62,201301131600
91200,2.55,201301131600
91432,2.72,201301131600
91434,1.68,201301131600
91684,1.38,201301131600
91713,2.68,201301131600
91744,1.95,201301131600
92233,1.98,201301131600
93205,2.66,201301131600
93244,1.52,201301131600
93252,2.65,201301131600
93463,2.64,201301131600
93675,2.31,201301131600
93944,2.62,201301131600
94431,2.44,201301131600
94710,1.44,201301131600
94755,0.74,201301131600
94997,1.12,201301131600
95000,0.98,201301131600
95707,1.02,201301131600
95949,2.28,201301131600
95998,1.41,201301131600
96188,2.87,201301131600
96225,2.24,201301131600
96249,0.74,201301131600
96468,2.86,201301131600
96486,1.34,201301131600
96718,2.89,201301131600
96972,2.93,201301131600
96995,1.68,201301131600
97251,2.57,201301131600
97440,2.98,201301131600
97471,2.53,201301131600
97969,0.67,201301131600
97990,0.74,201301131600
98224,2.07,201301131600
98229,1.38,201301131600
98450,2.2,201301131600
98475,1.06,201301131600
98739,2.47,201301131600
99256,2.29,201301131600
99468,1.66,201301131600
99730,2.97,201301131600
101215,0.51,201301131600
101911,1.07,201301131600
101912,2.29,201301131600
101989,0.54,201301131600
102999,1.65,201301131600
103242,1.53,201301131600
103431,0.85,201301131600
104177,1.53,201301131600
104221,1.42,201301131600
104239,1.23,201301131600
104701,1.77,201301131600
104984,1.45,201301131600
105196,1.87,201301131600
105219,1.47,201301131600
105460,3.0,201301131600
105461,1.39,201301131600
105481,2.03,201301131600
105489,2.46,201301131600
105709,1.07,201301131600
105710,2.64,201301131600
105711,2.46,201301131600
105712,2.58,201301131600
105713,1.22,201301131600
105715,2.17,201301131600
105726,2.02,201301131600
105727,1.98,201301131600
105736,2.63,201301131600
105960,2.22,201301131600
105961,1.31,201301131600
105962,0.84,201301131600
105963,0.74,201301131600
105964,2.23,201301131600
105975,1.79,201301131600
106195,2.48,201301131600
106213,2.78,201301131600
106214,1.56,201301131600
106215,0.65,201301131600
106221,2.42,201301131600
106231,1.97,201301131600
106232,2.98,201301131600
106234,2.01,201301131600
106235,1.99,201301131600
106237,1.89,201301131600
106446,2.17,201301131600
106447,2.84,201301131600
106462,2.9,201301131600
106463,0.88,201301131600
106465,1.17,201301131600
106466,1.21,201301131600
106467,0.52,201301131600
106480,1.16,201301131600
106712,2.59,201301131600
106717,2.32,201301131600
106718,1.1,201301131600
106741,2.94,201301131600
106958,2.41,201301131600
106964,2.76,201301131600
106965,0.57,201301131600
106966,2.69,201301131600
106967,1.61,201301131600
106971,1.12,201301131600
106983,2.35,201301131600
106997,1.96,201301131600
107200,1.25,201301131600
107212,2.93,201301131600
107219,2.04,201301131600
107240,1.68,201301131600
107460,0.53,201301131600
107465,1.2,201301131600
107466,2.82,201301131600
107468,1.7,201301131600
107491,1.47,201301131600
107711,2.48,201301131600
107725,2.57,201301131600
107726,3.0,201301131600
107954,2.14,201301131600
107966,0.79,201301131600
107971,0.53,201301131600
107979,0.64,201301131600
107993,1.2,201301131600
108205,1.57,201301131600
108211,1.18,201301131600
108214,2.31,201301131600
108215,1.42,201301131600
108217,1.7,201301131600
108219,2.93,201301131600
108220,2.12,201301131600
108222,2.13,201301131600
108225,2.23,201301131600
108230,1.14,201301131600
108454,1.35,201301131600
108463,1.41,201301131600
108499,2.16,201301131600
108717,0.89,201301131600
108722,2.51,201301131600
108724,2.45,201301131600
108733,2.46,201301131600
108968,1.17,201301131600
108975,0.87,201301131600
108984,2.43,201301131600
108985,1.89,201301131600
109216,1.59,201301131600
109219,2.34,201301131600
109222,1.17,201301131600
109227,0.64,201301131600
109231,2.26,201301131600
109236,1.04,201301131600
109245,2.37,201301131600
109473,1.37,201301131600
109487,0.5,201301131600
109494,2.43,201301131600
109495,0.68,201301131600
109496,0.99,201301131600
109497,2.11,201301131600
109742,2.65,201301131600
109744,2.41,201301131600
109748,0.77,201301131600
109750,2.24,201301131600
109980,2.63,201301131600
109991,2.81,201301131600
109994,2.08,201301131600
109998,1.27,201301131600
110001,1.84,201301131600
110243,1.17,201301131600
110247,2.6,201301131600
110249,2.36,201301131600
110251,1.93,201301131600
110253,2.71,201301131600
110254,1.42,201301131600
