cell,mobility,dtg
1610,2.15,201301210800
1846,1.3,201301210800
1851,2.84,201301210800
1853,2.04,201301210800
1856,1.89,201301210800
1857,2.17,201301210800
2103,1.74,201301210800
2105,0.77,201301210800
2106,2.15,201301210800
2107,0.77,201301210800
2114,0.97,201301210800
2342,0.83,201301210800
2347,2.01,201301210800
2351,1.41,201301210800
2354,1.34,201301210800
2357,1.68,201301210800
2372,1.26,201301210800
2374,1.01,201301210800
2591,2.04,201301210800
2595,1.28,201301210800
2605,1.35,201301210800
2611,0.53,201301210800
2615,0.71,201301210800
2620,1.57,201301210800
2627,2.13,201301210800
2839,2.86,201301210800
2847,0.51,201301210800
3086,1.78,201301210800
3094,2.53,201301210800
3100,2.87,201301210800
3124,3.0,201301210800
3128,0.84,201301210800
3334,0.92,201301210800
3337,1.74,201301210800
3375,0.56,201301210800
3614,1.41,201301210800
3619,2.76,201301210800
3632,2.49,201301210800
3635,1.51,201301210800
3830,1.89,201301210800
3831,0.8,201301210800
3833,0.77,201301210800
3837,2.34,201301210800
3845,1.67,201301210800
3856,2.92,201301210800
3860,1.62,201301210800
3865,2.51,201301210800
4078,2.41,201301210800
4081,1.67,201301210800
4137,1.49,201301210800
4141,1.3,201301210800
4142,0.82,201301210800
4328,0.71,201301210800
4329,1.69,201301210800
4341,0.65,201301210800
4345,2.71,201301210800
4348,0.59,201301210800
4354,2.47,201301210800
4372,1.37,201301210800
4577,1.04,201301210800
4578,0.69,201301210800
4580,1.59,201301210800
4582,2.61,201301210800
4605,1.47,201301210800
4608,0.66,201301210800
4631,0.83,201301210800
4636,0.62,201301210800
4637,1.89,201301210800
4829,1.75,201301210800
4830,0.68,201301210800
4831,0.94,201301210800
4834,2.5,201301210800
4837,1.87,201301210800
4852,1.19,201301210800
4863,0.64,201301210800
4868,0.67,201301210800
4890,1.62,201301210800
4891,2.94,201301210800
5078,1.29,201301210800
5081,1.76,201301210800
5084,1.87,201301210800
5127,0.58,201301210800
5153,2.88,201301210800
5327,1.09,201301210800
5329,2.37,201301210800
5333,2.24,201301210800
5334,2.94,201301210800
5339,1.37,201301210800
5369,0.73,201301210800
5402,0.64,201301210800
5410,1.72,201301210800
5577,0.73,201301210800
5581,0.6,201301210800
5592,1.53,201301210800
5612,1.11,201301210800
5623,1.2,201301210800
5876,1.4,201301210800
5893,2.78,201301210800
5898,2.74,201301210800
6078,2.85,201301210800
6118,1.63,201301210800
6136,1.44,201301210800
6158,1.6,201301210800
6159,1.06,201301210800
6333,0.51,201301210800
6353,0.57,201301210800
6365,1.36,201301210800
6366,2.86,201301210800
6414,2.21,201301210800
6588,2.49,201301210800
6609,1.09,201301210800
6635,1.36,201301210800
6668,1.99,201301210800
6841,2.19,201301210800
6849,2.93,201301210800
6896,1.44,201301210800
6924,1.96,201301210800
6928,1.5,201301210800
6935,0.55,201301210800
6939,1.47,201301210800
7077,2.71,201301210800
7078,1.3,201301210800
7085,2.7,201301210800
7088,2.08,201301210800
7113,1.72,201301210800
7114,2.84,201301210800
7129,1.39,201301210800
7133,2.8,201301210800
7165,2.6,201301210800
7192,1.52,201301210800
7354,2.25,201301210800
7375,1.75,201301210800
7379,0.72,201301210800
7401,2.34,201301210800
7410,0.77,201301210800
7436,1.67,201301210800
7584,2.82,201301210800
7646,2.71,201301210800
7849,0.89,201301210800
7871,1.87,201301210800
7927,1.14,201301210800
7948,2.53,201301210800
8080,2.76,201301210800
8170,0.96,201301210800
8182,0.6,201301210800
8195,2.88,201301210800
8342,1.22,201301210800
8582,1.63,201301210800
8602,0.74,201301210800
8609,1.35,201301210800
8638,1.01,201301210800
8656,2.46,201301210800
8830,1.44,201301210800
8839,2.14,201301210800
8876,0.76,201301210800
8897,0.65,201301210800
8912,1.01,201301210800
8918,0.53,201301210800
8929,1.56,201301210800
8940,1.45,201301210800
8954,2.57,201301210800
9140,1.36,201301210800
9333,0.84,201301210800
9468,1.55,201301210800
9473,1.23,201301210800
9589,2.49,201301210800
9601,2.51,201301210800
9607,0.87,201301210800
9658,1.36,201301210800
9724,1.88,201301210800
9833,2.45,201301210800
10084,2.19,201301210800
10089,3.0,201301210800
10096,2.65,201301210800
10144,2.32,201301210800
10170,1.87,201301210800
10181,1.17,201301210800
10189,0.58,201301210800
10201,2.87,201301210800
10334,0.53,201301210800
10335,2.5,201301210800
10383,0.69,201301210800
10414,0.95,201301210800
10444,0.66,201301210800
10458,1.4,201301210800
10477,1.53,201301210800
10586,2.63,201301210800
10601,2.38,201301210800
10609,1.31,201301210800
10616,1.71,201301210800
10633,2.65,201301210800
10655,1.63,201301210800
10665,2.01,201301210800
10681,1.57,201301210800
10717,1.85,201301210800
10835,2.14,201301210800
10837,1.66,201301210800
10847,1.19,201301210800
10903,1.59,201301210800
10911,0.82,201301210800
10918,2.49,201301210800
10973,2.56,201301210800
11087,1.67,201301210800
11092,0.53,201301210800
11128,1.88,201301210800
11222,1.05,201301210800
11223,1.79,201301210800
11225,1.42,201301210800
11238,2.21,201301210800
11361,1.61,201301210800
11393,1.08,201301210800
11424,1.29,201301210800
11601,2.26,201301210800
11682,1.78,201301210800
11704,1.79,201301210800
11858,1.28,201301210800
11884,1.35,201301210800
11901,0.88,201301210800
11946,0.92,201301210800
11960,2.47,201301210800
11972,1.56,201301210800
12089,0.95,201301210800
12090,1.06,201301210800
12096,2.0,201301210800
12120,1.53,201301210800
12157,0.96,201301210800
12230,1.16,201301210800
12383,1.97,201301210800
12431,2.57,201301210800
12601,2.2,201301210800
12625,1.96,201301210800
12632,2.54,201301210800
12842,2.2,201301210800
12875,0.55,201301210800
12901,2.3,201301210800
12913,0.94,201301210800
12933,2.11,201301210800
12934,1.92,201301210800
12985,1.44,201301210800
13099,1.76,201301210800
13114,0.69,201301210800
13150,2.43,201301210800
13175,0.51,201301210800
13183,2.99,201301210800
13222,1.66,201301210800
13358,2.34,201301210800
13444,2.76,201301210800
13455,2.55,201301210800
13456,0.52,201301210800
13670,1.71,201301210800
13694,1.11,201301210800
13845,2.58,201301210800
13849,0.97,201301210800
14011,1.0,201301210800
14095,1.14,201301210800
14133,2.57,201301210800
14161,1.42,201301210800
14167,1.23,201301210800
14184,1.02,201301210800
14241,2.03,201301210800
14255,0.83,201301210800
14349,0.57,201301210800
14350,0.79,201301210800
14375,2.51,201301210800
14452,1.56,201301210800
14475,1.03,201301210800
14620,1.39,201301210800
14673,1.9,201301210800
14745,1.78,201301210800
14859,2.25,201301210800
14936,1.7,201301210800
14995,1.51,201301210800
15097,1.6,201301210800
15098,1.37,201301210800
15246,2.77,201301210800
15349,1.1,201301210800
15440,1.98,201301210800
15600,2.67,201301210800
15656,2.07,201301210800
15672,2.19,201301210800
15699,2.93,201301210800
15714,0.74,201301210800
15725,1.49,201301210800
15744,1.78,201301210800
15849,0.97,201301210800
15850,1.46,201301210800
15851,2.67,201301210800
15853,2.02,201301210800
15871,2.37,201301210800
16100,1.0,201301210800
16105,1.53,201301210800
16114,1.96,201301210800
16171,0.79,201301210800
16184,1.47,201301210800
16400,1.99,201301210800
16414,1.18,201301210800
16601,0.92,201301210800
16604,2.26,201301210800
16625,1.23,201301210800
16670,2.31,201301210800
16853,2.8,201301210800
16868,1.66,201301210800
16932,2.87,201301210800
17232,2.99,201301210800
17355,2.39,201301210800
17358,1.05,201301210800
17367,1.2,201301210800
17635,1.86,201301210800
17673,2.67,201301210800
17681,2.98,201301210800
17884,2.8,201301210800
17984,0.87,201301210800
18108,1.49,201301210800
18115,2.34,201301210800
18118,0.9,201301210800
18123,1.99,201301210800
18139,1.97,201301210800
18154,0.89,201301210800
18160,1.55,201301210800
18177,2.8,201301210800
18185,2.43,201301210800
18383,0.92,201301210800
18404,1.64,201301210800
18427,2.26,201301210800
18466,2.57,201301210800
18616,1.94,201301210800
18629,1.68,201301210800
18861,2.84,201301210800
18866,2.47,201301210800
18925,2.95,201301210800
19110,1.91,201301210800
19112,1.42,201301210800
19114,0.83,201301210800
19122,1.23,201301210800
19360,0.91,201301210800
19443,1.5,201301210800
19481,2.87,201301210800
19611,2.55,201301210800
19612,1.9,201301210800
19618,0.59,201301210800
19633,1.93,201301210800
19678,1.06,201301210800
19878,1.46,201301210800
19913,2.11,201301210800
20113,1.67,201301210800
20114,1.23,201301210800
20116,0.51,201301210800
20170,2.71,201301210800
20363,2.01,201301210800
20387,2.67,201301210800
20396,1.12,201301210800
20436,2.47,201301210800
20616,2.37,201301210800
20621,2.06,201301210800
20628,0.69,201301210800
20651,0.74,201301210800
20671,2.35,201301210800
20682,0.92,201301210800
20864,1.97,201301210800
20882,1.75,201301210800
20931,2.09,201301210800
20995,2.64,201301210800
21115,0.98,201301210800
21118,1.09,201301210800
21201,1.52,201301210800
21373,2.6,201301210800
21377,1.35,201301210800
21392,2.96,201301210800
21407,0.97,201301210800
21428,0.65,201301210800
21448,0.59,201301210800
21617,1.37,201301210800
21619,2.74,201301210800
21639,1.45,201301210800
21658,1.4,201301210800
21663,0.65,201301210800
21701,2.71,201301210800
21721,0.86,201301210800
21868,1.09,201301210800
21871,2.24,201301210800
21999,1.47,201301210800
22126,2.46,201301210800
22133,0.76,201301210800
22174,0.5,201301210800
22176,1.86,201301210800
22205,1.24,201301210800
22368,2.68,201301210800
22395,2.4,201301210800
22419,1.5,201301210800
22420,2.48,201301210800
22421,2.2,201301210800
22422,1.62,201301210800
22619,2.0,201301210800
22630,2.52,201301210800
22634,2.86,201301210800
22671,2.09,201301210800
22673,1.24,201301210800
22700,1.22,201301210800
22751,1.14,201301210800
22768,2.83,201301210800
22869,2.62,201301210800
22877,2.23,201301210800
22928,0.73,201301210800
22940,2.76,201301210800
22955,1.65,201301210800
22963,1.43,201301210800
22966,2.41,201301210800
23120,2.33,201301210800
23124,0.58,201301210800
23125,2.43,201301210800
23131,2.08,201301210800
23138,1.32,201301210800
23169,1.79,201301210800
23194,2.77,201301210800
23216,1.17,201301210800
23370,2.14,201301210800
23371,2.48,201301210800
23379,2.79,201301210800
23386,2.76,201301210800
23388,1.77,201301210800
23427,2.88,201301210800
23621,0.67,201301210800
23627,2.07,201301210800
23635,0.92,201301210800
23641,1.63,201301210800
23662,0.88,201301210800
23669,2.61,201301210800
23690,1.29,201301210800
23744,0.86,201301210800
23750,1.39,201301210800
23872,1.01,201301210800
23873,1.32,201301210800
23875,1.12,201301210800
23881,0.7,201301210800
23894,0.87,201301210800
23896,1.11,201301210800
23907,1.21,201301210800
23925,2.62,201301210800
23973,2.7,201301210800
24005,2.23,201301210800
24009,1.54,201301210800
24032,2.07,201301210800
24122,2.16,201301210800
24123,1.51,201301210800
24149,1.07,201301210800
24247,1.54,201301210800
24251,2.66,201301210800
24265,1.71,201301210800
24266,2.05,201301210800
24373,2.84,201301210800
24374,1.08,201301210800
24380,2.83,201301210800
24381,0.79,201301210800
24383,1.16,201301210800
24387,0.62,201301210800
24402,1.86,201301210800
24405,2.67,201301210800
24423,2.19,201301210800
24623,1.67,201301210800
24626,1.29,201301210800
24643,1.79,201301210800
24732,0.52,201301210800
24734,1.06,201301210800
24739,2.02,201301210800
24774,1.6,201301210800
24775,1.45,201301210800
24781,2.38,201301210800
24837,1.94,201301210800
24874,1.58,201301210800
24877,2.5,201301210800
24879,2.89,201301210800
24880,0.91,201301210800
24895,0.94,201301210800
24920,2.33,201301210800
24990,1.04,201301210800
24991,1.34,201301210800
24993,2.96,201301210800
25124,2.93,201301210800
25125,2.34,201301210800
25126,0.59,201301210800
25129,2.98,201301210800
25130,1.55,201301210800
25132,1.24,201301210800
25136,2.69,201301210800
25138,1.29,201301210800
25141,1.96,201301210800
25179,1.06,201301210800
25187,0.71,201301210800
25375,0.96,201301210800
25376,2.82,201301210800
25377,0.86,201301210800
25379,1.41,201301210800
25385,1.31,201301210800
25395,1.44,201301210800
25400,1.65,201301210800
25405,1.16,201301210800
25412,0.56,201301210800
25427,1.99,201301210800
25626,2.91,201301210800
25627,2.05,201301210800
25628,2.66,201301210800
25629,1.2,201301210800
25632,1.85,201301210800
25633,1.04,201301210800
25642,2.23,201301210800
25715,2.7,201301210800
25747,2.92,201301210800
25763,2.24,201301210800
25876,2.81,201301210800
25877,2.22,201301210800
25878,1.56,201301210800
25881,2.47,201301210800
25882,2.59,201301210800
25886,1.16,201301210800
25888,1.88,201301210800
25926,0.97,201301210800
25997,2.05,201301210800
26005,2.39,201301210800
26035,1.94,201301210800
26127,2.37,201301210800
26129,1.33,201301210800
26130,1.64,201301210800
26133,2.54,201301210800
26135,0.73,201301210800
26136,1.22,201301210800
26138,1.74,201301210800
26139,1.21,201301210800
26141,2.0,201301210800
26148,2.93,201301210800
26168,1.68,201301210800
26378,1.8,201301210800
26379,2.92,201301210800
26380,1.28,201301210800
26381,0.58,201301210800
26382,0.82,201301210800
26383,1.3,201301210800
26385,0.68,201301210800
26386,2.43,201301210800
26387,1.27,201301210800
26389,2.64,201301210800
26391,2.41,201301210800
26392,1.8,201301210800
26393,1.5,201301210800
26396,2.08,201301210800
26403,0.55,201301210800
26408,1.35,201301210800
26427,2.28,201301210800
26450,1.05,201301210800
26492,2.53,201301210800
26546,1.57,201301210800
26563,0.66,201301210800
26564,2.98,201301210800
26628,1.66,201301210800
26629,2.57,201301210800
26630,1.59,201301210800
26631,0.56,201301210800
26633,2.95,201301210800
26634,1.76,201301210800
26656,1.8,201301210800
26674,2.47,201301210800
26708,2.69,201301210800
26752,0.63,201301210800
26754,0.81,201301210800
26755,2.33,201301210800
26782,2.66,201301210800
26846,2.38,201301210800
26879,2.66,201301210800
26880,0.91,201301210800
26881,1.29,201301210800
26882,1.08,201301210800
26883,2.82,201301210800
26884,2.87,201301210800
26885,2.58,201301210800
26886,1.12,201301210800
26887,1.6,201301210800
26889,1.07,201301210800
26890,1.83,201301210800
26891,0.8,201301210800
26892,2.57,201301210800
26893,2.66,201301210800
26894,1.7,201301210800
26895,1.71,201301210800
26897,0.82,201301210800
26905,0.71,201301210800
26938,2.37,201301210800
26964,2.4,201301210800
27006,1.07,201301210800
27042,2.23,201301210800
27098,2.24,201301210800
27130,2.96,201301210800
27131,0.61,201301210800
27132,1.2,201301210800
27133,0.83,201301210800
27134,1.74,201301210800
27135,2.3,201301210800
27136,2.49,201301210800
27137,0.54,201301210800
27138,2.65,201301210800
27142,2.37,201301210800
27143,2.26,201301210800
27145,2.25,201301210800
27148,2.86,201301210800
27149,1.03,201301210800
27152,2.19,201301210800
27155,1.81,201301210800
27175,0.82,201301210800
27209,1.12,201301210800
27247,1.53,201301210800
27381,3.0,201301210800
27382,1.71,201301210800
27383,0.59,201301210800
27384,0.77,201301210800
27386,2.51,201301210800
27387,0.89,201301210800
27388,2.53,201301210800
27389,2.02,201301210800
27390,1.13,201301210800
27392,2.98,201301210800
27395,0.98,201301210800
27404,0.95,201301210800
27415,1.18,201301210800
27427,2.91,201301210800
27489,0.57,201301210800
27494,1.65,201301210800
27498,1.57,201301210800
27518,1.48,201301210800
27632,1.81,201301210800
27633,2.8,201301210800
27634,1.75,201301210800
27635,1.29,201301210800
27636,1.58,201301210800
27637,2.52,201301210800
27638,1.89,201301210800
27639,0.65,201301210800
27640,2.12,201301210800
27642,2.71,201301210800
27643,1.52,201301210800
27645,0.94,201301210800
27646,2.56,201301210800
27647,2.37,201301210800
27649,1.12,201301210800
27654,1.13,201301210800
27763,1.19,201301210800
27764,1.99,201301210800
27796,2.15,201301210800
27797,2.1,201301210800
27883,0.63,201301210800
27884,1.38,201301210800
27885,2.59,201301210800
27886,1.51,201301210800
27887,0.82,201301210800
27888,2.04,201301210800
27889,0.97,201301210800
27890,0.99,201301210800
27891,2.03,201301210800
27892,1.15,201301210800
27894,1.09,201301210800
27895,1.88,201301210800
27897,1.33,201301210800
27902,2.9,201301210800
27908,0.55,201301210800
27911,2.14,201301210800
27930,2.86,201301210800
27971,1.43,201301210800
28004,0.89,201301210800
28015,2.31,201301210800
28049,1.67,201301210800
28102,0.69,201301210800
28134,0.64,201301210800
28135,2.82,201301210800
28136,2.44,201301210800
28137,0.95,201301210800
28138,2.41,201301210800
28139,1.28,201301210800
28140,1.49,201301210800
28142,2.55,201301210800
28143,2.45,201301210800
28144,0.97,201301210800
28146,2.53,201301210800
28154,1.77,201301210800
28156,1.31,201301210800
28216,2.7,201301210800
28239,0.85,201301210800
28384,2.5,201301210800
28385,2.49,201301210800
28386,2.11,201301210800
28387,1.71,201301210800
28388,1.37,201301210800
28389,2.88,201301210800
28390,1.89,201301210800
28391,2.98,201301210800
28392,1.1,201301210800
28393,2.41,201301210800
28394,2.17,201301210800
28396,1.38,201301210800
28397,2.35,201301210800
28400,0.68,201301210800
28401,1.65,201301210800
28405,1.87,201301210800
28427,2.2,201301210800
28467,1.45,201301210800
28496,1.2,201301210800
28497,2.85,201301210800
28519,2.53,201301210800
28535,2.06,201301210800
28539,2.73,201301210800
28545,2.66,201301210800
28557,1.08,201301210800
28635,2.85,201301210800
28636,1.56,201301210800
28637,2.43,201301210800
28638,0.62,201301210800
28639,2.9,201301210800
28640,1.18,201301210800
28641,0.57,201301210800
28642,2.56,201301210800
28643,2.71,201301210800
28644,1.0,201301210800
28645,0.69,201301210800
28646,1.08,201301210800
28649,1.83,201301210800
28658,1.06,201301210800
28667,1.37,201301210800
28675,1.11,201301210800
28751,2.49,201301210800
28753,2.34,201301210800
28754,0.77,201301210800
28788,2.73,201301210800
28812,1.69,201301210800
28823,2.51,201301210800
28886,2.08,201301210800
28887,2.01,201301210800
28888,1.03,201301210800
28889,1.8,201301210800
28890,2.19,201301210800
28891,2.02,201301210800
28892,1.97,201301210800
28893,2.73,201301210800
28894,2.96,201301210800
28895,1.9,201301210800
28896,1.35,201301210800
28897,1.07,201301210800
28899,1.35,201301210800
28900,0.71,201301210800
28901,1.07,201301210800
28902,0.8,201301210800
28905,1.6,201301210800
28912,1.15,201301210800
28960,2.05,201301210800
28969,1.76,201301210800
29004,2.65,201301210800
29012,2.12,201301210800
29026,1.82,201301210800
29068,0.82,201301210800
29076,2.56,201301210800
29088,2.87,201301210800
29094,2.65,201301210800
29136,0.63,201301210800
29137,0.75,201301210800
29138,0.75,201301210800
29139,2.76,201301210800
29140,2.04,201301210800
29141,0.63,201301210800
29142,1.62,201301210800
29143,0.76,201301210800
29144,1.66,201301210800
29146,0.7,201301210800
29147,2.59,201301210800
29148,1.26,201301210800
29149,0.8,201301210800
29151,2.81,201301210800
29158,0.5,201301210800
29165,2.23,201301210800
29171,1.86,201301210800
29190,1.92,201301210800
29247,1.41,201301210800
29387,0.79,201301210800
29388,2.43,201301210800
29389,1.3,201301210800
29390,1.28,201301210800
29391,1.52,201301210800
29392,2.97,201301210800
29393,2.25,201301210800
29394,1.11,201301210800
29395,2.09,201301210800
29396,2.75,201301210800
29397,2.07,201301210800
29398,0.52,201301210800
29399,2.46,201301210800
29401,0.93,201301210800
29402,2.72,201301210800
29403,1.22,201301210800
29405,1.58,201301210800
29409,1.88,201301210800
29425,2.7,201301210800
29429,2.09,201301210800
29495,2.34,201301210800
29498,1.81,201301210800
29533,2.34,201301210800
29556,2.27,201301210800
29638,2.76,201301210800
29639,1.36,201301210800
29640,2.02,201301210800
29641,1.19,201301210800
29642,2.3,201301210800
29643,2.02,201301210800
29644,2.61,201301210800
29645,1.31,201301210800
29648,2.56,201301210800
29649,2.16,201301210800
29650,1.72,201301210800
29654,1.81,201301210800
29663,1.34,201301210800
29670,2.8,201301210800
29710,0.58,201301210800
29730,1.71,201301210800
29733,0.89,201301210800
29736,1.06,201301210800
29766,0.77,201301210800
29891,1.39,201301210800
29892,2.63,201301210800
29893,2.2,201301210800
29894,1.0,201301210800
29895,2.07,201301210800
29896,2.15,201301210800
29897,0.56,201301210800
29898,1.82,201301210800
29900,2.84,201301210800
29903,1.32,201301210800
29906,1.07,201301210800
29909,1.93,201301210800
29912,2.2,201301210800
29917,1.59,201301210800
29925,1.04,201301210800
29966,2.31,201301210800
30021,1.72,201301210800
30026,2.43,201301210800
30036,2.89,201301210800
30142,1.2,201301210800
30143,1.25,201301210800
30144,2.06,201301210800
30145,1.37,201301210800
30146,1.07,201301210800
30147,1.92,201301210800
30148,1.14,201301210800
30152,0.84,201301210800
30154,0.59,201301210800
30157,0.89,201301210800
30158,2.56,201301210800
30181,0.69,201301210800
30242,0.67,201301210800
30243,2.9,201301210800
30244,1.77,201301210800
30261,2.99,201301210800
30300,2.07,201301210800
30322,2.82,201301210800
30393,0.96,201301210800
30394,2.8,201301210800
30395,3.0,201301210800
30396,0.51,201301210800
30397,1.54,201301210800
30398,0.75,201301210800
30400,1.29,201301210800
30401,2.59,201301210800
30403,2.11,201301210800
30407,0.93,201301210800
30410,1.67,201301210800
30420,1.75,201301210800
30430,2.36,201301210800
30434,1.82,201301210800
30439,2.93,201301210800
30481,2.87,201301210800
30489,1.44,201301210800
30494,2.53,201301210800
30495,0.58,201301210800
30496,2.76,201301210800
30645,2.08,201301210800
30646,1.85,201301210800
30647,2.66,201301210800
30648,1.25,201301210800
30649,1.51,201301210800
30650,0.82,201301210800
30651,1.78,201301210800
30652,2.67,201301210800
30653,1.02,201301210800
30654,1.42,201301210800
30661,1.92,201301210800
30664,2.56,201301210800
30666,0.56,201301210800
30669,2.16,201301210800
30673,1.91,201301210800
30683,1.12,201301210800
30745,2.66,201301210800
30750,1.64,201301210800
30777,0.99,201301210800
30780,2.18,201301210800
30812,2.2,201301210800
30897,2.18,201301210800
30898,1.11,201301210800
30899,1.33,201301210800
30900,2.96,201301210800
30901,1.15,201301210800
30902,1.62,201301210800
30903,2.74,201301210800
30904,1.79,201301210800
30908,0.85,201301210800
30909,2.36,201301210800
30912,2.47,201301210800
30913,2.96,201301210800
30928,2.66,201301210800
30953,1.29,201301210800
30979,1.89,201301210800
30994,2.05,201301210800
30995,3.0,201301210800
31027,0.71,201301210800
31028,1.34,201301210800
31029,1.22,201301210800
31082,2.14,201301210800
31148,0.79,201301210800
31149,2.39,201301210800
31150,0.68,201301210800
31151,0.98,201301210800
31152,0.89,201301210800
31156,0.83,201301210800
31157,2.54,201301210800
31161,0.81,201301210800
31166,0.73,201301210800
31172,2.24,201301210800
31274,2.57,201301210800
31281,2.97,201301210800
31369,2.23,201301210800
31398,2.65,201301210800
31401,2.8,201301210800
31407,1.88,201301210800
31408,1.11,201301210800
31409,1.58,201301210800
31410,1.0,201301210800
31413,0.67,201301210800
31419,1.15,201301210800
31427,2.62,201301210800
31457,2.79,201301210800
31466,1.4,201301210800
31651,2.95,201301210800
31652,2.17,201301210800
31656,1.0,201301210800
31660,0.96,201301210800
31663,2.67,201301210800
31666,2.22,201301210800
31675,2.33,201301210800
31738,1.86,201301210800
31754,2.45,201301210800
31782,0.51,201301210800
31903,2.53,201301210800
31904,1.04,201301210800
31905,1.31,201301210800
31906,1.57,201301210800
31908,1.74,201301210800
31912,1.86,201301210800
31921,1.19,201301210800
31928,1.02,201301210800
31949,1.11,201301210800
32028,0.94,201301210800
32032,0.63,201301210800
32045,2.63,201301210800
32150,0.67,201301210800
32155,1.88,201301210800
32157,1.05,201301210800
32161,1.6,201301210800
32162,2.46,201301210800
32167,0.73,201301210800
32169,0.99,201301210800
32175,2.71,201301210800
32182,1.8,201301210800
32185,2.24,201301210800
32195,2.67,201301210800
32235,1.22,201301210800
32404,2.67,201301210800
32405,1.87,201301210800
32410,1.34,201301210800
32411,0.92,201301210800
32415,0.77,201301210800
32449,2.76,201301210800
32490,2.16,201301210800
32558,0.95,201301210800
32622,2.61,201301210800
32656,2.02,201301210800
32658,2.48,201301210800
32660,2.92,201301210800
32662,2.22,201301210800
32668,1.95,201301210800
32682,2.64,201301210800
32697,2.18,201301210800
32712,2.08,201301210800
32729,1.8,201301210800
32739,2.1,201301210800
32742,0.83,201301210800
32744,1.34,201301210800
32802,0.52,201301210800
32834,1.27,201301210800
32905,2.19,201301210800
32907,1.11,201301210800
32912,2.81,201301210800
32916,2.66,201301210800
32922,2.5,201301210800
32924,1.54,201301210800
32926,1.28,201301210800
32929,2.58,201301210800
32977,1.89,201301210800
32978,1.16,201301210800
33154,0.72,201301210800
33158,2.0,201301210800
33160,1.16,201301210800
33165,1.58,201301210800
33170,1.1,201301210800
33186,0.62,201301210800
33286,2.0,201301210800
33405,2.36,201301210800
33409,2.37,201301210800
33412,0.52,201301210800
33418,0.61,201301210800
33420,0.98,201301210800
33424,0.86,201301210800
33435,2.71,201301210800
33442,1.64,201301210800
33519,2.58,201301210800
33594,1.44,201301210800
33656,2.57,201301210800
33659,2.62,201301210800
33662,1.69,201301210800
33664,0.86,201301210800
33666,2.9,201301210800
33669,0.62,201301210800
33673,2.24,201301210800
33675,2.66,201301210800
33694,2.0,201301210800
33724,0.68,201301210800
33742,2.8,201301210800
33812,1.79,201301210800
33909,2.01,201301210800
33911,1.8,201301210800
33912,1.09,201301210800
33913,1.1,201301210800
33922,2.31,201301210800
33923,1.28,201301210800
33924,0.8,201301210800
33931,2.9,201301210800
33935,2.36,201301210800
33986,2.67,201301210800
34013,1.2,201301210800
34160,2.88,201301210800
34161,1.93,201301210800
34162,0.77,201301210800
34163,2.45,201301210800
34167,2.65,201301210800
34190,1.92,201301210800
34211,2.99,201301210800
34303,2.12,201301210800
34380,2.11,201301210800
34407,0.76,201301210800
34413,2.79,201301210800
34423,1.27,201301210800
34424,1.75,201301210800
34427,2.15,201301210800
34430,1.63,201301210800
34437,2.41,201301210800
34440,1.76,201301210800
34486,1.45,201301210800
34495,0.7,201301210800
34510,1.55,201301210800
34520,1.74,201301210800
34528,2.31,201301210800
34563,1.81,201301210800
34662,0.75,201301210800
34667,1.86,201301210800
34668,1.49,201301210800
34670,1.36,201301210800
34672,1.25,201301210800
34673,2.1,201301210800
34676,1.09,201301210800
34679,0.62,201301210800
34682,0.91,201301210800
34695,1.53,201301210800
34710,0.75,201301210800
34714,1.58,201301210800
34720,2.98,201301210800
34882,1.28,201301210800
34913,0.99,201301210800
34914,2.57,201301210800
34915,0.92,201301210800
34924,1.77,201301210800
34925,2.13,201301210800
34934,1.25,201301210800
34939,1.26,201301210800
34959,2.09,201301210800
34990,2.31,201301210800
35102,2.77,201301210800
35164,2.8,201301210800
35166,2.46,201301210800
35173,1.37,201301210800
35178,2.26,201301210800
35183,1.84,201301210800
35185,1.11,201301210800
35187,1.14,201301210800
35193,2.72,201301210800
35203,2.43,201301210800
35218,1.58,201301210800
35237,1.02,201301210800
35244,0.97,201301210800
35249,2.44,201301210800
35295,1.05,201301210800
35368,1.03,201301210800
35410,2.3,201301210800
35414,1.51,201301210800
35415,0.61,201301210800
35417,0.82,201301210800
35421,1.93,201301210800
35440,0.63,201301210800
35455,1.76,201301210800
35492,2.45,201301210800
35515,1.31,201301210800
35665,2.0,201301210800
35675,1.03,201301210800
35683,0.92,201301210800
35686,2.56,201301210800
35700,1.25,201301210800
35745,1.69,201301210800
35755,2.79,201301210800
35769,2.65,201301210800
35916,0.6,201301210800
35917,2.8,201301210800
35918,2.12,201301210800
35919,1.08,201301210800
35921,2.54,201301210800
35929,1.01,201301210800
35931,0.72,201301210800
35941,1.28,201301210800
35944,0.65,201301210800
35971,1.81,201301210800
35981,2.37,201301210800
35992,1.69,201301210800
35994,1.16,201301210800
36067,1.82,201301210800
36162,1.4,201301210800
36167,1.83,201301210800
36169,2.16,201301210800
36170,2.35,201301210800
36173,1.52,201301210800
36176,0.69,201301210800
36177,1.38,201301210800
36205,1.76,201301210800
36237,1.57,201301210800
36245,0.69,201301210800
36246,2.79,201301210800
36293,0.55,201301210800
36311,1.8,201301210800
36417,1.96,201301210800
36420,0.86,201301210800
36421,2.96,201301210800
36441,2.52,201301210800
36448,0.51,201301210800
36494,2.38,201301210800
36498,2.36,201301210800
36502,2.56,201301210800
36510,1.47,201301210800
36513,1.78,201301210800
36519,0.96,201301210800
36524,0.73,201301210800
36576,0.69,201301210800
36668,1.08,201301210800
36673,1.13,201301210800
36675,0.64,201301210800
36677,1.06,201301210800
36679,0.74,201301210800
36682,2.84,201301210800
36688,1.62,201301210800
36690,2.51,201301210800
36711,2.99,201301210800
36717,2.04,201301210800
36758,0.67,201301210800
36889,1.45,201301210800
36915,1.76,201301210800
36918,2.4,201301210800
36933,1.69,201301210800
36934,2.27,201301210800
36953,2.35,201301210800
36959,0.75,201301210800
36996,2.64,201301210800
36999,0.93,201301210800
37001,2.89,201301210800
37167,2.32,201301210800
37168,2.9,201301210800
37169,1.52,201301210800
37172,2.8,201301210800
37176,1.81,201301210800
37178,2.72,201301210800
37179,2.66,201301210800
37182,1.33,201301210800
37192,2.33,201301210800
37200,1.85,201301210800
37206,2.51,201301210800
37232,2.93,201301210800
37239,0.51,201301210800
37270,1.68,201301210800
37298,2.51,201301210800
37304,2.83,201301210800
37419,0.78,201301210800
37421,0.56,201301210800
37423,1.17,201301210800
37425,1.35,201301210800
37446,1.9,201301210800
37454,2.34,201301210800
37477,1.12,201301210800
37487,2.58,201301210800
37501,1.35,201301210800
37503,1.98,201301210800
37513,2.76,201301210800
37523,1.15,201301210800
37562,1.66,201301210800
37609,1.13,201301210800
37642,2.08,201301210800
37643,1.91,201301210800
37670,1.62,201301210800
37671,1.8,201301210800
37672,0.51,201301210800
37676,1.21,201301210800
37688,2.17,201301210800
37689,2.94,201301210800
37690,2.83,201301210800
37695,2.09,201301210800
37701,2.52,201301210800
37710,2.01,201301210800
37711,1.32,201301210800
37754,1.96,201301210800
37874,1.31,201301210800
37891,2.56,201301210800
37893,2.03,201301210800
37894,1.53,201301210800
37926,0.97,201301210800
37928,1.6,201301210800
37929,2.28,201301210800
37932,1.16,201301210800
37936,0.97,201301210800
37943,2.23,201301210800
37952,0.8,201301210800
37962,1.81,201301210800
37968,2.15,201301210800
38003,1.58,201301210800
38060,2.05,201301210800
38145,0.73,201301210800
38172,0.72,201301210800
38173,1.34,201301210800
38178,2.81,201301210800
38200,0.5,201301210800
38204,2.17,201301210800
38209,1.26,201301210800
38215,1.43,201301210800
38220,2.23,201301210800
38225,1.51,201301210800
38228,1.96,201301210800
38230,1.09,201301210800
38243,1.36,201301210800
38247,0.9,201301210800
38255,2.52,201301210800
38263,1.74,201301210800
38268,2.24,201301210800
38272,2.23,201301210800
38367,2.98,201301210800
38381,2.0,201301210800
38423,2.27,201301210800
38425,1.66,201301210800
38426,1.84,201301210800
38431,2.52,201301210800
38440,0.56,201301210800
38479,2.45,201301210800
38481,1.78,201301210800
38483,1.71,201301210800
38488,2.06,201301210800
38490,2.64,201301210800
38498,0.75,201301210800
38499,2.54,201301210800
38500,1.32,201301210800
38505,1.2,201301210800
38506,1.78,201301210800
38508,1.25,201301210800
38517,1.23,201301210800
38534,2.7,201301210800
38648,1.06,201301210800
38674,1.85,201301210800
38676,2.32,201301210800
38679,1.41,201301210800
38684,0.88,201301210800
38693,0.51,201301210800
38697,2.57,201301210800
38716,0.76,201301210800
38722,2.29,201301210800
38736,0.67,201301210800
38738,0.68,201301210800
38752,1.9,201301210800
38753,2.72,201301210800
38758,0.61,201301210800
38760,2.48,201301210800
38761,1.99,201301210800
38762,1.09,201301210800
38766,0.95,201301210800
38769,2.15,201301210800
38778,1.27,201301210800
38812,0.73,201301210800
38939,1.27,201301210800
38953,0.9,201301210800
38958,0.96,201301210800
38967,1.59,201301210800
39006,1.52,201301210800
39008,2.35,201301210800
39010,2.28,201301210800
39011,1.21,201301210800
39017,1.95,201301210800
39113,2.5,201301210800
39148,1.93,201301210800
39149,1.94,201301210800
39176,1.56,201301210800
39178,1.99,201301210800
39191,1.36,201301210800
39201,0.74,201301210800
39230,2.48,201301210800
39236,1.11,201301210800
39246,0.53,201301210800
39252,0.84,201301210800
39255,2.74,201301210800
39260,1.72,201301210800
39262,1.46,201301210800
39263,1.79,201301210800
39268,0.76,201301210800
39269,2.97,201301210800
39271,2.34,201301210800
39274,2.86,201301210800
39275,2.01,201301210800
39375,0.7,201301210800
39391,2.07,201301210800
39427,2.5,201301210800
39428,0.83,201301210800
39430,2.99,201301210800
39433,1.15,201301210800
39446,0.73,201301210800
39457,0.63,201301210800
39514,1.63,201301210800
39515,2.8,201301210800
39516,0.74,201301210800
39517,2.89,201301210800
39535,2.08,201301210800
39554,2.01,201301210800
39559,2.76,201301210800
39631,1.19,201301210800
39632,0.79,201301210800
39633,2.17,201301210800
39652,0.86,201301210800
39683,2.52,201301210800
39687,1.0,201301210800
39706,0.7,201301210800
39710,2.91,201301210800
39722,2.39,201301210800
39731,1.29,201301210800
39750,2.35,201301210800
39755,2.92,201301210800
39759,2.35,201301210800
39762,1.65,201301210800
39764,2.89,201301210800
39765,0.57,201301210800
39766,0.9,201301210800
39767,0.74,201301210800
39769,0.8,201301210800
39772,1.1,201301210800
39776,1.36,201301210800
39777,0.6,201301210800
39790,2.26,201301210800
39791,2.05,201301210800
39796,2.18,201301210800
39832,2.28,201301210800
39883,1.08,201301210800
39930,0.57,201301210800
39932,2.44,201301210800
39941,1.97,201301210800
39948,2.76,201301210800
39969,1.18,201301210800
40018,2.75,201301210800
40031,1.64,201301210800
40133,2.52,201301210800
40180,1.8,201301210800
40188,1.0,201301210800
40196,2.17,201301210800
40242,2.75,201301210800
40246,1.99,201301210800
40259,2.82,201301210800
40264,1.09,201301210800
40267,0.87,201301210800
40268,1.69,201301210800
40270,2.8,201301210800
40276,1.5,201301210800
40286,2.85,201301210800
40295,2.5,201301210800
40431,0.97,201301210800
40432,0.93,201301210800
40442,2.89,201301210800
40447,1.2,201301210800
40448,1.53,201301210800
40451,1.2,201301210800
40457,2.73,201301210800
40500,2.63,201301210800
40512,2.65,201301210800
40518,1.29,201301210800
40519,2.68,201301210800
40522,0.53,201301210800
40524,2.48,201301210800
40525,2.44,201301210800
40532,2.53,201301210800
40560,2.74,201301210800
40566,0.92,201301210800
40633,2.24,201301210800
40687,1.3,201301210800
40713,1.4,201301210800
40719,1.49,201301210800
40732,0.5,201301210800
40733,2.1,201301210800
40766,1.57,201301210800
40810,1.34,201301210800
40894,0.84,201301210800
40933,0.9,201301210800
40936,1.8,201301210800
40939,2.67,201301210800
40954,0.77,201301210800
40982,1.09,201301210800
41021,1.46,201301210800
41024,1.87,201301210800
41061,1.69,201301210800
41145,1.44,201301210800
41157,1.47,201301210800
41183,2.5,201301210800
41200,2.82,201301210800
41262,2.5,201301210800
41265,2.84,201301210800
41270,2.56,201301210800
41277,1.07,201301210800
41318,2.23,201301210800
41401,2.65,201301210800
41407,2.06,201301210800
41437,0.93,201301210800
41459,0.84,201301210800
41465,2.66,201301210800
41469,2.0,201301210800
41508,2.07,201301210800
41520,1.75,201301210800
41522,0.6,201301210800
41526,2.94,201301210800
41532,2.13,201301210800
41558,2.03,201301210800
41635,1.83,201301210800
41653,1.7,201301210800
41658,1.36,201301210800
41692,2.94,201301210800
41696,0.95,201301210800
41764,1.97,201301210800
41772,0.64,201301210800
41893,2.23,201301210800
41904,1.62,201301210800
41905,0.96,201301210800
41936,2.7,201301210800
41941,1.94,201301210800
41958,2.5,201301210800
41990,1.28,201301210800
42023,1.13,201301210800
42026,1.5,201301210800
42029,2.51,201301210800
42074,2.48,201301210800
42085,1.61,201301210800
42095,2.72,201301210800
42147,0.74,201301210800
42160,2.77,201301210800
42200,1.98,201301210800
42213,1.19,201301210800
42267,1.17,201301210800
42271,1.49,201301210800
42274,1.18,201301210800
42283,2.14,201301210800
42291,2.07,201301210800
42342,1.99,201301210800
42411,1.1,201301210800
42438,0.56,201301210800
42454,2.48,201301210800
42471,0.59,201301210800
42478,1.68,201301210800
42487,0.62,201301210800
42503,1.4,201301210800
42514,1.95,201301210800
42521,0.71,201301210800
42533,2.82,201301210800
42644,1.03,201301210800
42661,2.67,201301210800
42695,1.29,201301210800
42744,2.39,201301210800
42750,1.15,201301210800
42846,0.61,201301210800
42905,1.92,201301210800
42912,1.69,201301210800
42939,1.17,201301210800
42940,2.46,201301210800
42944,1.42,201301210800
42949,0.8,201301210800
43011,1.91,201301210800
43021,0.79,201301210800
43030,1.24,201301210800
43151,0.65,201301210800
43160,1.4,201301210800
43162,0.94,201301210800
43213,1.92,201301210800
43220,2.33,201301210800
43261,2.92,201301210800
43412,2.5,201301210800
43413,1.36,201301210800
43440,2.95,201301210800
43443,1.24,201301210800
43449,0.8,201301210800
43483,2.51,201301210800
43484,2.51,201301210800
43494,2.29,201301210800
43518,1.35,201301210800
43523,2.39,201301210800
43526,2.75,201301210800
43530,0.74,201301210800
43571,1.48,201301210800
43642,1.94,201301210800
43662,2.81,201301210800
43738,2.84,201301210800
43760,1.72,201301210800
43779,1.23,201301210800
43914,0.63,201301210800
43957,2.68,201301210800
43980,1.12,201301210800
43984,2.58,201301210800
43992,0.74,201301210800
43995,1.28,201301210800
44002,0.88,201301210800
44039,1.58,201301210800
44194,1.49,201301210800
44197,2.87,201301210800
44204,1.75,201301210800
44215,2.32,201301210800
44226,1.0,201301210800
44247,1.58,201301210800
44255,1.39,201301210800
44282,0.73,201301210800
44284,0.79,201301210800
44356,2.33,201301210800
44470,2.57,201301210800
44486,1.71,201301210800
44503,0.75,201301210800
44504,1.12,201301210800
44510,0.8,201301210800
44517,2.77,201301210800
44534,1.67,201301210800
44578,0.57,201301210800
44666,2.16,201301210800
44694,0.54,201301210800
44697,2.59,201301210800
44716,2.17,201301210800
44724,2.46,201301210800
44743,2.2,201301210800
44755,1.29,201301210800
44756,1.18,201301210800
44757,1.6,201301210800
44758,0.83,201301210800
44786,2.48,201301210800
44787,2.42,201301210800
44911,1.51,201301210800
44963,1.29,201301210800
45005,1.22,201301210800
45006,2.92,201301210800
45007,1.23,201301210800
45008,1.3,201301210800
45039,1.32,201301210800
45114,2.76,201301210800
45168,1.06,201301210800
45200,0.54,201301210800
45203,0.73,201301210800
45208,1.99,201301210800
45237,1.82,201301210800
45254,2.15,201301210800
45256,1.42,201301210800
45258,1.32,201301210800
45261,0.89,201301210800
45265,2.43,201301210800
45266,2.12,201301210800
45401,2.95,201301210800
45479,1.43,201301210800
45502,2.02,201301210800
45507,1.73,201301210800
45509,2.59,201301210800
45526,1.81,201301210800
45538,2.72,201301210800
45582,2.13,201301210800
45661,1.52,201301210800
45701,2.93,201301210800
45703,2.09,201301210800
45716,0.88,201301210800
45720,2.19,201301210800
45725,2.35,201301210800
45735,0.71,201301210800
45747,2.27,201301210800
45766,1.07,201301210800
45793,1.13,201301210800
45795,1.01,201301210800
45919,2.99,201301210800
45948,1.42,201301210800
46008,1.75,201301210800
46036,1.39,201301210800
46041,2.54,201301210800
46052,2.22,201301210800
46074,0.57,201301210800
46145,1.03,201301210800
46202,0.64,201301210800
46209,2.79,201301210800
46242,0.54,201301210800
46265,1.13,201301210800
46372,2.93,201301210800
46384,0.8,201301210800
46455,2.31,201301210800
46508,1.88,201301210800
46523,1.76,201301210800
46538,0.96,201301210800
46565,2.23,201301210800
46574,0.72,201301210800
46626,1.39,201301210800
46700,1.85,201301210800
46738,2.07,201301210800
46770,0.98,201301210800
46778,1.44,201301210800
46787,2.01,201301210800
46803,2.89,201301210800
46954,0.63,201301210800
46964,1.66,201301210800
46972,1.62,201301210800
46976,1.74,201301210800
46981,1.37,201301210800
47011,2.45,201301210800
47015,2.61,201301210800
47047,0.54,201301210800
47253,0.52,201301210800
47288,1.27,201301210800
47295,1.69,201301210800
47342,2.38,201301210800
47454,2.47,201301210800
47535,2.0,201301210800
47543,2.47,201301210800
47705,2.24,201301210800
47709,1.0,201301210800
47711,2.88,201301210800
47758,2.52,201301210800
47806,2.9,201301210800
47889,2.89,201301210800
47926,0.57,201301210800
47968,0.59,201301210800
47972,1.46,201301210800
47977,2.44,201301210800
47982,2.78,201301210800
48032,0.69,201301210800
48209,0.56,201301210800
48239,2.86,201301210800
48244,1.2,201301210800
48278,1.93,201301210800
48420,1.44,201301210800
48427,2.43,201301210800
48499,1.91,201301210800
48503,1.25,201301210800
48552,2.76,201301210800
48584,2.6,201301210800
48713,2.52,201301210800
48759,0.81,201301210800
48848,0.91,201301210800
48898,1.97,201301210800
49017,2.25,201301210800
49049,2.67,201301210800
49229,1.3,201301210800
49241,2.43,201301210800
49472,0.6,201301210800
49483,2.49,201301210800
49542,2.3,201301210800
49555,0.91,201301210800
49679,2.57,201301210800
49750,2.67,201301210800
49760,2.22,201301210800
49777,2.76,201301210800
49968,0.87,201301210800
50053,1.37,201301210800
50103,2.55,201301210800
50180,1.5,201301210800
50285,1.55,201301210800
50430,2.66,201301210800
50470,0.79,201301210800
50494,2.19,201301210800
50511,0.73,201301210800
50549,2.39,201301210800
50680,2.41,201301210800
50682,1.16,201301210800
50731,1.23,201301210800
50812,1.61,201301210800
50872,2.45,201301210800
51029,2.98,201301210800
51046,2.01,201301210800
51053,0.54,201301210800
51056,1.57,201301210800
51162,2.98,201301210800
51177,0.64,201301210800
51182,2.35,201301210800
51228,1.25,201301210800
51258,2.15,201301210800
51430,0.96,201301210800
51431,0.92,201301210800
51432,1.62,201301210800
51520,0.82,201301210800
51681,0.75,201301210800
51682,1.42,201301210800
51725,2.27,201301210800
51790,1.68,201301210800
51832,0.91,201301210800
51857,1.06,201301210800
51931,2.22,201301210800
51932,1.84,201301210800
51986,1.64,201301210800
52003,1.41,201301210800
52182,0.94,201301210800
52244,2.52,201301210800
52259,1.85,201301210800
52280,1.81,201301210800
52319,2.36,201301210800
52473,1.89,201301210800
52518,2.67,201301210800
52631,1.91,201301210800
52679,1.01,201301210800
52729,2.88,201301210800
52811,2.85,201301210800
52983,1.89,201301210800
52988,2.21,201301210800
52993,3.0,201301210800
53000,0.84,201301210800
53016,2.13,201301210800
53027,2.49,201301210800
53072,1.18,201301210800
53090,0.68,201301210800
53177,1.71,201301210800
53178,1.05,201301210800
53381,2.01,201301210800
53427,2.88,201301210800
53429,2.2,201301210800
53761,1.56,201301210800
53774,1.73,201301210800
53797,1.2,201301210800
53810,2.3,201301210800
53822,1.58,201301210800
53864,1.43,201301210800
53927,1.77,201301210800
54038,2.68,201301210800
54071,1.38,201301210800
54234,2.91,201301210800
54281,1.14,201301210800
54284,0.76,201301210800
54327,2.44,201301210800
54334,1.12,201301210800
54349,2.6,201301210800
54427,2.24,201301210800
54503,2.61,201301210800
54510,1.57,201301210800
54520,0.69,201301210800
54550,2.01,201301210800
54578,1.04,201301210800
54678,1.92,201301210800
54828,1.14,201301210800
54983,1.08,201301210800
54996,2.42,201301210800
55070,2.45,201301210800
55329,0.78,201301210800
55331,2.62,201301210800
55535,2.88,201301210800
55633,2.82,201301210800
55680,1.81,201301210800
55761,1.41,201301210800
55831,1.52,201301210800
55832,0.58,201301210800
55838,1.87,201301210800
55845,2.67,201301210800
56106,1.37,201301210800
56493,2.77,201301210800
56571,1.68,201301210800
56586,0.56,201301210800
56587,2.38,201301210800
56591,1.77,201301210800
56738,1.69,201301210800
56835,1.71,201301210800
56882,0.67,201301210800
56887,1.86,201301210800
56888,2.84,201301210800
56933,1.75,201301210800
56934,1.76,201301210800
57042,1.33,201301210800
57062,2.33,201301210800
57189,2.41,201301210800
57261,2.78,201301210800
57329,2.77,201301210800
57342,1.71,201301210800
57376,1.45,201301210800
57378,2.11,201301210800
57380,2.47,201301210800
57397,2.48,201301210800
57440,2.7,201301210800
57495,2.98,201301210800
57523,2.95,201301210800
57555,2.7,201301210800
57597,1.31,201301210800
57613,2.6,201301210800
57615,2.9,201301210800
57628,1.5,201301210800
57631,2.69,201301210800
57823,0.9,201301210800
57837,2.39,201301210800
57851,1.13,201301210800
57852,2.7,201301210800
57906,0.77,201301210800
58179,2.7,201301210800
58251,1.41,201301210800
58421,2.15,201301210800
58511,2.24,201301210800
58632,1.23,201301210800
58744,2.92,201301210800
58802,1.67,201301210800
58814,1.81,201301210800
58879,1.57,201301210800
58892,2.79,201301210800
59010,2.62,201301210800
59043,2.06,201301210800
59104,1.86,201301210800
59125,2.25,201301210800
59134,2.93,201301210800
59285,1.6,201301210800
59329,1.07,201301210800
59555,1.84,201301210800
59635,1.28,201301210800
59745,0.97,201301210800
59927,0.86,201301210800
59941,2.6,201301210800
60008,0.6,201301210800
60011,2.88,201301210800
60114,1.16,201301210800
60141,2.72,201301210800
60147,1.97,201301210800
60331,2.93,201301210800
60344,2.8,201301210800
60350,0.69,201301210800
60578,2.19,201301210800
60593,2.86,201301210800
60613,2.39,201301210800
60630,2.55,201301210800
60635,2.0,201301210800
60649,1.52,201301210800
60750,1.24,201301210800
60774,1.2,201301210800
60819,1.83,201301210800
60880,1.65,201301210800
60888,1.64,201301210800
61062,0.54,201301210800
61110,2.18,201301210800
61263,2.48,201301210800
61343,2.68,201301210800
61591,1.11,201301210800
61597,0.97,201301210800
61654,2.57,201301210800
61818,0.64,201301210800
62077,1.39,201301210800
62104,0.75,201301210800
62135,1.61,201301210800
62140,1.35,201301210800
62252,2.78,201301210800
62558,1.6,201301210800
62589,2.97,201301210800
62757,2.94,201301210800
62772,0.62,201301210800
62850,2.21,201301210800
62926,3.0,201301210800
62948,2.72,201301210800
63044,1.26,201301210800
63153,2.06,201301210800
63383,2.24,201301210800
63397,1.77,201301210800
63398,1.26,201301210800
63407,2.76,201301210800
63574,2.91,201301210800
63586,2.37,201301210800
63816,0.56,201301210800
64102,1.84,201301210800
64150,2.8,201301210800
64200,1.88,201301210800
64515,2.87,201301210800
64529,1.98,201301210800
64573,2.81,201301210800
64581,1.0,201301210800
64815,2.67,201301210800
64915,2.51,201301210800
65059,1.47,201301210800
65144,2.33,201301210800
65320,1.71,201301210800
65375,2.51,201301210800
65454,2.4,201301210800
65528,1.09,201301210800
65607,2.42,201301210800
65774,2.61,201301210800
65838,2.42,201301210800
66068,1.04,201301210800
66084,0.68,201301210800
66151,2.83,201301210800
66353,2.5,201301210800
66538,2.66,201301210800
66575,0.58,201301210800
66637,2.61,201301210800
66827,1.87,201301210800
66870,2.63,201301210800
67110,1.58,201301210800
67207,2.26,201301210800
67335,1.12,201301210800
67385,1.43,201301210800
67599,1.05,201301210800
67601,1.9,201301210800
67602,2.68,201301210800
67698,1.61,201301210800
67824,2.15,201301210800
67842,0.65,201301210800
67854,1.38,201301210800
67855,2.28,201301210800
67918,0.53,201301210800
68103,0.84,201301210800
68104,0.95,201301210800
68110,1.18,201301210800
68111,2.78,201301210800
68349,1.68,201301210800
68354,0.7,201301210800
68356,1.25,201301210800
68454,0.83,201301210800
68455,2.61,201301210800
68587,2.23,201301210800
68857,1.44,201301210800
68858,1.86,201301210800
68897,2.36,201301210800
68924,1.04,201301210800
68930,0.88,201301210800
69106,0.87,201301210800
69190,2.19,201301210800
69206,1.67,201301210800
69359,1.83,201301210800
69371,0.58,201301210800
69455,2.95,201301210800
69582,2.2,201301210800
69613,0.98,201301210800
69676,0.59,201301210800
70115,1.29,201301210800
70132,0.6,201301210800
70181,1.72,201301210800
70342,2.44,201301210800
70352,0.94,201301210800
70360,1.75,201301210800
70374,2.95,201301210800
70440,1.0,201301210800
70462,2.89,201301210800
70619,1.0,201301210800
70659,1.39,201301210800
70715,2.89,201301210800
70903,1.28,201301210800
70934,1.39,201301210800
70961,2.87,201301210800
71122,2.78,201301210800
71187,2.45,201301210800
71399,2.0,201301210800
71601,1.17,201301210800
71629,2.27,201301210800
71888,2.85,201301210800
71961,2.36,201301210800
71964,1.6,201301210800
72201,2.55,201301210800
72218,0.97,201301210800
72345,1.41,201301210800
72367,2.99,201301210800
72407,1.32,201301210800
72416,1.99,201301210800
72706,1.15,201301210800
72894,0.72,201301210800
73104,0.52,201301210800
73135,2.14,201301210800
73211,0.72,201301210800
73223,0.85,201301210800
73451,2.84,201301210800
73460,2.36,201301210800
73461,1.15,201301210800
73557,1.55,201301210800
73669,2.99,201301210800
74158,2.31,201301210800
74216,1.68,201301210800
74388,1.2,201301210800
74396,1.95,201301210800
74466,1.35,201301210800
74467,0.86,201301210800
74638,1.36,201301210800
74677,0.91,201301210800
74678,0.89,201301210800
74711,1.44,201301210800
74721,1.19,201301210800
74962,1.67,201301210800
74968,2.38,201301210800
74973,2.0,201301210800
75224,2.69,201301210800
75329,0.9,201301210800
75386,1.86,201301210800
75424,2.86,201301210800
75436,1.85,201301210800
75475,0.79,201301210800
75619,1.1,201301210800
75721,1.58,201301210800
75722,1.76,201301210800
75724,1.58,201301210800
75725,1.95,201301210800
75726,2.5,201301210800
75727,2.67,201301210800
75974,0.84,201301210800
75975,1.21,201301210800
76133,1.62,201301210800
76227,0.82,201301210800
76393,1.46,201301210800
76473,2.54,201301210800
76477,1.78,201301210800
76654,2.06,201301210800
76728,0.94,201301210800
76959,2.19,201301210800
77169,2.48,201301210800
77230,1.48,201301210800
77381,2.96,201301210800
77458,1.83,201301210800
77641,1.88,201301210800
77942,2.87,201301210800
77981,1.54,201301210800
78205,1.31,201301210800
78418,1.73,201301210800
78654,0.9,201301210800
78733,2.89,201301210800
78881,1.97,201301210800
78896,0.52,201301210800
78909,1.72,201301210800
78983,1.71,201301210800
79234,2.26,201301210800
79379,1.73,201301210800
79394,1.8,201301210800
79484,2.64,201301210800
79712,0.97,201301210800
79911,1.88,201301210800
79915,1.21,201301210800
80160,1.24,201301210800
80161,2.15,201301210800
80193,1.26,201301210800
80352,2.3,201301210800
80397,0.68,201301210800
80406,2.87,201301210800
80411,2.29,201301210800
80412,2.4,201301210800
80413,2.1,201301210800
80420,2.56,201301210800
80485,2.69,201301210800
80635,2.19,201301210800
80659,1.55,201301210800
80663,2.54,201301210800
80664,1.48,201301210800
80703,2.79,201301210800
80877,2.4,201301210800
80916,1.09,201301210800
81163,0.83,201301210800
81164,1.89,201301210800
81354,1.07,201301210800
81363,1.29,201301210800
81390,2.7,201301210800
81625,2.98,201301210800
81651,2.4,201301210800
81899,0.62,201301210800
82135,2.45,201301210800
82168,2.33,201301210800
82169,1.44,201301210800
82237,2.65,201301210800
82613,1.35,201301210800
82622,2.17,201301210800
82664,2.89,201301210800
82892,0.67,201301210800
82951,2.82,201301210800
83410,0.79,201301210800
83489,0.97,201301210800
83735,1.25,201301210800
83865,1.07,201301210800
84123,1.59,201301210800
84179,1.47,201301210800
84207,2.69,201301210800
84212,1.85,201301210800
84221,0.64,201301210800
84366,0.75,201301210800
84689,2.66,201301210800
84712,2.09,201301210800
84902,1.53,201301210800
85474,2.09,201301210800
85487,1.43,201301210800
85620,1.85,201301210800
85705,2.4,201301210800
85715,1.1,201301210800
85738,2.42,201301210800
86440,1.79,201301210800
86622,0.55,201301210800
86623,0.59,201301210800
86672,0.66,201301210800
86873,2.67,201301210800
86895,2.98,201301210800
87121,2.3,201301210800
87227,2.73,201301210800
87460,2.2,201301210800
87690,1.32,201301210800
87873,1.93,201301210800
88242,0.93,201301210800
88463,1.03,201301210800
89120,2.7,201301210800
89152,2.55,201301210800
89175,2.16,201301210800
89198,2.67,201301210800
89615,0.61,201301210800
89625,1.92,201301210800
90116,1.35,201301210800
90183,2.89,201301210800
90497,0.68,201301210800
90699,1.89,201301210800
90719,2.2,201301210800
91200,1.46,201301210800
91432,2.79,201301210800
91434,0.6,201301210800
91684,0.88,201301210800
91713,0.91,201301210800
91744,1.85,201301210800
92233,2.4,201301210800
93205,1.78,201301210800
93244,2.89,201301210800
93252,0.77,201301210800
93463,0.78,201301210800
93675,1.75,201301210800
93944,2.99,201301210800
94431,0.64,201301210800
94710,2.6,201301210800
94755,0.52,201301210800
94997,2.98,201301210800
95000,2.59,201301210800
95707,2.06,201301210800
95949,1.57,201301210800
95998,1.22,201301210800
96188,2.8,201301210800
96225,1.73,201301210800
96249,2.1,201301210800
96468,2.96,201301210800
96486,1.95,201301210800
96718,1.79,201301210800
96972,0.54,201301210800
96995,0.9,201301210800
97251,2.24,201301210800
97440,0.6,201301210800
97471,0.67,201301210800
97969,2.83,201301210800
97990,1.3,201301210800
98224,1.4,201301210800
98229,2.86,201301210800
98450,0.84,201301210800
98475,1.92,201301210800
98739,1.85,201301210800
99256,1.42,201301210800
99468,1.35,201301210800
99730,1.58,201301210800
101215,1.31,201301210800
101911,2.74,201301210800
101912,2.22,201301210800
101989,2.12,201301210800
102999,0.64,201301210800
103242,1.65,201301210800
103431,2.71,201301210800
104177,2.12,201301210800
104221,2.58,201301210800
104239,2.21,201301210800
104701,2.08,201301210800
104984,0.68,201301210800
105196,1.44,201301210800
105219,1.76,201301210800
105460,1.69,201301210800
105461,1.0,201301210800
105481,0.66,201301210800
105489,0.68,201301210800
105709,1.75,201301210800
105710,1.57,201301210800
105711,1.56,201301210800
105712,1.45,201301210800
105713,0.7,201301210800
105715,1.29,201301210800
105726,1.29,201301210800
105727,1.18,201301210800
105736,0.94,201301210800
105960,1.48,201301210800
105961,0.97,201301210800
105962,1.59,201301210800
105963,1.83,201301210800
105964,0.84,201301210800
105975,2.07,201301210800
106195,1.7,201301210800
106213,1.18,201301210800
106214,2.95,201301210800
106215,0.61,201301210800
106221,2.72,201301210800
106231,1.99,201301210800
106232,0.76,201301210800
106234,2.91,201301210800
106235,0.81,201301210800
106237,2.41,201301210800
106446,2.76,201301210800
106447,1.43,201301210800
106462,2.92,201301210800
106463,1.82,201301210800
106465,2.94,201301210800
106466,1.97,201301210800
106467,2.94,201301210800
106480,1.73,201301210800
106712,2.58,201301210800
106717,2.68,201301210800
106718,2.35,201301210800
106741,1.27,201301210800
106958,2.87,201301210800
106964,0.79,201301210800
106965,0.54,201301210800
106966,2.18,201301210800
106967,1.68,201301210800
106971,1.46,201301210800
106983,2.02,201301210800
106997,2.91,201301210800
107200,0.55,201301210800
107212,0.91,201301210800
107219,1.99,201301210800
107240,2.06,201301210800
107460,0.98,201301210800
107465,0.95,201301210800
107466,2.52,201301210800
107468,2.73,201301210800
107491,2.03,201301210800
107711,0.91,201301210800
107725,0.91,201301210800
107726,1.05,201301210800
107954,1.63,201301210800
107966,2.66,201301210800
107971,0.68,201301210800
107979,0.78,201301210800
107993,2.49,201301210800
108205,2.42,201301210800
108211,2.88,201301210800
108214,2.58,201301210800
108215,1.38,201301210800
108217,1.47,201301210800
108219,0.65,201301210800
108220,2.28,201301210800
108222,1.12,201301210800
108225,1.28,201301210800
108230,1.84,201301210800
108454,0.79,201301210800
108463,1.22,201301210800
108499,1.01,201301210800
108717,1.4,201301210800
108722,1.65,201301210800
108724,1.2,201301210800
108733,1.36,201301210800
108968,1.07,201301210800
108975,1.73,201301210800
108984,1.28,201301210800
108985,1.51,201301210800
109216,1.28,201301210800
109219,1.64,201301210800
109222,1.08,201301210800
109227,1.31,201301210800
109231,0.63,201301210800
109236,2.55,201301210800
109245,2.87,201301210800
109473,2.34,201301210800
109487,2.66,201301210800
109494,1.29,201301210800
109495,2.55,201301210800
109496,2.26,201301210800
109497,1.09,201301210800
109742,2.38,201301210800
109744,1.06,201301210800
109748,1.69,201301210800
109750,0.67,201301210800
109980,0.61,201301210800
109991,2.15,201301210800
109994,1.48,201301210800
109998,1.24,201301210800
110001,0.86,201301210800
110243,1.32,201301210800
110247,0.9,201301210800
110249,1.27,201301210800
110251,2.44,201301210800
110253,1.49,201301210800
110254,2.53,201301210800
