cell,mobility,dtg
1610,1.49,201301311600
1846,2.33,201301311600
1851,1.94,201301311600
1853,0.98,201301311600
1856,2.8,201301311600
1857,0.8,201301311600
2103,0.9,201301311600
2105,2.28,201301311600
2106,1.04,201301311600
2107,0.5,201301311600
2114,1.11,201301311600
2342,2.57,201301311600
2347,2.94,201301311600
2351,2.67,201301311600
2354,0.92,201301311600
2357,2.77,201301311600
2372,1.28,201301311600
2374,2.36,201301311600
2591,1.36,201301311600
2595,0.85,201301311600
2605,2.56,201301311600
2611,1.51,201301311600
2615,2.55,201301311600
2620,1.43,201301311600
2627,1.47,201301311600
2839,2.49,201301311600
2847,1.58,201301311600
3086,1.79,201301311600
3094,1.48,201301311600
3100,0.58,201301311600
3124,2.21,201301311600
3128,1.08,201301311600
3334,1.97,201301311600
3337,0.61,201301311600
3375,1.4,201301311600
3614,2.11,201301311600
3619,1.02,201301311600
3632,1.77,201301311600
3635,0.93,201301311600
3830,1.91,201301311600
3831,2.67,201301311600
3833,0.7,201301311600
3837,1.96,201301311600
3845,2.68,201301311600
3856,2.02,201301311600
3860,1.06,201301311600
3865,1.89,201301311600
4078,2.52,201301311600
4081,2.4,201301311600
4137,0.88,201301311600
4141,0.92,201301311600
4142,0.69,201301311600
4328,0.96,201301311600
4329,0.96,201301311600
4341,2.97,201301311600
4345,1.72,201301311600
4348,1.32,201301311600
4354,0.97,201301311600
4372,2.91,201301311600
4577,2.63,201301311600
4578,0.69,201301311600
4580,2.95,201301311600
4582,2.88,201301311600
4605,2.5,201301311600
4608,0.99,201301311600
4631,1.16,201301311600
4636,0.69,201301311600
4637,1.93,201301311600
4829,1.54,201301311600
4830,1.79,201301311600
4831,1.79,201301311600
4834,1.94,201301311600
4837,1.87,201301311600
4852,2.09,201301311600
4863,1.86,201301311600
4868,2.44,201301311600
4890,2.81,201301311600
4891,1.33,201301311600
5078,1.66,201301311600
5081,2.45,201301311600
5084,1.93,201301311600
5127,1.05,201301311600
5153,2.58,201301311600
5327,2.49,201301311600
5329,2.73,201301311600
5333,1.24,201301311600
5334,1.71,201301311600
5339,1.99,201301311600
5369,2.67,201301311600
5402,2.85,201301311600
5410,1.42,201301311600
5577,2.64,201301311600
5581,1.25,201301311600
5592,2.11,201301311600
5612,0.99,201301311600
5623,2.94,201301311600
5876,2.01,201301311600
5893,2.94,201301311600
5898,0.53,201301311600
6078,2.34,201301311600
6118,1.8,201301311600
6136,1.98,201301311600
6158,2.04,201301311600
6159,2.29,201301311600
6333,1.22,201301311600
6353,1.07,201301311600
6365,1.53,201301311600
6366,2.11,201301311600
6414,0.87,201301311600
6588,2.97,201301311600
6609,2.29,201301311600
6635,0.7,201301311600
6668,2.39,201301311600
6841,0.5,201301311600
6849,1.1,201301311600
6896,2.11,201301311600
6924,2.55,201301311600
6928,0.54,201301311600
6935,2.44,201301311600
6939,1.44,201301311600
7077,2.44,201301311600
7078,1.17,201301311600
7085,2.92,201301311600
7088,0.97,201301311600
7113,1.37,201301311600
7114,0.87,201301311600
7129,0.75,201301311600
7133,1.92,201301311600
7165,1.16,201301311600
7192,0.81,201301311600
7354,1.31,201301311600
7375,2.53,201301311600
7379,2.52,201301311600
7401,1.11,201301311600
7410,2.35,201301311600
7436,0.59,201301311600
7584,1.4,201301311600
7646,0.77,201301311600
7849,2.5,201301311600
7871,1.58,201301311600
7927,2.41,201301311600
7948,1.6,201301311600
8080,2.7,201301311600
8170,1.52,201301311600
8182,2.43,201301311600
8195,2.48,201301311600
8342,2.37,201301311600
8582,2.92,201301311600
8602,1.16,201301311600
8609,2.29,201301311600
8638,0.76,201301311600
8656,1.03,201301311600
8830,1.68,201301311600
8839,2.21,201301311600
8876,1.57,201301311600
8897,0.92,201301311600
8912,1.68,201301311600
8918,1.07,201301311600
8929,1.5,201301311600
8940,0.52,201301311600
8954,0.57,201301311600
9140,1.0,201301311600
9333,0.89,201301311600
9468,0.89,201301311600
9473,2.0,201301311600
9589,0.93,201301311600
9601,1.13,201301311600
9607,2.33,201301311600
9658,2.07,201301311600
9724,1.85,201301311600
9833,0.78,201301311600
10084,2.08,201301311600
10089,1.53,201301311600
10096,1.76,201301311600
10144,2.58,201301311600
10170,1.97,201301311600
10181,0.59,201301311600
10189,1.26,201301311600
10201,2.92,201301311600
10334,2.24,201301311600
10335,1.7,201301311600
10383,2.95,201301311600
10414,1.52,201301311600
10444,0.86,201301311600
10458,2.95,201301311600
10477,0.93,201301311600
10586,1.71,201301311600
10601,0.57,201301311600
10609,2.99,201301311600
10616,0.9,201301311600
10633,1.82,201301311600
10655,2.68,201301311600
10665,1.91,201301311600
10681,2.4,201301311600
10717,0.93,201301311600
10835,1.95,201301311600
10837,0.98,201301311600
10847,1.61,201301311600
10903,2.6,201301311600
10911,1.97,201301311600
10918,1.7,201301311600
10973,2.68,201301311600
11087,2.92,201301311600
11092,0.94,201301311600
11128,1.84,201301311600
11222,2.03,201301311600
11223,2.17,201301311600
11225,2.07,201301311600
11238,2.06,201301311600
11361,1.15,201301311600
11393,2.81,201301311600
11424,1.91,201301311600
11601,2.48,201301311600
11682,0.6,201301311600
11704,0.94,201301311600
11858,1.62,201301311600
11884,2.41,201301311600
11901,2.88,201301311600
11946,1.98,201301311600
11960,0.77,201301311600
11972,1.17,201301311600
12089,2.44,201301311600
12090,2.59,201301311600
12096,2.23,201301311600
12120,2.37,201301311600
12157,2.93,201301311600
12230,2.34,201301311600
12383,1.07,201301311600
12431,1.63,201301311600
12601,2.51,201301311600
12625,1.97,201301311600
12632,0.87,201301311600
12842,2.61,201301311600
12875,2.83,201301311600
12901,2.61,201301311600
12913,2.4,201301311600
12933,0.71,201301311600
12934,0.76,201301311600
12985,2.98,201301311600
13099,1.88,201301311600
13114,2.57,201301311600
13150,1.23,201301311600
13175,1.69,201301311600
13183,2.07,201301311600
13222,1.77,201301311600
13358,2.28,201301311600
13444,2.25,201301311600
13455,1.3,201301311600
13456,1.62,201301311600
13670,1.8,201301311600
13694,2.43,201301311600
13845,2.01,201301311600
13849,2.33,201301311600
14011,1.91,201301311600
14095,2.98,201301311600
14133,2.82,201301311600
14161,1.32,201301311600
14167,2.67,201301311600
14184,1.97,201301311600
14241,2.76,201301311600
14255,0.7,201301311600
14349,1.19,201301311600
14350,0.57,201301311600
14375,2.04,201301311600
14452,2.59,201301311600
14475,1.55,201301311600
14620,2.96,201301311600
14673,0.51,201301311600
14745,1.19,201301311600
14859,0.61,201301311600
14936,2.78,201301311600
14995,1.04,201301311600
15097,2.52,201301311600
15098,2.35,201301311600
15246,2.08,201301311600
15349,2.59,201301311600
15440,1.53,201301311600
15600,1.59,201301311600
15656,2.62,201301311600
15672,1.7,201301311600
15699,1.35,201301311600
15714,2.63,201301311600
15725,1.31,201301311600
15744,2.25,201301311600
15849,2.76,201301311600
15850,1.31,201301311600
15851,1.37,201301311600
15853,0.81,201301311600
15871,2.96,201301311600
16100,1.98,201301311600
16105,2.43,201301311600
16114,1.01,201301311600
16171,1.72,201301311600
16184,0.6,201301311600
16400,0.69,201301311600
16414,1.2,201301311600
16601,1.06,201301311600
16604,0.9,201301311600
16625,2.95,201301311600
16670,1.03,201301311600
16853,0.62,201301311600
16868,0.67,201301311600
16932,2.94,201301311600
17232,1.08,201301311600
17355,2.3,201301311600
17358,1.16,201301311600
17367,0.9,201301311600
17635,0.55,201301311600
17673,2.36,201301311600
17681,1.34,201301311600
17884,1.81,201301311600
17984,2.77,201301311600
18108,0.71,201301311600
18115,1.83,201301311600
18118,1.95,201301311600
18123,2.01,201301311600
18139,1.23,201301311600
18154,1.97,201301311600
18160,2.37,201301311600
18177,0.66,201301311600
18185,2.84,201301311600
18383,2.76,201301311600
18404,1.95,201301311600
18427,2.26,201301311600
18466,1.92,201301311600
18616,0.69,201301311600
18629,2.25,201301311600
18861,1.42,201301311600
18866,1.49,201301311600
18925,1.83,201301311600
19110,2.9,201301311600
19112,2.65,201301311600
19114,1.02,201301311600
19122,2.66,201301311600
19360,0.72,201301311600
19443,2.19,201301311600
19481,2.5,201301311600
19611,1.5,201301311600
19612,2.11,201301311600
19618,1.83,201301311600
19633,2.08,201301311600
19678,0.65,201301311600
19878,1.98,201301311600
19913,2.37,201301311600
20113,2.93,201301311600
20114,1.48,201301311600
20116,1.31,201301311600
20170,1.61,201301311600
20363,2.57,201301311600
20387,1.41,201301311600
20396,1.08,201301311600
20436,2.93,201301311600
20616,0.67,201301311600
20621,1.79,201301311600
20628,2.64,201301311600
20651,1.04,201301311600
20671,2.0,201301311600
20682,0.61,201301311600
20864,2.79,201301311600
20882,0.62,201301311600
20931,0.53,201301311600
20995,1.14,201301311600
21115,1.65,201301311600
21118,1.03,201301311600
21201,1.36,201301311600
21373,2.49,201301311600
21377,1.03,201301311600
21392,0.68,201301311600
21407,0.57,201301311600
21428,2.83,201301311600
21448,2.99,201301311600
21617,2.62,201301311600
21619,0.87,201301311600
21639,2.32,201301311600
21658,0.73,201301311600
21663,2.54,201301311600
21701,2.06,201301311600
21721,1.43,201301311600
21868,1.89,201301311600
21871,1.71,201301311600
21999,2.57,201301311600
22126,2.51,201301311600
22133,1.65,201301311600
22174,0.66,201301311600
22176,0.98,201301311600
22205,0.54,201301311600
22368,2.8,201301311600
22395,2.98,201301311600
22419,1.02,201301311600
22420,0.58,201301311600
22421,0.98,201301311600
22422,2.83,201301311600
22619,1.17,201301311600
22630,1.62,201301311600
22634,2.08,201301311600
22671,0.73,201301311600
22673,1.92,201301311600
22700,2.86,201301311600
22751,1.89,201301311600
22768,1.69,201301311600
22869,2.21,201301311600
22877,1.78,201301311600
22928,1.54,201301311600
22940,2.2,201301311600
22955,2.26,201301311600
22963,0.94,201301311600
22966,2.44,201301311600
23120,1.34,201301311600
23124,1.97,201301311600
23125,1.97,201301311600
23131,2.45,201301311600
23138,1.18,201301311600
23169,0.65,201301311600
23194,0.7,201301311600
23216,0.81,201301311600
23370,2.62,201301311600
23371,2.9,201301311600
23379,2.73,201301311600
23386,2.58,201301311600
23388,1.54,201301311600
23427,2.57,201301311600
23621,1.12,201301311600
23627,2.53,201301311600
23635,1.93,201301311600
23641,1.8,201301311600
23662,1.12,201301311600
23669,1.92,201301311600
23690,2.48,201301311600
23744,2.36,201301311600
23750,2.09,201301311600
23872,1.92,201301311600
23873,2.03,201301311600
23875,2.01,201301311600
23881,0.52,201301311600
23894,2.47,201301311600
23896,1.89,201301311600
23907,0.77,201301311600
23925,1.96,201301311600
23973,1.08,201301311600
24005,1.01,201301311600
24009,2.4,201301311600
24032,0.67,201301311600
24122,2.1,201301311600
24123,2.59,201301311600
24149,1.69,201301311600
24247,2.33,201301311600
24251,1.18,201301311600
24265,0.73,201301311600
24266,2.76,201301311600
24373,2.26,201301311600
24374,2.96,201301311600
24380,1.37,201301311600
24381,1.89,201301311600
24383,1.87,201301311600
24387,1.86,201301311600
24402,2.37,201301311600
24405,2.35,201301311600
24423,1.8,201301311600
24623,0.58,201301311600
24626,2.49,201301311600
24643,1.81,201301311600
24732,2.91,201301311600
24734,0.56,201301311600
24739,2.25,201301311600
24774,2.24,201301311600
24775,1.89,201301311600
24781,2.04,201301311600
24837,1.14,201301311600
24874,1.12,201301311600
24877,0.88,201301311600
24879,1.2,201301311600
24880,0.68,201301311600
24895,2.72,201301311600
24920,1.61,201301311600
24990,2.29,201301311600
24991,0.56,201301311600
24993,0.65,201301311600
25124,1.32,201301311600
25125,2.35,201301311600
25126,0.59,201301311600
25129,0.6,201301311600
25130,2.21,201301311600
25132,2.72,201301311600
25136,1.4,201301311600
25138,2.29,201301311600
25141,2.23,201301311600
25179,1.92,201301311600
25187,0.65,201301311600
25375,2.86,201301311600
25376,2.99,201301311600
25377,2.51,201301311600
25379,1.06,201301311600
25385,2.17,201301311600
25395,1.21,201301311600
25400,0.67,201301311600
25405,1.18,201301311600
25412,0.9,201301311600
25427,2.37,201301311600
25626,2.86,201301311600
25627,1.92,201301311600
25628,2.05,201301311600
25629,2.38,201301311600
25632,1.88,201301311600
25633,1.51,201301311600
25642,2.99,201301311600
25715,2.47,201301311600
25747,0.65,201301311600
25763,0.94,201301311600
25876,1.16,201301311600
25877,2.21,201301311600
25878,2.1,201301311600
25881,1.61,201301311600
25882,2.42,201301311600
25886,0.82,201301311600
25888,1.46,201301311600
25926,2.25,201301311600
25997,0.77,201301311600
26005,2.53,201301311600
26035,2.38,201301311600
26127,1.04,201301311600
26129,0.66,201301311600
26130,2.32,201301311600
26133,0.66,201301311600
26135,2.21,201301311600
26136,1.61,201301311600
26138,2.37,201301311600
26139,0.62,201301311600
26141,0.91,201301311600
26148,0.73,201301311600
26168,2.7,201301311600
26378,0.78,201301311600
26379,0.92,201301311600
26380,2.9,201301311600
26381,1.79,201301311600
26382,2.71,201301311600
26383,1.97,201301311600
26385,1.7,201301311600
26386,1.89,201301311600
26387,1.14,201301311600
26389,2.86,201301311600
26391,0.85,201301311600
26392,1.4,201301311600
26393,2.97,201301311600
26396,2.35,201301311600
26403,1.5,201301311600
26408,1.52,201301311600
26427,0.68,201301311600
26450,0.58,201301311600
26492,2.8,201301311600
26546,2.21,201301311600
26563,2.25,201301311600
26564,1.52,201301311600
26628,2.25,201301311600
26629,0.8,201301311600
26630,0.59,201301311600
26631,2.25,201301311600
26633,2.84,201301311600
26634,2.47,201301311600
26656,2.72,201301311600
26674,1.76,201301311600
26708,2.86,201301311600
26752,0.7,201301311600
26754,1.97,201301311600
26755,0.72,201301311600
26782,2.61,201301311600
26846,0.56,201301311600
26879,2.23,201301311600
26880,1.71,201301311600
26881,0.63,201301311600
26882,1.73,201301311600
26883,0.76,201301311600
26884,2.82,201301311600
26885,2.23,201301311600
26886,1.63,201301311600
26887,1.55,201301311600
26889,2.37,201301311600
26890,2.5,201301311600
26891,1.7,201301311600
26892,1.12,201301311600
26893,1.22,201301311600
26894,1.79,201301311600
26895,2.76,201301311600
26897,2.66,201301311600
26905,1.85,201301311600
26938,0.96,201301311600
26964,0.66,201301311600
27006,1.71,201301311600
27042,1.0,201301311600
27098,0.92,201301311600
27130,2.13,201301311600
27131,1.38,201301311600
27132,2.93,201301311600
27133,0.74,201301311600
27134,1.66,201301311600
27135,0.93,201301311600
27136,1.02,201301311600
27137,1.18,201301311600
27138,0.92,201301311600
27142,0.53,201301311600
27143,2.25,201301311600
27145,0.78,201301311600
27148,1.45,201301311600
27149,1.79,201301311600
27152,0.98,201301311600
27155,0.54,201301311600
27175,1.98,201301311600
27209,0.72,201301311600
27247,0.56,201301311600
27381,1.63,201301311600
27382,1.79,201301311600
27383,1.57,201301311600
27384,1.29,201301311600
27386,2.83,201301311600
27387,0.83,201301311600
27388,1.17,201301311600
27389,1.61,201301311600
27390,0.86,201301311600
27392,2.15,201301311600
27395,1.46,201301311600
27404,1.16,201301311600
27415,0.97,201301311600
27427,1.1,201301311600
27489,2.86,201301311600
27494,0.82,201301311600
27498,0.76,201301311600
27518,0.69,201301311600
27632,2.08,201301311600
27633,1.73,201301311600
27634,1.23,201301311600
27635,0.52,201301311600
27636,1.04,201301311600
27637,2.77,201301311600
27638,1.15,201301311600
27639,2.74,201301311600
27640,1.71,201301311600
27642,1.2,201301311600
27643,2.59,201301311600
27645,2.01,201301311600
27646,2.72,201301311600
27647,1.86,201301311600
27649,2.93,201301311600
27654,1.42,201301311600
27763,2.37,201301311600
27764,1.28,201301311600
27796,1.14,201301311600
27797,2.38,201301311600
27883,2.75,201301311600
27884,0.66,201301311600
27885,2.06,201301311600
27886,2.7,201301311600
27887,2.21,201301311600
27888,1.32,201301311600
27889,1.47,201301311600
27890,2.24,201301311600
27891,1.9,201301311600
27892,2.1,201301311600
27894,1.79,201301311600
27895,1.63,201301311600
27897,1.71,201301311600
27902,1.58,201301311600
27908,1.85,201301311600
27911,1.1,201301311600
27930,2.36,201301311600
27971,1.41,201301311600
28004,1.45,201301311600
28015,1.88,201301311600
28049,2.08,201301311600
28102,2.85,201301311600
28134,1.73,201301311600
28135,2.28,201301311600
28136,2.52,201301311600
28137,2.65,201301311600
28138,2.17,201301311600
28139,0.86,201301311600
28140,1.8,201301311600
28142,1.25,201301311600
28143,1.66,201301311600
28144,2.44,201301311600
28146,0.54,201301311600
28154,1.01,201301311600
28156,0.89,201301311600
28216,1.46,201301311600
28239,2.41,201301311600
28384,2.66,201301311600
28385,0.89,201301311600
28386,0.78,201301311600
28387,2.5,201301311600
28388,2.37,201301311600
28389,1.34,201301311600
28390,0.7,201301311600
28391,0.6,201301311600
28392,1.69,201301311600
28393,2.2,201301311600
28394,1.38,201301311600
28396,1.31,201301311600
28397,2.91,201301311600
28400,1.21,201301311600
28401,1.82,201301311600
28405,0.9,201301311600
28427,2.86,201301311600
28467,1.72,201301311600
28496,2.01,201301311600
28497,2.04,201301311600
28519,0.75,201301311600
28535,1.6,201301311600
28539,2.93,201301311600
28545,2.23,201301311600
28557,1.88,201301311600
28635,2.04,201301311600
28636,2.68,201301311600
28637,1.8,201301311600
28638,2.55,201301311600
28639,1.6,201301311600
28640,1.86,201301311600
28641,1.88,201301311600
28642,1.26,201301311600
28643,2.63,201301311600
28644,0.69,201301311600
28645,1.39,201301311600
28646,2.16,201301311600
28649,3.0,201301311600
28658,0.54,201301311600
28667,0.96,201301311600
28675,0.72,201301311600
28751,0.69,201301311600
28753,0.91,201301311600
28754,2.37,201301311600
28788,2.04,201301311600
28812,0.53,201301311600
28823,2.56,201301311600
28886,2.8,201301311600
28887,1.11,201301311600
28888,2.4,201301311600
28889,2.11,201301311600
28890,2.16,201301311600
28891,0.95,201301311600
28892,0.83,201301311600
28893,2.75,201301311600
28894,2.41,201301311600
28895,2.61,201301311600
28896,1.48,201301311600
28897,1.74,201301311600
28899,1.41,201301311600
28900,2.65,201301311600
28901,1.31,201301311600
28902,2.67,201301311600
28905,0.99,201301311600
28912,1.15,201301311600
28960,1.34,201301311600
28969,0.92,201301311600
29004,2.93,201301311600
29012,1.14,201301311600
29026,1.82,201301311600
29068,1.17,201301311600
29076,1.5,201301311600
29088,2.61,201301311600
29094,1.96,201301311600
29136,0.74,201301311600
29137,2.58,201301311600
29138,2.49,201301311600
29139,1.08,201301311600
29140,1.36,201301311600
29141,1.62,201301311600
29142,2.44,201301311600
29143,2.99,201301311600
29144,1.67,201301311600
29146,2.8,201301311600
29147,1.35,201301311600
29148,0.83,201301311600
29149,1.51,201301311600
29151,0.87,201301311600
29158,2.77,201301311600
29165,1.44,201301311600
29171,1.36,201301311600
29190,2.59,201301311600
29247,2.19,201301311600
29387,0.99,201301311600
29388,2.87,201301311600
29389,1.7,201301311600
29390,1.89,201301311600
29391,1.67,201301311600
29392,1.05,201301311600
29393,1.66,201301311600
29394,1.16,201301311600
29395,2.13,201301311600
29396,0.86,201301311600
29397,1.68,201301311600
29398,1.06,201301311600
29399,0.85,201301311600
29401,2.14,201301311600
29402,1.51,201301311600
29403,0.7,201301311600
29405,1.76,201301311600
29409,2.56,201301311600
29425,1.27,201301311600
29429,0.99,201301311600
29495,1.87,201301311600
29498,0.74,201301311600
29533,1.94,201301311600
29556,2.37,201301311600
29638,0.76,201301311600
29639,1.51,201301311600
29640,0.55,201301311600
29641,1.25,201301311600
29642,1.12,201301311600
29643,1.88,201301311600
29644,0.6,201301311600
29645,2.56,201301311600
29648,1.64,201301311600
29649,2.59,201301311600
29650,1.87,201301311600
29654,1.94,201301311600
29663,2.69,201301311600
29670,1.25,201301311600
29710,2.38,201301311600
29730,2.72,201301311600
29733,1.49,201301311600
29736,2.34,201301311600
29766,1.9,201301311600
29891,1.67,201301311600
29892,2.52,201301311600
29893,1.56,201301311600
29894,0.9,201301311600
29895,2.09,201301311600
29896,2.79,201301311600
29897,1.34,201301311600
29898,2.3,201301311600
29900,2.19,201301311600
29903,1.54,201301311600
29906,2.14,201301311600
29909,1.21,201301311600
29912,1.41,201301311600
29917,2.97,201301311600
29925,2.87,201301311600
29966,1.83,201301311600
30021,0.95,201301311600
30026,1.6,201301311600
30036,0.61,201301311600
30142,2.64,201301311600
30143,1.42,201301311600
30144,0.67,201301311600
30145,2.1,201301311600
30146,2.27,201301311600
30147,1.57,201301311600
30148,0.87,201301311600
30152,1.04,201301311600
30154,1.49,201301311600
30157,2.41,201301311600
30158,1.27,201301311600
30181,2.78,201301311600
30242,0.87,201301311600
30243,2.27,201301311600
30244,1.38,201301311600
30261,1.47,201301311600
30300,2.01,201301311600
30322,1.08,201301311600
30393,1.68,201301311600
30394,2.68,201301311600
30395,1.54,201301311600
30396,1.45,201301311600
30397,1.72,201301311600
30398,1.19,201301311600
30400,1.16,201301311600
30401,0.6,201301311600
30403,1.96,201301311600
30407,1.75,201301311600
30410,0.89,201301311600
30420,0.67,201301311600
30430,1.77,201301311600
30434,1.75,201301311600
30439,1.1,201301311600
30481,2.18,201301311600
30489,0.8,201301311600
30494,0.84,201301311600
30495,2.44,201301311600
30496,1.88,201301311600
30645,1.21,201301311600
30646,0.81,201301311600
30647,1.63,201301311600
30648,2.18,201301311600
30649,1.18,201301311600
30650,0.61,201301311600
30651,1.57,201301311600
30652,2.78,201301311600
30653,1.15,201301311600
30654,0.91,201301311600
30661,1.35,201301311600
30664,2.32,201301311600
30666,2.21,201301311600
30669,1.92,201301311600
30673,0.64,201301311600
30683,0.76,201301311600
30745,2.16,201301311600
30750,1.82,201301311600
30777,1.25,201301311600
30780,1.54,201301311600
30812,2.09,201301311600
30897,2.04,201301311600
30898,1.75,201301311600
30899,2.44,201301311600
30900,2.56,201301311600
30901,2.29,201301311600
30902,2.2,201301311600
30903,2.38,201301311600
30904,2.59,201301311600
30908,1.43,201301311600
30909,1.75,201301311600
30912,1.94,201301311600
30913,1.35,201301311600
30928,1.27,201301311600
30953,0.91,201301311600
30979,0.53,201301311600
30994,1.64,201301311600
30995,2.43,201301311600
31027,1.64,201301311600
31028,1.27,201301311600
31029,2.61,201301311600
31082,0.54,201301311600
31148,2.28,201301311600
31149,2.61,201301311600
31150,1.49,201301311600
31151,2.76,201301311600
31152,2.81,201301311600
31156,1.82,201301311600
31157,0.67,201301311600
31161,2.49,201301311600
31166,1.64,201301311600
31172,2.73,201301311600
31274,1.41,201301311600
31281,2.54,201301311600
31369,2.68,201301311600
31398,2.83,201301311600
31401,1.07,201301311600
31407,2.36,201301311600
31408,2.86,201301311600
31409,1.94,201301311600
31410,0.88,201301311600
31413,2.4,201301311600
31419,2.58,201301311600
31427,0.96,201301311600
31457,2.38,201301311600
31466,1.22,201301311600
31651,1.28,201301311600
31652,1.45,201301311600
31656,2.28,201301311600
31660,1.09,201301311600
31663,0.71,201301311600
31666,2.95,201301311600
31675,2.25,201301311600
31738,1.66,201301311600
31754,1.34,201301311600
31782,2.59,201301311600
31903,0.69,201301311600
31904,0.51,201301311600
31905,2.24,201301311600
31906,2.92,201301311600
31908,2.72,201301311600
31912,2.98,201301311600
31921,1.73,201301311600
31928,2.0,201301311600
31949,1.76,201301311600
32028,2.34,201301311600
32032,2.68,201301311600
32045,2.52,201301311600
32150,1.38,201301311600
32155,1.9,201301311600
32157,1.24,201301311600
32161,1.11,201301311600
32162,0.74,201301311600
32167,1.88,201301311600
32169,1.88,201301311600
32175,2.28,201301311600
32182,0.81,201301311600
32185,1.53,201301311600
32195,1.53,201301311600
32235,1.93,201301311600
32404,2.05,201301311600
32405,1.05,201301311600
32410,2.64,201301311600
32411,1.91,201301311600
32415,2.05,201301311600
32449,1.37,201301311600
32490,1.85,201301311600
32558,2.92,201301311600
32622,2.72,201301311600
32656,0.63,201301311600
32658,2.52,201301311600
32660,2.68,201301311600
32662,2.77,201301311600
32668,2.79,201301311600
32682,2.73,201301311600
32697,1.46,201301311600
32712,2.42,201301311600
32729,2.5,201301311600
32739,0.57,201301311600
32742,2.81,201301311600
32744,2.42,201301311600
32802,2.53,201301311600
32834,1.93,201301311600
32905,1.93,201301311600
32907,2.82,201301311600
32912,2.69,201301311600
32916,2.35,201301311600
32922,1.18,201301311600
32924,1.05,201301311600
32926,1.5,201301311600
32929,0.66,201301311600
32977,0.73,201301311600
32978,2.03,201301311600
33154,1.34,201301311600
33158,1.06,201301311600
33160,1.63,201301311600
33165,0.86,201301311600
33170,1.06,201301311600
33186,1.57,201301311600
33286,2.35,201301311600
33405,1.24,201301311600
33409,1.46,201301311600
33412,2.06,201301311600
33418,2.49,201301311600
33420,0.7,201301311600
33424,0.64,201301311600
33435,1.93,201301311600
33442,0.63,201301311600
33519,0.64,201301311600
33594,1.21,201301311600
33656,1.57,201301311600
33659,0.72,201301311600
33662,1.03,201301311600
33664,0.81,201301311600
33666,0.53,201301311600
33669,2.14,201301311600
33673,1.67,201301311600
33675,2.31,201301311600
33694,1.26,201301311600
33724,2.2,201301311600
33742,1.01,201301311600
33812,1.47,201301311600
33909,0.84,201301311600
33911,1.05,201301311600
33912,2.99,201301311600
33913,2.76,201301311600
33922,2.07,201301311600
33923,2.95,201301311600
33924,1.88,201301311600
33931,2.21,201301311600
33935,2.82,201301311600
33986,1.47,201301311600
34013,1.31,201301311600
34160,2.77,201301311600
34161,0.68,201301311600
34162,1.31,201301311600
34163,1.21,201301311600
34167,1.49,201301311600
34190,2.1,201301311600
34211,2.83,201301311600
34303,1.27,201301311600
34380,0.96,201301311600
34407,1.85,201301311600
34413,1.21,201301311600
34423,1.1,201301311600
34424,1.72,201301311600
34427,2.18,201301311600
34430,0.7,201301311600
34437,2.36,201301311600
34440,0.76,201301311600
34486,1.38,201301311600
34495,1.72,201301311600
34510,0.86,201301311600
34520,0.83,201301311600
34528,0.8,201301311600
34563,1.15,201301311600
34662,2.9,201301311600
34667,0.99,201301311600
34668,1.93,201301311600
34670,0.5,201301311600
34672,2.29,201301311600
34673,2.65,201301311600
34676,0.83,201301311600
34679,2.49,201301311600
34682,0.81,201301311600
34695,2.86,201301311600
34710,0.63,201301311600
34714,0.59,201301311600
34720,2.12,201301311600
34882,1.47,201301311600
34913,2.67,201301311600
34914,2.35,201301311600
34915,1.26,201301311600
34924,0.64,201301311600
34925,0.86,201301311600
34934,1.87,201301311600
34939,2.21,201301311600
34959,2.69,201301311600
34990,2.11,201301311600
35102,2.96,201301311600
35164,2.57,201301311600
35166,2.93,201301311600
35173,1.12,201301311600
35178,1.28,201301311600
35183,0.77,201301311600
35185,1.92,201301311600
35187,2.29,201301311600
35193,0.59,201301311600
35203,2.15,201301311600
35218,2.26,201301311600
35237,1.23,201301311600
35244,1.57,201301311600
35249,2.37,201301311600
35295,1.73,201301311600
35368,1.04,201301311600
35410,2.02,201301311600
35414,1.82,201301311600
35415,2.6,201301311600
35417,2.83,201301311600
35421,2.71,201301311600
35440,1.48,201301311600
35455,2.3,201301311600
35492,0.83,201301311600
35515,2.06,201301311600
35665,2.15,201301311600
35675,2.42,201301311600
35683,1.81,201301311600
35686,1.4,201301311600
35700,1.18,201301311600
35745,2.98,201301311600
35755,1.53,201301311600
35769,1.1,201301311600
35916,2.06,201301311600
35917,2.21,201301311600
35918,1.99,201301311600
35919,0.57,201301311600
35921,1.37,201301311600
35929,2.08,201301311600
35931,2.03,201301311600
35941,2.29,201301311600
35944,1.47,201301311600
35971,2.61,201301311600
35981,1.77,201301311600
35992,1.99,201301311600
35994,1.63,201301311600
36067,2.3,201301311600
36162,2.07,201301311600
36167,1.6,201301311600
36169,2.39,201301311600
36170,2.94,201301311600
36173,1.56,201301311600
36176,1.65,201301311600
36177,2.6,201301311600
36205,2.62,201301311600
36237,1.74,201301311600
36245,1.93,201301311600
36246,2.05,201301311600
36293,2.64,201301311600
36311,2.57,201301311600
36417,0.77,201301311600
36420,0.85,201301311600
36421,1.44,201301311600
36441,0.68,201301311600
36448,2.55,201301311600
36494,1.22,201301311600
36498,1.88,201301311600
36502,2.55,201301311600
36510,1.3,201301311600
36513,0.51,201301311600
36519,2.0,201301311600
36524,0.66,201301311600
36576,2.31,201301311600
36668,1.78,201301311600
36673,0.73,201301311600
36675,0.98,201301311600
36677,1.83,201301311600
36679,2.1,201301311600
36682,0.53,201301311600
36688,2.55,201301311600
36690,1.77,201301311600
36711,2.16,201301311600
36717,2.63,201301311600
36758,0.94,201301311600
36889,1.35,201301311600
36915,2.73,201301311600
36918,2.32,201301311600
36933,0.57,201301311600
36934,2.35,201301311600
36953,2.0,201301311600
36959,2.7,201301311600
36996,0.84,201301311600
36999,2.94,201301311600
37001,2.01,201301311600
37167,1.24,201301311600
37168,2.86,201301311600
37169,1.65,201301311600
37172,1.11,201301311600
37176,1.84,201301311600
37178,1.58,201301311600
37179,2.13,201301311600
37182,2.17,201301311600
37192,2.09,201301311600
37200,0.51,201301311600
37206,1.37,201301311600
37232,1.03,201301311600
37239,2.48,201301311600
37270,2.08,201301311600
37298,2.04,201301311600
37304,2.71,201301311600
37419,1.14,201301311600
37421,2.21,201301311600
37423,1.66,201301311600
37425,2.54,201301311600
37446,1.69,201301311600
37454,0.74,201301311600
37477,1.17,201301311600
37487,2.79,201301311600
37501,0.62,201301311600
37503,1.41,201301311600
37513,1.14,201301311600
37523,1.67,201301311600
37562,1.3,201301311600
37609,1.7,201301311600
37642,1.49,201301311600
37643,2.43,201301311600
37670,0.74,201301311600
37671,1.31,201301311600
37672,1.55,201301311600
37676,1.81,201301311600
37688,1.24,201301311600
37689,2.5,201301311600
37690,2.29,201301311600
37695,1.57,201301311600
37701,1.27,201301311600
37710,2.55,201301311600
37711,0.65,201301311600
37754,1.3,201301311600
37874,2.56,201301311600
37891,2.38,201301311600
37893,0.6,201301311600
37894,2.67,201301311600
37926,1.51,201301311600
37928,2.34,201301311600
37929,2.44,201301311600
37932,1.14,201301311600
37936,1.37,201301311600
37943,2.73,201301311600
37952,1.69,201301311600
37962,2.03,201301311600
37968,2.92,201301311600
38003,0.88,201301311600
38060,2.94,201301311600
38145,2.94,201301311600
38172,2.41,201301311600
38173,1.61,201301311600
38178,2.74,201301311600
38200,1.67,201301311600
38204,1.37,201301311600
38209,2.0,201301311600
38215,2.09,201301311600
38220,2.2,201301311600
38225,0.93,201301311600
38228,1.26,201301311600
38230,2.42,201301311600
38243,0.91,201301311600
38247,0.91,201301311600
38255,2.35,201301311600
38263,2.34,201301311600
38268,1.46,201301311600
38272,0.67,201301311600
38367,2.53,201301311600
38381,1.14,201301311600
38423,0.9,201301311600
38425,0.51,201301311600
38426,2.85,201301311600
38431,1.52,201301311600
38440,1.17,201301311600
38479,1.48,201301311600
38481,2.58,201301311600
38483,2.89,201301311600
38488,2.46,201301311600
38490,2.39,201301311600
38498,2.82,201301311600
38499,1.41,201301311600
38500,1.95,201301311600
38505,2.73,201301311600
38506,1.12,201301311600
38508,2.57,201301311600
38517,2.71,201301311600
38534,2.13,201301311600
38648,2.77,201301311600
38674,2.52,201301311600
38676,1.96,201301311600
38679,1.46,201301311600
38684,0.73,201301311600
38693,2.86,201301311600
38697,1.19,201301311600
38716,1.14,201301311600
38722,2.72,201301311600
38736,0.92,201301311600
38738,2.87,201301311600
38752,1.4,201301311600
38753,1.43,201301311600
38758,1.79,201301311600
38760,1.13,201301311600
38761,1.31,201301311600
38762,1.34,201301311600
38766,0.92,201301311600
38769,2.33,201301311600
38778,0.65,201301311600
38812,1.39,201301311600
38939,2.9,201301311600
38953,0.55,201301311600
38958,2.08,201301311600
38967,2.8,201301311600
39006,0.79,201301311600
39008,0.67,201301311600
39010,1.78,201301311600
39011,0.6,201301311600
39017,2.19,201301311600
39113,1.54,201301311600
39148,2.28,201301311600
39149,1.7,201301311600
39176,1.3,201301311600
39178,1.0,201301311600
39191,2.57,201301311600
39201,1.05,201301311600
39230,2.63,201301311600
39236,1.25,201301311600
39246,2.25,201301311600
39252,1.67,201301311600
39255,1.88,201301311600
39260,1.34,201301311600
39262,0.87,201301311600
39263,0.68,201301311600
39268,1.37,201301311600
39269,1.46,201301311600
39271,2.78,201301311600
39274,0.83,201301311600
39275,1.95,201301311600
39375,1.5,201301311600
39391,2.54,201301311600
39427,0.9,201301311600
39428,2.57,201301311600
39430,2.47,201301311600
39433,1.46,201301311600
39446,2.22,201301311600
39457,1.26,201301311600
39514,2.77,201301311600
39515,2.84,201301311600
39516,2.36,201301311600
39517,2.66,201301311600
39535,1.64,201301311600
39554,1.14,201301311600
39559,1.74,201301311600
39631,1.97,201301311600
39632,2.95,201301311600
39633,1.43,201301311600
39652,0.83,201301311600
39683,2.68,201301311600
39687,1.86,201301311600
39706,1.39,201301311600
39710,1.09,201301311600
39722,2.64,201301311600
39731,1.37,201301311600
39750,0.6,201301311600
39755,0.94,201301311600
39759,2.28,201301311600
39762,1.16,201301311600
39764,0.78,201301311600
39765,1.92,201301311600
39766,2.51,201301311600
39767,2.77,201301311600
39769,1.43,201301311600
39772,1.12,201301311600
39776,1.97,201301311600
39777,1.17,201301311600
39790,1.48,201301311600
39791,1.18,201301311600
39796,1.36,201301311600
39832,2.25,201301311600
39883,2.76,201301311600
39930,2.64,201301311600
39932,2.07,201301311600
39941,1.76,201301311600
39948,2.63,201301311600
39969,1.48,201301311600
40018,0.64,201301311600
40031,1.47,201301311600
40133,2.04,201301311600
40180,1.71,201301311600
40188,2.62,201301311600
40196,1.24,201301311600
40242,1.35,201301311600
40246,0.81,201301311600
40259,0.68,201301311600
40264,2.86,201301311600
40267,1.86,201301311600
40268,0.81,201301311600
40270,0.9,201301311600
40276,2.49,201301311600
40286,2.98,201301311600
40295,2.44,201301311600
40431,1.21,201301311600
40432,1.29,201301311600
40442,2.84,201301311600
40447,0.79,201301311600
40448,1.32,201301311600
40451,1.53,201301311600
40457,2.92,201301311600
40500,0.99,201301311600
40512,0.99,201301311600
40518,1.15,201301311600
40519,1.14,201301311600
40522,2.62,201301311600
40524,2.37,201301311600
40525,0.67,201301311600
40532,1.36,201301311600
40560,2.89,201301311600
40566,1.84,201301311600
40633,1.05,201301311600
40687,2.78,201301311600
40713,2.31,201301311600
40719,1.22,201301311600
40732,1.18,201301311600
40733,2.55,201301311600
40766,1.22,201301311600
40810,1.21,201301311600
40894,1.94,201301311600
40933,2.79,201301311600
40936,1.12,201301311600
40939,2.99,201301311600
40954,1.76,201301311600
40982,1.33,201301311600
41021,0.78,201301311600
41024,1.69,201301311600
41061,2.27,201301311600
41145,0.96,201301311600
41157,1.09,201301311600
41183,1.37,201301311600
41200,2.5,201301311600
41262,0.89,201301311600
41265,1.68,201301311600
41270,1.94,201301311600
41277,2.96,201301311600
41318,2.67,201301311600
41401,1.66,201301311600
41407,2.3,201301311600
41437,2.51,201301311600
41459,1.22,201301311600
41465,2.81,201301311600
41469,0.89,201301311600
41508,2.13,201301311600
41520,1.46,201301311600
41522,0.54,201301311600
41526,1.14,201301311600
41532,0.79,201301311600
41558,0.99,201301311600
41635,0.93,201301311600
41653,2.93,201301311600
41658,2.38,201301311600
41692,1.16,201301311600
41696,0.93,201301311600
41764,1.0,201301311600
41772,1.99,201301311600
41893,1.21,201301311600
41904,2.64,201301311600
41905,2.28,201301311600
41936,2.13,201301311600
41941,0.65,201301311600
41958,1.39,201301311600
41990,2.47,201301311600
42023,0.85,201301311600
42026,1.84,201301311600
42029,2.8,201301311600
42074,2.71,201301311600
42085,0.59,201301311600
42095,1.53,201301311600
42147,1.41,201301311600
42160,2.96,201301311600
42200,0.61,201301311600
42213,1.37,201301311600
42267,0.83,201301311600
42271,2.41,201301311600
42274,1.86,201301311600
42283,1.69,201301311600
42291,1.43,201301311600
42342,1.46,201301311600
42411,0.67,201301311600
42438,1.83,201301311600
42454,1.26,201301311600
42471,2.69,201301311600
42478,2.78,201301311600
42487,2.86,201301311600
42503,0.64,201301311600
42514,0.69,201301311600
42521,1.54,201301311600
42533,0.58,201301311600
42644,1.8,201301311600
42661,2.46,201301311600
42695,1.36,201301311600
42744,1.27,201301311600
42750,2.19,201301311600
42846,1.04,201301311600
42905,2.06,201301311600
42912,2.71,201301311600
42939,2.52,201301311600
42940,0.5,201301311600
42944,1.28,201301311600
42949,1.03,201301311600
43011,1.1,201301311600
43021,2.71,201301311600
43030,1.39,201301311600
43151,2.99,201301311600
43160,0.84,201301311600
43162,1.43,201301311600
43213,2.98,201301311600
43220,2.73,201301311600
43261,1.15,201301311600
43412,1.26,201301311600
43413,2.41,201301311600
43440,2.08,201301311600
43443,1.09,201301311600
43449,2.15,201301311600
43483,1.49,201301311600
43484,2.14,201301311600
43494,0.73,201301311600
43518,1.08,201301311600
43523,0.67,201301311600
43526,1.83,201301311600
43530,0.83,201301311600
43571,2.93,201301311600
43642,1.04,201301311600
43662,1.52,201301311600
43738,1.8,201301311600
43760,1.09,201301311600
43779,2.21,201301311600
43914,1.03,201301311600
43957,2.86,201301311600
43980,2.81,201301311600
43984,2.86,201301311600
43992,1.98,201301311600
43995,0.84,201301311600
44002,2.02,201301311600
44039,0.86,201301311600
44194,1.69,201301311600
44197,2.88,201301311600
44204,0.6,201301311600
44215,2.12,201301311600
44226,2.96,201301311600
44247,0.9,201301311600
44255,1.78,201301311600
44282,0.95,201301311600
44284,2.85,201301311600
44356,0.81,201301311600
44470,1.15,201301311600
44486,1.72,201301311600
44503,2.02,201301311600
44504,1.31,201301311600
44510,0.89,201301311600
44517,2.68,201301311600
44534,0.59,201301311600
44578,0.81,201301311600
44666,1.48,201301311600
44694,1.11,201301311600
44697,0.96,201301311600
44716,2.74,201301311600
44724,2.31,201301311600
44743,2.45,201301311600
44755,2.69,201301311600
44756,2.78,201301311600
44757,0.77,201301311600
44758,1.63,201301311600
44786,0.75,201301311600
44787,1.45,201301311600
44911,1.74,201301311600
44963,0.87,201301311600
45005,1.01,201301311600
45006,1.05,201301311600
45007,1.91,201301311600
45008,1.9,201301311600
45039,1.57,201301311600
45114,0.77,201301311600
45168,2.41,201301311600
45200,1.71,201301311600
45203,1.07,201301311600
45208,1.22,201301311600
45237,2.01,201301311600
45254,2.53,201301311600
45256,2.96,201301311600
45258,2.28,201301311600
45261,1.53,201301311600
45265,0.85,201301311600
45266,2.72,201301311600
45401,2.15,201301311600
45479,0.81,201301311600
45502,1.08,201301311600
45507,2.24,201301311600
45509,2.58,201301311600
45526,0.85,201301311600
45538,2.08,201301311600
45582,2.54,201301311600
45661,2.91,201301311600
45701,2.12,201301311600
45703,1.83,201301311600
45716,1.42,201301311600
45720,0.58,201301311600
45725,2.69,201301311600
45735,2.54,201301311600
45747,2.98,201301311600
45766,1.26,201301311600
45793,1.2,201301311600
45795,2.09,201301311600
45919,2.85,201301311600
45948,1.03,201301311600
46008,2.35,201301311600
46036,0.62,201301311600
46041,2.58,201301311600
46052,1.39,201301311600
46074,0.5,201301311600
46145,2.32,201301311600
46202,2.42,201301311600
46209,2.56,201301311600
46242,1.77,201301311600
46265,1.55,201301311600
46372,1.89,201301311600
46384,1.97,201301311600
46455,1.73,201301311600
46508,2.72,201301311600
46523,0.79,201301311600
46538,1.11,201301311600
46565,1.02,201301311600
46574,2.21,201301311600
46626,1.62,201301311600
46700,0.65,201301311600
46738,0.75,201301311600
46770,2.13,201301311600
46778,2.52,201301311600
46787,1.93,201301311600
46803,2.85,201301311600
46954,0.72,201301311600
46964,0.69,201301311600
46972,2.19,201301311600
46976,1.15,201301311600
46981,2.66,201301311600
47011,2.75,201301311600
47015,1.99,201301311600
47047,2.79,201301311600
47253,1.79,201301311600
47288,2.4,201301311600
47295,1.3,201301311600
47342,0.83,201301311600
47454,1.16,201301311600
47535,1.25,201301311600
47543,2.65,201301311600
47705,0.96,201301311600
47709,2.52,201301311600
47711,1.58,201301311600
47758,1.46,201301311600
47806,2.64,201301311600
47889,0.7,201301311600
47926,0.78,201301311600
47968,1.43,201301311600
47972,0.95,201301311600
47977,0.65,201301311600
47982,0.88,201301311600
48032,1.45,201301311600
48209,2.47,201301311600
48239,2.49,201301311600
48244,0.96,201301311600
48278,1.39,201301311600
48420,2.38,201301311600
48427,0.84,201301311600
48499,0.51,201301311600
48503,2.74,201301311600
48552,1.83,201301311600
48584,2.78,201301311600
48713,0.79,201301311600
48759,2.98,201301311600
48848,2.42,201301311600
48898,2.32,201301311600
49017,0.64,201301311600
49049,2.39,201301311600
49229,2.84,201301311600
49241,2.49,201301311600
49472,2.94,201301311600
49483,2.57,201301311600
49542,2.71,201301311600
49555,1.28,201301311600
49679,0.68,201301311600
49750,0.7,201301311600
49760,1.4,201301311600
49777,2.72,201301311600
49968,2.82,201301311600
50053,1.1,201301311600
50103,1.84,201301311600
50180,1.91,201301311600
50285,1.21,201301311600
50430,0.97,201301311600
50470,1.29,201301311600
50494,1.54,201301311600
50511,2.25,201301311600
50549,0.77,201301311600
50680,0.65,201301311600
50682,2.96,201301311600
50731,0.85,201301311600
50812,2.35,201301311600
50872,2.18,201301311600
51029,1.04,201301311600
51046,0.76,201301311600
51053,1.24,201301311600
51056,1.37,201301311600
51162,0.73,201301311600
51177,1.48,201301311600
51182,1.36,201301311600
51228,1.74,201301311600
51258,2.67,201301311600
51430,1.81,201301311600
51431,2.24,201301311600
51432,2.3,201301311600
51520,1.06,201301311600
51681,2.6,201301311600
51682,2.5,201301311600
51725,2.62,201301311600
51790,1.55,201301311600
51832,1.86,201301311600
51857,2.78,201301311600
51931,1.04,201301311600
51932,1.18,201301311600
51986,2.13,201301311600
52003,0.98,201301311600
52182,2.99,201301311600
52244,2.95,201301311600
52259,0.88,201301311600
52280,1.09,201301311600
52319,2.24,201301311600
52473,1.63,201301311600
52518,0.96,201301311600
52631,2.55,201301311600
52679,2.15,201301311600
52729,2.07,201301311600
52811,2.43,201301311600
52983,0.81,201301311600
52988,2.21,201301311600
52993,1.64,201301311600
53000,1.14,201301311600
53016,1.3,201301311600
53027,0.79,201301311600
53072,1.14,201301311600
53090,2.05,201301311600
53177,2.57,201301311600
53178,1.48,201301311600
53381,2.21,201301311600
53427,1.68,201301311600
53429,1.55,201301311600
53761,1.97,201301311600
53774,0.86,201301311600
53797,0.74,201301311600
53810,2.94,201301311600
53822,1.68,201301311600
53864,1.77,201301311600
53927,2.83,201301311600
54038,2.92,201301311600
54071,2.35,201301311600
54234,2.9,201301311600
54281,1.59,201301311600
54284,2.91,201301311600
54327,2.21,201301311600
54334,2.72,201301311600
54349,2.92,201301311600
54427,1.68,201301311600
54503,0.72,201301311600
54510,1.27,201301311600
54520,2.63,201301311600
54550,2.38,201301311600
54578,0.98,201301311600
54678,1.54,201301311600
54828,2.57,201301311600
54983,2.87,201301311600
54996,1.4,201301311600
55070,2.14,201301311600
55329,0.68,201301311600
55331,1.52,201301311600
55535,1.08,201301311600
55633,1.42,201301311600
55680,2.97,201301311600
55761,1.5,201301311600
55831,2.92,201301311600
55832,2.16,201301311600
55838,2.34,201301311600
55845,1.65,201301311600
56106,0.79,201301311600
56493,1.67,201301311600
56571,1.9,201301311600
56586,2.73,201301311600
56587,1.1,201301311600
56591,1.05,201301311600
56738,1.73,201301311600
56835,2.79,201301311600
56882,1.68,201301311600
56887,1.48,201301311600
56888,1.42,201301311600
56933,2.26,201301311600
56934,2.89,201301311600
57042,1.99,201301311600
57062,2.75,201301311600
57189,1.85,201301311600
57261,1.93,201301311600
57329,0.51,201301311600
57342,2.23,201301311600
57376,2.34,201301311600
57378,2.13,201301311600
57380,2.57,201301311600
57397,2.07,201301311600
57440,2.89,201301311600
57495,1.42,201301311600
57523,2.06,201301311600
57555,2.55,201301311600
57597,2.74,201301311600
57613,2.76,201301311600
57615,2.57,201301311600
57628,0.55,201301311600
57631,0.73,201301311600
57823,2.16,201301311600
57837,0.72,201301311600
57851,2.57,201301311600
57852,1.75,201301311600
57906,0.7,201301311600
58179,1.81,201301311600
58251,1.73,201301311600
58421,2.88,201301311600
58511,1.25,201301311600
58632,2.36,201301311600
58744,0.57,201301311600
58802,1.66,201301311600
58814,2.32,201301311600
58879,2.29,201301311600
58892,0.53,201301311600
59010,2.04,201301311600
59043,2.71,201301311600
59104,1.88,201301311600
59125,1.04,201301311600
59134,1.67,201301311600
59285,1.4,201301311600
59329,1.01,201301311600
59555,2.61,201301311600
59635,2.82,201301311600
59745,1.2,201301311600
59927,2.13,201301311600
59941,1.96,201301311600
60008,2.46,201301311600
60011,1.78,201301311600
60114,0.83,201301311600
60141,1.94,201301311600
60147,2.99,201301311600
60331,2.38,201301311600
60344,0.73,201301311600
60350,2.38,201301311600
60578,1.44,201301311600
60593,1.31,201301311600
60613,0.57,201301311600
60630,2.86,201301311600
60635,0.69,201301311600
60649,1.79,201301311600
60750,1.83,201301311600
60774,0.99,201301311600
60819,1.03,201301311600
60880,1.54,201301311600
60888,2.59,201301311600
61062,1.24,201301311600
61110,2.43,201301311600
61263,2.45,201301311600
61343,1.54,201301311600
61591,0.83,201301311600
61597,1.21,201301311600
61654,0.66,201301311600
61818,2.79,201301311600
62077,1.58,201301311600
62104,0.52,201301311600
62135,2.11,201301311600
62140,0.64,201301311600
62252,2.59,201301311600
62558,1.05,201301311600
62589,2.18,201301311600
62757,1.14,201301311600
62772,0.75,201301311600
62850,0.69,201301311600
62926,2.75,201301311600
62948,1.63,201301311600
63044,2.34,201301311600
63153,1.94,201301311600
63383,1.96,201301311600
63397,2.5,201301311600
63398,2.68,201301311600
63407,2.75,201301311600
63574,0.86,201301311600
63586,1.8,201301311600
63816,2.06,201301311600
64102,1.41,201301311600
64150,1.6,201301311600
64200,1.47,201301311600
64515,2.64,201301311600
64529,0.8,201301311600
64573,2.64,201301311600
64581,2.91,201301311600
64815,1.44,201301311600
64915,2.49,201301311600
65059,2.03,201301311600
65144,0.58,201301311600
65320,0.78,201301311600
65375,2.94,201301311600
65454,1.9,201301311600
65528,0.75,201301311600
65607,2.01,201301311600
65774,1.64,201301311600
65838,1.89,201301311600
66068,1.21,201301311600
66084,1.09,201301311600
66151,2.11,201301311600
66353,1.84,201301311600
66538,0.62,201301311600
66575,0.61,201301311600
66637,2.3,201301311600
66827,1.02,201301311600
66870,1.01,201301311600
67110,1.95,201301311600
67207,1.23,201301311600
67335,1.66,201301311600
67385,0.78,201301311600
67599,1.73,201301311600
67601,2.98,201301311600
67602,0.9,201301311600
67698,2.72,201301311600
67824,0.68,201301311600
67842,0.55,201301311600
67854,1.62,201301311600
67855,2.29,201301311600
67918,0.84,201301311600
68103,1.66,201301311600
68104,1.78,201301311600
68110,2.55,201301311600
68111,2.87,201301311600
68349,2.07,201301311600
68354,2.14,201301311600
68356,2.86,201301311600
68454,1.7,201301311600
68455,2.79,201301311600
68587,1.45,201301311600
68857,1.72,201301311600
68858,1.15,201301311600
68897,2.99,201301311600
68924,1.57,201301311600
68930,2.14,201301311600
69106,1.95,201301311600
69190,1.48,201301311600
69206,1.71,201301311600
69359,1.6,201301311600
69371,2.07,201301311600
69455,2.81,201301311600
69582,0.63,201301311600
69613,2.43,201301311600
69676,1.08,201301311600
70115,1.05,201301311600
70132,2.12,201301311600
70181,2.81,201301311600
70342,2.37,201301311600
70352,2.48,201301311600
70360,0.53,201301311600
70374,1.42,201301311600
70440,1.65,201301311600
70462,1.68,201301311600
70619,1.81,201301311600
70659,2.57,201301311600
70715,2.39,201301311600
70903,1.91,201301311600
70934,1.78,201301311600
70961,1.61,201301311600
71122,1.3,201301311600
71187,0.58,201301311600
71399,1.15,201301311600
71601,2.4,201301311600
71629,1.57,201301311600
71888,2.28,201301311600
71961,1.08,201301311600
71964,2.62,201301311600
72201,1.71,201301311600
72218,2.82,201301311600
72345,0.72,201301311600
72367,2.85,201301311600
72407,1.13,201301311600
72416,2.2,201301311600
72706,2.39,201301311600
72894,0.58,201301311600
73104,1.68,201301311600
73135,1.18,201301311600
73211,1.47,201301311600
73223,1.2,201301311600
73451,0.89,201301311600
73460,0.87,201301311600
73461,1.08,201301311600
73557,2.07,201301311600
73669,0.96,201301311600
74158,2.4,201301311600
74216,0.95,201301311600
74388,2.78,201301311600
74396,0.84,201301311600
74466,0.74,201301311600
74467,0.79,201301311600
74638,1.98,201301311600
74677,1.1,201301311600
74678,1.81,201301311600
74711,0.8,201301311600
74721,1.79,201301311600
74962,2.54,201301311600
74968,2.81,201301311600
74973,1.72,201301311600
75224,1.47,201301311600
75329,1.11,201301311600
75386,0.76,201301311600
75424,2.31,201301311600
75436,2.64,201301311600
75475,2.15,201301311600
75619,2.36,201301311600
75721,2.39,201301311600
75722,2.85,201301311600
75724,2.38,201301311600
75725,2.44,201301311600
75726,2.14,201301311600
75727,0.61,201301311600
75974,0.51,201301311600
75975,2.08,201301311600
76133,2.6,201301311600
76227,1.87,201301311600
76393,2.33,201301311600
76473,1.71,201301311600
76477,1.88,201301311600
76654,1.73,201301311600
76728,1.61,201301311600
76959,1.59,201301311600
77169,2.57,201301311600
77230,1.17,201301311600
77381,1.23,201301311600
77458,1.43,201301311600
77641,1.28,201301311600
77942,2.96,201301311600
77981,2.28,201301311600
78205,2.26,201301311600
78418,2.15,201301311600
78654,0.88,201301311600
78733,1.51,201301311600
78881,0.88,201301311600
78896,1.22,201301311600
78909,1.05,201301311600
78983,2.73,201301311600
79234,1.43,201301311600
79379,0.52,201301311600
79394,2.66,201301311600
79484,2.46,201301311600
79712,2.02,201301311600
79911,1.73,201301311600
79915,1.32,201301311600
80160,0.8,201301311600
80161,2.3,201301311600
80193,2.84,201301311600
80352,1.62,201301311600
80397,0.96,201301311600
80406,2.43,201301311600
80411,2.77,201301311600
80412,1.02,201301311600
80413,2.71,201301311600
80420,2.95,201301311600
80485,1.27,201301311600
80635,2.6,201301311600
80659,0.76,201301311600
80663,1.1,201301311600
80664,0.79,201301311600
80703,2.41,201301311600
80877,1.67,201301311600
80916,0.98,201301311600
81163,1.51,201301311600
81164,1.04,201301311600
81354,2.7,201301311600
81363,2.03,201301311600
81390,1.8,201301311600
81625,2.58,201301311600
81651,1.23,201301311600
81899,1.53,201301311600
82135,1.85,201301311600
82168,2.88,201301311600
82169,1.86,201301311600
82237,1.24,201301311600
82613,2.34,201301311600
82622,1.65,201301311600
82664,2.28,201301311600
82892,2.86,201301311600
82951,1.97,201301311600
83410,2.73,201301311600
83489,1.72,201301311600
83735,2.53,201301311600
83865,0.52,201301311600
84123,1.94,201301311600
84179,2.22,201301311600
84207,1.68,201301311600
84212,1.77,201301311600
84221,2.23,201301311600
84366,2.62,201301311600
84689,2.13,201301311600
84712,2.21,201301311600
84902,1.34,201301311600
85474,2.52,201301311600
85487,0.61,201301311600
85620,2.69,201301311600
85705,2.13,201301311600
85715,1.46,201301311600
85738,0.53,201301311600
86440,1.74,201301311600
86622,2.14,201301311600
86623,2.94,201301311600
86672,2.4,201301311600
86873,1.6,201301311600
86895,2.86,201301311600
87121,1.61,201301311600
87227,2.16,201301311600
87460,1.8,201301311600
87690,2.08,201301311600
87873,1.01,201301311600
88242,0.55,201301311600
88463,0.89,201301311600
89120,1.38,201301311600
89152,0.95,201301311600
89175,2.91,201301311600
89198,1.62,201301311600
89615,1.09,201301311600
89625,1.72,201301311600
90116,2.28,201301311600
90183,1.21,201301311600
90497,2.06,201301311600
90699,2.95,201301311600
90719,1.92,201301311600
91200,2.38,201301311600
91432,2.26,201301311600
91434,1.42,201301311600
91684,0.96,201301311600
91713,1.48,201301311600
91744,0.95,201301311600
92233,1.7,201301311600
93205,2.2,201301311600
93244,2.32,201301311600
93252,2.49,201301311600
93463,1.77,201301311600
93675,2.01,201301311600
93944,2.61,201301311600
94431,2.96,201301311600
94710,1.5,201301311600
94755,1.75,201301311600
94997,0.86,201301311600
95000,0.86,201301311600
95707,1.02,201301311600
95949,2.61,201301311600
95998,1.26,201301311600
96188,1.04,201301311600
96225,2.94,201301311600
96249,2.97,201301311600
96468,2.5,201301311600
96486,1.44,201301311600
96718,2.04,201301311600
96972,0.88,201301311600
96995,0.5,201301311600
97251,0.87,201301311600
97440,0.68,201301311600
97471,1.43,201301311600
97969,1.58,201301311600
97990,2.68,201301311600
98224,1.58,201301311600
98229,2.02,201301311600
98450,2.38,201301311600
98475,1.05,201301311600
98739,1.77,201301311600
99256,1.65,201301311600
99468,2.78,201301311600
99730,1.17,201301311600
101215,1.63,201301311600
101911,1.96,201301311600
101912,2.16,201301311600
101989,2.85,201301311600
102999,2.0,201301311600
103242,1.27,201301311600
103431,0.96,201301311600
104177,1.63,201301311600
104221,0.85,201301311600
104239,0.63,201301311600
104701,2.13,201301311600
104984,1.22,201301311600
105196,2.21,201301311600
105219,0.69,201301311600
105460,1.4,201301311600
105461,1.56,201301311600
105481,2.31,201301311600
105489,2.17,201301311600
105709,0.63,201301311600
105710,2.34,201301311600
105711,1.42,201301311600
105712,1.94,201301311600
105713,2.56,201301311600
105715,1.27,201301311600
105726,0.61,201301311600
105727,0.83,201301311600
105736,1.98,201301311600
105960,1.26,201301311600
105961,1.57,201301311600
105962,1.33,201301311600
105963,0.74,201301311600
105964,2.75,201301311600
105975,0.59,201301311600
106195,0.7,201301311600
106213,2.4,201301311600
106214,1.05,201301311600
106215,1.32,201301311600
106221,1.86,201301311600
106231,2.13,201301311600
106232,2.64,201301311600
106234,1.82,201301311600
106235,2.65,201301311600
106237,2.44,201301311600
106446,2.05,201301311600
106447,0.94,201301311600
106462,1.72,201301311600
106463,1.2,201301311600
106465,1.37,201301311600
106466,2.99,201301311600
106467,2.96,201301311600
106480,1.95,201301311600
106712,2.81,201301311600
106717,1.95,201301311600
106718,0.76,201301311600
106741,2.94,201301311600
106958,2.7,201301311600
106964,1.47,201301311600
106965,2.7,201301311600
106966,2.5,201301311600
106967,2.62,201301311600
106971,2.93,201301311600
106983,1.86,201301311600
106997,1.22,201301311600
107200,0.86,201301311600
107212,1.06,201301311600
107219,2.78,201301311600
107240,1.16,201301311600
107460,2.79,201301311600
107465,2.69,201301311600
107466,1.37,201301311600
107468,1.92,201301311600
107491,2.54,201301311600
107711,2.83,201301311600
107725,2.9,201301311600
107726,2.43,201301311600
107954,1.51,201301311600
107966,2.58,201301311600
107971,1.81,201301311600
107979,1.02,201301311600
107993,2.89,201301311600
108205,2.78,201301311600
108211,0.96,201301311600
108214,0.83,201301311600
108215,2.15,201301311600
108217,2.06,201301311600
108219,2.41,201301311600
108220,1.69,201301311600
108222,2.47,201301311600
108225,0.54,201301311600
108230,0.96,201301311600
108454,0.85,201301311600
108463,0.58,201301311600
108499,1.73,201301311600
108717,1.42,201301311600
108722,2.02,201301311600
108724,1.67,201301311600
108733,1.9,201301311600
108968,1.2,201301311600
108975,2.69,201301311600
108984,1.9,201301311600
108985,0.57,201301311600
109216,0.61,201301311600
109219,0.59,201301311600
109222,2.5,201301311600
109227,0.53,201301311600
109231,1.0,201301311600
109236,0.96,201301311600
109245,1.52,201301311600
109473,0.52,201301311600
109487,1.44,201301311600
109494,2.49,201301311600
109495,2.79,201301311600
109496,2.15,201301311600
109497,1.31,201301311600
109742,0.87,201301311600
109744,0.64,201301311600
109748,2.01,201301311600
109750,1.69,201301311600
109980,1.25,201301311600
109991,1.31,201301311600
109994,0.94,201301311600
109998,2.15,201301311600
110001,2.91,201301311600
110243,2.15,201301311600
110247,2.73,201301311600
110249,2.9,201301311600
110251,1.8,201301311600
110253,1.47,201301311600
110254,2.17,201301311600
