cell,mobility,dtg
1610,2.16,201301260000
1846,2.81,201301260000
1851,2.67,201301260000
1853,1.76,201301260000
1856,2.97,201301260000
1857,2.09,201301260000
2103,2.56,201301260000
2105,1.54,201301260000
2106,2.92,201301260000
2107,1.75,201301260000
2114,1.75,201301260000
2342,0.6,201301260000
2347,1.63,201301260000
2351,1.1,201301260000
2354,2.77,201301260000
2357,1.46,201301260000
2372,2.21,201301260000
2374,2.24,201301260000
2591,1.57,201301260000
2595,1.7,201301260000
2605,2.61,201301260000
2611,0.9,201301260000
2615,1.02,201301260000
2620,0.98,201301260000
2627,1.79,201301260000
2839,2.27,201301260000
2847,2.96,201301260000
3086,0.76,201301260000
3094,2.22,201301260000
3100,1.49,201301260000
3124,1.61,201301260000
3128,2.7,201301260000
3334,0.87,201301260000
3337,2.91,201301260000
3375,2.53,201301260000
3614,0.58,201301260000
3619,1.61,201301260000
3632,2.74,201301260000
3635,1.99,201301260000
3830,1.6,201301260000
3831,2.54,201301260000
3833,0.74,201301260000
3837,1.08,201301260000
3845,2.57,201301260000
3856,2.81,201301260000
3860,1.33,201301260000
3865,2.04,201301260000
4078,1.82,201301260000
4081,0.98,201301260000
4137,0.84,201301260000
4141,1.29,201301260000
4142,0.91,201301260000
4328,2.72,201301260000
4329,2.19,201301260000
4341,1.94,201301260000
4345,0.74,201301260000
4348,2.96,201301260000
4354,1.0,201301260000
4372,2.3,201301260000
4577,0.92,201301260000
4578,2.82,201301260000
4580,0.74,201301260000
4582,2.31,201301260000
4605,1.54,201301260000
4608,2.84,201301260000
4631,1.14,201301260000
4636,0.64,201301260000
4637,0.97,201301260000
4829,0.88,201301260000
4830,2.8,201301260000
4831,1.7,201301260000
4834,1.59,201301260000
4837,2.52,201301260000
4852,0.61,201301260000
4863,0.7,201301260000
4868,1.06,201301260000
4890,0.92,201301260000
4891,2.8,201301260000
5078,1.67,201301260000
5081,0.93,201301260000
5084,0.59,201301260000
5127,1.44,201301260000
5153,2.98,201301260000
5327,1.0,201301260000
5329,2.34,201301260000
5333,2.76,201301260000
5334,0.53,201301260000
5339,0.52,201301260000
5369,1.54,201301260000
5402,1.89,201301260000
5410,1.81,201301260000
5577,1.36,201301260000
5581,1.4,201301260000
5592,1.2,201301260000
5612,1.27,201301260000
5623,1.97,201301260000
5876,1.8,201301260000
5893,2.76,201301260000
5898,2.85,201301260000
6078,1.56,201301260000
6118,2.87,201301260000
6136,2.64,201301260000
6158,2.42,201301260000
6159,2.07,201301260000
6333,0.56,201301260000
6353,2.42,201301260000
6365,2.12,201301260000
6366,0.61,201301260000
6414,2.66,201301260000
6588,2.56,201301260000
6609,2.48,201301260000
6635,1.89,201301260000
6668,1.69,201301260000
6841,0.52,201301260000
6849,0.8,201301260000
6896,0.93,201301260000
6924,1.49,201301260000
6928,2.54,201301260000
6935,1.74,201301260000
6939,2.01,201301260000
7077,2.54,201301260000
7078,0.72,201301260000
7085,0.85,201301260000
7088,2.39,201301260000
7113,2.77,201301260000
7114,2.84,201301260000
7129,2.55,201301260000
7133,2.03,201301260000
7165,2.16,201301260000
7192,1.31,201301260000
7354,0.65,201301260000
7375,1.65,201301260000
7379,0.59,201301260000
7401,2.24,201301260000
7410,1.87,201301260000
7436,2.37,201301260000
7584,1.3,201301260000
7646,2.93,201301260000
7849,1.17,201301260000
7871,2.71,201301260000
7927,2.7,201301260000
7948,1.52,201301260000
8080,2.19,201301260000
8170,1.73,201301260000
8182,1.35,201301260000
8195,2.07,201301260000
8342,1.69,201301260000
8582,2.97,201301260000
8602,1.42,201301260000
8609,0.69,201301260000
8638,1.44,201301260000
8656,2.85,201301260000
8830,1.7,201301260000
8839,2.23,201301260000
8876,0.64,201301260000
8897,0.76,201301260000
8912,2.55,201301260000
8918,1.72,201301260000
8929,2.15,201301260000
8940,0.95,201301260000
8954,2.0,201301260000
9140,2.48,201301260000
9333,1.16,201301260000
9468,2.4,201301260000
9473,0.84,201301260000
9589,1.95,201301260000
9601,2.81,201301260000
9607,1.12,201301260000
9658,1.72,201301260000
9724,1.19,201301260000
9833,1.22,201301260000
10084,1.84,201301260000
10089,1.91,201301260000
10096,1.92,201301260000
10144,2.94,201301260000
10170,2.81,201301260000
10181,2.25,201301260000
10189,0.7,201301260000
10201,2.33,201301260000
10334,1.55,201301260000
10335,1.23,201301260000
10383,2.56,201301260000
10414,2.93,201301260000
10444,0.92,201301260000
10458,2.25,201301260000
10477,0.66,201301260000
10586,0.75,201301260000
10601,1.14,201301260000
10609,2.92,201301260000
10616,2.21,201301260000
10633,1.51,201301260000
10655,1.88,201301260000
10665,2.23,201301260000
10681,2.05,201301260000
10717,2.68,201301260000
10835,1.9,201301260000
10837,1.66,201301260000
10847,2.76,201301260000
10903,1.62,201301260000
10911,1.04,201301260000
10918,1.17,201301260000
10973,2.35,201301260000
11087,2.6,201301260000
11092,1.62,201301260000
11128,0.98,201301260000
11222,1.5,201301260000
11223,1.62,201301260000
11225,0.53,201301260000
11238,1.94,201301260000
11361,2.58,201301260000
11393,2.91,201301260000
11424,1.86,201301260000
11601,1.76,201301260000
11682,1.17,201301260000
11704,1.2,201301260000
11858,1.54,201301260000
11884,1.92,201301260000
11901,2.92,201301260000
11946,0.67,201301260000
11960,2.46,201301260000
11972,1.81,201301260000
12089,1.88,201301260000
12090,2.37,201301260000
12096,2.43,201301260000
12120,1.72,201301260000
12157,0.74,201301260000
12230,0.6,201301260000
12383,0.53,201301260000
12431,2.56,201301260000
12601,2.58,201301260000
12625,1.83,201301260000
12632,2.8,201301260000
12842,1.5,201301260000
12875,1.6,201301260000
12901,1.14,201301260000
12913,2.26,201301260000
12933,0.78,201301260000
12934,1.42,201301260000
12985,1.73,201301260000
13099,2.27,201301260000
13114,0.6,201301260000
13150,2.41,201301260000
13175,2.3,201301260000
13183,1.98,201301260000
13222,1.76,201301260000
13358,2.5,201301260000
13444,2.5,201301260000
13455,2.18,201301260000
13456,1.76,201301260000
13670,0.79,201301260000
13694,2.81,201301260000
13845,1.67,201301260000
13849,0.77,201301260000
14011,1.81,201301260000
14095,1.15,201301260000
14133,0.78,201301260000
14161,1.13,201301260000
14167,0.62,201301260000
14184,0.87,201301260000
14241,2.17,201301260000
14255,2.75,201301260000
14349,1.29,201301260000
14350,2.4,201301260000
14375,2.65,201301260000
14452,2.81,201301260000
14475,0.92,201301260000
14620,2.3,201301260000
14673,1.68,201301260000
14745,1.59,201301260000
14859,1.81,201301260000
14936,2.17,201301260000
14995,2.74,201301260000
15097,1.47,201301260000
15098,0.63,201301260000
15246,1.61,201301260000
15349,1.88,201301260000
15440,1.65,201301260000
15600,0.79,201301260000
15656,2.55,201301260000
15672,2.63,201301260000
15699,1.54,201301260000
15714,1.11,201301260000
15725,1.84,201301260000
15744,1.85,201301260000
15849,2.07,201301260000
15850,2.12,201301260000
15851,2.25,201301260000
15853,2.12,201301260000
15871,2.88,201301260000
16100,2.56,201301260000
16105,0.8,201301260000
16114,1.47,201301260000
16171,1.01,201301260000
16184,1.36,201301260000
16400,2.63,201301260000
16414,1.52,201301260000
16601,2.81,201301260000
16604,0.88,201301260000
16625,1.73,201301260000
16670,2.79,201301260000
16853,1.82,201301260000
16868,0.69,201301260000
16932,2.97,201301260000
17232,2.29,201301260000
17355,1.33,201301260000
17358,1.98,201301260000
17367,1.55,201301260000
17635,0.72,201301260000
17673,2.21,201301260000
17681,0.72,201301260000
17884,1.16,201301260000
17984,0.82,201301260000
18108,1.62,201301260000
18115,2.66,201301260000
18118,0.93,201301260000
18123,1.6,201301260000
18139,1.49,201301260000
18154,2.4,201301260000
18160,1.69,201301260000
18177,0.75,201301260000
18185,1.01,201301260000
18383,0.6,201301260000
18404,2.86,201301260000
18427,2.1,201301260000
18466,0.72,201301260000
18616,0.75,201301260000
18629,0.53,201301260000
18861,0.69,201301260000
18866,1.24,201301260000
18925,0.53,201301260000
19110,2.87,201301260000
19112,2.64,201301260000
19114,2.26,201301260000
19122,0.56,201301260000
19360,1.75,201301260000
19443,1.1,201301260000
19481,0.82,201301260000
19611,2.81,201301260000
19612,1.97,201301260000
19618,1.92,201301260000
19633,1.98,201301260000
19678,1.82,201301260000
19878,1.15,201301260000
19913,2.34,201301260000
20113,2.99,201301260000
20114,1.24,201301260000
20116,2.98,201301260000
20170,2.85,201301260000
20363,2.47,201301260000
20387,0.79,201301260000
20396,0.97,201301260000
20436,2.39,201301260000
20616,2.87,201301260000
20621,2.43,201301260000
20628,2.02,201301260000
20651,1.43,201301260000
20671,1.2,201301260000
20682,2.7,201301260000
20864,0.94,201301260000
20882,2.01,201301260000
20931,1.16,201301260000
20995,2.03,201301260000
21115,1.72,201301260000
21118,0.99,201301260000
21201,0.68,201301260000
21373,0.97,201301260000
21377,1.46,201301260000
21392,0.71,201301260000
21407,0.73,201301260000
21428,2.42,201301260000
21448,2.36,201301260000
21617,1.03,201301260000
21619,2.02,201301260000
21639,1.3,201301260000
21658,1.9,201301260000
21663,0.64,201301260000
21701,1.81,201301260000
21721,0.84,201301260000
21868,2.34,201301260000
21871,2.44,201301260000
21999,1.22,201301260000
22126,2.52,201301260000
22133,2.24,201301260000
22174,2.27,201301260000
22176,2.76,201301260000
22205,2.93,201301260000
22368,2.51,201301260000
22395,1.16,201301260000
22419,2.0,201301260000
22420,1.37,201301260000
22421,0.88,201301260000
22422,2.26,201301260000
22619,1.59,201301260000
22630,1.29,201301260000
22634,0.54,201301260000
22671,2.52,201301260000
22673,2.87,201301260000
22700,2.6,201301260000
22751,0.64,201301260000
22768,1.89,201301260000
22869,2.44,201301260000
22877,1.59,201301260000
22928,1.42,201301260000
22940,0.51,201301260000
22955,0.77,201301260000
22963,2.95,201301260000
22966,2.02,201301260000
23120,2.86,201301260000
23124,2.11,201301260000
23125,1.53,201301260000
23131,0.99,201301260000
23138,2.56,201301260000
23169,2.19,201301260000
23194,1.42,201301260000
23216,2.81,201301260000
23370,1.77,201301260000
23371,2.69,201301260000
23379,0.73,201301260000
23386,1.88,201301260000
23388,1.79,201301260000
23427,1.95,201301260000
23621,2.19,201301260000
23627,2.89,201301260000
23635,1.03,201301260000
23641,1.96,201301260000
23662,2.28,201301260000
23669,1.87,201301260000
23690,1.21,201301260000
23744,1.33,201301260000
23750,0.75,201301260000
23872,1.08,201301260000
23873,1.71,201301260000
23875,0.81,201301260000
23881,0.78,201301260000
23894,2.0,201301260000
23896,2.59,201301260000
23907,2.2,201301260000
23925,1.21,201301260000
23973,2.3,201301260000
24005,0.58,201301260000
24009,1.2,201301260000
24032,2.59,201301260000
24122,1.78,201301260000
24123,2.72,201301260000
24149,1.12,201301260000
24247,1.7,201301260000
24251,1.42,201301260000
24265,2.2,201301260000
24266,2.64,201301260000
24373,1.25,201301260000
24374,0.82,201301260000
24380,1.14,201301260000
24381,1.19,201301260000
24383,0.6,201301260000
24387,0.6,201301260000
24402,1.92,201301260000
24405,1.04,201301260000
24423,2.62,201301260000
24623,2.26,201301260000
24626,1.14,201301260000
24643,2.84,201301260000
24732,1.23,201301260000
24734,0.51,201301260000
24739,1.03,201301260000
24774,0.75,201301260000
24775,1.83,201301260000
24781,2.47,201301260000
24837,1.8,201301260000
24874,1.19,201301260000
24877,0.76,201301260000
24879,1.97,201301260000
24880,0.62,201301260000
24895,2.85,201301260000
24920,1.45,201301260000
24990,0.51,201301260000
24991,2.77,201301260000
24993,0.56,201301260000
25124,1.0,201301260000
25125,0.79,201301260000
25126,2.73,201301260000
25129,0.64,201301260000
25130,0.59,201301260000
25132,0.71,201301260000
25136,2.97,201301260000
25138,1.94,201301260000
25141,2.55,201301260000
25179,1.16,201301260000
25187,1.42,201301260000
25375,2.18,201301260000
25376,1.59,201301260000
25377,0.57,201301260000
25379,2.61,201301260000
25385,2.48,201301260000
25395,0.6,201301260000
25400,0.52,201301260000
25405,2.52,201301260000
25412,2.53,201301260000
25427,2.9,201301260000
25626,0.81,201301260000
25627,2.44,201301260000
25628,0.65,201301260000
25629,1.65,201301260000
25632,1.76,201301260000
25633,2.44,201301260000
25642,0.87,201301260000
25715,0.59,201301260000
25747,1.03,201301260000
25763,1.68,201301260000
25876,0.6,201301260000
25877,2.6,201301260000
25878,1.19,201301260000
25881,1.47,201301260000
25882,2.52,201301260000
25886,1.47,201301260000
25888,2.36,201301260000
25926,2.99,201301260000
25997,2.06,201301260000
26005,1.99,201301260000
26035,1.97,201301260000
26127,2.3,201301260000
26129,2.58,201301260000
26130,0.82,201301260000
26133,0.98,201301260000
26135,2.15,201301260000
26136,2.15,201301260000
26138,2.72,201301260000
26139,1.24,201301260000
26141,2.46,201301260000
26148,2.52,201301260000
26168,2.22,201301260000
26378,2.69,201301260000
26379,0.62,201301260000
26380,2.64,201301260000
26381,1.72,201301260000
26382,0.53,201301260000
26383,0.69,201301260000
26385,2.19,201301260000
26386,0.79,201301260000
26387,1.29,201301260000
26389,1.58,201301260000
26391,2.62,201301260000
26392,1.93,201301260000
26393,2.74,201301260000
26396,1.64,201301260000
26403,2.79,201301260000
26408,1.94,201301260000
26427,2.33,201301260000
26450,0.54,201301260000
26492,0.77,201301260000
26546,1.09,201301260000
26563,2.01,201301260000
26564,2.87,201301260000
26628,2.64,201301260000
26629,0.81,201301260000
26630,2.28,201301260000
26631,2.18,201301260000
26633,1.82,201301260000
26634,2.96,201301260000
26656,2.42,201301260000
26674,2.65,201301260000
26708,2.32,201301260000
26752,1.74,201301260000
26754,2.57,201301260000
26755,2.28,201301260000
26782,2.4,201301260000
26846,2.6,201301260000
26879,2.38,201301260000
26880,2.11,201301260000
26881,2.16,201301260000
26882,1.82,201301260000
26883,1.66,201301260000
26884,0.6,201301260000
26885,2.89,201301260000
26886,2.57,201301260000
26887,2.3,201301260000
26889,2.6,201301260000
26890,0.63,201301260000
26891,1.8,201301260000
26892,0.99,201301260000
26893,2.6,201301260000
26894,2.22,201301260000
26895,0.89,201301260000
26897,2.5,201301260000
26905,2.33,201301260000
26938,2.82,201301260000
26964,0.69,201301260000
27006,2.8,201301260000
27042,1.34,201301260000
27098,2.11,201301260000
27130,2.89,201301260000
27131,2.1,201301260000
27132,1.43,201301260000
27133,1.31,201301260000
27134,1.23,201301260000
27135,1.53,201301260000
27136,1.81,201301260000
27137,2.9,201301260000
27138,0.66,201301260000
27142,1.81,201301260000
27143,2.2,201301260000
27145,1.21,201301260000
27148,2.49,201301260000
27149,1.43,201301260000
27152,2.06,201301260000
27155,2.94,201301260000
27175,2.44,201301260000
27209,1.49,201301260000
27247,2.89,201301260000
27381,1.93,201301260000
27382,0.76,201301260000
27383,1.26,201301260000
27384,2.68,201301260000
27386,2.6,201301260000
27387,1.17,201301260000
27388,0.52,201301260000
27389,2.19,201301260000
27390,2.45,201301260000
27392,0.77,201301260000
27395,2.48,201301260000
27404,0.91,201301260000
27415,0.96,201301260000
27427,2.2,201301260000
27489,1.79,201301260000
27494,0.9,201301260000
27498,0.57,201301260000
27518,2.65,201301260000
27632,2.96,201301260000
27633,0.65,201301260000
27634,2.18,201301260000
27635,2.05,201301260000
27636,2.62,201301260000
27637,2.13,201301260000
27638,0.95,201301260000
27639,0.76,201301260000
27640,0.85,201301260000
27642,2.82,201301260000
27643,1.65,201301260000
27645,2.19,201301260000
27646,2.55,201301260000
27647,1.66,201301260000
27649,0.71,201301260000
27654,2.78,201301260000
27763,2.43,201301260000
27764,2.7,201301260000
27796,1.23,201301260000
27797,1.39,201301260000
27883,1.34,201301260000
27884,2.57,201301260000
27885,1.04,201301260000
27886,2.08,201301260000
27887,2.58,201301260000
27888,1.78,201301260000
27889,1.19,201301260000
27890,1.81,201301260000
27891,2.09,201301260000
27892,2.08,201301260000
27894,1.91,201301260000
27895,2.46,201301260000
27897,2.41,201301260000
27902,1.42,201301260000
27908,2.82,201301260000
27911,1.62,201301260000
27930,1.05,201301260000
27971,2.99,201301260000
28004,2.31,201301260000
28015,0.56,201301260000
28049,0.91,201301260000
28102,0.76,201301260000
28134,0.53,201301260000
28135,1.89,201301260000
28136,1.4,201301260000
28137,1.38,201301260000
28138,1.1,201301260000
28139,1.11,201301260000
28140,2.07,201301260000
28142,0.81,201301260000
28143,2.4,201301260000
28144,2.23,201301260000
28146,0.6,201301260000
28154,1.21,201301260000
28156,1.0,201301260000
28216,0.7,201301260000
28239,1.43,201301260000
28384,1.96,201301260000
28385,2.27,201301260000
28386,1.61,201301260000
28387,2.04,201301260000
28388,2.8,201301260000
28389,2.5,201301260000
28390,0.64,201301260000
28391,2.01,201301260000
28392,1.24,201301260000
28393,1.91,201301260000
28394,1.05,201301260000
28396,2.59,201301260000
28397,2.16,201301260000
28400,2.02,201301260000
28401,1.74,201301260000
28405,1.0,201301260000
28427,1.14,201301260000
28467,2.23,201301260000
28496,2.04,201301260000
28497,2.09,201301260000
28519,0.95,201301260000
28535,1.75,201301260000
28539,2.31,201301260000
28545,0.56,201301260000
28557,0.72,201301260000
28635,2.64,201301260000
28636,0.9,201301260000
28637,2.01,201301260000
28638,1.26,201301260000
28639,2.58,201301260000
28640,0.61,201301260000
28641,2.53,201301260000
28642,2.51,201301260000
28643,2.4,201301260000
28644,2.61,201301260000
28645,2.95,201301260000
28646,1.57,201301260000
28649,1.96,201301260000
28658,2.57,201301260000
28667,1.34,201301260000
28675,2.56,201301260000
28751,0.89,201301260000
28753,0.8,201301260000
28754,2.28,201301260000
28788,1.67,201301260000
28812,2.24,201301260000
28823,2.37,201301260000
28886,2.28,201301260000
28887,2.29,201301260000
28888,0.82,201301260000
28889,1.09,201301260000
28890,2.64,201301260000
28891,1.45,201301260000
28892,1.17,201301260000
28893,2.38,201301260000
28894,1.46,201301260000
28895,2.98,201301260000
28896,0.87,201301260000
28897,2.09,201301260000
28899,2.73,201301260000
28900,1.85,201301260000
28901,1.85,201301260000
28902,2.92,201301260000
28905,2.65,201301260000
28912,2.49,201301260000
28960,2.69,201301260000
28969,2.15,201301260000
29004,0.82,201301260000
29012,2.71,201301260000
29026,0.55,201301260000
29068,2.74,201301260000
29076,2.24,201301260000
29088,1.97,201301260000
29094,1.12,201301260000
29136,2.74,201301260000
29137,1.81,201301260000
29138,2.67,201301260000
29139,1.66,201301260000
29140,1.51,201301260000
29141,0.53,201301260000
29142,1.93,201301260000
29143,1.57,201301260000
29144,1.13,201301260000
29146,1.24,201301260000
29147,1.45,201301260000
29148,1.46,201301260000
29149,1.38,201301260000
29151,1.2,201301260000
29158,0.97,201301260000
29165,1.15,201301260000
29171,2.34,201301260000
29190,2.94,201301260000
29247,0.9,201301260000
29387,2.34,201301260000
29388,2.22,201301260000
29389,0.9,201301260000
29390,1.81,201301260000
29391,2.71,201301260000
29392,2.66,201301260000
29393,1.89,201301260000
29394,2.79,201301260000
29395,1.61,201301260000
29396,1.84,201301260000
29397,1.16,201301260000
29398,2.08,201301260000
29399,2.76,201301260000
29401,2.73,201301260000
29402,2.15,201301260000
29403,1.09,201301260000
29405,2.93,201301260000
29409,0.95,201301260000
29425,2.47,201301260000
29429,1.02,201301260000
29495,2.35,201301260000
29498,0.76,201301260000
29533,1.16,201301260000
29556,1.2,201301260000
29638,0.81,201301260000
29639,1.97,201301260000
29640,2.34,201301260000
29641,1.4,201301260000
29642,2.62,201301260000
29643,2.58,201301260000
29644,1.79,201301260000
29645,2.29,201301260000
29648,2.83,201301260000
29649,1.84,201301260000
29650,2.92,201301260000
29654,0.79,201301260000
29663,1.22,201301260000
29670,1.96,201301260000
29710,0.98,201301260000
29730,1.27,201301260000
29733,2.15,201301260000
29736,0.51,201301260000
29766,2.26,201301260000
29891,1.91,201301260000
29892,2.34,201301260000
29893,0.96,201301260000
29894,0.56,201301260000
29895,2.0,201301260000
29896,2.54,201301260000
29897,2.47,201301260000
29898,1.39,201301260000
29900,0.98,201301260000
29903,2.76,201301260000
29906,1.41,201301260000
29909,2.61,201301260000
29912,1.13,201301260000
29917,1.5,201301260000
29925,1.03,201301260000
29966,2.26,201301260000
30021,1.28,201301260000
30026,2.73,201301260000
30036,1.67,201301260000
30142,1.13,201301260000
30143,1.14,201301260000
30144,2.13,201301260000
30145,2.65,201301260000
30146,2.86,201301260000
30147,1.16,201301260000
30148,2.49,201301260000
30152,1.75,201301260000
30154,2.44,201301260000
30157,2.78,201301260000
30158,0.82,201301260000
30181,1.68,201301260000
30242,2.03,201301260000
30243,1.27,201301260000
30244,1.0,201301260000
30261,1.71,201301260000
30300,2.33,201301260000
30322,1.27,201301260000
30393,2.76,201301260000
30394,1.0,201301260000
30395,2.49,201301260000
30396,1.58,201301260000
30397,2.14,201301260000
30398,0.85,201301260000
30400,2.22,201301260000
30401,2.87,201301260000
30403,2.71,201301260000
30407,2.33,201301260000
30410,1.29,201301260000
30420,2.2,201301260000
30430,1.33,201301260000
30434,1.54,201301260000
30439,0.7,201301260000
30481,1.67,201301260000
30489,0.97,201301260000
30494,1.25,201301260000
30495,1.83,201301260000
30496,2.87,201301260000
30645,0.66,201301260000
30646,2.64,201301260000
30647,2.88,201301260000
30648,2.82,201301260000
30649,2.21,201301260000
30650,2.63,201301260000
30651,0.87,201301260000
30652,0.75,201301260000
30653,1.09,201301260000
30654,1.35,201301260000
30661,2.4,201301260000
30664,0.81,201301260000
30666,1.88,201301260000
30669,1.13,201301260000
30673,0.51,201301260000
30683,2.8,201301260000
30745,2.54,201301260000
30750,2.51,201301260000
30777,2.73,201301260000
30780,1.26,201301260000
30812,1.65,201301260000
30897,1.3,201301260000
30898,1.61,201301260000
30899,2.11,201301260000
30900,2.92,201301260000
30901,2.93,201301260000
30902,0.62,201301260000
30903,2.98,201301260000
30904,1.77,201301260000
30908,0.56,201301260000
30909,2.95,201301260000
30912,1.8,201301260000
30913,2.97,201301260000
30928,1.82,201301260000
30953,1.06,201301260000
30979,1.01,201301260000
30994,1.67,201301260000
30995,2.46,201301260000
31027,1.39,201301260000
31028,1.4,201301260000
31029,2.75,201301260000
31082,1.07,201301260000
31148,2.55,201301260000
31149,2.08,201301260000
31150,2.28,201301260000
31151,0.69,201301260000
31152,0.87,201301260000
31156,1.79,201301260000
31157,1.22,201301260000
31161,0.57,201301260000
31166,2.11,201301260000
31172,1.47,201301260000
31274,1.46,201301260000
31281,1.57,201301260000
31369,0.67,201301260000
31398,1.77,201301260000
31401,1.44,201301260000
31407,0.63,201301260000
31408,2.29,201301260000
31409,1.68,201301260000
31410,1.74,201301260000
31413,1.13,201301260000
31419,2.73,201301260000
31427,0.5,201301260000
31457,1.36,201301260000
31466,1.56,201301260000
31651,2.28,201301260000
31652,1.4,201301260000
31656,2.04,201301260000
31660,1.94,201301260000
31663,0.91,201301260000
31666,2.18,201301260000
31675,2.61,201301260000
31738,1.6,201301260000
31754,2.85,201301260000
31782,1.09,201301260000
31903,1.18,201301260000
31904,0.97,201301260000
31905,2.26,201301260000
31906,1.63,201301260000
31908,2.16,201301260000
31912,2.64,201301260000
31921,1.4,201301260000
31928,1.76,201301260000
31949,0.6,201301260000
32028,1.56,201301260000
32032,1.85,201301260000
32045,2.55,201301260000
32150,1.76,201301260000
32155,1.85,201301260000
32157,2.64,201301260000
32161,0.66,201301260000
32162,0.87,201301260000
32167,1.35,201301260000
32169,2.85,201301260000
32175,1.95,201301260000
32182,1.08,201301260000
32185,2.22,201301260000
32195,1.02,201301260000
32235,0.51,201301260000
32404,1.33,201301260000
32405,2.12,201301260000
32410,1.98,201301260000
32411,1.15,201301260000
32415,2.67,201301260000
32449,2.73,201301260000
32490,2.36,201301260000
32558,2.25,201301260000
32622,1.66,201301260000
32656,2.48,201301260000
32658,2.49,201301260000
32660,2.57,201301260000
32662,2.62,201301260000
32668,1.79,201301260000
32682,2.32,201301260000
32697,2.96,201301260000
32712,0.77,201301260000
32729,2.96,201301260000
32739,2.94,201301260000
32742,1.57,201301260000
32744,2.33,201301260000
32802,0.97,201301260000
32834,1.91,201301260000
32905,2.87,201301260000
32907,2.71,201301260000
32912,1.0,201301260000
32916,1.57,201301260000
32922,1.83,201301260000
32924,2.45,201301260000
32926,1.56,201301260000
32929,1.67,201301260000
32977,2.28,201301260000
32978,2.91,201301260000
33154,2.52,201301260000
33158,0.69,201301260000
33160,2.25,201301260000
33165,2.69,201301260000
33170,2.1,201301260000
33186,0.81,201301260000
33286,1.55,201301260000
33405,2.6,201301260000
33409,1.19,201301260000
33412,1.85,201301260000
33418,1.34,201301260000
33420,2.26,201301260000
33424,1.69,201301260000
33435,2.13,201301260000
33442,2.06,201301260000
33519,2.09,201301260000
33594,1.77,201301260000
33656,1.89,201301260000
33659,0.96,201301260000
33662,0.95,201301260000
33664,0.92,201301260000
33666,2.43,201301260000
33669,1.55,201301260000
33673,0.76,201301260000
33675,1.75,201301260000
33694,1.58,201301260000
33724,1.46,201301260000
33742,1.31,201301260000
33812,1.7,201301260000
33909,0.91,201301260000
33911,2.98,201301260000
33912,1.7,201301260000
33913,0.79,201301260000
33922,0.8,201301260000
33923,2.65,201301260000
33924,0.66,201301260000
33931,0.92,201301260000
33935,2.81,201301260000
33986,2.15,201301260000
34013,1.47,201301260000
34160,1.73,201301260000
34161,1.22,201301260000
34162,1.78,201301260000
34163,0.75,201301260000
34167,2.76,201301260000
34190,2.82,201301260000
34211,0.99,201301260000
34303,1.67,201301260000
34380,0.77,201301260000
34407,2.56,201301260000
34413,0.68,201301260000
34423,2.05,201301260000
34424,1.18,201301260000
34427,1.55,201301260000
34430,2.28,201301260000
34437,2.8,201301260000
34440,1.19,201301260000
34486,1.91,201301260000
34495,2.93,201301260000
34510,2.98,201301260000
34520,2.56,201301260000
34528,2.04,201301260000
34563,0.52,201301260000
34662,0.52,201301260000
34667,1.91,201301260000
34668,1.71,201301260000
34670,1.91,201301260000
34672,2.82,201301260000
34673,0.52,201301260000
34676,0.77,201301260000
34679,2.78,201301260000
34682,1.62,201301260000
34695,1.26,201301260000
34710,2.68,201301260000
34714,1.76,201301260000
34720,2.19,201301260000
34882,2.75,201301260000
34913,2.8,201301260000
34914,1.0,201301260000
34915,2.18,201301260000
34924,1.89,201301260000
34925,1.29,201301260000
34934,1.9,201301260000
34939,1.91,201301260000
34959,2.95,201301260000
34990,0.91,201301260000
35102,2.53,201301260000
35164,2.02,201301260000
35166,2.51,201301260000
35173,2.07,201301260000
35178,2.24,201301260000
35183,2.65,201301260000
35185,2.32,201301260000
35187,0.63,201301260000
35193,2.72,201301260000
35203,1.51,201301260000
35218,2.08,201301260000
35237,0.73,201301260000
35244,0.55,201301260000
35249,2.13,201301260000
35295,0.53,201301260000
35368,0.98,201301260000
35410,0.83,201301260000
35414,2.33,201301260000
35415,2.38,201301260000
35417,0.5,201301260000
35421,2.45,201301260000
35440,2.78,201301260000
35455,2.8,201301260000
35492,0.91,201301260000
35515,1.56,201301260000
35665,2.54,201301260000
35675,1.39,201301260000
35683,2.2,201301260000
35686,1.79,201301260000
35700,0.74,201301260000
35745,2.33,201301260000
35755,1.91,201301260000
35769,2.21,201301260000
35916,0.63,201301260000
35917,2.5,201301260000
35918,0.81,201301260000
35919,2.68,201301260000
35921,1.75,201301260000
35929,1.79,201301260000
35931,1.76,201301260000
35941,0.57,201301260000
35944,2.94,201301260000
35971,2.58,201301260000
35981,0.68,201301260000
35992,1.54,201301260000
35994,1.63,201301260000
36067,2.73,201301260000
36162,2.95,201301260000
36167,2.47,201301260000
36169,0.79,201301260000
36170,0.51,201301260000
36173,0.52,201301260000
36176,1.86,201301260000
36177,0.51,201301260000
36205,2.95,201301260000
36237,0.98,201301260000
36245,0.55,201301260000
36246,1.65,201301260000
36293,3.0,201301260000
36311,2.55,201301260000
36417,2.88,201301260000
36420,1.94,201301260000
36421,1.17,201301260000
36441,1.96,201301260000
36448,0.84,201301260000
36494,1.85,201301260000
36498,0.93,201301260000
36502,1.99,201301260000
36510,2.84,201301260000
36513,2.39,201301260000
36519,2.55,201301260000
36524,0.59,201301260000
36576,1.71,201301260000
36668,1.12,201301260000
36673,1.12,201301260000
36675,0.72,201301260000
36677,1.72,201301260000
36679,1.03,201301260000
36682,2.55,201301260000
36688,0.64,201301260000
36690,1.02,201301260000
36711,0.77,201301260000
36717,1.46,201301260000
36758,1.66,201301260000
36889,2.83,201301260000
36915,1.87,201301260000
36918,1.8,201301260000
36933,1.37,201301260000
36934,0.74,201301260000
36953,2.47,201301260000
36959,2.1,201301260000
36996,2.87,201301260000
36999,2.39,201301260000
37001,1.16,201301260000
37167,1.41,201301260000
37168,2.92,201301260000
37169,2.87,201301260000
37172,2.81,201301260000
37176,1.66,201301260000
37178,1.05,201301260000
37179,1.68,201301260000
37182,2.41,201301260000
37192,0.7,201301260000
37200,1.22,201301260000
37206,1.28,201301260000
37232,1.26,201301260000
37239,0.68,201301260000
37270,2.19,201301260000
37298,1.37,201301260000
37304,2.73,201301260000
37419,1.01,201301260000
37421,2.29,201301260000
37423,1.1,201301260000
37425,2.61,201301260000
37446,2.66,201301260000
37454,1.69,201301260000
37477,1.47,201301260000
37487,1.41,201301260000
37501,1.95,201301260000
37503,1.99,201301260000
37513,2.32,201301260000
37523,2.46,201301260000
37562,1.88,201301260000
37609,1.15,201301260000
37642,1.85,201301260000
37643,1.76,201301260000
37670,0.94,201301260000
37671,1.81,201301260000
37672,2.02,201301260000
37676,2.64,201301260000
37688,1.36,201301260000
37689,1.93,201301260000
37690,1.91,201301260000
37695,1.83,201301260000
37701,1.58,201301260000
37710,1.13,201301260000
37711,2.54,201301260000
37754,1.45,201301260000
37874,1.3,201301260000
37891,0.99,201301260000
37893,2.59,201301260000
37894,1.39,201301260000
37926,1.98,201301260000
37928,2.91,201301260000
37929,2.42,201301260000
37932,1.73,201301260000
37936,1.8,201301260000
37943,0.65,201301260000
37952,1.95,201301260000
37962,1.99,201301260000
37968,2.09,201301260000
38003,2.83,201301260000
38060,0.78,201301260000
38145,1.28,201301260000
38172,2.57,201301260000
38173,1.21,201301260000
38178,2.55,201301260000
38200,1.2,201301260000
38204,1.31,201301260000
38209,2.69,201301260000
38215,2.14,201301260000
38220,1.25,201301260000
38225,1.35,201301260000
38228,1.29,201301260000
38230,1.53,201301260000
38243,0.64,201301260000
38247,2.57,201301260000
38255,0.7,201301260000
38263,1.57,201301260000
38268,1.64,201301260000
38272,0.59,201301260000
38367,0.53,201301260000
38381,1.53,201301260000
38423,2.84,201301260000
38425,1.52,201301260000
38426,1.48,201301260000
38431,1.83,201301260000
38440,1.45,201301260000
38479,2.54,201301260000
38481,1.13,201301260000
38483,0.8,201301260000
38488,1.29,201301260000
38490,2.25,201301260000
38498,2.87,201301260000
38499,1.81,201301260000
38500,1.21,201301260000
38505,1.8,201301260000
38506,1.28,201301260000
38508,2.91,201301260000
38517,2.84,201301260000
38534,0.79,201301260000
38648,2.38,201301260000
38674,1.07,201301260000
38676,2.65,201301260000
38679,1.87,201301260000
38684,2.37,201301260000
38693,1.51,201301260000
38697,1.12,201301260000
38716,2.58,201301260000
38722,2.26,201301260000
38736,1.55,201301260000
38738,1.65,201301260000
38752,2.51,201301260000
38753,0.71,201301260000
38758,2.54,201301260000
38760,2.02,201301260000
38761,2.42,201301260000
38762,0.59,201301260000
38766,1.36,201301260000
38769,2.92,201301260000
38778,2.99,201301260000
38812,0.76,201301260000
38939,2.02,201301260000
38953,1.25,201301260000
38958,2.49,201301260000
38967,2.31,201301260000
39006,1.54,201301260000
39008,2.1,201301260000
39010,2.76,201301260000
39011,1.48,201301260000
39017,2.25,201301260000
39113,1.62,201301260000
39148,1.75,201301260000
39149,1.49,201301260000
39176,1.45,201301260000
39178,2.72,201301260000
39191,2.07,201301260000
39201,2.1,201301260000
39230,1.58,201301260000
39236,1.53,201301260000
39246,1.34,201301260000
39252,2.09,201301260000
39255,2.62,201301260000
39260,2.18,201301260000
39262,2.5,201301260000
39263,1.27,201301260000
39268,2.98,201301260000
39269,2.6,201301260000
39271,2.15,201301260000
39274,1.4,201301260000
39275,2.78,201301260000
39375,0.83,201301260000
39391,2.34,201301260000
39427,0.97,201301260000
39428,0.99,201301260000
39430,2.43,201301260000
39433,2.99,201301260000
39446,2.16,201301260000
39457,1.72,201301260000
39514,2.09,201301260000
39515,0.97,201301260000
39516,1.19,201301260000
39517,0.71,201301260000
39535,0.72,201301260000
39554,0.87,201301260000
39559,2.12,201301260000
39631,2.09,201301260000
39632,0.69,201301260000
39633,2.04,201301260000
39652,0.96,201301260000
39683,1.79,201301260000
39687,1.07,201301260000
39706,0.73,201301260000
39710,1.97,201301260000
39722,0.95,201301260000
39731,2.58,201301260000
39750,2.71,201301260000
39755,1.35,201301260000
39759,2.61,201301260000
39762,2.22,201301260000
39764,0.77,201301260000
39765,0.7,201301260000
39766,0.87,201301260000
39767,1.28,201301260000
39769,2.73,201301260000
39772,1.11,201301260000
39776,1.0,201301260000
39777,2.33,201301260000
39790,2.11,201301260000
39791,1.67,201301260000
39796,2.71,201301260000
39832,1.23,201301260000
39883,2.64,201301260000
39930,1.93,201301260000
39932,1.57,201301260000
39941,2.72,201301260000
39948,0.56,201301260000
39969,1.56,201301260000
40018,0.99,201301260000
40031,2.34,201301260000
40133,0.82,201301260000
40180,2.39,201301260000
40188,0.69,201301260000
40196,2.28,201301260000
40242,2.32,201301260000
40246,1.59,201301260000
40259,0.71,201301260000
40264,1.51,201301260000
40267,2.55,201301260000
40268,2.58,201301260000
40270,1.29,201301260000
40276,2.63,201301260000
40286,0.96,201301260000
40295,2.25,201301260000
40431,1.71,201301260000
40432,0.59,201301260000
40442,2.27,201301260000
40447,0.9,201301260000
40448,2.69,201301260000
40451,0.78,201301260000
40457,0.85,201301260000
40500,1.47,201301260000
40512,0.66,201301260000
40518,1.52,201301260000
40519,2.26,201301260000
40522,2.58,201301260000
40524,0.66,201301260000
40525,1.06,201301260000
40532,0.75,201301260000
40560,1.87,201301260000
40566,2.87,201301260000
40633,0.51,201301260000
40687,0.52,201301260000
40713,0.81,201301260000
40719,2.5,201301260000
40732,2.16,201301260000
40733,1.63,201301260000
40766,1.0,201301260000
40810,0.95,201301260000
40894,2.53,201301260000
40933,2.31,201301260000
40936,2.24,201301260000
40939,1.5,201301260000
40954,1.46,201301260000
40982,1.07,201301260000
41021,0.75,201301260000
41024,2.36,201301260000
41061,0.88,201301260000
41145,2.05,201301260000
41157,2.24,201301260000
41183,2.42,201301260000
41200,1.96,201301260000
41262,1.8,201301260000
41265,2.75,201301260000
41270,1.62,201301260000
41277,1.85,201301260000
41318,2.27,201301260000
41401,1.59,201301260000
41407,1.89,201301260000
41437,0.83,201301260000
41459,2.16,201301260000
41465,1.18,201301260000
41469,1.25,201301260000
41508,1.49,201301260000
41520,1.65,201301260000
41522,1.86,201301260000
41526,2.31,201301260000
41532,2.64,201301260000
41558,1.07,201301260000
41635,2.62,201301260000
41653,1.2,201301260000
41658,1.54,201301260000
41692,2.67,201301260000
41696,2.39,201301260000
41764,1.81,201301260000
41772,2.59,201301260000
41893,1.21,201301260000
41904,2.81,201301260000
41905,0.89,201301260000
41936,1.73,201301260000
41941,2.58,201301260000
41958,1.85,201301260000
41990,2.3,201301260000
42023,0.74,201301260000
42026,2.91,201301260000
42029,1.45,201301260000
42074,0.5,201301260000
42085,2.15,201301260000
42095,2.79,201301260000
42147,0.74,201301260000
42160,2.71,201301260000
42200,2.83,201301260000
42213,2.57,201301260000
42267,0.97,201301260000
42271,0.63,201301260000
42274,0.64,201301260000
42283,0.71,201301260000
42291,2.49,201301260000
42342,2.53,201301260000
42411,0.87,201301260000
42438,2.12,201301260000
42454,1.91,201301260000
42471,2.08,201301260000
42478,1.01,201301260000
42487,0.56,201301260000
42503,1.83,201301260000
42514,1.15,201301260000
42521,2.06,201301260000
42533,2.44,201301260000
42644,0.53,201301260000
42661,2.07,201301260000
42695,1.51,201301260000
42744,1.72,201301260000
42750,1.0,201301260000
42846,1.06,201301260000
42905,1.36,201301260000
42912,1.67,201301260000
42939,0.53,201301260000
42940,2.63,201301260000
42944,1.02,201301260000
42949,2.83,201301260000
43011,0.65,201301260000
43021,2.56,201301260000
43030,0.58,201301260000
43151,2.2,201301260000
43160,1.66,201301260000
43162,0.9,201301260000
43213,0.98,201301260000
43220,0.95,201301260000
43261,2.92,201301260000
43412,1.85,201301260000
43413,0.73,201301260000
43440,2.86,201301260000
43443,1.04,201301260000
43449,2.7,201301260000
43483,1.51,201301260000
43484,1.75,201301260000
43494,2.73,201301260000
43518,0.7,201301260000
43523,1.46,201301260000
43526,2.18,201301260000
43530,1.47,201301260000
43571,0.88,201301260000
43642,2.48,201301260000
43662,2.91,201301260000
43738,0.8,201301260000
43760,1.73,201301260000
43779,1.17,201301260000
43914,2.31,201301260000
43957,0.82,201301260000
43980,2.96,201301260000
43984,0.65,201301260000
43992,1.43,201301260000
43995,0.63,201301260000
44002,1.93,201301260000
44039,2.07,201301260000
44194,1.82,201301260000
44197,2.27,201301260000
44204,0.72,201301260000
44215,0.66,201301260000
44226,2.57,201301260000
44247,0.55,201301260000
44255,1.94,201301260000
44282,2.15,201301260000
44284,1.78,201301260000
44356,2.35,201301260000
44470,2.17,201301260000
44486,2.33,201301260000
44503,1.74,201301260000
44504,2.37,201301260000
44510,1.68,201301260000
44517,1.79,201301260000
44534,2.26,201301260000
44578,1.27,201301260000
44666,2.08,201301260000
44694,1.27,201301260000
44697,0.76,201301260000
44716,1.99,201301260000
44724,2.22,201301260000
44743,2.08,201301260000
44755,1.86,201301260000
44756,0.77,201301260000
44757,0.95,201301260000
44758,2.96,201301260000
44786,1.33,201301260000
44787,2.68,201301260000
44911,1.58,201301260000
44963,1.97,201301260000
45005,1.25,201301260000
45006,1.13,201301260000
45007,1.14,201301260000
45008,1.77,201301260000
45039,0.82,201301260000
45114,1.19,201301260000
45168,2.22,201301260000
45200,2.01,201301260000
45203,1.29,201301260000
45208,2.98,201301260000
45237,2.16,201301260000
45254,0.59,201301260000
45256,2.17,201301260000
45258,2.35,201301260000
45261,2.32,201301260000
45265,2.85,201301260000
45266,1.7,201301260000
45401,1.92,201301260000
45479,1.76,201301260000
45502,1.24,201301260000
45507,1.14,201301260000
45509,0.99,201301260000
45526,0.61,201301260000
45538,2.17,201301260000
45582,1.26,201301260000
45661,2.96,201301260000
45701,2.38,201301260000
45703,1.48,201301260000
45716,1.15,201301260000
45720,1.16,201301260000
45725,2.43,201301260000
45735,0.84,201301260000
45747,2.96,201301260000
45766,1.06,201301260000
45793,2.26,201301260000
45795,1.09,201301260000
45919,2.53,201301260000
45948,2.15,201301260000
46008,2.78,201301260000
46036,1.96,201301260000
46041,1.79,201301260000
46052,2.52,201301260000
46074,1.04,201301260000
46145,1.7,201301260000
46202,2.54,201301260000
46209,2.81,201301260000
46242,0.9,201301260000
46265,2.63,201301260000
46372,2.59,201301260000
46384,1.89,201301260000
46455,2.71,201301260000
46508,0.92,201301260000
46523,2.18,201301260000
46538,2.9,201301260000
46565,0.76,201301260000
46574,2.9,201301260000
46626,1.86,201301260000
46700,2.8,201301260000
46738,1.35,201301260000
46770,2.54,201301260000
46778,2.72,201301260000
46787,2.6,201301260000
46803,1.17,201301260000
46954,2.89,201301260000
46964,1.04,201301260000
46972,2.24,201301260000
46976,1.45,201301260000
46981,2.06,201301260000
47011,2.31,201301260000
47015,2.12,201301260000
47047,1.82,201301260000
47253,0.56,201301260000
47288,2.16,201301260000
47295,2.17,201301260000
47342,1.35,201301260000
47454,0.89,201301260000
47535,1.59,201301260000
47543,0.99,201301260000
47705,2.65,201301260000
47709,1.29,201301260000
47711,1.36,201301260000
47758,1.36,201301260000
47806,2.87,201301260000
47889,1.32,201301260000
47926,2.53,201301260000
47968,1.45,201301260000
47972,1.96,201301260000
47977,1.8,201301260000
47982,1.65,201301260000
48032,0.5,201301260000
48209,0.98,201301260000
48239,0.59,201301260000
48244,1.91,201301260000
48278,1.18,201301260000
48420,1.81,201301260000
48427,1.75,201301260000
48499,0.95,201301260000
48503,2.23,201301260000
48552,2.5,201301260000
48584,1.99,201301260000
48713,1.9,201301260000
48759,2.75,201301260000
48848,2.48,201301260000
48898,1.27,201301260000
49017,2.0,201301260000
49049,2.3,201301260000
49229,2.33,201301260000
49241,1.27,201301260000
49472,3.0,201301260000
49483,1.94,201301260000
49542,1.49,201301260000
49555,2.75,201301260000
49679,2.63,201301260000
49750,2.07,201301260000
49760,1.66,201301260000
49777,2.37,201301260000
49968,1.49,201301260000
50053,2.23,201301260000
50103,2.94,201301260000
50180,2.18,201301260000
50285,2.08,201301260000
50430,0.92,201301260000
50470,1.54,201301260000
50494,2.08,201301260000
50511,2.72,201301260000
50549,2.26,201301260000
50680,0.75,201301260000
50682,1.23,201301260000
50731,1.35,201301260000
50812,1.58,201301260000
50872,1.95,201301260000
51029,2.51,201301260000
51046,2.19,201301260000
51053,1.73,201301260000
51056,2.89,201301260000
51162,2.59,201301260000
51177,1.65,201301260000
51182,1.23,201301260000
51228,2.46,201301260000
51258,1.98,201301260000
51430,1.83,201301260000
51431,1.89,201301260000
51432,2.2,201301260000
51520,2.17,201301260000
51681,1.26,201301260000
51682,1.76,201301260000
51725,2.72,201301260000
51790,2.6,201301260000
51832,1.72,201301260000
51857,1.28,201301260000
51931,2.0,201301260000
51932,1.38,201301260000
51986,2.42,201301260000
52003,2.11,201301260000
52182,2.75,201301260000
52244,2.9,201301260000
52259,2.9,201301260000
52280,2.2,201301260000
52319,0.62,201301260000
52473,1.38,201301260000
52518,2.58,201301260000
52631,1.38,201301260000
52679,0.91,201301260000
52729,2.92,201301260000
52811,1.69,201301260000
52983,1.15,201301260000
52988,2.9,201301260000
52993,0.62,201301260000
53000,1.57,201301260000
53016,1.61,201301260000
53027,1.04,201301260000
53072,0.86,201301260000
53090,1.33,201301260000
53177,2.98,201301260000
53178,0.9,201301260000
53381,1.31,201301260000
53427,1.59,201301260000
53429,0.88,201301260000
53761,2.02,201301260000
53774,2.26,201301260000
53797,0.57,201301260000
53810,2.37,201301260000
53822,2.04,201301260000
53864,2.72,201301260000
53927,1.88,201301260000
54038,0.58,201301260000
54071,0.9,201301260000
54234,0.69,201301260000
54281,1.9,201301260000
54284,0.91,201301260000
54327,1.34,201301260000
54334,1.92,201301260000
54349,2.18,201301260000
54427,2.91,201301260000
54503,0.97,201301260000
54510,1.61,201301260000
54520,1.06,201301260000
54550,1.68,201301260000
54578,1.68,201301260000
54678,0.85,201301260000
54828,1.32,201301260000
54983,2.59,201301260000
54996,2.83,201301260000
55070,2.11,201301260000
55329,2.64,201301260000
55331,2.86,201301260000
55535,0.88,201301260000
55633,1.73,201301260000
55680,1.72,201301260000
55761,2.17,201301260000
55831,0.91,201301260000
55832,2.77,201301260000
55838,0.77,201301260000
55845,2.94,201301260000
56106,0.89,201301260000
56493,0.8,201301260000
56571,2.35,201301260000
56586,1.37,201301260000
56587,1.67,201301260000
56591,0.89,201301260000
56738,1.54,201301260000
56835,2.1,201301260000
56882,1.28,201301260000
56887,2.89,201301260000
56888,1.83,201301260000
56933,1.36,201301260000
56934,2.55,201301260000
57042,2.49,201301260000
57062,1.71,201301260000
57189,1.86,201301260000
57261,2.3,201301260000
57329,2.95,201301260000
57342,1.22,201301260000
57376,1.87,201301260000
57378,2.31,201301260000
57380,2.4,201301260000
57397,2.45,201301260000
57440,2.63,201301260000
57495,2.85,201301260000
57523,2.28,201301260000
57555,2.93,201301260000
57597,1.18,201301260000
57613,1.87,201301260000
57615,1.49,201301260000
57628,1.43,201301260000
57631,1.31,201301260000
57823,1.36,201301260000
57837,1.61,201301260000
57851,1.25,201301260000
57852,1.05,201301260000
57906,0.95,201301260000
58179,2.43,201301260000
58251,2.89,201301260000
58421,2.06,201301260000
58511,1.42,201301260000
58632,2.94,201301260000
58744,1.68,201301260000
58802,2.71,201301260000
58814,1.8,201301260000
58879,2.37,201301260000
58892,2.99,201301260000
59010,2.05,201301260000
59043,1.81,201301260000
59104,2.26,201301260000
59125,2.84,201301260000
59134,1.84,201301260000
59285,2.97,201301260000
59329,0.88,201301260000
59555,1.56,201301260000
59635,2.75,201301260000
59745,0.65,201301260000
59927,2.29,201301260000
59941,1.01,201301260000
60008,2.09,201301260000
60011,0.67,201301260000
60114,2.59,201301260000
60141,2.29,201301260000
60147,2.36,201301260000
60331,0.55,201301260000
60344,2.41,201301260000
60350,2.08,201301260000
60578,2.69,201301260000
60593,1.68,201301260000
60613,0.6,201301260000
60630,2.15,201301260000
60635,0.88,201301260000
60649,1.35,201301260000
60750,2.83,201301260000
60774,2.48,201301260000
60819,2.19,201301260000
60880,1.48,201301260000
60888,1.61,201301260000
61062,0.95,201301260000
61110,1.37,201301260000
61263,2.52,201301260000
61343,2.63,201301260000
61591,1.99,201301260000
61597,0.62,201301260000
61654,1.91,201301260000
61818,2.32,201301260000
62077,2.52,201301260000
62104,2.69,201301260000
62135,1.31,201301260000
62140,2.7,201301260000
62252,1.35,201301260000
62558,2.12,201301260000
62589,1.9,201301260000
62757,1.26,201301260000
62772,1.82,201301260000
62850,0.64,201301260000
62926,0.83,201301260000
62948,2.95,201301260000
63044,0.82,201301260000
63153,2.89,201301260000
63383,1.65,201301260000
63397,1.79,201301260000
63398,1.2,201301260000
63407,1.31,201301260000
63574,1.56,201301260000
63586,0.84,201301260000
63816,2.42,201301260000
64102,1.56,201301260000
64150,1.94,201301260000
64200,1.68,201301260000
64515,1.83,201301260000
64529,1.69,201301260000
64573,1.73,201301260000
64581,1.48,201301260000
64815,2.41,201301260000
64915,0.93,201301260000
65059,0.86,201301260000
65144,1.66,201301260000
65320,0.91,201301260000
65375,1.88,201301260000
65454,1.06,201301260000
65528,1.08,201301260000
65607,2.9,201301260000
65774,2.77,201301260000
65838,0.78,201301260000
66068,2.89,201301260000
66084,1.16,201301260000
66151,1.03,201301260000
66353,2.73,201301260000
66538,2.94,201301260000
66575,2.57,201301260000
66637,2.72,201301260000
66827,2.47,201301260000
66870,1.6,201301260000
67110,1.35,201301260000
67207,2.8,201301260000
67335,1.6,201301260000
67385,1.66,201301260000
67599,0.82,201301260000
67601,1.6,201301260000
67602,2.12,201301260000
67698,2.79,201301260000
67824,2.09,201301260000
67842,2.96,201301260000
67854,2.95,201301260000
67855,1.77,201301260000
67918,1.72,201301260000
68103,0.81,201301260000
68104,1.76,201301260000
68110,0.51,201301260000
68111,0.85,201301260000
68349,1.73,201301260000
68354,2.49,201301260000
68356,0.65,201301260000
68454,1.73,201301260000
68455,0.77,201301260000
68587,1.17,201301260000
68857,0.89,201301260000
68858,1.2,201301260000
68897,0.95,201301260000
68924,0.82,201301260000
68930,2.29,201301260000
69106,1.85,201301260000
69190,0.53,201301260000
69206,0.83,201301260000
69359,1.08,201301260000
69371,0.79,201301260000
69455,1.6,201301260000
69582,1.33,201301260000
69613,1.0,201301260000
69676,2.02,201301260000
70115,1.85,201301260000
70132,2.9,201301260000
70181,2.85,201301260000
70342,1.02,201301260000
70352,1.46,201301260000
70360,2.85,201301260000
70374,1.11,201301260000
70440,2.09,201301260000
70462,2.58,201301260000
70619,2.33,201301260000
70659,2.87,201301260000
70715,1.61,201301260000
70903,1.27,201301260000
70934,2.71,201301260000
70961,2.64,201301260000
71122,1.93,201301260000
71187,1.32,201301260000
71399,0.64,201301260000
71601,2.06,201301260000
71629,1.36,201301260000
71888,0.65,201301260000
71961,1.24,201301260000
71964,2.82,201301260000
72201,1.05,201301260000
72218,1.07,201301260000
72345,0.91,201301260000
72367,1.36,201301260000
72407,2.68,201301260000
72416,0.93,201301260000
72706,2.82,201301260000
72894,0.88,201301260000
73104,2.16,201301260000
73135,1.46,201301260000
73211,1.88,201301260000
73223,2.63,201301260000
73451,1.91,201301260000
73460,0.8,201301260000
73461,2.65,201301260000
73557,2.78,201301260000
73669,1.24,201301260000
74158,2.55,201301260000
74216,1.25,201301260000
74388,2.85,201301260000
74396,1.4,201301260000
74466,2.16,201301260000
74467,1.05,201301260000
74638,1.75,201301260000
74677,1.67,201301260000
74678,1.94,201301260000
74711,1.82,201301260000
74721,1.5,201301260000
74962,2.38,201301260000
74968,2.21,201301260000
74973,1.83,201301260000
75224,1.79,201301260000
75329,1.47,201301260000
75386,0.57,201301260000
75424,1.4,201301260000
75436,2.14,201301260000
75475,1.89,201301260000
75619,2.19,201301260000
75721,2.59,201301260000
75722,2.02,201301260000
75724,2.34,201301260000
75725,1.01,201301260000
75726,2.61,201301260000
75727,2.7,201301260000
75974,2.64,201301260000
75975,2.21,201301260000
76133,0.8,201301260000
76227,1.68,201301260000
76393,0.55,201301260000
76473,1.66,201301260000
76477,1.98,201301260000
76654,2.09,201301260000
76728,1.06,201301260000
76959,0.74,201301260000
77169,2.93,201301260000
77230,2.53,201301260000
77381,0.76,201301260000
77458,1.4,201301260000
77641,2.69,201301260000
77942,1.09,201301260000
77981,1.32,201301260000
78205,0.97,201301260000
78418,2.63,201301260000
78654,0.83,201301260000
78733,2.68,201301260000
78881,1.21,201301260000
78896,2.84,201301260000
78909,2.17,201301260000
78983,1.03,201301260000
79234,0.91,201301260000
79379,2.51,201301260000
79394,2.73,201301260000
79484,2.08,201301260000
79712,0.9,201301260000
79911,2.05,201301260000
79915,1.42,201301260000
80160,1.28,201301260000
80161,2.24,201301260000
80193,1.52,201301260000
80352,1.68,201301260000
80397,1.84,201301260000
80406,2.96,201301260000
80411,1.06,201301260000
80412,2.41,201301260000
80413,1.12,201301260000
80420,2.16,201301260000
80485,1.78,201301260000
80635,1.48,201301260000
80659,2.72,201301260000
80663,1.27,201301260000
80664,0.9,201301260000
80703,0.67,201301260000
80877,1.91,201301260000
80916,2.48,201301260000
81163,1.88,201301260000
81164,2.28,201301260000
81354,1.09,201301260000
81363,0.67,201301260000
81390,2.05,201301260000
81625,2.35,201301260000
81651,0.95,201301260000
81899,2.77,201301260000
82135,0.79,201301260000
82168,1.19,201301260000
82169,2.18,201301260000
82237,2.16,201301260000
82613,0.77,201301260000
82622,1.11,201301260000
82664,0.71,201301260000
82892,1.01,201301260000
82951,2.91,201301260000
83410,0.93,201301260000
83489,1.54,201301260000
83735,1.73,201301260000
83865,0.89,201301260000
84123,1.9,201301260000
84179,1.39,201301260000
84207,2.31,201301260000
84212,0.55,201301260000
84221,0.63,201301260000
84366,0.51,201301260000
84689,2.2,201301260000
84712,1.67,201301260000
84902,1.84,201301260000
85474,0.99,201301260000
85487,2.48,201301260000
85620,2.45,201301260000
85705,2.24,201301260000
85715,2.81,201301260000
85738,1.98,201301260000
86440,2.48,201301260000
86622,1.79,201301260000
86623,1.1,201301260000
86672,2.04,201301260000
86873,1.63,201301260000
86895,1.23,201301260000
87121,1.75,201301260000
87227,2.99,201301260000
87460,1.47,201301260000
87690,1.63,201301260000
87873,1.9,201301260000
88242,1.66,201301260000
88463,2.92,201301260000
89120,1.45,201301260000
89152,1.63,201301260000
89175,1.71,201301260000
89198,1.38,201301260000
89615,1.83,201301260000
89625,2.81,201301260000
90116,2.31,201301260000
90183,1.57,201301260000
90497,2.26,201301260000
90699,0.77,201301260000
90719,1.87,201301260000
91200,1.27,201301260000
91432,2.63,201301260000
91434,0.68,201301260000
91684,2.96,201301260000
91713,2.86,201301260000
91744,0.99,201301260000
92233,2.25,201301260000
93205,1.87,201301260000
93244,0.82,201301260000
93252,1.18,201301260000
93463,2.19,201301260000
93675,1.68,201301260000
93944,2.32,201301260000
94431,1.97,201301260000
94710,1.06,201301260000
94755,1.14,201301260000
94997,2.86,201301260000
95000,0.68,201301260000
95707,1.13,201301260000
95949,1.81,201301260000
95998,2.94,201301260000
96188,1.33,201301260000
96225,2.75,201301260000
96249,0.93,201301260000
96468,1.03,201301260000
96486,2.42,201301260000
96718,2.61,201301260000
96972,2.23,201301260000
96995,0.65,201301260000
97251,2.55,201301260000
97440,2.33,201301260000
97471,1.65,201301260000
97969,1.33,201301260000
97990,0.65,201301260000
98224,2.87,201301260000
98229,2.41,201301260000
98450,2.98,201301260000
98475,1.32,201301260000
98739,2.31,201301260000
99256,1.73,201301260000
99468,0.84,201301260000
99730,2.0,201301260000
101215,0.91,201301260000
101911,0.52,201301260000
101912,1.34,201301260000
101989,2.91,201301260000
102999,2.06,201301260000
103242,1.27,201301260000
103431,1.21,201301260000
104177,1.87,201301260000
104221,0.59,201301260000
104239,2.42,201301260000
104701,2.26,201301260000
104984,2.95,201301260000
105196,2.77,201301260000
105219,1.12,201301260000
105460,2.48,201301260000
105461,1.86,201301260000
105481,2.42,201301260000
105489,1.51,201301260000
105709,1.77,201301260000
105710,2.67,201301260000
105711,0.92,201301260000
105712,0.95,201301260000
105713,0.56,201301260000
105715,1.35,201301260000
105726,2.75,201301260000
105727,0.74,201301260000
105736,2.18,201301260000
105960,1.95,201301260000
105961,1.41,201301260000
105962,2.59,201301260000
105963,1.45,201301260000
105964,2.86,201301260000
105975,0.77,201301260000
106195,2.26,201301260000
106213,0.63,201301260000
106214,2.47,201301260000
106215,0.83,201301260000
106221,2.25,201301260000
106231,2.86,201301260000
106232,1.3,201301260000
106234,0.74,201301260000
106235,1.02,201301260000
106237,0.63,201301260000
106446,1.92,201301260000
106447,1.41,201301260000
106462,1.51,201301260000
106463,0.82,201301260000
106465,1.6,201301260000
106466,1.52,201301260000
106467,2.93,201301260000
106480,2.85,201301260000
106712,1.54,201301260000
106717,2.05,201301260000
106718,2.86,201301260000
106741,1.89,201301260000
106958,0.99,201301260000
106964,1.52,201301260000
106965,2.7,201301260000
106966,0.55,201301260000
106967,1.62,201301260000
106971,1.18,201301260000
106983,2.51,201301260000
106997,1.03,201301260000
107200,1.05,201301260000
107212,1.86,201301260000
107219,1.75,201301260000
107240,1.55,201301260000
107460,0.65,201301260000
107465,0.79,201301260000
107466,0.63,201301260000
107468,2.41,201301260000
107491,2.92,201301260000
107711,0.55,201301260000
107725,2.17,201301260000
107726,1.92,201301260000
107954,1.75,201301260000
107966,2.94,201301260000
107971,2.63,201301260000
107979,2.56,201301260000
107993,1.58,201301260000
108205,2.51,201301260000
108211,2.22,201301260000
108214,2.79,201301260000
108215,1.38,201301260000
108217,0.86,201301260000
108219,2.68,201301260000
108220,2.15,201301260000
108222,1.9,201301260000
108225,0.9,201301260000
108230,0.75,201301260000
108454,1.09,201301260000
108463,2.52,201301260000
108499,0.55,201301260000
108717,0.55,201301260000
108722,2.76,201301260000
108724,0.86,201301260000
108733,0.86,201301260000
108968,1.08,201301260000
108975,2.77,201301260000
108984,2.22,201301260000
108985,2.16,201301260000
109216,1.9,201301260000
109219,0.61,201301260000
109222,1.27,201301260000
109227,2.64,201301260000
109231,2.04,201301260000
109236,2.96,201301260000
109245,1.08,201301260000
109473,1.31,201301260000
109487,2.44,201301260000
109494,2.01,201301260000
109495,1.79,201301260000
109496,1.17,201301260000
109497,2.56,201301260000
109742,2.49,201301260000
109744,1.64,201301260000
109748,0.58,201301260000
109750,2.63,201301260000
109980,2.46,201301260000
109991,1.21,201301260000
109994,1.85,201301260000
109998,2.11,201301260000
110001,1.73,201301260000
110243,2.7,201301260000
110247,0.6,201301260000
110249,2.08,201301260000
110251,2.97,201301260000
110253,2.14,201301260000
110254,0.53,201301260000
