cell,mobility,dtg
1610,0.61,201301111600
1846,2.67,201301111600
1851,1.06,201301111600
1853,2.64,201301111600
1856,1.46,201301111600
1857,2.19,201301111600
2103,2.18,201301111600
2105,0.72,201301111600
2106,2.96,201301111600
2107,1.72,201301111600
2114,1.28,201301111600
2342,1.97,201301111600
2347,2.28,201301111600
2351,1.3,201301111600
2354,1.33,201301111600
2357,2.98,201301111600
2372,2.65,201301111600
2374,1.19,201301111600
2591,1.43,201301111600
2595,1.4,201301111600
2605,2.72,201301111600
2611,2.1,201301111600
2615,0.8,201301111600
2620,2.86,201301111600
2627,2.28,201301111600
2839,0.56,201301111600
2847,1.64,201301111600
3086,2.96,201301111600
3094,0.92,201301111600
3100,2.75,201301111600
3124,1.58,201301111600
3128,2.49,201301111600
3334,2.65,201301111600
3337,0.66,201301111600
3375,1.02,201301111600
3614,1.62,201301111600
3619,2.25,201301111600
3632,1.25,201301111600
3635,1.64,201301111600
3830,2.67,201301111600
3831,1.79,201301111600
3833,2.61,201301111600
3837,2.28,201301111600
3845,0.63,201301111600
3856,2.89,201301111600
3860,0.95,201301111600
3865,2.73,201301111600
4078,0.66,201301111600
4081,2.17,201301111600
4137,1.45,201301111600
4141,1.44,201301111600
4142,2.26,201301111600
4328,1.6,201301111600
4329,2.43,201301111600
4341,1.29,201301111600
4345,1.33,201301111600
4348,2.33,201301111600
4354,0.87,201301111600
4372,1.91,201301111600
4577,2.41,201301111600
4578,1.87,201301111600
4580,1.98,201301111600
4582,2.74,201301111600
4605,2.89,201301111600
4608,2.9,201301111600
4631,2.94,201301111600
4636,1.7,201301111600
4637,1.96,201301111600
4829,2.07,201301111600
4830,2.48,201301111600
4831,1.46,201301111600
4834,0.9,201301111600
4837,1.61,201301111600
4852,1.61,201301111600
4863,1.86,201301111600
4868,0.95,201301111600
4890,1.82,201301111600
4891,1.22,201301111600
5078,2.3,201301111600
5081,2.39,201301111600
5084,2.08,201301111600
5127,2.63,201301111600
5153,1.41,201301111600
5327,1.85,201301111600
5329,2.16,201301111600
5333,2.97,201301111600
5334,1.99,201301111600
5339,0.74,201301111600
5369,1.61,201301111600
5402,0.57,201301111600
5410,2.34,201301111600
5577,2.99,201301111600
5581,0.95,201301111600
5592,1.18,201301111600
5612,2.07,201301111600
5623,1.89,201301111600
5876,2.32,201301111600
5893,2.0,201301111600
5898,1.77,201301111600
6078,2.86,201301111600
6118,2.9,201301111600
6136,0.8,201301111600
6158,2.84,201301111600
6159,2.5,201301111600
6333,2.54,201301111600
6353,1.88,201301111600
6365,1.57,201301111600
6366,2.87,201301111600
6414,1.44,201301111600
6588,1.96,201301111600
6609,2.95,201301111600
6635,1.9,201301111600
6668,1.07,201301111600
6841,2.03,201301111600
6849,2.77,201301111600
6896,0.86,201301111600
6924,0.54,201301111600
6928,0.68,201301111600
6935,2.8,201301111600
6939,1.64,201301111600
7077,1.17,201301111600
7078,2.22,201301111600
7085,2.86,201301111600
7088,0.51,201301111600
7113,1.09,201301111600
7114,1.14,201301111600
7129,0.81,201301111600
7133,2.11,201301111600
7165,1.51,201301111600
7192,1.95,201301111600
7354,2.39,201301111600
7375,0.9,201301111600
7379,0.63,201301111600
7401,0.59,201301111600
7410,1.41,201301111600
7436,2.46,201301111600
7584,2.35,201301111600
7646,2.31,201301111600
7849,1.42,201301111600
7871,2.59,201301111600
7927,1.21,201301111600
7948,0.91,201301111600
8080,0.83,201301111600
8170,1.22,201301111600
8182,1.33,201301111600
8195,0.95,201301111600
8342,2.78,201301111600
8582,1.28,201301111600
8602,2.98,201301111600
8609,2.19,201301111600
8638,1.64,201301111600
8656,1.03,201301111600
8830,0.53,201301111600
8839,2.86,201301111600
8876,0.7,201301111600
8897,1.19,201301111600
8912,1.49,201301111600
8918,2.97,201301111600
8929,0.61,201301111600
8940,0.63,201301111600
8954,1.63,201301111600
9140,2.98,201301111600
9333,0.93,201301111600
9468,2.87,201301111600
9473,0.89,201301111600
9589,1.0,201301111600
9601,0.54,201301111600
9607,0.53,201301111600
9658,2.7,201301111600
9724,2.04,201301111600
9833,2.14,201301111600
10084,1.14,201301111600
10089,1.52,201301111600
10096,1.03,201301111600
10144,0.94,201301111600
10170,2.75,201301111600
10181,2.48,201301111600
10189,1.71,201301111600
10201,1.4,201301111600
10334,1.35,201301111600
10335,2.03,201301111600
10383,2.66,201301111600
10414,0.84,201301111600
10444,1.28,201301111600
10458,0.68,201301111600
10477,1.68,201301111600
10586,1.45,201301111600
10601,1.29,201301111600
10609,0.54,201301111600
10616,1.24,201301111600
10633,1.47,201301111600
10655,2.59,201301111600
10665,2.07,201301111600
10681,2.37,201301111600
10717,1.08,201301111600
10835,1.77,201301111600
10837,0.61,201301111600
10847,2.14,201301111600
10903,2.3,201301111600
10911,0.98,201301111600
10918,2.73,201301111600
10973,2.67,201301111600
11087,2.67,201301111600
11092,1.86,201301111600
11128,0.59,201301111600
11222,2.18,201301111600
11223,1.51,201301111600
11225,1.17,201301111600
11238,1.2,201301111600
11361,1.09,201301111600
11393,0.69,201301111600
11424,0.87,201301111600
11601,1.33,201301111600
11682,1.63,201301111600
11704,1.26,201301111600
11858,2.2,201301111600
11884,1.88,201301111600
11901,2.99,201301111600
11946,1.86,201301111600
11960,1.28,201301111600
11972,1.89,201301111600
12089,0.74,201301111600
12090,1.52,201301111600
12096,2.95,201301111600
12120,1.63,201301111600
12157,0.9,201301111600
12230,2.77,201301111600
12383,2.18,201301111600
12431,2.16,201301111600
12601,2.28,201301111600
12625,1.86,201301111600
12632,2.11,201301111600
12842,2.06,201301111600
12875,2.93,201301111600
12901,1.05,201301111600
12913,1.98,201301111600
12933,1.94,201301111600
12934,2.62,201301111600
12985,1.94,201301111600
13099,2.76,201301111600
13114,1.62,201301111600
13150,1.93,201301111600
13175,1.65,201301111600
13183,2.42,201301111600
13222,1.78,201301111600
13358,1.94,201301111600
13444,1.58,201301111600
13455,2.03,201301111600
13456,0.83,201301111600
13670,2.17,201301111600
13694,2.22,201301111600
13845,2.67,201301111600
13849,2.51,201301111600
14011,0.83,201301111600
14095,2.45,201301111600
14133,0.86,201301111600
14161,1.33,201301111600
14167,1.26,201301111600
14184,2.65,201301111600
14241,1.01,201301111600
14255,0.96,201301111600
14349,2.55,201301111600
14350,2.86,201301111600
14375,1.98,201301111600
14452,0.93,201301111600
14475,2.85,201301111600
14620,1.81,201301111600
14673,1.95,201301111600
14745,2.9,201301111600
14859,0.83,201301111600
14936,1.35,201301111600
14995,2.65,201301111600
15097,0.84,201301111600
15098,1.18,201301111600
15246,0.68,201301111600
15349,2.88,201301111600
15440,2.39,201301111600
15600,1.33,201301111600
15656,1.67,201301111600
15672,2.99,201301111600
15699,2.89,201301111600
15714,2.65,201301111600
15725,1.3,201301111600
15744,0.73,201301111600
15849,1.86,201301111600
15850,2.8,201301111600
15851,1.88,201301111600
15853,1.86,201301111600
15871,2.35,201301111600
16100,2.49,201301111600
16105,0.69,201301111600
16114,2.05,201301111600
16171,2.61,201301111600
16184,1.57,201301111600
16400,2.11,201301111600
16414,2.86,201301111600
16601,0.59,201301111600
16604,2.66,201301111600
16625,2.03,201301111600
16670,2.53,201301111600
16853,1.7,201301111600
16868,1.76,201301111600
16932,1.44,201301111600
17232,1.48,201301111600
17355,2.23,201301111600
17358,0.89,201301111600
17367,2.24,201301111600
17635,2.71,201301111600
17673,1.81,201301111600
17681,1.59,201301111600
17884,0.55,201301111600
17984,2.99,201301111600
18108,0.99,201301111600
18115,1.33,201301111600
18118,2.61,201301111600
18123,1.03,201301111600
18139,2.68,201301111600
18154,1.54,201301111600
18160,1.0,201301111600
18177,2.72,201301111600
18185,2.0,201301111600
18383,1.8,201301111600
18404,2.42,201301111600
18427,1.31,201301111600
18466,0.65,201301111600
18616,2.13,201301111600
18629,1.64,201301111600
18861,1.39,201301111600
18866,0.6,201301111600
18925,2.66,201301111600
19110,0.73,201301111600
19112,2.9,201301111600
19114,2.4,201301111600
19122,1.63,201301111600
19360,2.66,201301111600
19443,1.23,201301111600
19481,1.37,201301111600
19611,1.56,201301111600
19612,2.08,201301111600
19618,0.64,201301111600
19633,2.46,201301111600
19678,0.65,201301111600
19878,0.87,201301111600
19913,0.75,201301111600
20113,0.56,201301111600
20114,1.1,201301111600
20116,2.41,201301111600
20170,2.63,201301111600
20363,1.92,201301111600
20387,1.8,201301111600
20396,2.2,201301111600
20436,0.77,201301111600
20616,2.77,201301111600
20621,0.93,201301111600
20628,1.48,201301111600
20651,2.66,201301111600
20671,2.23,201301111600
20682,1.27,201301111600
20864,1.92,201301111600
20882,0.74,201301111600
20931,2.6,201301111600
20995,2.71,201301111600
21115,2.88,201301111600
21118,1.48,201301111600
21201,2.84,201301111600
21373,1.64,201301111600
21377,2.23,201301111600
21392,0.51,201301111600
21407,1.76,201301111600
21428,0.53,201301111600
21448,2.7,201301111600
21617,2.64,201301111600
21619,0.61,201301111600
21639,0.69,201301111600
21658,0.97,201301111600
21663,2.94,201301111600
21701,0.63,201301111600
21721,2.14,201301111600
21868,0.93,201301111600
21871,2.39,201301111600
21999,1.45,201301111600
22126,1.07,201301111600
22133,1.8,201301111600
22174,2.68,201301111600
22176,0.57,201301111600
22205,2.79,201301111600
22368,0.55,201301111600
22395,2.31,201301111600
22419,1.87,201301111600
22420,1.29,201301111600
22421,2.52,201301111600
22422,0.55,201301111600
22619,2.77,201301111600
22630,2.93,201301111600
22634,1.19,201301111600
22671,1.9,201301111600
22673,2.25,201301111600
22700,0.75,201301111600
22751,2.05,201301111600
22768,0.74,201301111600
22869,0.9,201301111600
22877,2.3,201301111600
22928,2.51,201301111600
22940,2.18,201301111600
22955,2.19,201301111600
22963,2.5,201301111600
22966,1.31,201301111600
23120,2.11,201301111600
23124,2.48,201301111600
23125,1.35,201301111600
23131,0.94,201301111600
23138,2.95,201301111600
23169,2.33,201301111600
23194,1.78,201301111600
23216,2.05,201301111600
23370,1.66,201301111600
23371,0.51,201301111600
23379,1.11,201301111600
23386,2.86,201301111600
23388,0.59,201301111600
23427,1.74,201301111600
23621,1.81,201301111600
23627,0.8,201301111600
23635,1.21,201301111600
23641,1.71,201301111600
23662,1.79,201301111600
23669,2.23,201301111600
23690,0.84,201301111600
23744,2.74,201301111600
23750,0.72,201301111600
23872,2.61,201301111600
23873,2.7,201301111600
23875,1.9,201301111600
23881,1.73,201301111600
23894,0.72,201301111600
23896,1.93,201301111600
23907,0.54,201301111600
23925,0.86,201301111600
23973,1.06,201301111600
24005,0.9,201301111600
24009,2.39,201301111600
24032,2.12,201301111600
24122,0.66,201301111600
24123,1.93,201301111600
24149,1.56,201301111600
24247,2.82,201301111600
24251,1.03,201301111600
24265,1.51,201301111600
24266,2.85,201301111600
24373,2.66,201301111600
24374,1.87,201301111600
24380,2.37,201301111600
24381,2.03,201301111600
24383,2.88,201301111600
24387,2.5,201301111600
24402,2.03,201301111600
24405,2.17,201301111600
24423,1.51,201301111600
24623,2.02,201301111600
24626,1.08,201301111600
24643,2.98,201301111600
24732,0.95,201301111600
24734,0.88,201301111600
24739,2.11,201301111600
24774,2.81,201301111600
24775,2.81,201301111600
24781,1.86,201301111600
24837,2.9,201301111600
24874,1.41,201301111600
24877,2.15,201301111600
24879,2.31,201301111600
24880,1.51,201301111600
24895,1.95,201301111600
24920,1.29,201301111600
24990,2.21,201301111600
24991,2.23,201301111600
24993,2.34,201301111600
25124,1.61,201301111600
25125,2.85,201301111600
25126,2.87,201301111600
25129,0.54,201301111600
25130,2.01,201301111600
25132,1.15,201301111600
25136,0.8,201301111600
25138,2.18,201301111600
25141,0.86,201301111600
25179,1.8,201301111600
25187,2.6,201301111600
25375,1.81,201301111600
25376,2.32,201301111600
25377,1.31,201301111600
25379,2.13,201301111600
25385,1.19,201301111600
25395,1.76,201301111600
25400,2.11,201301111600
25405,2.49,201301111600
25412,1.93,201301111600
25427,1.64,201301111600
25626,0.8,201301111600
25627,2.64,201301111600
25628,2.13,201301111600
25629,1.88,201301111600
25632,2.97,201301111600
25633,2.9,201301111600
25642,2.18,201301111600
25715,1.81,201301111600
25747,2.89,201301111600
25763,0.72,201301111600
25876,1.96,201301111600
25877,1.34,201301111600
25878,2.23,201301111600
25881,0.76,201301111600
25882,0.99,201301111600
25886,1.15,201301111600
25888,0.76,201301111600
25926,2.85,201301111600
25997,2.62,201301111600
26005,0.98,201301111600
26035,1.55,201301111600
26127,0.87,201301111600
26129,1.35,201301111600
26130,1.3,201301111600
26133,1.38,201301111600
26135,2.03,201301111600
26136,2.75,201301111600
26138,1.84,201301111600
26139,1.49,201301111600
26141,1.62,201301111600
26148,2.33,201301111600
26168,1.9,201301111600
26378,1.31,201301111600
26379,1.85,201301111600
26380,1.41,201301111600
26381,0.54,201301111600
26382,1.03,201301111600
26383,1.27,201301111600
26385,1.29,201301111600
26386,1.9,201301111600
26387,2.51,201301111600
26389,0.68,201301111600
26391,1.9,201301111600
26392,0.59,201301111600
26393,2.16,201301111600
26396,1.44,201301111600
26403,2.51,201301111600
26408,2.01,201301111600
26427,1.87,201301111600
26450,0.92,201301111600
26492,2.94,201301111600
26546,1.83,201301111600
26563,2.62,201301111600
26564,2.31,201301111600
26628,1.01,201301111600
26629,1.42,201301111600
26630,1.07,201301111600
26631,2.49,201301111600
26633,1.06,201301111600
26634,0.86,201301111600
26656,1.78,201301111600
26674,0.98,201301111600
26708,1.72,201301111600
26752,0.64,201301111600
26754,1.7,201301111600
26755,2.95,201301111600
26782,0.55,201301111600
26846,1.65,201301111600
26879,2.55,201301111600
26880,2.96,201301111600
26881,1.8,201301111600
26882,2.72,201301111600
26883,2.38,201301111600
26884,1.46,201301111600
26885,2.05,201301111600
26886,2.91,201301111600
26887,2.2,201301111600
26889,1.9,201301111600
26890,2.87,201301111600
26891,2.51,201301111600
26892,2.59,201301111600
26893,1.01,201301111600
26894,1.86,201301111600
26895,2.33,201301111600
26897,2.28,201301111600
26905,1.39,201301111600
26938,2.57,201301111600
26964,1.55,201301111600
27006,1.03,201301111600
27042,2.67,201301111600
27098,1.44,201301111600
27130,1.98,201301111600
27131,0.69,201301111600
27132,2.44,201301111600
27133,1.48,201301111600
27134,1.74,201301111600
27135,0.67,201301111600
27136,1.65,201301111600
27137,2.62,201301111600
27138,2.46,201301111600
27142,1.39,201301111600
27143,1.94,201301111600
27145,1.1,201301111600
27148,2.88,201301111600
27149,1.44,201301111600
27152,2.7,201301111600
27155,1.11,201301111600
27175,0.74,201301111600
27209,2.05,201301111600
27247,1.77,201301111600
27381,1.56,201301111600
27382,2.17,201301111600
27383,1.71,201301111600
27384,2.33,201301111600
27386,0.58,201301111600
27387,2.89,201301111600
27388,1.55,201301111600
27389,1.9,201301111600
27390,0.9,201301111600
27392,2.71,201301111600
27395,1.66,201301111600
27404,0.81,201301111600
27415,2.25,201301111600
27427,2.98,201301111600
27489,2.19,201301111600
27494,2.03,201301111600
27498,1.85,201301111600
27518,2.34,201301111600
27632,2.5,201301111600
27633,1.85,201301111600
27634,2.5,201301111600
27635,1.1,201301111600
27636,2.51,201301111600
27637,1.59,201301111600
27638,2.14,201301111600
27639,1.68,201301111600
27640,2.94,201301111600
27642,0.94,201301111600
27643,0.75,201301111600
27645,2.41,201301111600
27646,2.2,201301111600
27647,1.08,201301111600
27649,0.78,201301111600
27654,2.06,201301111600
27763,1.15,201301111600
27764,2.78,201301111600
27796,2.26,201301111600
27797,1.13,201301111600
27883,2.95,201301111600
27884,2.14,201301111600
27885,2.03,201301111600
27886,2.09,201301111600
27887,2.01,201301111600
27888,2.4,201301111600
27889,0.61,201301111600
27890,2.91,201301111600
27891,1.23,201301111600
27892,1.38,201301111600
27894,1.76,201301111600
27895,1.44,201301111600
27897,2.75,201301111600
27902,2.97,201301111600
27908,1.75,201301111600
27911,1.44,201301111600
27930,1.19,201301111600
27971,0.88,201301111600
28004,1.99,201301111600
28015,1.84,201301111600
28049,0.86,201301111600
28102,2.37,201301111600
28134,2.87,201301111600
28135,1.81,201301111600
28136,1.19,201301111600
28137,2.69,201301111600
28138,1.65,201301111600
28139,1.0,201301111600
28140,2.85,201301111600
28142,2.03,201301111600
28143,0.97,201301111600
28144,1.63,201301111600
28146,2.14,201301111600
28154,1.57,201301111600
28156,0.69,201301111600
28216,0.81,201301111600
28239,1.29,201301111600
28384,2.89,201301111600
28385,2.01,201301111600
28386,0.81,201301111600
28387,2.02,201301111600
28388,1.45,201301111600
28389,2.76,201301111600
28390,2.03,201301111600
28391,2.9,201301111600
28392,2.71,201301111600
28393,2.04,201301111600
28394,1.57,201301111600
28396,2.09,201301111600
28397,2.23,201301111600
28400,1.76,201301111600
28401,0.61,201301111600
28405,2.92,201301111600
28427,1.71,201301111600
28467,2.02,201301111600
28496,1.67,201301111600
28497,1.31,201301111600
28519,1.34,201301111600
28535,2.19,201301111600
28539,0.96,201301111600
28545,2.84,201301111600
28557,0.9,201301111600
28635,2.97,201301111600
28636,2.51,201301111600
28637,1.88,201301111600
28638,2.73,201301111600
28639,2.62,201301111600
28640,1.57,201301111600
28641,1.94,201301111600
28642,0.85,201301111600
28643,0.88,201301111600
28644,1.51,201301111600
28645,0.97,201301111600
28646,2.04,201301111600
28649,0.89,201301111600
28658,0.55,201301111600
28667,2.79,201301111600
28675,1.68,201301111600
28751,1.18,201301111600
28753,2.11,201301111600
28754,2.94,201301111600
28788,1.43,201301111600
28812,2.73,201301111600
28823,1.32,201301111600
28886,2.17,201301111600
28887,2.31,201301111600
28888,2.23,201301111600
28889,2.79,201301111600
28890,1.49,201301111600
28891,2.17,201301111600
28892,0.97,201301111600
28893,1.3,201301111600
28894,1.74,201301111600
28895,2.83,201301111600
28896,1.6,201301111600
28897,0.57,201301111600
28899,2.03,201301111600
28900,0.92,201301111600
28901,0.69,201301111600
28902,0.95,201301111600
28905,1.54,201301111600
28912,2.41,201301111600
28960,1.99,201301111600
28969,1.79,201301111600
29004,2.44,201301111600
29012,0.88,201301111600
29026,1.69,201301111600
29068,2.28,201301111600
29076,1.55,201301111600
29088,2.85,201301111600
29094,1.07,201301111600
29136,2.97,201301111600
29137,1.58,201301111600
29138,0.66,201301111600
29139,2.55,201301111600
29140,2.95,201301111600
29141,2.1,201301111600
29142,1.97,201301111600
29143,2.96,201301111600
29144,0.81,201301111600
29146,1.96,201301111600
29147,0.84,201301111600
29148,2.93,201301111600
29149,2.88,201301111600
29151,2.78,201301111600
29158,1.81,201301111600
29165,2.76,201301111600
29171,2.08,201301111600
29190,0.71,201301111600
29247,0.93,201301111600
29387,2.68,201301111600
29388,2.63,201301111600
29389,2.26,201301111600
29390,2.19,201301111600
29391,0.79,201301111600
29392,2.79,201301111600
29393,0.74,201301111600
29394,0.98,201301111600
29395,1.91,201301111600
29396,2.65,201301111600
29397,2.68,201301111600
29398,2.16,201301111600
29399,0.78,201301111600
29401,1.49,201301111600
29402,0.75,201301111600
29403,2.64,201301111600
29405,2.17,201301111600
29409,2.0,201301111600
29425,2.67,201301111600
29429,2.29,201301111600
29495,0.83,201301111600
29498,1.46,201301111600
29533,0.59,201301111600
29556,1.63,201301111600
29638,2.57,201301111600
29639,0.7,201301111600
29640,0.71,201301111600
29641,1.85,201301111600
29642,2.42,201301111600
29643,1.82,201301111600
29644,2.52,201301111600
29645,0.88,201301111600
29648,0.68,201301111600
29649,0.82,201301111600
29650,1.93,201301111600
29654,2.88,201301111600
29663,1.92,201301111600
29670,2.92,201301111600
29710,0.55,201301111600
29730,0.92,201301111600
29733,2.19,201301111600
29736,1.84,201301111600
29766,0.64,201301111600
29891,1.66,201301111600
29892,1.17,201301111600
29893,2.37,201301111600
29894,1.91,201301111600
29895,2.34,201301111600
29896,2.55,201301111600
29897,1.83,201301111600
29898,1.33,201301111600
29900,0.51,201301111600
29903,1.13,201301111600
29906,0.55,201301111600
29909,1.43,201301111600
29912,1.86,201301111600
29917,0.53,201301111600
29925,1.03,201301111600
29966,1.86,201301111600
30021,1.4,201301111600
30026,2.65,201301111600
30036,1.49,201301111600
30142,1.8,201301111600
30143,1.57,201301111600
30144,2.72,201301111600
30145,2.1,201301111600
30146,0.71,201301111600
30147,2.34,201301111600
30148,1.5,201301111600
30152,0.62,201301111600
30154,1.29,201301111600
30157,2.73,201301111600
30158,1.79,201301111600
30181,0.92,201301111600
30242,1.12,201301111600
30243,1.01,201301111600
30244,2.68,201301111600
30261,2.97,201301111600
30300,2.34,201301111600
30322,0.72,201301111600
30393,1.29,201301111600
30394,2.26,201301111600
30395,2.89,201301111600
30396,2.81,201301111600
30397,1.92,201301111600
30398,2.56,201301111600
30400,2.57,201301111600
30401,2.4,201301111600
30403,2.05,201301111600
30407,0.66,201301111600
30410,0.69,201301111600
30420,2.94,201301111600
30430,1.13,201301111600
30434,1.93,201301111600
30439,2.46,201301111600
30481,2.02,201301111600
30489,1.49,201301111600
30494,2.83,201301111600
30495,2.62,201301111600
30496,2.72,201301111600
30645,1.02,201301111600
30646,1.16,201301111600
30647,1.68,201301111600
30648,0.79,201301111600
30649,1.56,201301111600
30650,2.18,201301111600
30651,0.7,201301111600
30652,0.66,201301111600
30653,1.53,201301111600
30654,1.94,201301111600
30661,2.87,201301111600
30664,0.75,201301111600
30666,2.0,201301111600
30669,0.78,201301111600
30673,2.95,201301111600
30683,0.53,201301111600
30745,0.87,201301111600
30750,2.04,201301111600
30777,2.52,201301111600
30780,2.6,201301111600
30812,2.45,201301111600
30897,1.86,201301111600
30898,0.87,201301111600
30899,2.59,201301111600
30900,0.7,201301111600
30901,1.28,201301111600
30902,1.63,201301111600
30903,2.6,201301111600
30904,1.41,201301111600
30908,1.0,201301111600
30909,2.72,201301111600
30912,1.96,201301111600
30913,2.7,201301111600
30928,2.13,201301111600
30953,2.9,201301111600
30979,1.52,201301111600
30994,1.07,201301111600
30995,1.91,201301111600
31027,2.26,201301111600
31028,1.86,201301111600
31029,1.24,201301111600
31082,1.81,201301111600
31148,1.64,201301111600
31149,1.59,201301111600
31150,1.55,201301111600
31151,0.82,201301111600
31152,2.23,201301111600
31156,2.7,201301111600
31157,2.07,201301111600
31161,1.22,201301111600
31166,2.48,201301111600
31172,1.52,201301111600
31274,1.21,201301111600
31281,1.78,201301111600
31369,2.9,201301111600
31398,1.71,201301111600
31401,1.03,201301111600
31407,2.63,201301111600
31408,1.95,201301111600
31409,0.59,201301111600
31410,1.11,201301111600
31413,2.52,201301111600
31419,1.37,201301111600
31427,1.0,201301111600
31457,1.0,201301111600
31466,0.72,201301111600
31651,1.22,201301111600
31652,2.36,201301111600
31656,1.79,201301111600
31660,0.64,201301111600
31663,2.79,201301111600
31666,2.06,201301111600
31675,1.02,201301111600
31738,1.19,201301111600
31754,1.17,201301111600
31782,1.51,201301111600
31903,0.53,201301111600
31904,2.75,201301111600
31905,2.56,201301111600
31906,0.75,201301111600
31908,1.12,201301111600
31912,0.95,201301111600
31921,2.42,201301111600
31928,0.5,201301111600
31949,0.72,201301111600
32028,2.65,201301111600
32032,2.79,201301111600
32045,1.12,201301111600
32150,2.92,201301111600
32155,2.78,201301111600
32157,2.19,201301111600
32161,1.14,201301111600
32162,2.68,201301111600
32167,1.77,201301111600
32169,1.54,201301111600
32175,0.73,201301111600
32182,2.33,201301111600
32185,1.2,201301111600
32195,0.67,201301111600
32235,1.94,201301111600
32404,2.73,201301111600
32405,2.19,201301111600
32410,0.63,201301111600
32411,2.84,201301111600
32415,2.43,201301111600
32449,2.28,201301111600
32490,1.94,201301111600
32558,3.0,201301111600
32622,0.89,201301111600
32656,0.77,201301111600
32658,0.93,201301111600
32660,1.58,201301111600
32662,2.92,201301111600
32668,1.5,201301111600
32682,1.5,201301111600
32697,2.47,201301111600
32712,2.72,201301111600
32729,2.22,201301111600
32739,2.91,201301111600
32742,0.78,201301111600
32744,2.99,201301111600
32802,1.17,201301111600
32834,2.95,201301111600
32905,0.98,201301111600
32907,2.97,201301111600
32912,0.95,201301111600
32916,0.66,201301111600
32922,1.41,201301111600
32924,1.15,201301111600
32926,1.34,201301111600
32929,2.17,201301111600
32977,2.58,201301111600
32978,2.89,201301111600
33154,2.44,201301111600
33158,1.53,201301111600
33160,1.87,201301111600
33165,2.77,201301111600
33170,1.33,201301111600
33186,1.88,201301111600
33286,1.0,201301111600
33405,1.3,201301111600
33409,2.77,201301111600
33412,1.88,201301111600
33418,0.72,201301111600
33420,1.3,201301111600
33424,1.91,201301111600
33435,1.75,201301111600
33442,2.7,201301111600
33519,0.64,201301111600
33594,1.41,201301111600
33656,2.91,201301111600
33659,1.74,201301111600
33662,2.91,201301111600
33664,1.27,201301111600
33666,0.95,201301111600
33669,2.84,201301111600
33673,2.82,201301111600
33675,0.61,201301111600
33694,1.28,201301111600
33724,1.36,201301111600
33742,1.11,201301111600
33812,1.8,201301111600
33909,2.84,201301111600
33911,2.54,201301111600
33912,1.37,201301111600
33913,2.04,201301111600
33922,1.9,201301111600
33923,2.63,201301111600
33924,1.85,201301111600
33931,1.44,201301111600
33935,0.98,201301111600
33986,1.15,201301111600
34013,1.08,201301111600
34160,1.05,201301111600
34161,2.95,201301111600
34162,2.65,201301111600
34163,0.73,201301111600
34167,2.99,201301111600
34190,2.15,201301111600
34211,1.8,201301111600
34303,0.54,201301111600
34380,2.07,201301111600
34407,0.55,201301111600
34413,2.41,201301111600
34423,1.49,201301111600
34424,1.62,201301111600
34427,2.84,201301111600
34430,0.58,201301111600
34437,1.71,201301111600
34440,2.4,201301111600
34486,2.41,201301111600
34495,2.88,201301111600
34510,1.72,201301111600
34520,1.32,201301111600
34528,1.22,201301111600
34563,1.36,201301111600
34662,2.83,201301111600
34667,1.33,201301111600
34668,2.12,201301111600
34670,1.23,201301111600
34672,0.99,201301111600
34673,2.38,201301111600
34676,2.91,201301111600
34679,2.6,201301111600
34682,0.54,201301111600
34695,2.76,201301111600
34710,0.65,201301111600
34714,1.15,201301111600
34720,1.12,201301111600
34882,1.91,201301111600
34913,2.86,201301111600
34914,2.77,201301111600
34915,2.34,201301111600
34924,0.56,201301111600
34925,2.46,201301111600
34934,1.87,201301111600
34939,0.62,201301111600
34959,1.87,201301111600
34990,1.92,201301111600
35102,2.61,201301111600
35164,2.84,201301111600
35166,1.29,201301111600
35173,1.62,201301111600
35178,0.84,201301111600
35183,1.32,201301111600
35185,1.11,201301111600
35187,2.28,201301111600
35193,0.95,201301111600
35203,0.87,201301111600
35218,1.78,201301111600
35237,2.75,201301111600
35244,1.19,201301111600
35249,1.01,201301111600
35295,1.88,201301111600
35368,1.66,201301111600
35410,1.47,201301111600
35414,1.16,201301111600
35415,2.6,201301111600
35417,1.34,201301111600
35421,0.75,201301111600
35440,1.83,201301111600
35455,1.2,201301111600
35492,1.93,201301111600
35515,1.78,201301111600
35665,2.12,201301111600
35675,2.34,201301111600
35683,0.97,201301111600
35686,2.07,201301111600
35700,0.78,201301111600
35745,0.55,201301111600
35755,0.85,201301111600
35769,2.94,201301111600
35916,0.81,201301111600
35917,1.05,201301111600
35918,2.79,201301111600
35919,2.26,201301111600
35921,1.57,201301111600
35929,2.71,201301111600
35931,1.58,201301111600
35941,0.95,201301111600
35944,0.79,201301111600
35971,0.95,201301111600
35981,1.23,201301111600
35992,1.17,201301111600
35994,1.82,201301111600
36067,1.56,201301111600
36162,1.22,201301111600
36167,2.79,201301111600
36169,2.71,201301111600
36170,1.24,201301111600
36173,1.08,201301111600
36176,0.67,201301111600
36177,1.45,201301111600
36205,2.49,201301111600
36237,1.42,201301111600
36245,1.84,201301111600
36246,1.22,201301111600
36293,0.6,201301111600
36311,2.84,201301111600
36417,0.52,201301111600
36420,0.55,201301111600
36421,1.89,201301111600
36441,2.16,201301111600
36448,2.94,201301111600
36494,2.65,201301111600
36498,1.12,201301111600
36502,1.68,201301111600
36510,1.17,201301111600
36513,1.52,201301111600
36519,2.66,201301111600
36524,0.6,201301111600
36576,2.84,201301111600
36668,0.53,201301111600
36673,1.41,201301111600
36675,1.0,201301111600
36677,1.12,201301111600
36679,2.84,201301111600
36682,1.06,201301111600
36688,1.11,201301111600
36690,0.7,201301111600
36711,1.95,201301111600
36717,1.24,201301111600
36758,2.85,201301111600
36889,0.69,201301111600
36915,1.45,201301111600
36918,2.78,201301111600
36933,0.85,201301111600
36934,2.1,201301111600
36953,1.12,201301111600
36959,1.71,201301111600
36996,1.6,201301111600
36999,1.18,201301111600
37001,2.03,201301111600
37167,2.63,201301111600
37168,0.55,201301111600
37169,1.94,201301111600
37172,0.75,201301111600
37176,2.43,201301111600
37178,1.65,201301111600
37179,2.53,201301111600
37182,1.79,201301111600
37192,1.3,201301111600
37200,2.16,201301111600
37206,2.32,201301111600
37232,0.98,201301111600
37239,1.31,201301111600
37270,2.31,201301111600
37298,1.97,201301111600
37304,1.33,201301111600
37419,1.81,201301111600
37421,0.98,201301111600
37423,1.12,201301111600
37425,0.79,201301111600
37446,1.2,201301111600
37454,2.81,201301111600
37477,1.19,201301111600
37487,2.9,201301111600
37501,1.7,201301111600
37503,2.02,201301111600
37513,1.56,201301111600
37523,0.82,201301111600
37562,1.15,201301111600
37609,2.76,201301111600
37642,0.87,201301111600
37643,2.56,201301111600
37670,2.08,201301111600
37671,1.84,201301111600
37672,1.6,201301111600
37676,2.18,201301111600
37688,0.65,201301111600
37689,1.13,201301111600
37690,1.11,201301111600
37695,0.99,201301111600
37701,2.2,201301111600
37710,0.57,201301111600
37711,1.48,201301111600
37754,0.82,201301111600
37874,1.98,201301111600
37891,1.56,201301111600
37893,2.66,201301111600
37894,2.59,201301111600
37926,1.31,201301111600
37928,2.54,201301111600
37929,2.94,201301111600
37932,0.8,201301111600
37936,2.27,201301111600
37943,0.63,201301111600
37952,2.32,201301111600
37962,2.61,201301111600
37968,2.36,201301111600
38003,2.82,201301111600
38060,1.77,201301111600
38145,1.95,201301111600
38172,2.86,201301111600
38173,1.23,201301111600
38178,1.32,201301111600
38200,1.58,201301111600
38204,1.52,201301111600
38209,0.97,201301111600
38215,2.07,201301111600
38220,1.52,201301111600
38225,1.09,201301111600
38228,2.47,201301111600
38230,2.44,201301111600
38243,2.57,201301111600
38247,1.18,201301111600
38255,1.2,201301111600
38263,1.98,201301111600
38268,1.03,201301111600
38272,2.91,201301111600
38367,0.67,201301111600
38381,1.47,201301111600
38423,0.89,201301111600
38425,2.1,201301111600
38426,1.54,201301111600
38431,2.58,201301111600
38440,1.56,201301111600
38479,0.75,201301111600
38481,2.65,201301111600
38483,1.46,201301111600
38488,2.93,201301111600
38490,1.72,201301111600
38498,0.87,201301111600
38499,2.96,201301111600
38500,1.01,201301111600
38505,1.73,201301111600
38506,2.0,201301111600
38508,0.81,201301111600
38517,1.7,201301111600
38534,2.3,201301111600
38648,2.35,201301111600
38674,1.25,201301111600
38676,1.24,201301111600
38679,2.48,201301111600
38684,0.86,201301111600
38693,1.44,201301111600
38697,1.4,201301111600
38716,0.53,201301111600
38722,1.59,201301111600
38736,1.01,201301111600
38738,0.51,201301111600
38752,2.46,201301111600
38753,1.04,201301111600
38758,2.41,201301111600
38760,2.6,201301111600
38761,2.98,201301111600
38762,1.07,201301111600
38766,0.83,201301111600
38769,1.11,201301111600
38778,0.91,201301111600
38812,2.2,201301111600
38939,1.94,201301111600
38953,1.12,201301111600
38958,1.43,201301111600
38967,1.06,201301111600
39006,2.54,201301111600
39008,2.92,201301111600
39010,0.68,201301111600
39011,1.5,201301111600
39017,2.59,201301111600
39113,2.83,201301111600
39148,0.59,201301111600
39149,2.04,201301111600
39176,1.39,201301111600
39178,2.14,201301111600
39191,1.34,201301111600
39201,1.13,201301111600
39230,1.61,201301111600
39236,2.71,201301111600
39246,2.22,201301111600
39252,1.97,201301111600
39255,2.44,201301111600
39260,0.6,201301111600
39262,1.37,201301111600
39263,2.63,201301111600
39268,2.37,201301111600
39269,2.87,201301111600
39271,1.63,201301111600
39274,1.1,201301111600
39275,2.55,201301111600
39375,2.96,201301111600
39391,1.85,201301111600
39427,1.94,201301111600
39428,1.74,201301111600
39430,1.73,201301111600
39433,1.57,201301111600
39446,1.31,201301111600
39457,2.79,201301111600
39514,0.65,201301111600
39515,2.3,201301111600
39516,2.37,201301111600
39517,2.72,201301111600
39535,1.01,201301111600
39554,2.02,201301111600
39559,2.82,201301111600
39631,2.73,201301111600
39632,1.85,201301111600
39633,1.87,201301111600
39652,2.82,201301111600
39683,1.01,201301111600
39687,2.54,201301111600
39706,1.02,201301111600
39710,1.34,201301111600
39722,2.76,201301111600
39731,1.97,201301111600
39750,2.04,201301111600
39755,1.19,201301111600
39759,0.86,201301111600
39762,2.19,201301111600
39764,2.89,201301111600
39765,2.03,201301111600
39766,1.38,201301111600
39767,0.62,201301111600
39769,2.96,201301111600
39772,2.19,201301111600
39776,2.08,201301111600
39777,2.11,201301111600
39790,2.57,201301111600
39791,1.79,201301111600
39796,2.7,201301111600
39832,2.0,201301111600
39883,2.7,201301111600
39930,1.77,201301111600
39932,1.99,201301111600
39941,1.33,201301111600
39948,1.73,201301111600
39969,0.55,201301111600
40018,0.63,201301111600
40031,1.81,201301111600
40133,1.09,201301111600
40180,1.48,201301111600
40188,0.54,201301111600
40196,2.26,201301111600
40242,1.25,201301111600
40246,2.94,201301111600
40259,2.76,201301111600
40264,2.0,201301111600
40267,0.53,201301111600
40268,0.52,201301111600
40270,1.54,201301111600
40276,2.8,201301111600
40286,1.44,201301111600
40295,1.46,201301111600
40431,2.51,201301111600
40432,0.93,201301111600
40442,1.48,201301111600
40447,0.64,201301111600
40448,2.43,201301111600
40451,1.69,201301111600
40457,2.1,201301111600
40500,1.97,201301111600
40512,1.8,201301111600
40518,1.34,201301111600
40519,1.48,201301111600
40522,1.13,201301111600
40524,2.86,201301111600
40525,2.13,201301111600
40532,1.43,201301111600
40560,1.41,201301111600
40566,2.49,201301111600
40633,2.0,201301111600
40687,2.93,201301111600
40713,2.92,201301111600
40719,2.84,201301111600
40732,1.35,201301111600
40733,1.08,201301111600
40766,2.56,201301111600
40810,2.61,201301111600
40894,2.79,201301111600
40933,2.52,201301111600
40936,0.86,201301111600
40939,0.67,201301111600
40954,1.04,201301111600
40982,2.51,201301111600
41021,1.85,201301111600
41024,1.08,201301111600
41061,2.64,201301111600
41145,1.4,201301111600
41157,1.4,201301111600
41183,1.09,201301111600
41200,1.08,201301111600
41262,0.69,201301111600
41265,1.46,201301111600
41270,2.21,201301111600
41277,1.76,201301111600
41318,2.48,201301111600
41401,0.7,201301111600
41407,2.28,201301111600
41437,1.72,201301111600
41459,1.85,201301111600
41465,0.63,201301111600
41469,2.76,201301111600
41508,1.08,201301111600
41520,2.5,201301111600
41522,0.88,201301111600
41526,1.68,201301111600
41532,2.96,201301111600
41558,0.58,201301111600
41635,1.37,201301111600
41653,1.54,201301111600
41658,1.58,201301111600
41692,2.86,201301111600
41696,0.6,201301111600
41764,0.51,201301111600
41772,2.31,201301111600
41893,0.71,201301111600
41904,0.94,201301111600
41905,1.64,201301111600
41936,2.4,201301111600
41941,1.38,201301111600
41958,0.87,201301111600
41990,2.61,201301111600
42023,2.59,201301111600
42026,1.24,201301111600
42029,2.86,201301111600
42074,2.02,201301111600
42085,2.58,201301111600
42095,1.37,201301111600
42147,1.38,201301111600
42160,1.72,201301111600
42200,0.54,201301111600
42213,2.19,201301111600
42267,0.52,201301111600
42271,2.1,201301111600
42274,1.81,201301111600
42283,2.52,201301111600
42291,0.77,201301111600
42342,1.35,201301111600
42411,2.55,201301111600
42438,1.77,201301111600
42454,1.38,201301111600
42471,2.11,201301111600
42478,1.21,201301111600
42487,0.84,201301111600
42503,2.47,201301111600
42514,2.35,201301111600
42521,2.38,201301111600
42533,0.95,201301111600
42644,1.76,201301111600
42661,2.92,201301111600
42695,3.0,201301111600
42744,2.89,201301111600
42750,2.65,201301111600
42846,2.09,201301111600
42905,1.84,201301111600
42912,2.47,201301111600
42939,1.4,201301111600
42940,0.66,201301111600
42944,1.99,201301111600
42949,1.79,201301111600
43011,0.98,201301111600
43021,2.43,201301111600
43030,1.94,201301111600
43151,0.67,201301111600
43160,1.8,201301111600
43162,1.69,201301111600
43213,1.26,201301111600
43220,1.28,201301111600
43261,2.98,201301111600
43412,0.6,201301111600
43413,0.81,201301111600
43440,1.84,201301111600
43443,0.67,201301111600
43449,1.87,201301111600
43483,1.53,201301111600
43484,3.0,201301111600
43494,2.14,201301111600
43518,0.6,201301111600
43523,1.64,201301111600
43526,2.37,201301111600
43530,1.12,201301111600
43571,1.55,201301111600
43642,1.98,201301111600
43662,1.46,201301111600
43738,2.62,201301111600
43760,1.31,201301111600
43779,0.66,201301111600
43914,1.53,201301111600
43957,1.92,201301111600
43980,2.13,201301111600
43984,2.3,201301111600
43992,1.12,201301111600
43995,2.46,201301111600
44002,2.81,201301111600
44039,2.3,201301111600
44194,0.91,201301111600
44197,1.3,201301111600
44204,1.27,201301111600
44215,2.34,201301111600
44226,1.88,201301111600
44247,1.78,201301111600
44255,1.09,201301111600
44282,2.51,201301111600
44284,2.54,201301111600
44356,0.59,201301111600
44470,1.41,201301111600
44486,2.58,201301111600
44503,1.02,201301111600
44504,1.57,201301111600
44510,1.98,201301111600
44517,2.39,201301111600
44534,0.64,201301111600
44578,2.25,201301111600
44666,2.22,201301111600
44694,2.41,201301111600
44697,1.91,201301111600
44716,2.45,201301111600
44724,2.64,201301111600
44743,2.61,201301111600
44755,1.04,201301111600
44756,1.71,201301111600
44757,1.31,201301111600
44758,2.59,201301111600
44786,2.37,201301111600
44787,1.25,201301111600
44911,0.55,201301111600
44963,0.66,201301111600
45005,1.52,201301111600
45006,2.52,201301111600
45007,2.01,201301111600
45008,2.9,201301111600
45039,2.02,201301111600
45114,1.29,201301111600
45168,0.71,201301111600
45200,2.48,201301111600
45203,2.53,201301111600
45208,0.64,201301111600
45237,2.91,201301111600
45254,1.86,201301111600
45256,1.68,201301111600
45258,2.43,201301111600
45261,1.61,201301111600
45265,1.73,201301111600
45266,1.4,201301111600
45401,2.34,201301111600
45479,1.58,201301111600
45502,2.27,201301111600
45507,2.7,201301111600
45509,2.71,201301111600
45526,0.93,201301111600
45538,2.0,201301111600
45582,2.26,201301111600
45661,2.02,201301111600
45701,0.75,201301111600
45703,2.37,201301111600
45716,2.11,201301111600
45720,1.94,201301111600
45725,1.91,201301111600
45735,2.16,201301111600
45747,0.85,201301111600
45766,1.12,201301111600
45793,2.54,201301111600
45795,1.9,201301111600
45919,0.98,201301111600
45948,2.42,201301111600
46008,1.87,201301111600
46036,0.72,201301111600
46041,1.21,201301111600
46052,1.8,201301111600
46074,1.24,201301111600
46145,2.08,201301111600
46202,1.07,201301111600
46209,0.96,201301111600
46242,2.39,201301111600
46265,1.71,201301111600
46372,1.29,201301111600
46384,1.46,201301111600
46455,2.2,201301111600
46508,2.17,201301111600
46523,2.67,201301111600
46538,1.04,201301111600
46565,1.98,201301111600
46574,2.36,201301111600
46626,1.88,201301111600
46700,2.61,201301111600
46738,2.45,201301111600
46770,1.01,201301111600
46778,2.06,201301111600
46787,1.04,201301111600
46803,2.12,201301111600
46954,1.67,201301111600
46964,2.26,201301111600
46972,2.99,201301111600
46976,2.73,201301111600
46981,2.76,201301111600
47011,1.54,201301111600
47015,1.97,201301111600
47047,2.69,201301111600
47253,0.78,201301111600
47288,0.85,201301111600
47295,2.68,201301111600
47342,1.58,201301111600
47454,1.14,201301111600
47535,2.87,201301111600
47543,1.67,201301111600
47705,1.68,201301111600
47709,0.51,201301111600
47711,1.99,201301111600
47758,2.87,201301111600
47806,0.63,201301111600
47889,1.58,201301111600
47926,2.79,201301111600
47968,1.5,201301111600
47972,1.78,201301111600
47977,2.59,201301111600
47982,2.5,201301111600
48032,1.32,201301111600
48209,1.47,201301111600
48239,1.14,201301111600
48244,2.01,201301111600
48278,0.64,201301111600
48420,1.46,201301111600
48427,0.64,201301111600
48499,0.86,201301111600
48503,2.0,201301111600
48552,0.74,201301111600
48584,2.3,201301111600
48713,1.53,201301111600
48759,3.0,201301111600
48848,0.86,201301111600
48898,0.93,201301111600
49017,1.05,201301111600
49049,2.68,201301111600
49229,1.5,201301111600
49241,1.02,201301111600
49472,2.41,201301111600
49483,2.04,201301111600
49542,2.68,201301111600
49555,2.89,201301111600
49679,1.03,201301111600
49750,1.23,201301111600
49760,2.94,201301111600
49777,2.84,201301111600
49968,1.43,201301111600
50053,0.63,201301111600
50103,2.0,201301111600
50180,1.46,201301111600
50285,1.48,201301111600
50430,1.78,201301111600
50470,2.07,201301111600
50494,1.21,201301111600
50511,0.76,201301111600
50549,1.71,201301111600
50680,2.47,201301111600
50682,0.97,201301111600
50731,1.07,201301111600
50812,2.76,201301111600
50872,2.1,201301111600
51029,2.7,201301111600
51046,1.45,201301111600
51053,1.09,201301111600
51056,0.81,201301111600
51162,1.22,201301111600
51177,0.51,201301111600
51182,2.44,201301111600
51228,1.45,201301111600
51258,1.96,201301111600
51430,1.52,201301111600
51431,1.93,201301111600
51432,1.37,201301111600
51520,2.38,201301111600
51681,2.9,201301111600
51682,1.7,201301111600
51725,2.88,201301111600
51790,0.69,201301111600
51832,0.9,201301111600
51857,2.93,201301111600
51931,0.57,201301111600
51932,0.54,201301111600
51986,0.8,201301111600
52003,2.32,201301111600
52182,0.93,201301111600
52244,0.5,201301111600
52259,1.23,201301111600
52280,1.75,201301111600
52319,0.61,201301111600
52473,0.72,201301111600
52518,2.24,201301111600
52631,2.25,201301111600
52679,0.61,201301111600
52729,2.45,201301111600
52811,0.91,201301111600
52983,2.29,201301111600
52988,0.77,201301111600
52993,1.37,201301111600
53000,0.69,201301111600
53016,0.75,201301111600
53027,1.97,201301111600
53072,1.55,201301111600
53090,1.5,201301111600
53177,1.85,201301111600
53178,0.8,201301111600
53381,2.93,201301111600
53427,0.54,201301111600
53429,0.54,201301111600
53761,1.59,201301111600
53774,2.6,201301111600
53797,1.47,201301111600
53810,2.53,201301111600
53822,2.72,201301111600
53864,2.46,201301111600
53927,2.47,201301111600
54038,2.8,201301111600
54071,2.96,201301111600
54234,2.02,201301111600
54281,1.23,201301111600
54284,2.6,201301111600
54327,2.86,201301111600
54334,2.4,201301111600
54349,1.68,201301111600
54427,2.55,201301111600
54503,1.25,201301111600
54510,1.96,201301111600
54520,1.16,201301111600
54550,0.86,201301111600
54578,0.98,201301111600
54678,1.99,201301111600
54828,0.62,201301111600
54983,0.87,201301111600
54996,2.2,201301111600
55070,2.02,201301111600
55329,0.98,201301111600
55331,2.4,201301111600
55535,2.04,201301111600
55633,1.91,201301111600
55680,1.95,201301111600
55761,1.44,201301111600
55831,1.9,201301111600
55832,0.9,201301111600
55838,2.51,201301111600
55845,2.95,201301111600
56106,0.86,201301111600
56493,2.55,201301111600
56571,1.75,201301111600
56586,1.54,201301111600
56587,2.1,201301111600
56591,2.01,201301111600
56738,2.25,201301111600
56835,1.21,201301111600
56882,1.59,201301111600
56887,2.58,201301111600
56888,1.54,201301111600
56933,1.59,201301111600
56934,0.94,201301111600
57042,1.44,201301111600
57062,1.24,201301111600
57189,1.33,201301111600
57261,1.44,201301111600
57329,2.96,201301111600
57342,2.11,201301111600
57376,1.24,201301111600
57378,2.84,201301111600
57380,2.89,201301111600
57397,0.68,201301111600
57440,2.63,201301111600
57495,2.12,201301111600
57523,2.16,201301111600
57555,1.38,201301111600
57597,1.6,201301111600
57613,2.94,201301111600
57615,1.42,201301111600
57628,2.44,201301111600
57631,1.08,201301111600
57823,0.51,201301111600
57837,1.42,201301111600
57851,1.69,201301111600
57852,1.24,201301111600
57906,2.65,201301111600
58179,1.36,201301111600
58251,0.76,201301111600
58421,1.69,201301111600
58511,1.21,201301111600
58632,1.43,201301111600
58744,2.11,201301111600
58802,2.09,201301111600
58814,2.59,201301111600
58879,1.48,201301111600
58892,1.78,201301111600
59010,2.56,201301111600
59043,2.14,201301111600
59104,1.32,201301111600
59125,2.59,201301111600
59134,2.32,201301111600
59285,2.68,201301111600
59329,2.93,201301111600
59555,2.37,201301111600
59635,2.45,201301111600
59745,1.98,201301111600
59927,2.11,201301111600
59941,0.52,201301111600
60008,1.04,201301111600
60011,2.29,201301111600
60114,2.52,201301111600
60141,1.64,201301111600
60147,2.18,201301111600
60331,2.6,201301111600
60344,1.51,201301111600
60350,2.85,201301111600
60578,1.22,201301111600
60593,0.61,201301111600
60613,0.57,201301111600
60630,1.28,201301111600
60635,1.48,201301111600
60649,1.76,201301111600
60750,2.25,201301111600
60774,1.29,201301111600
60819,2.86,201301111600
60880,2.96,201301111600
60888,0.51,201301111600
61062,0.63,201301111600
61110,1.26,201301111600
61263,2.2,201301111600
61343,2.89,201301111600
61591,1.2,201301111600
61597,0.7,201301111600
61654,0.96,201301111600
61818,2.24,201301111600
62077,2.97,201301111600
62104,2.74,201301111600
62135,1.07,201301111600
62140,0.52,201301111600
62252,1.2,201301111600
62558,0.56,201301111600
62589,2.02,201301111600
62757,1.21,201301111600
62772,2.96,201301111600
62850,1.68,201301111600
62926,2.28,201301111600
62948,0.57,201301111600
63044,1.34,201301111600
63153,2.2,201301111600
63383,0.64,201301111600
63397,2.36,201301111600
63398,2.34,201301111600
63407,1.15,201301111600
63574,1.07,201301111600
63586,1.72,201301111600
63816,2.02,201301111600
64102,2.49,201301111600
64150,1.24,201301111600
64200,2.15,201301111600
64515,0.89,201301111600
64529,1.48,201301111600
64573,1.42,201301111600
64581,1.71,201301111600
64815,0.5,201301111600
64915,1.89,201301111600
65059,0.67,201301111600
65144,2.66,201301111600
65320,2.09,201301111600
65375,2.26,201301111600
65454,2.31,201301111600
65528,2.01,201301111600
65607,1.14,201301111600
65774,2.1,201301111600
65838,0.77,201301111600
66068,2.45,201301111600
66084,2.32,201301111600
66151,2.59,201301111600
66353,0.83,201301111600
66538,1.22,201301111600
66575,1.52,201301111600
66637,0.93,201301111600
66827,0.93,201301111600
66870,2.21,201301111600
67110,1.91,201301111600
67207,2.08,201301111600
67335,2.34,201301111600
67385,2.97,201301111600
67599,1.12,201301111600
67601,2.93,201301111600
67602,2.11,201301111600
67698,1.73,201301111600
67824,2.32,201301111600
67842,0.55,201301111600
67854,2.14,201301111600
67855,0.71,201301111600
67918,1.55,201301111600
68103,2.95,201301111600
68104,0.51,201301111600
68110,0.83,201301111600
68111,2.23,201301111600
68349,2.95,201301111600
68354,1.18,201301111600
68356,2.44,201301111600
68454,2.22,201301111600
68455,1.67,201301111600
68587,2.22,201301111600
68857,0.79,201301111600
68858,1.4,201301111600
68897,2.86,201301111600
68924,0.61,201301111600
68930,1.67,201301111600
69106,1.32,201301111600
69190,2.78,201301111600
69206,2.33,201301111600
69359,2.1,201301111600
69371,0.76,201301111600
69455,2.32,201301111600
69582,0.97,201301111600
69613,2.15,201301111600
69676,2.66,201301111600
70115,1.36,201301111600
70132,1.3,201301111600
70181,2.53,201301111600
70342,2.17,201301111600
70352,2.45,201301111600
70360,1.1,201301111600
70374,1.36,201301111600
70440,2.93,201301111600
70462,1.39,201301111600
70619,1.37,201301111600
70659,1.01,201301111600
70715,2.96,201301111600
70903,0.98,201301111600
70934,0.98,201301111600
70961,1.88,201301111600
71122,1.41,201301111600
71187,0.66,201301111600
71399,0.77,201301111600
71601,2.92,201301111600
71629,0.96,201301111600
71888,1.89,201301111600
71961,2.49,201301111600
71964,1.82,201301111600
72201,1.89,201301111600
72218,1.89,201301111600
72345,1.83,201301111600
72367,2.22,201301111600
72407,1.59,201301111600
72416,2.48,201301111600
72706,1.45,201301111600
72894,1.36,201301111600
73104,0.83,201301111600
73135,1.72,201301111600
73211,1.83,201301111600
73223,1.75,201301111600
73451,0.76,201301111600
73460,1.6,201301111600
73461,0.89,201301111600
73557,1.24,201301111600
73669,1.63,201301111600
74158,1.45,201301111600
74216,2.02,201301111600
74388,2.33,201301111600
74396,2.92,201301111600
74466,2.29,201301111600
74467,1.5,201301111600
74638,0.99,201301111600
74677,2.49,201301111600
74678,1.0,201301111600
74711,2.06,201301111600
74721,0.79,201301111600
74962,1.36,201301111600
74968,2.25,201301111600
74973,1.53,201301111600
75224,0.8,201301111600
75329,2.29,201301111600
75386,1.68,201301111600
75424,2.06,201301111600
75436,1.86,201301111600
75475,2.72,201301111600
75619,2.6,201301111600
75721,1.2,201301111600
75722,2.84,201301111600
75724,2.44,201301111600
75725,2.42,201301111600
75726,1.03,201301111600
75727,2.85,201301111600
75974,2.24,201301111600
75975,1.47,201301111600
76133,1.62,201301111600
76227,1.32,201301111600
76393,1.16,201301111600
76473,1.07,201301111600
76477,0.96,201301111600
76654,1.46,201301111600
76728,0.51,201301111600
76959,2.03,201301111600
77169,1.44,201301111600
77230,2.28,201301111600
77381,0.82,201301111600
77458,1.44,201301111600
77641,0.95,201301111600
77942,2.7,201301111600
77981,2.87,201301111600
78205,0.5,201301111600
78418,1.19,201301111600
78654,0.53,201301111600
78733,1.61,201301111600
78881,1.97,201301111600
78896,2.8,201301111600
78909,0.66,201301111600
78983,1.84,201301111600
79234,2.65,201301111600
79379,2.24,201301111600
79394,1.95,201301111600
79484,1.58,201301111600
79712,1.72,201301111600
79911,0.67,201301111600
79915,1.68,201301111600
80160,2.67,201301111600
80161,2.45,201301111600
80193,2.44,201301111600
80352,1.03,201301111600
80397,2.06,201301111600
80406,1.18,201301111600
80411,2.76,201301111600
80412,2.16,201301111600
80413,1.13,201301111600
80420,0.88,201301111600
80485,1.83,201301111600
80635,2.41,201301111600
80659,1.82,201301111600
80663,0.68,201301111600
80664,2.31,201301111600
80703,2.5,201301111600
80877,1.4,201301111600
80916,1.96,201301111600
81163,0.73,201301111600
81164,1.15,201301111600
81354,2.32,201301111600
81363,2.62,201301111600
81390,1.68,201301111600
81625,0.58,201301111600
81651,1.13,201301111600
81899,1.7,201301111600
82135,1.94,201301111600
82168,2.29,201301111600
82169,2.4,201301111600
82237,2.03,201301111600
82613,1.33,201301111600
82622,1.48,201301111600
82664,0.97,201301111600
82892,2.97,201301111600
82951,1.96,201301111600
83410,1.71,201301111600
83489,0.5,201301111600
83735,1.52,201301111600
83865,2.51,201301111600
84123,1.51,201301111600
84179,2.68,201301111600
84207,1.97,201301111600
84212,1.3,201301111600
84221,1.98,201301111600
84366,2.65,201301111600
84689,1.51,201301111600
84712,1.27,201301111600
84902,2.32,201301111600
85474,0.53,201301111600
85487,2.68,201301111600
85620,1.16,201301111600
85705,1.5,201301111600
85715,1.03,201301111600
85738,2.73,201301111600
86440,2.45,201301111600
86622,2.22,201301111600
86623,1.25,201301111600
86672,0.68,201301111600
86873,2.61,201301111600
86895,2.07,201301111600
87121,1.3,201301111600
87227,0.97,201301111600
87460,1.74,201301111600
87690,2.12,201301111600
87873,1.07,201301111600
88242,2.15,201301111600
88463,2.58,201301111600
89120,2.74,201301111600
89152,0.79,201301111600
89175,2.62,201301111600
89198,1.36,201301111600
89615,2.01,201301111600
89625,1.37,201301111600
90116,0.82,201301111600
90183,1.79,201301111600
90497,1.81,201301111600
90699,2.85,201301111600
90719,2.32,201301111600
91200,1.41,201301111600
91432,2.19,201301111600
91434,1.49,201301111600
91684,0.68,201301111600
91713,1.1,201301111600
91744,2.95,201301111600
92233,1.09,201301111600
93205,2.86,201301111600
93244,2.37,201301111600
93252,0.74,201301111600
93463,1.25,201301111600
93675,2.42,201301111600
93944,1.0,201301111600
94431,2.62,201301111600
94710,2.47,201301111600
94755,2.81,201301111600
94997,2.85,201301111600
95000,2.58,201301111600
95707,2.3,201301111600
95949,2.55,201301111600
95998,2.15,201301111600
96188,0.99,201301111600
96225,2.72,201301111600
96249,2.23,201301111600
96468,2.76,201301111600
96486,2.37,201301111600
96718,1.45,201301111600
96972,1.63,201301111600
96995,1.18,201301111600
97251,1.4,201301111600
97440,2.68,201301111600
97471,1.77,201301111600
97969,0.57,201301111600
97990,1.2,201301111600
98224,1.04,201301111600
98229,1.04,201301111600
98450,2.84,201301111600
98475,0.72,201301111600
98739,1.12,201301111600
99256,2.43,201301111600
99468,0.72,201301111600
99730,0.86,201301111600
101215,1.03,201301111600
101911,2.63,201301111600
101912,0.55,201301111600
101989,1.19,201301111600
102999,1.07,201301111600
103242,0.53,201301111600
103431,0.65,201301111600
104177,2.44,201301111600
104221,2.39,201301111600
104239,1.12,201301111600
104701,2.71,201301111600
104984,1.11,201301111600
105196,2.38,201301111600
105219,2.82,201301111600
105460,2.89,201301111600
105461,1.71,201301111600
105481,0.77,201301111600
105489,0.88,201301111600
105709,1.26,201301111600
105710,0.99,201301111600
105711,1.11,201301111600
105712,2.95,201301111600
105713,2.35,201301111600
105715,1.21,201301111600
105726,2.18,201301111600
105727,1.76,201301111600
105736,2.82,201301111600
105960,2.11,201301111600
105961,2.35,201301111600
105962,1.83,201301111600
105963,1.06,201301111600
105964,1.11,201301111600
105975,1.79,201301111600
106195,1.49,201301111600
106213,2.26,201301111600
106214,1.97,201301111600
106215,0.83,201301111600
106221,2.61,201301111600
106231,0.95,201301111600
106232,0.79,201301111600
106234,0.82,201301111600
106235,2.67,201301111600
106237,2.39,201301111600
106446,1.47,201301111600
106447,2.2,201301111600
106462,2.71,201301111600
106463,2.11,201301111600
106465,0.74,201301111600
106466,2.97,201301111600
106467,1.29,201301111600
106480,1.67,201301111600
106712,1.75,201301111600
106717,1.31,201301111600
106718,1.62,201301111600
106741,1.96,201301111600
106958,1.82,201301111600
106964,2.3,201301111600
106965,2.44,201301111600
106966,2.33,201301111600
106967,1.72,201301111600
106971,0.97,201301111600
106983,1.24,201301111600
106997,2.44,201301111600
107200,2.97,201301111600
107212,0.52,201301111600
107219,1.99,201301111600
107240,2.14,201301111600
107460,2.6,201301111600
107465,1.42,201301111600
107466,2.15,201301111600
107468,2.4,201301111600
107491,0.85,201301111600
107711,2.79,201301111600
107725,2.0,201301111600
107726,1.52,201301111600
107954,2.62,201301111600
107966,2.68,201301111600
107971,2.99,201301111600
107979,1.04,201301111600
107993,1.8,201301111600
108205,0.53,201301111600
108211,2.02,201301111600
108214,1.32,201301111600
108215,2.56,201301111600
108217,1.8,201301111600
108219,1.32,201301111600
108220,2.97,201301111600
108222,2.28,201301111600
108225,1.99,201301111600
108230,1.37,201301111600
108454,1.43,201301111600
108463,0.71,201301111600
108499,1.24,201301111600
108717,2.91,201301111600
108722,2.03,201301111600
108724,2.23,201301111600
108733,2.83,201301111600
108968,0.99,201301111600
108975,1.69,201301111600
108984,1.07,201301111600
108985,1.17,201301111600
109216,2.08,201301111600
109219,2.26,201301111600
109222,2.32,201301111600
109227,0.53,201301111600
109231,2.51,201301111600
109236,1.53,201301111600
109245,0.64,201301111600
109473,2.99,201301111600
109487,0.55,201301111600
109494,1.64,201301111600
109495,2.27,201301111600
109496,0.92,201301111600
109497,2.52,201301111600
109742,1.12,201301111600
109744,2.12,201301111600
109748,2.08,201301111600
109750,1.75,201301111600
109980,2.44,201301111600
109991,0.8,201301111600
109994,2.13,201301111600
109998,2.78,201301111600
110001,2.67,201301111600
110243,2.97,201301111600
110247,2.55,201301111600
110249,1.34,201301111600
110251,0.8,201301111600
110253,1.3,201301111600
110254,0.91,201301111600
