cell,mobility,dtg
1610,2.26,201301170000
1846,1.57,201301170000
1851,2.35,201301170000
1853,1.43,201301170000
1856,1.11,201301170000
1857,1.61,201301170000
2103,2.55,201301170000
2105,1.71,201301170000
2106,1.27,201301170000
2107,1.29,201301170000
2114,2.66,201301170000
2342,2.79,201301170000
2347,1.0,201301170000
2351,2.05,201301170000
2354,0.76,201301170000
2357,2.44,201301170000
2372,2.98,201301170000
2374,0.83,201301170000
2591,2.8,201301170000
2595,1.43,201301170000
2605,1.4,201301170000
2611,2.44,201301170000
2615,1.87,201301170000
2620,0.67,201301170000
2627,2.22,201301170000
2839,2.19,201301170000
2847,2.72,201301170000
3086,2.0,201301170000
3094,2.03,201301170000
3100,1.74,201301170000
3124,2.13,201301170000
3128,1.12,201301170000
3334,0.72,201301170000
3337,0.57,201301170000
3375,1.02,201301170000
3614,1.61,201301170000
3619,1.6,201301170000
3632,0.64,201301170000
3635,1.49,201301170000
3830,1.44,201301170000
3831,0.58,201301170000
3833,1.04,201301170000
3837,2.39,201301170000
3845,2.53,201301170000
3856,1.2,201301170000
3860,0.83,201301170000
3865,2.89,201301170000
4078,2.18,201301170000
4081,2.69,201301170000
4137,1.91,201301170000
4141,2.21,201301170000
4142,2.88,201301170000
4328,1.08,201301170000
4329,2.62,201301170000
4341,0.66,201301170000
4345,2.12,201301170000
4348,1.07,201301170000
4354,2.88,201301170000
4372,2.83,201301170000
4577,1.36,201301170000
4578,1.52,201301170000
4580,2.99,201301170000
4582,2.99,201301170000
4605,2.26,201301170000
4608,1.16,201301170000
4631,1.18,201301170000
4636,2.86,201301170000
4637,2.13,201301170000
4829,1.29,201301170000
4830,2.24,201301170000
4831,1.21,201301170000
4834,2.69,201301170000
4837,1.49,201301170000
4852,2.26,201301170000
4863,1.76,201301170000
4868,2.24,201301170000
4890,1.43,201301170000
4891,2.7,201301170000
5078,1.16,201301170000
5081,2.19,201301170000
5084,0.65,201301170000
5127,1.17,201301170000
5153,2.7,201301170000
5327,1.71,201301170000
5329,1.93,201301170000
5333,2.21,201301170000
5334,2.04,201301170000
5339,1.71,201301170000
5369,1.13,201301170000
5402,1.74,201301170000
5410,2.56,201301170000
5577,2.16,201301170000
5581,2.22,201301170000
5592,2.08,201301170000
5612,2.62,201301170000
5623,2.43,201301170000
5876,2.72,201301170000
5893,1.56,201301170000
5898,1.69,201301170000
6078,2.24,201301170000
6118,0.84,201301170000
6136,2.05,201301170000
6158,1.85,201301170000
6159,1.63,201301170000
6333,1.12,201301170000
6353,1.21,201301170000
6365,1.87,201301170000
6366,2.0,201301170000
6414,1.57,201301170000
6588,1.5,201301170000
6609,2.06,201301170000
6635,2.94,201301170000
6668,2.83,201301170000
6841,2.75,201301170000
6849,2.26,201301170000
6896,1.09,201301170000
6924,1.23,201301170000
6928,2.43,201301170000
6935,0.91,201301170000
6939,2.45,201301170000
7077,0.93,201301170000
7078,0.73,201301170000
7085,1.79,201301170000
7088,2.29,201301170000
7113,0.89,201301170000
7114,2.38,201301170000
7129,1.79,201301170000
7133,2.76,201301170000
7165,2.74,201301170000
7192,1.17,201301170000
7354,2.83,201301170000
7375,0.78,201301170000
7379,1.69,201301170000
7401,0.65,201301170000
7410,1.29,201301170000
7436,1.58,201301170000
7584,2.02,201301170000
7646,1.21,201301170000
7849,0.52,201301170000
7871,1.49,201301170000
7927,2.37,201301170000
7948,2.33,201301170000
8080,2.18,201301170000
8170,0.56,201301170000
8182,1.31,201301170000
8195,2.54,201301170000
8342,1.67,201301170000
8582,2.92,201301170000
8602,1.46,201301170000
8609,2.98,201301170000
8638,2.78,201301170000
8656,2.13,201301170000
8830,1.37,201301170000
8839,2.08,201301170000
8876,0.86,201301170000
8897,1.82,201301170000
8912,2.34,201301170000
8918,1.76,201301170000
8929,1.95,201301170000
8940,2.16,201301170000
8954,0.95,201301170000
9140,1.95,201301170000
9333,1.32,201301170000
9468,2.22,201301170000
9473,2.3,201301170000
9589,2.51,201301170000
9601,2.9,201301170000
9607,2.49,201301170000
9658,2.48,201301170000
9724,2.11,201301170000
9833,1.87,201301170000
10084,0.77,201301170000
10089,0.95,201301170000
10096,1.18,201301170000
10144,2.46,201301170000
10170,1.81,201301170000
10181,2.56,201301170000
10189,2.44,201301170000
10201,0.58,201301170000
10334,1.45,201301170000
10335,2.33,201301170000
10383,1.62,201301170000
10414,2.49,201301170000
10444,2.6,201301170000
10458,2.98,201301170000
10477,1.39,201301170000
10586,2.03,201301170000
10601,1.58,201301170000
10609,2.84,201301170000
10616,0.92,201301170000
10633,2.47,201301170000
10655,1.61,201301170000
10665,1.95,201301170000
10681,1.35,201301170000
10717,2.32,201301170000
10835,2.56,201301170000
10837,2.58,201301170000
10847,2.71,201301170000
10903,1.79,201301170000
10911,0.57,201301170000
10918,1.29,201301170000
10973,1.58,201301170000
11087,1.74,201301170000
11092,2.98,201301170000
11128,1.13,201301170000
11222,0.92,201301170000
11223,2.09,201301170000
11225,2.9,201301170000
11238,2.89,201301170000
11361,2.08,201301170000
11393,1.63,201301170000
11424,1.46,201301170000
11601,1.88,201301170000
11682,2.29,201301170000
11704,2.5,201301170000
11858,0.62,201301170000
11884,0.67,201301170000
11901,0.85,201301170000
11946,2.66,201301170000
11960,1.54,201301170000
11972,2.79,201301170000
12089,2.69,201301170000
12090,0.56,201301170000
12096,0.81,201301170000
12120,1.94,201301170000
12157,1.35,201301170000
12230,2.84,201301170000
12383,2.99,201301170000
12431,0.99,201301170000
12601,2.87,201301170000
12625,1.65,201301170000
12632,2.12,201301170000
12842,1.79,201301170000
12875,1.96,201301170000
12901,2.77,201301170000
12913,0.65,201301170000
12933,2.67,201301170000
12934,2.14,201301170000
12985,2.88,201301170000
13099,2.3,201301170000
13114,0.91,201301170000
13150,0.78,201301170000
13175,1.25,201301170000
13183,1.1,201301170000
13222,2.62,201301170000
13358,2.45,201301170000
13444,2.47,201301170000
13455,1.59,201301170000
13456,1.14,201301170000
13670,0.83,201301170000
13694,2.13,201301170000
13845,0.95,201301170000
13849,0.97,201301170000
14011,1.57,201301170000
14095,2.18,201301170000
14133,1.51,201301170000
14161,2.15,201301170000
14167,1.06,201301170000
14184,2.97,201301170000
14241,2.12,201301170000
14255,1.16,201301170000
14349,1.29,201301170000
14350,2.63,201301170000
14375,2.19,201301170000
14452,1.48,201301170000
14475,2.5,201301170000
14620,2.11,201301170000
14673,1.31,201301170000
14745,2.49,201301170000
14859,3.0,201301170000
14936,1.43,201301170000
14995,0.54,201301170000
15097,2.23,201301170000
15098,2.05,201301170000
15246,1.24,201301170000
15349,1.26,201301170000
15440,1.18,201301170000
15600,1.74,201301170000
15656,1.49,201301170000
15672,1.81,201301170000
15699,1.48,201301170000
15714,0.71,201301170000
15725,2.46,201301170000
15744,1.72,201301170000
15849,1.38,201301170000
15850,0.53,201301170000
15851,1.31,201301170000
15853,1.28,201301170000
15871,1.97,201301170000
16100,1.02,201301170000
16105,2.87,201301170000
16114,2.98,201301170000
16171,2.29,201301170000
16184,2.83,201301170000
16400,1.88,201301170000
16414,1.12,201301170000
16601,1.28,201301170000
16604,2.49,201301170000
16625,1.05,201301170000
16670,0.76,201301170000
16853,2.5,201301170000
16868,2.8,201301170000
16932,1.5,201301170000
17232,0.53,201301170000
17355,1.33,201301170000
17358,1.57,201301170000
17367,1.84,201301170000
17635,0.96,201301170000
17673,2.76,201301170000
17681,1.67,201301170000
17884,0.9,201301170000
17984,1.73,201301170000
18108,2.19,201301170000
18115,1.93,201301170000
18118,1.61,201301170000
18123,1.01,201301170000
18139,2.2,201301170000
18154,1.16,201301170000
18160,1.54,201301170000
18177,2.77,201301170000
18185,2.69,201301170000
18383,1.76,201301170000
18404,1.57,201301170000
18427,1.93,201301170000
18466,0.58,201301170000
18616,1.64,201301170000
18629,1.1,201301170000
18861,0.9,201301170000
18866,2.89,201301170000
18925,1.66,201301170000
19110,0.65,201301170000
19112,1.13,201301170000
19114,2.05,201301170000
19122,1.68,201301170000
19360,1.34,201301170000
19443,0.89,201301170000
19481,1.37,201301170000
19611,1.71,201301170000
19612,1.82,201301170000
19618,2.67,201301170000
19633,2.15,201301170000
19678,1.09,201301170000
19878,1.43,201301170000
19913,1.68,201301170000
20113,2.68,201301170000
20114,1.43,201301170000
20116,0.94,201301170000
20170,2.16,201301170000
20363,1.75,201301170000
20387,2.52,201301170000
20396,2.77,201301170000
20436,1.86,201301170000
20616,0.85,201301170000
20621,0.77,201301170000
20628,2.86,201301170000
20651,2.67,201301170000
20671,1.4,201301170000
20682,0.94,201301170000
20864,1.28,201301170000
20882,1.5,201301170000
20931,1.58,201301170000
20995,1.46,201301170000
21115,1.69,201301170000
21118,1.47,201301170000
21201,1.52,201301170000
21373,2.18,201301170000
21377,2.52,201301170000
21392,2.78,201301170000
21407,1.51,201301170000
21428,2.35,201301170000
21448,2.92,201301170000
21617,2.14,201301170000
21619,2.95,201301170000
21639,2.9,201301170000
21658,2.5,201301170000
21663,2.33,201301170000
21701,2.77,201301170000
21721,1.29,201301170000
21868,1.56,201301170000
21871,0.93,201301170000
21999,0.9,201301170000
22126,1.79,201301170000
22133,0.74,201301170000
22174,0.61,201301170000
22176,1.03,201301170000
22205,2.27,201301170000
22368,0.59,201301170000
22395,1.83,201301170000
22419,2.1,201301170000
22420,0.53,201301170000
22421,2.24,201301170000
22422,2.7,201301170000
22619,2.76,201301170000
22630,1.71,201301170000
22634,0.59,201301170000
22671,0.57,201301170000
22673,2.47,201301170000
22700,2.73,201301170000
22751,2.22,201301170000
22768,1.69,201301170000
22869,2.73,201301170000
22877,2.98,201301170000
22928,1.27,201301170000
22940,2.2,201301170000
22955,1.87,201301170000
22963,0.67,201301170000
22966,0.78,201301170000
23120,2.45,201301170000
23124,1.26,201301170000
23125,1.24,201301170000
23131,1.25,201301170000
23138,2.87,201301170000
23169,1.69,201301170000
23194,0.68,201301170000
23216,1.09,201301170000
23370,1.58,201301170000
23371,0.6,201301170000
23379,1.48,201301170000
23386,1.67,201301170000
23388,1.65,201301170000
23427,2.57,201301170000
23621,2.04,201301170000
23627,1.76,201301170000
23635,2.05,201301170000
23641,0.91,201301170000
23662,1.38,201301170000
23669,0.77,201301170000
23690,2.14,201301170000
23744,1.29,201301170000
23750,2.98,201301170000
23872,1.66,201301170000
23873,1.87,201301170000
23875,2.55,201301170000
23881,0.79,201301170000
23894,1.77,201301170000
23896,1.38,201301170000
23907,2.74,201301170000
23925,1.11,201301170000
23973,0.72,201301170000
24005,2.54,201301170000
24009,2.05,201301170000
24032,2.95,201301170000
24122,1.66,201301170000
24123,1.72,201301170000
24149,2.96,201301170000
24247,1.56,201301170000
24251,0.71,201301170000
24265,0.57,201301170000
24266,1.11,201301170000
24373,1.81,201301170000
24374,0.68,201301170000
24380,1.0,201301170000
24381,0.56,201301170000
24383,1.72,201301170000
24387,2.1,201301170000
24402,0.58,201301170000
24405,1.69,201301170000
24423,0.68,201301170000
24623,2.64,201301170000
24626,1.76,201301170000
24643,1.64,201301170000
24732,2.92,201301170000
24734,1.93,201301170000
24739,0.66,201301170000
24774,1.66,201301170000
24775,0.88,201301170000
24781,2.63,201301170000
24837,1.84,201301170000
24874,2.17,201301170000
24877,0.81,201301170000
24879,2.85,201301170000
24880,2.09,201301170000
24895,1.0,201301170000
24920,1.69,201301170000
24990,0.99,201301170000
24991,1.35,201301170000
24993,2.75,201301170000
25124,0.8,201301170000
25125,2.82,201301170000
25126,2.02,201301170000
25129,2.45,201301170000
25130,1.25,201301170000
25132,2.39,201301170000
25136,2.63,201301170000
25138,2.84,201301170000
25141,1.21,201301170000
25179,1.33,201301170000
25187,1.87,201301170000
25375,0.64,201301170000
25376,2.41,201301170000
25377,0.99,201301170000
25379,2.71,201301170000
25385,1.74,201301170000
25395,1.28,201301170000
25400,2.35,201301170000
25405,1.64,201301170000
25412,1.29,201301170000
25427,2.41,201301170000
25626,1.1,201301170000
25627,2.27,201301170000
25628,0.57,201301170000
25629,2.05,201301170000
25632,2.8,201301170000
25633,0.7,201301170000
25642,1.94,201301170000
25715,0.9,201301170000
25747,1.89,201301170000
25763,0.62,201301170000
25876,1.93,201301170000
25877,1.78,201301170000
25878,2.39,201301170000
25881,2.1,201301170000
25882,2.19,201301170000
25886,1.58,201301170000
25888,0.76,201301170000
25926,1.65,201301170000
25997,0.9,201301170000
26005,0.62,201301170000
26035,2.3,201301170000
26127,1.77,201301170000
26129,0.74,201301170000
26130,0.72,201301170000
26133,2.1,201301170000
26135,2.59,201301170000
26136,1.43,201301170000
26138,2.93,201301170000
26139,1.85,201301170000
26141,2.92,201301170000
26148,1.35,201301170000
26168,2.72,201301170000
26378,1.92,201301170000
26379,1.68,201301170000
26380,1.99,201301170000
26381,1.92,201301170000
26382,0.82,201301170000
26383,2.09,201301170000
26385,2.65,201301170000
26386,1.57,201301170000
26387,2.07,201301170000
26389,0.75,201301170000
26391,1.61,201301170000
26392,1.67,201301170000
26393,2.98,201301170000
26396,0.69,201301170000
26403,2.5,201301170000
26408,2.42,201301170000
26427,2.83,201301170000
26450,0.78,201301170000
26492,2.25,201301170000
26546,2.84,201301170000
26563,0.85,201301170000
26564,0.61,201301170000
26628,0.76,201301170000
26629,0.73,201301170000
26630,2.98,201301170000
26631,0.99,201301170000
26633,0.55,201301170000
26634,1.41,201301170000
26656,2.15,201301170000
26674,1.75,201301170000
26708,1.0,201301170000
26752,1.79,201301170000
26754,1.41,201301170000
26755,2.08,201301170000
26782,1.81,201301170000
26846,0.92,201301170000
26879,2.56,201301170000
26880,2.35,201301170000
26881,0.7,201301170000
26882,2.52,201301170000
26883,1.31,201301170000
26884,1.46,201301170000
26885,0.6,201301170000
26886,1.27,201301170000
26887,2.96,201301170000
26889,1.55,201301170000
26890,2.65,201301170000
26891,2.81,201301170000
26892,2.97,201301170000
26893,0.77,201301170000
26894,0.85,201301170000
26895,2.82,201301170000
26897,1.95,201301170000
26905,2.36,201301170000
26938,1.74,201301170000
26964,0.92,201301170000
27006,0.78,201301170000
27042,2.02,201301170000
27098,2.88,201301170000
27130,2.33,201301170000
27131,1.33,201301170000
27132,1.34,201301170000
27133,2.03,201301170000
27134,1.15,201301170000
27135,2.58,201301170000
27136,1.87,201301170000
27137,0.83,201301170000
27138,1.36,201301170000
27142,2.97,201301170000
27143,2.47,201301170000
27145,1.84,201301170000
27148,1.86,201301170000
27149,2.48,201301170000
27152,1.11,201301170000
27155,0.55,201301170000
27175,0.74,201301170000
27209,1.49,201301170000
27247,2.21,201301170000
27381,1.1,201301170000
27382,2.17,201301170000
27383,1.3,201301170000
27384,2.93,201301170000
27386,1.89,201301170000
27387,2.75,201301170000
27388,2.29,201301170000
27389,0.9,201301170000
27390,0.98,201301170000
27392,1.57,201301170000
27395,1.15,201301170000
27404,1.73,201301170000
27415,1.33,201301170000
27427,2.53,201301170000
27489,1.6,201301170000
27494,2.01,201301170000
27498,2.67,201301170000
27518,2.46,201301170000
27632,0.86,201301170000
27633,2.44,201301170000
27634,2.76,201301170000
27635,2.37,201301170000
27636,1.36,201301170000
27637,2.16,201301170000
27638,1.01,201301170000
27639,2.8,201301170000
27640,1.09,201301170000
27642,1.83,201301170000
27643,2.57,201301170000
27645,1.51,201301170000
27646,0.71,201301170000
27647,1.21,201301170000
27649,0.7,201301170000
27654,1.0,201301170000
27763,0.93,201301170000
27764,1.21,201301170000
27796,2.69,201301170000
27797,1.31,201301170000
27883,0.9,201301170000
27884,1.26,201301170000
27885,2.6,201301170000
27886,0.81,201301170000
27887,0.72,201301170000
27888,2.61,201301170000
27889,2.28,201301170000
27890,2.57,201301170000
27891,2.78,201301170000
27892,0.66,201301170000
27894,2.0,201301170000
27895,1.45,201301170000
27897,1.63,201301170000
27902,2.17,201301170000
27908,1.34,201301170000
27911,1.27,201301170000
27930,1.64,201301170000
27971,2.56,201301170000
28004,1.19,201301170000
28015,1.28,201301170000
28049,2.65,201301170000
28102,0.67,201301170000
28134,2.03,201301170000
28135,1.24,201301170000
28136,1.13,201301170000
28137,1.55,201301170000
28138,2.77,201301170000
28139,2.91,201301170000
28140,2.98,201301170000
28142,2.08,201301170000
28143,2.33,201301170000
28144,2.02,201301170000
28146,0.62,201301170000
28154,1.28,201301170000
28156,1.69,201301170000
28216,1.41,201301170000
28239,1.83,201301170000
28384,0.8,201301170000
28385,1.74,201301170000
28386,1.98,201301170000
28387,1.94,201301170000
28388,2.28,201301170000
28389,1.69,201301170000
28390,2.81,201301170000
28391,2.6,201301170000
28392,1.85,201301170000
28393,0.95,201301170000
28394,1.67,201301170000
28396,2.85,201301170000
28397,1.72,201301170000
28400,2.7,201301170000
28401,0.98,201301170000
28405,1.34,201301170000
28427,2.02,201301170000
28467,1.12,201301170000
28496,1.38,201301170000
28497,2.32,201301170000
28519,1.92,201301170000
28535,2.99,201301170000
28539,1.29,201301170000
28545,2.74,201301170000
28557,2.65,201301170000
28635,1.84,201301170000
28636,1.04,201301170000
28637,0.77,201301170000
28638,0.57,201301170000
28639,0.76,201301170000
28640,2.57,201301170000
28641,0.55,201301170000
28642,2.27,201301170000
28643,1.16,201301170000
28644,1.72,201301170000
28645,1.37,201301170000
28646,0.89,201301170000
28649,2.36,201301170000
28658,1.16,201301170000
28667,0.84,201301170000
28675,1.76,201301170000
28751,2.38,201301170000
28753,2.8,201301170000
28754,0.84,201301170000
28788,1.51,201301170000
28812,1.88,201301170000
28823,0.55,201301170000
28886,0.68,201301170000
28887,2.8,201301170000
28888,2.57,201301170000
28889,0.79,201301170000
28890,1.41,201301170000
28891,2.63,201301170000
28892,2.39,201301170000
28893,2.09,201301170000
28894,0.63,201301170000
28895,1.96,201301170000
28896,0.67,201301170000
28897,1.23,201301170000
28899,1.95,201301170000
28900,1.7,201301170000
28901,2.54,201301170000
28902,2.4,201301170000
28905,1.07,201301170000
28912,0.7,201301170000
28960,0.74,201301170000
28969,0.91,201301170000
29004,1.47,201301170000
29012,1.81,201301170000
29026,1.16,201301170000
29068,2.45,201301170000
29076,1.5,201301170000
29088,1.4,201301170000
29094,1.36,201301170000
29136,2.7,201301170000
29137,1.77,201301170000
29138,1.99,201301170000
29139,2.76,201301170000
29140,1.34,201301170000
29141,2.35,201301170000
29142,1.65,201301170000
29143,2.9,201301170000
29144,2.92,201301170000
29146,0.58,201301170000
29147,2.97,201301170000
29148,2.9,201301170000
29149,1.12,201301170000
29151,0.68,201301170000
29158,1.22,201301170000
29165,2.54,201301170000
29171,0.73,201301170000
29190,1.7,201301170000
29247,1.33,201301170000
29387,2.7,201301170000
29388,1.2,201301170000
29389,0.74,201301170000
29390,2.09,201301170000
29391,1.94,201301170000
29392,0.99,201301170000
29393,2.82,201301170000
29394,1.33,201301170000
29395,2.17,201301170000
29396,2.21,201301170000
29397,0.65,201301170000
29398,2.46,201301170000
29399,2.05,201301170000
29401,0.8,201301170000
29402,2.84,201301170000
29403,1.13,201301170000
29405,0.9,201301170000
29409,2.92,201301170000
29425,1.7,201301170000
29429,2.63,201301170000
29495,1.86,201301170000
29498,2.18,201301170000
29533,2.52,201301170000
29556,2.74,201301170000
29638,1.68,201301170000
29639,1.14,201301170000
29640,1.51,201301170000
29641,1.62,201301170000
29642,1.66,201301170000
29643,0.95,201301170000
29644,2.35,201301170000
29645,1.99,201301170000
29648,2.45,201301170000
29649,1.6,201301170000
29650,0.73,201301170000
29654,0.69,201301170000
29663,0.58,201301170000
29670,2.4,201301170000
29710,2.55,201301170000
29730,2.86,201301170000
29733,1.54,201301170000
29736,2.34,201301170000
29766,2.3,201301170000
29891,0.92,201301170000
29892,1.05,201301170000
29893,1.39,201301170000
29894,2.53,201301170000
29895,1.87,201301170000
29896,1.96,201301170000
29897,1.21,201301170000
29898,1.12,201301170000
29900,2.97,201301170000
29903,2.16,201301170000
29906,2.51,201301170000
29909,1.55,201301170000
29912,2.2,201301170000
29917,1.17,201301170000
29925,2.16,201301170000
29966,1.02,201301170000
30021,1.39,201301170000
30026,0.63,201301170000
30036,1.92,201301170000
30142,1.83,201301170000
30143,1.83,201301170000
30144,1.11,201301170000
30145,1.82,201301170000
30146,0.83,201301170000
30147,0.98,201301170000
30148,1.09,201301170000
30152,1.69,201301170000
30154,1.34,201301170000
30157,0.59,201301170000
30158,1.29,201301170000
30181,2.38,201301170000
30242,2.85,201301170000
30243,0.67,201301170000
30244,1.55,201301170000
30261,0.71,201301170000
30300,2.45,201301170000
30322,0.74,201301170000
30393,2.52,201301170000
30394,0.59,201301170000
30395,2.77,201301170000
30396,0.71,201301170000
30397,0.78,201301170000
30398,2.47,201301170000
30400,0.6,201301170000
30401,0.72,201301170000
30403,0.6,201301170000
30407,2.25,201301170000
30410,1.07,201301170000
30420,1.59,201301170000
30430,2.19,201301170000
30434,1.32,201301170000
30439,1.57,201301170000
30481,1.47,201301170000
30489,0.87,201301170000
30494,1.51,201301170000
30495,1.12,201301170000
30496,1.07,201301170000
30645,1.46,201301170000
30646,0.7,201301170000
30647,2.56,201301170000
30648,1.78,201301170000
30649,1.97,201301170000
30650,0.98,201301170000
30651,1.29,201301170000
30652,0.83,201301170000
30653,2.18,201301170000
30654,0.81,201301170000
30661,2.43,201301170000
30664,1.04,201301170000
30666,2.71,201301170000
30669,1.7,201301170000
30673,1.2,201301170000
30683,2.18,201301170000
30745,1.61,201301170000
30750,2.33,201301170000
30777,1.47,201301170000
30780,1.36,201301170000
30812,1.32,201301170000
30897,1.98,201301170000
30898,1.12,201301170000
30899,2.49,201301170000
30900,1.89,201301170000
30901,0.51,201301170000
30902,1.41,201301170000
30903,2.41,201301170000
30904,1.97,201301170000
30908,2.85,201301170000
30909,1.24,201301170000
30912,2.92,201301170000
30913,1.71,201301170000
30928,1.82,201301170000
30953,2.06,201301170000
30979,0.58,201301170000
30994,0.75,201301170000
30995,2.57,201301170000
31027,2.03,201301170000
31028,1.18,201301170000
31029,2.08,201301170000
31082,1.63,201301170000
31148,1.37,201301170000
31149,1.68,201301170000
31150,2.24,201301170000
31151,1.43,201301170000
31152,2.69,201301170000
31156,0.72,201301170000
31157,0.87,201301170000
31161,0.87,201301170000
31166,1.63,201301170000
31172,0.7,201301170000
31274,2.32,201301170000
31281,1.52,201301170000
31369,2.73,201301170000
31398,1.82,201301170000
31401,1.77,201301170000
31407,1.58,201301170000
31408,1.09,201301170000
31409,2.0,201301170000
31410,2.58,201301170000
31413,2.95,201301170000
31419,1.09,201301170000
31427,1.73,201301170000
31457,1.93,201301170000
31466,2.15,201301170000
31651,1.53,201301170000
31652,1.49,201301170000
31656,1.47,201301170000
31660,0.9,201301170000
31663,2.43,201301170000
31666,1.24,201301170000
31675,2.84,201301170000
31738,1.45,201301170000
31754,1.8,201301170000
31782,1.74,201301170000
31903,2.78,201301170000
31904,2.13,201301170000
31905,1.71,201301170000
31906,2.09,201301170000
31908,2.56,201301170000
31912,2.11,201301170000
31921,0.83,201301170000
31928,2.92,201301170000
31949,2.58,201301170000
32028,1.23,201301170000
32032,1.75,201301170000
32045,2.04,201301170000
32150,1.76,201301170000
32155,2.4,201301170000
32157,1.87,201301170000
32161,2.07,201301170000
32162,2.03,201301170000
32167,2.25,201301170000
32169,1.26,201301170000
32175,2.7,201301170000
32182,1.96,201301170000
32185,0.55,201301170000
32195,1.58,201301170000
32235,2.54,201301170000
32404,1.55,201301170000
32405,2.42,201301170000
32410,2.1,201301170000
32411,2.63,201301170000
32415,1.5,201301170000
32449,2.0,201301170000
32490,2.53,201301170000
32558,0.65,201301170000
32622,0.72,201301170000
32656,0.53,201301170000
32658,2.76,201301170000
32660,2.37,201301170000
32662,2.06,201301170000
32668,0.57,201301170000
32682,1.17,201301170000
32697,2.91,201301170000
32712,1.52,201301170000
32729,2.78,201301170000
32739,2.16,201301170000
32742,1.3,201301170000
32744,2.35,201301170000
32802,2.31,201301170000
32834,1.83,201301170000
32905,1.78,201301170000
32907,2.26,201301170000
32912,1.52,201301170000
32916,2.3,201301170000
32922,1.85,201301170000
32924,0.64,201301170000
32926,2.83,201301170000
32929,1.59,201301170000
32977,2.47,201301170000
32978,0.8,201301170000
33154,1.63,201301170000
33158,2.5,201301170000
33160,0.9,201301170000
33165,0.71,201301170000
33170,0.88,201301170000
33186,2.82,201301170000
33286,2.91,201301170000
33405,1.7,201301170000
33409,1.18,201301170000
33412,2.72,201301170000
33418,2.5,201301170000
33420,2.02,201301170000
33424,2.62,201301170000
33435,0.89,201301170000
33442,1.52,201301170000
33519,2.78,201301170000
33594,2.55,201301170000
33656,2.56,201301170000
33659,2.08,201301170000
33662,2.83,201301170000
33664,2.55,201301170000
33666,1.46,201301170000
33669,1.78,201301170000
33673,2.74,201301170000
33675,1.54,201301170000
33694,2.92,201301170000
33724,0.71,201301170000
33742,2.84,201301170000
33812,2.3,201301170000
33909,1.89,201301170000
33911,2.1,201301170000
33912,0.5,201301170000
33913,2.75,201301170000
33922,1.9,201301170000
33923,1.03,201301170000
33924,1.37,201301170000
33931,1.46,201301170000
33935,1.99,201301170000
33986,2.25,201301170000
34013,1.75,201301170000
34160,2.25,201301170000
34161,1.93,201301170000
34162,1.59,201301170000
34163,1.3,201301170000
34167,2.6,201301170000
34190,1.13,201301170000
34211,2.66,201301170000
34303,1.98,201301170000
34380,1.78,201301170000
34407,2.78,201301170000
34413,0.92,201301170000
34423,2.22,201301170000
34424,1.73,201301170000
34427,0.59,201301170000
34430,2.76,201301170000
34437,2.46,201301170000
34440,2.9,201301170000
34486,2.37,201301170000
34495,2.99,201301170000
34510,1.69,201301170000
34520,2.08,201301170000
34528,0.99,201301170000
34563,0.91,201301170000
34662,0.63,201301170000
34667,1.98,201301170000
34668,2.46,201301170000
34670,0.59,201301170000
34672,1.67,201301170000
34673,1.28,201301170000
34676,2.91,201301170000
34679,2.28,201301170000
34682,1.93,201301170000
34695,1.34,201301170000
34710,1.95,201301170000
34714,1.17,201301170000
34720,2.79,201301170000
34882,1.79,201301170000
34913,2.73,201301170000
34914,2.9,201301170000
34915,2.18,201301170000
34924,1.86,201301170000
34925,2.81,201301170000
34934,2.3,201301170000
34939,1.32,201301170000
34959,1.58,201301170000
34990,0.81,201301170000
35102,1.8,201301170000
35164,1.23,201301170000
35166,0.83,201301170000
35173,2.31,201301170000
35178,1.19,201301170000
35183,2.37,201301170000
35185,0.96,201301170000
35187,0.8,201301170000
35193,2.45,201301170000
35203,0.51,201301170000
35218,1.32,201301170000
35237,1.96,201301170000
35244,2.4,201301170000
35249,2.62,201301170000
35295,1.84,201301170000
35368,1.96,201301170000
35410,1.06,201301170000
35414,0.59,201301170000
35415,0.61,201301170000
35417,0.79,201301170000
35421,0.53,201301170000
35440,2.17,201301170000
35455,1.93,201301170000
35492,0.61,201301170000
35515,1.14,201301170000
35665,2.67,201301170000
35675,0.6,201301170000
35683,1.39,201301170000
35686,2.72,201301170000
35700,1.03,201301170000
35745,2.99,201301170000
35755,2.65,201301170000
35769,1.19,201301170000
35916,1.47,201301170000
35917,2.08,201301170000
35918,0.7,201301170000
35919,1.43,201301170000
35921,2.64,201301170000
35929,0.62,201301170000
35931,1.94,201301170000
35941,2.21,201301170000
35944,1.7,201301170000
35971,2.3,201301170000
35981,0.91,201301170000
35992,1.61,201301170000
35994,1.11,201301170000
36067,2.53,201301170000
36162,2.87,201301170000
36167,1.7,201301170000
36169,2.93,201301170000
36170,1.43,201301170000
36173,1.67,201301170000
36176,1.3,201301170000
36177,1.14,201301170000
36205,2.16,201301170000
36237,1.49,201301170000
36245,1.39,201301170000
36246,2.0,201301170000
36293,2.62,201301170000
36311,2.73,201301170000
36417,0.76,201301170000
36420,2.63,201301170000
36421,2.71,201301170000
36441,1.92,201301170000
36448,1.8,201301170000
36494,1.5,201301170000
36498,0.73,201301170000
36502,2.85,201301170000
36510,2.04,201301170000
36513,2.52,201301170000
36519,1.21,201301170000
36524,2.72,201301170000
36576,2.3,201301170000
36668,0.91,201301170000
36673,0.65,201301170000
36675,2.53,201301170000
36677,1.03,201301170000
36679,2.28,201301170000
36682,0.97,201301170000
36688,0.77,201301170000
36690,2.13,201301170000
36711,1.93,201301170000
36717,2.54,201301170000
36758,2.18,201301170000
36889,1.71,201301170000
36915,2.8,201301170000
36918,1.35,201301170000
36933,2.16,201301170000
36934,2.5,201301170000
36953,0.79,201301170000
36959,1.19,201301170000
36996,2.57,201301170000
36999,1.68,201301170000
37001,1.48,201301170000
37167,0.84,201301170000
37168,2.98,201301170000
37169,2.9,201301170000
37172,1.45,201301170000
37176,1.52,201301170000
37178,0.53,201301170000
37179,1.1,201301170000
37182,0.71,201301170000
37192,2.11,201301170000
37200,2.92,201301170000
37206,0.85,201301170000
37232,2.15,201301170000
37239,0.68,201301170000
37270,0.87,201301170000
37298,1.02,201301170000
37304,2.58,201301170000
37419,0.86,201301170000
37421,2.39,201301170000
37423,2.32,201301170000
37425,1.08,201301170000
37446,1.9,201301170000
37454,0.97,201301170000
37477,2.27,201301170000
37487,1.56,201301170000
37501,0.85,201301170000
37503,1.98,201301170000
37513,0.92,201301170000
37523,1.54,201301170000
37562,2.91,201301170000
37609,2.48,201301170000
37642,2.52,201301170000
37643,2.9,201301170000
37670,0.8,201301170000
37671,2.47,201301170000
37672,1.91,201301170000
37676,2.98,201301170000
37688,2.39,201301170000
37689,1.94,201301170000
37690,1.88,201301170000
37695,2.38,201301170000
37701,1.19,201301170000
37710,1.54,201301170000
37711,0.69,201301170000
37754,0.85,201301170000
37874,2.23,201301170000
37891,2.8,201301170000
37893,1.65,201301170000
37894,0.99,201301170000
37926,0.61,201301170000
37928,2.29,201301170000
37929,0.72,201301170000
37932,1.25,201301170000
37936,0.72,201301170000
37943,2.61,201301170000
37952,2.44,201301170000
37962,0.51,201301170000
37968,2.4,201301170000
38003,1.59,201301170000
38060,2.72,201301170000
38145,0.72,201301170000
38172,2.02,201301170000
38173,1.36,201301170000
38178,1.41,201301170000
38200,1.65,201301170000
38204,1.07,201301170000
38209,2.56,201301170000
38215,2.69,201301170000
38220,2.94,201301170000
38225,0.76,201301170000
38228,1.01,201301170000
38230,2.61,201301170000
38243,2.99,201301170000
38247,0.96,201301170000
38255,1.0,201301170000
38263,0.56,201301170000
38268,1.59,201301170000
38272,2.4,201301170000
38367,2.58,201301170000
38381,2.65,201301170000
38423,2.15,201301170000
38425,2.09,201301170000
38426,0.56,201301170000
38431,2.16,201301170000
38440,0.7,201301170000
38479,1.53,201301170000
38481,1.32,201301170000
38483,0.52,201301170000
38488,0.66,201301170000
38490,1.71,201301170000
38498,2.85,201301170000
38499,1.62,201301170000
38500,1.77,201301170000
38505,1.4,201301170000
38506,1.72,201301170000
38508,1.28,201301170000
38517,2.66,201301170000
38534,2.82,201301170000
38648,0.58,201301170000
38674,2.2,201301170000
38676,1.42,201301170000
38679,2.94,201301170000
38684,2.34,201301170000
38693,2.41,201301170000
38697,0.52,201301170000
38716,0.52,201301170000
38722,2.15,201301170000
38736,2.34,201301170000
38738,0.79,201301170000
38752,2.1,201301170000
38753,0.56,201301170000
38758,1.61,201301170000
38760,1.03,201301170000
38761,2.64,201301170000
38762,1.92,201301170000
38766,1.29,201301170000
38769,2.93,201301170000
38778,0.56,201301170000
38812,2.31,201301170000
38939,1.5,201301170000
38953,2.11,201301170000
38958,2.31,201301170000
38967,2.37,201301170000
39006,1.16,201301170000
39008,0.6,201301170000
39010,2.21,201301170000
39011,1.52,201301170000
39017,0.83,201301170000
39113,2.82,201301170000
39148,2.81,201301170000
39149,2.26,201301170000
39176,2.16,201301170000
39178,2.61,201301170000
39191,0.68,201301170000
39201,2.35,201301170000
39230,2.78,201301170000
39236,2.74,201301170000
39246,1.77,201301170000
39252,1.71,201301170000
39255,2.32,201301170000
39260,0.55,201301170000
39262,2.28,201301170000
39263,0.66,201301170000
39268,2.41,201301170000
39269,2.76,201301170000
39271,2.92,201301170000
39274,2.62,201301170000
39275,2.07,201301170000
39375,2.84,201301170000
39391,1.77,201301170000
39427,1.47,201301170000
39428,1.13,201301170000
39430,2.99,201301170000
39433,1.0,201301170000
39446,0.88,201301170000
39457,0.59,201301170000
39514,2.91,201301170000
39515,2.3,201301170000
39516,1.1,201301170000
39517,2.04,201301170000
39535,1.77,201301170000
39554,0.99,201301170000
39559,1.77,201301170000
39631,1.21,201301170000
39632,2.05,201301170000
39633,2.25,201301170000
39652,2.7,201301170000
39683,2.94,201301170000
39687,1.88,201301170000
39706,2.42,201301170000
39710,2.16,201301170000
39722,1.69,201301170000
39731,0.93,201301170000
39750,1.16,201301170000
39755,2.21,201301170000
39759,1.24,201301170000
39762,2.47,201301170000
39764,2.32,201301170000
39765,2.71,201301170000
39766,2.16,201301170000
39767,2.07,201301170000
39769,0.76,201301170000
39772,2.77,201301170000
39776,0.91,201301170000
39777,2.53,201301170000
39790,1.3,201301170000
39791,1.28,201301170000
39796,2.95,201301170000
39832,2.77,201301170000
39883,2.57,201301170000
39930,2.3,201301170000
39932,2.4,201301170000
39941,1.62,201301170000
39948,1.92,201301170000
39969,2.36,201301170000
40018,0.86,201301170000
40031,1.82,201301170000
40133,1.58,201301170000
40180,2.44,201301170000
40188,1.67,201301170000
40196,0.69,201301170000
40242,2.38,201301170000
40246,1.11,201301170000
40259,0.94,201301170000
40264,1.38,201301170000
40267,2.22,201301170000
40268,0.89,201301170000
40270,1.49,201301170000
40276,1.73,201301170000
40286,1.26,201301170000
40295,2.7,201301170000
40431,1.97,201301170000
40432,0.55,201301170000
40442,2.54,201301170000
40447,2.38,201301170000
40448,1.33,201301170000
40451,1.72,201301170000
40457,1.95,201301170000
40500,1.15,201301170000
40512,1.09,201301170000
40518,1.96,201301170000
40519,0.94,201301170000
40522,2.39,201301170000
40524,0.63,201301170000
40525,0.8,201301170000
40532,2.22,201301170000
40560,2.08,201301170000
40566,1.74,201301170000
40633,1.31,201301170000
40687,2.98,201301170000
40713,2.66,201301170000
40719,0.87,201301170000
40732,1.51,201301170000
40733,2.71,201301170000
40766,1.46,201301170000
40810,1.3,201301170000
40894,0.89,201301170000
40933,0.98,201301170000
40936,2.3,201301170000
40939,0.87,201301170000
40954,0.8,201301170000
40982,1.83,201301170000
41021,1.57,201301170000
41024,0.55,201301170000
41061,2.81,201301170000
41145,0.67,201301170000
41157,2.97,201301170000
41183,2.01,201301170000
41200,2.16,201301170000
41262,2.93,201301170000
41265,1.94,201301170000
41270,1.26,201301170000
41277,0.69,201301170000
41318,1.39,201301170000
41401,0.71,201301170000
41407,2.43,201301170000
41437,0.87,201301170000
41459,0.57,201301170000
41465,1.13,201301170000
41469,2.45,201301170000
41508,0.56,201301170000
41520,2.14,201301170000
41522,1.59,201301170000
41526,0.71,201301170000
41532,1.99,201301170000
41558,1.15,201301170000
41635,2.31,201301170000
41653,2.69,201301170000
41658,1.05,201301170000
41692,1.46,201301170000
41696,2.87,201301170000
41764,1.76,201301170000
41772,1.31,201301170000
41893,0.67,201301170000
41904,0.58,201301170000
41905,0.78,201301170000
41936,0.79,201301170000
41941,0.61,201301170000
41958,2.54,201301170000
41990,1.36,201301170000
42023,2.41,201301170000
42026,2.31,201301170000
42029,1.38,201301170000
42074,0.99,201301170000
42085,0.99,201301170000
42095,0.77,201301170000
42147,1.51,201301170000
42160,0.85,201301170000
42200,2.41,201301170000
42213,1.5,201301170000
42267,1.47,201301170000
42271,1.41,201301170000
42274,1.33,201301170000
42283,0.95,201301170000
42291,1.73,201301170000
42342,1.88,201301170000
42411,1.58,201301170000
42438,1.06,201301170000
42454,0.85,201301170000
42471,0.52,201301170000
42478,1.59,201301170000
42487,2.7,201301170000
42503,1.49,201301170000
42514,1.43,201301170000
42521,0.98,201301170000
42533,2.07,201301170000
42644,2.64,201301170000
42661,1.52,201301170000
42695,2.08,201301170000
42744,2.58,201301170000
42750,0.52,201301170000
42846,0.54,201301170000
42905,1.8,201301170000
42912,0.77,201301170000
42939,0.91,201301170000
42940,2.93,201301170000
42944,1.93,201301170000
42949,2.29,201301170000
43011,0.7,201301170000
43021,1.08,201301170000
43030,0.71,201301170000
43151,1.41,201301170000
43160,0.73,201301170000
43162,1.6,201301170000
43213,1.51,201301170000
43220,0.59,201301170000
43261,1.04,201301170000
43412,2.07,201301170000
43413,2.44,201301170000
43440,2.36,201301170000
43443,0.52,201301170000
43449,0.67,201301170000
43483,1.52,201301170000
43484,1.91,201301170000
43494,0.88,201301170000
43518,0.63,201301170000
43523,2.99,201301170000
43526,1.46,201301170000
43530,1.36,201301170000
43571,1.04,201301170000
43642,1.6,201301170000
43662,2.54,201301170000
43738,1.02,201301170000
43760,2.94,201301170000
43779,1.25,201301170000
43914,2.85,201301170000
43957,0.72,201301170000
43980,1.62,201301170000
43984,0.78,201301170000
43992,0.94,201301170000
43995,1.0,201301170000
44002,2.55,201301170000
44039,0.99,201301170000
44194,1.62,201301170000
44197,1.78,201301170000
44204,2.51,201301170000
44215,1.19,201301170000
44226,2.3,201301170000
44247,1.43,201301170000
44255,1.01,201301170000
44282,1.74,201301170000
44284,0.55,201301170000
44356,0.58,201301170000
44470,0.79,201301170000
44486,0.63,201301170000
44503,1.16,201301170000
44504,2.03,201301170000
44510,1.96,201301170000
44517,0.68,201301170000
44534,2.02,201301170000
44578,1.9,201301170000
44666,0.63,201301170000
44694,2.24,201301170000
44697,1.05,201301170000
44716,1.49,201301170000
44724,1.74,201301170000
44743,0.59,201301170000
44755,0.71,201301170000
44756,2.27,201301170000
44757,1.57,201301170000
44758,1.04,201301170000
44786,2.43,201301170000
44787,1.4,201301170000
44911,2.56,201301170000
44963,2.28,201301170000
45005,1.91,201301170000
45006,1.56,201301170000
45007,0.53,201301170000
45008,1.92,201301170000
45039,1.64,201301170000
45114,2.66,201301170000
45168,0.5,201301170000
45200,2.84,201301170000
45203,2.43,201301170000
45208,2.38,201301170000
45237,1.4,201301170000
45254,1.67,201301170000
45256,2.48,201301170000
45258,2.69,201301170000
45261,1.52,201301170000
45265,1.34,201301170000
45266,1.81,201301170000
45401,2.55,201301170000
45479,1.8,201301170000
45502,2.51,201301170000
45507,2.72,201301170000
45509,2.52,201301170000
45526,1.86,201301170000
45538,0.99,201301170000
45582,0.96,201301170000
45661,0.71,201301170000
45701,2.02,201301170000
45703,1.88,201301170000
45716,0.97,201301170000
45720,1.75,201301170000
45725,1.32,201301170000
45735,2.36,201301170000
45747,1.96,201301170000
45766,1.84,201301170000
45793,1.69,201301170000
45795,2.1,201301170000
45919,2.52,201301170000
45948,1.75,201301170000
46008,2.9,201301170000
46036,1.41,201301170000
46041,2.01,201301170000
46052,0.82,201301170000
46074,2.38,201301170000
46145,1.19,201301170000
46202,1.92,201301170000
46209,1.45,201301170000
46242,0.8,201301170000
46265,1.36,201301170000
46372,2.3,201301170000
46384,1.8,201301170000
46455,1.08,201301170000
46508,0.57,201301170000
46523,0.61,201301170000
46538,2.25,201301170000
46565,2.0,201301170000
46574,1.87,201301170000
46626,2.35,201301170000
46700,1.28,201301170000
46738,2.58,201301170000
46770,1.11,201301170000
46778,1.46,201301170000
46787,1.37,201301170000
46803,1.49,201301170000
46954,1.17,201301170000
46964,0.96,201301170000
46972,0.74,201301170000
46976,1.91,201301170000
46981,1.67,201301170000
47011,2.7,201301170000
47015,1.71,201301170000
47047,2.04,201301170000
47253,2.95,201301170000
47288,2.56,201301170000
47295,1.13,201301170000
47342,1.27,201301170000
47454,1.44,201301170000
47535,1.03,201301170000
47543,0.83,201301170000
47705,0.51,201301170000
47709,0.75,201301170000
47711,1.81,201301170000
47758,2.18,201301170000
47806,1.8,201301170000
47889,2.86,201301170000
47926,2.8,201301170000
47968,2.52,201301170000
47972,0.7,201301170000
47977,2.51,201301170000
47982,2.54,201301170000
48032,1.18,201301170000
48209,2.34,201301170000
48239,0.86,201301170000
48244,2.23,201301170000
48278,2.68,201301170000
48420,2.07,201301170000
48427,1.73,201301170000
48499,2.95,201301170000
48503,1.86,201301170000
48552,1.42,201301170000
48584,2.67,201301170000
48713,1.84,201301170000
48759,0.73,201301170000
48848,0.87,201301170000
48898,2.64,201301170000
49017,2.86,201301170000
49049,1.76,201301170000
49229,0.89,201301170000
49241,0.58,201301170000
49472,2.88,201301170000
49483,1.95,201301170000
49542,1.25,201301170000
49555,2.24,201301170000
49679,1.24,201301170000
49750,0.59,201301170000
49760,1.3,201301170000
49777,2.74,201301170000
49968,0.55,201301170000
50053,0.84,201301170000
50103,1.15,201301170000
50180,1.82,201301170000
50285,0.95,201301170000
50430,0.53,201301170000
50470,1.73,201301170000
50494,1.08,201301170000
50511,0.92,201301170000
50549,1.4,201301170000
50680,0.81,201301170000
50682,1.48,201301170000
50731,1.73,201301170000
50812,1.36,201301170000
50872,0.98,201301170000
51029,2.86,201301170000
51046,1.26,201301170000
51053,1.27,201301170000
51056,2.04,201301170000
51162,2.33,201301170000
51177,1.11,201301170000
51182,1.22,201301170000
51228,0.6,201301170000
51258,1.59,201301170000
51430,1.43,201301170000
51431,2.3,201301170000
51432,0.8,201301170000
51520,2.37,201301170000
51681,0.93,201301170000
51682,2.66,201301170000
51725,1.91,201301170000
51790,1.22,201301170000
51832,2.34,201301170000
51857,0.59,201301170000
51931,2.8,201301170000
51932,2.29,201301170000
51986,2.49,201301170000
52003,0.82,201301170000
52182,0.51,201301170000
52244,2.93,201301170000
52259,2.9,201301170000
52280,2.0,201301170000
52319,0.92,201301170000
52473,2.24,201301170000
52518,0.93,201301170000
52631,0.62,201301170000
52679,2.4,201301170000
52729,2.62,201301170000
52811,2.14,201301170000
52983,1.59,201301170000
52988,0.91,201301170000
52993,2.29,201301170000
53000,1.05,201301170000
53016,2.48,201301170000
53027,1.86,201301170000
53072,0.55,201301170000
53090,2.58,201301170000
53177,1.92,201301170000
53178,1.86,201301170000
53381,0.73,201301170000
53427,2.74,201301170000
53429,0.7,201301170000
53761,2.77,201301170000
53774,1.65,201301170000
53797,1.44,201301170000
53810,2.82,201301170000
53822,2.16,201301170000
53864,0.8,201301170000
53927,1.81,201301170000
54038,2.38,201301170000
54071,1.57,201301170000
54234,0.79,201301170000
54281,1.62,201301170000
54284,1.26,201301170000
54327,2.55,201301170000
54334,2.14,201301170000
54349,1.92,201301170000
54427,2.45,201301170000
54503,1.72,201301170000
54510,1.36,201301170000
54520,1.72,201301170000
54550,1.06,201301170000
54578,0.66,201301170000
54678,1.93,201301170000
54828,1.87,201301170000
54983,1.32,201301170000
54996,0.59,201301170000
55070,2.2,201301170000
55329,1.7,201301170000
55331,0.93,201301170000
55535,1.16,201301170000
55633,2.48,201301170000
55680,2.05,201301170000
55761,1.53,201301170000
55831,0.82,201301170000
55832,2.26,201301170000
55838,2.26,201301170000
55845,2.8,201301170000
56106,2.18,201301170000
56493,2.15,201301170000
56571,1.72,201301170000
56586,2.43,201301170000
56587,2.83,201301170000
56591,2.58,201301170000
56738,2.7,201301170000
56835,0.57,201301170000
56882,0.63,201301170000
56887,0.62,201301170000
56888,1.66,201301170000
56933,2.65,201301170000
56934,1.51,201301170000
57042,2.72,201301170000
57062,1.85,201301170000
57189,2.26,201301170000
57261,1.06,201301170000
57329,0.68,201301170000
57342,2.41,201301170000
57376,1.03,201301170000
57378,2.65,201301170000
57380,0.87,201301170000
57397,2.26,201301170000
57440,0.95,201301170000
57495,0.64,201301170000
57523,2.77,201301170000
57555,1.38,201301170000
57597,1.6,201301170000
57613,0.64,201301170000
57615,2.15,201301170000
57628,1.86,201301170000
57631,1.66,201301170000
57823,1.12,201301170000
57837,1.42,201301170000
57851,1.21,201301170000
57852,1.15,201301170000
57906,2.47,201301170000
58179,1.01,201301170000
58251,1.57,201301170000
58421,0.59,201301170000
58511,2.49,201301170000
58632,0.91,201301170000
58744,1.28,201301170000
58802,0.76,201301170000
58814,1.32,201301170000
58879,0.63,201301170000
58892,2.33,201301170000
59010,1.02,201301170000
59043,2.42,201301170000
59104,2.14,201301170000
59125,1.49,201301170000
59134,1.57,201301170000
59285,0.58,201301170000
59329,1.47,201301170000
59555,1.46,201301170000
59635,1.63,201301170000
59745,2.93,201301170000
59927,2.41,201301170000
59941,2.56,201301170000
60008,0.67,201301170000
60011,2.58,201301170000
60114,1.23,201301170000
60141,0.94,201301170000
60147,1.78,201301170000
60331,2.58,201301170000
60344,2.41,201301170000
60350,1.37,201301170000
60578,0.76,201301170000
60593,2.89,201301170000
60613,2.26,201301170000
60630,2.68,201301170000
60635,1.05,201301170000
60649,0.67,201301170000
60750,2.9,201301170000
60774,2.51,201301170000
60819,2.51,201301170000
60880,2.03,201301170000
60888,2.15,201301170000
61062,1.51,201301170000
61110,1.7,201301170000
61263,0.88,201301170000
61343,0.66,201301170000
61591,0.94,201301170000
61597,1.25,201301170000
61654,0.86,201301170000
61818,2.65,201301170000
62077,0.96,201301170000
62104,2.65,201301170000
62135,0.73,201301170000
62140,2.49,201301170000
62252,0.57,201301170000
62558,0.96,201301170000
62589,1.76,201301170000
62757,3.0,201301170000
62772,0.81,201301170000
62850,2.47,201301170000
62926,2.53,201301170000
62948,0.74,201301170000
63044,1.48,201301170000
63153,1.71,201301170000
63383,2.51,201301170000
63397,2.09,201301170000
63398,0.6,201301170000
63407,0.91,201301170000
63574,2.36,201301170000
63586,1.41,201301170000
63816,2.75,201301170000
64102,1.27,201301170000
64150,0.96,201301170000
64200,2.02,201301170000
64515,2.44,201301170000
64529,1.79,201301170000
64573,0.93,201301170000
64581,1.55,201301170000
64815,2.49,201301170000
64915,2.2,201301170000
65059,2.81,201301170000
65144,1.52,201301170000
65320,2.97,201301170000
65375,1.16,201301170000
65454,0.5,201301170000
65528,2.54,201301170000
65607,2.92,201301170000
65774,1.45,201301170000
65838,1.77,201301170000
66068,2.04,201301170000
66084,1.09,201301170000
66151,2.87,201301170000
66353,0.98,201301170000
66538,1.3,201301170000
66575,1.76,201301170000
66637,1.04,201301170000
66827,1.47,201301170000
66870,2.14,201301170000
67110,1.58,201301170000
67207,1.43,201301170000
67335,0.64,201301170000
67385,0.65,201301170000
67599,2.08,201301170000
67601,2.7,201301170000
67602,1.12,201301170000
67698,1.72,201301170000
67824,2.44,201301170000
67842,0.66,201301170000
67854,1.59,201301170000
67855,2.81,201301170000
67918,1.54,201301170000
68103,1.89,201301170000
68104,0.73,201301170000
68110,0.82,201301170000
68111,1.11,201301170000
68349,0.85,201301170000
68354,2.36,201301170000
68356,2.55,201301170000
68454,2.99,201301170000
68455,1.78,201301170000
68587,0.61,201301170000
68857,1.83,201301170000
68858,1.3,201301170000
68897,2.53,201301170000
68924,0.92,201301170000
68930,0.99,201301170000
69106,2.82,201301170000
69190,1.53,201301170000
69206,1.09,201301170000
69359,2.14,201301170000
69371,2.53,201301170000
69455,1.1,201301170000
69582,1.74,201301170000
69613,1.13,201301170000
69676,1.27,201301170000
70115,2.74,201301170000
70132,1.28,201301170000
70181,1.42,201301170000
70342,1.17,201301170000
70352,1.28,201301170000
70360,2.83,201301170000
70374,1.71,201301170000
70440,1.87,201301170000
70462,0.8,201301170000
70619,1.24,201301170000
70659,1.82,201301170000
70715,1.51,201301170000
70903,1.07,201301170000
70934,0.79,201301170000
70961,1.33,201301170000
71122,1.34,201301170000
71187,0.82,201301170000
71399,0.9,201301170000
71601,0.56,201301170000
71629,2.52,201301170000
71888,0.52,201301170000
71961,0.81,201301170000
71964,1.06,201301170000
72201,1.04,201301170000
72218,2.81,201301170000
72345,1.6,201301170000
72367,2.88,201301170000
72407,2.2,201301170000
72416,2.2,201301170000
72706,0.97,201301170000
72894,2.8,201301170000
73104,0.57,201301170000
73135,2.38,201301170000
73211,1.86,201301170000
73223,2.48,201301170000
73451,0.52,201301170000
73460,1.66,201301170000
73461,1.65,201301170000
73557,1.56,201301170000
73669,2.2,201301170000
74158,1.16,201301170000
74216,1.31,201301170000
74388,1.16,201301170000
74396,1.47,201301170000
74466,1.87,201301170000
74467,1.02,201301170000
74638,1.45,201301170000
74677,2.59,201301170000
74678,2.89,201301170000
74711,2.58,201301170000
74721,2.42,201301170000
74962,1.04,201301170000
74968,2.62,201301170000
74973,2.96,201301170000
75224,2.74,201301170000
75329,2.93,201301170000
75386,2.78,201301170000
75424,1.66,201301170000
75436,2.64,201301170000
75475,2.6,201301170000
75619,1.53,201301170000
75721,2.4,201301170000
75722,2.15,201301170000
75724,2.14,201301170000
75725,1.1,201301170000
75726,2.25,201301170000
75727,0.74,201301170000
75974,0.57,201301170000
75975,1.42,201301170000
76133,0.53,201301170000
76227,2.7,201301170000
76393,0.6,201301170000
76473,0.5,201301170000
76477,2.37,201301170000
76654,0.99,201301170000
76728,1.88,201301170000
76959,2.73,201301170000
77169,1.31,201301170000
77230,1.94,201301170000
77381,0.56,201301170000
77458,2.03,201301170000
77641,1.48,201301170000
77942,0.96,201301170000
77981,2.4,201301170000
78205,2.9,201301170000
78418,2.47,201301170000
78654,2.38,201301170000
78733,2.09,201301170000
78881,0.91,201301170000
78896,1.73,201301170000
78909,0.95,201301170000
78983,2.37,201301170000
79234,0.75,201301170000
79379,0.74,201301170000
79394,2.23,201301170000
79484,0.66,201301170000
79712,1.62,201301170000
79911,2.55,201301170000
79915,1.9,201301170000
80160,0.85,201301170000
80161,2.3,201301170000
80193,1.67,201301170000
80352,0.85,201301170000
80397,1.53,201301170000
80406,1.46,201301170000
80411,0.65,201301170000
80412,0.79,201301170000
80413,2.81,201301170000
80420,2.25,201301170000
80485,1.89,201301170000
80635,2.62,201301170000
80659,0.58,201301170000
80663,0.7,201301170000
80664,2.34,201301170000
80703,1.96,201301170000
80877,1.9,201301170000
80916,0.63,201301170000
81163,0.96,201301170000
81164,2.05,201301170000
81354,2.23,201301170000
81363,1.25,201301170000
81390,2.82,201301170000
81625,2.13,201301170000
81651,1.15,201301170000
81899,1.62,201301170000
82135,2.55,201301170000
82168,2.29,201301170000
82169,2.76,201301170000
82237,1.38,201301170000
82613,0.75,201301170000
82622,2.43,201301170000
82664,2.98,201301170000
82892,2.06,201301170000
82951,0.78,201301170000
83410,1.45,201301170000
83489,1.39,201301170000
83735,1.35,201301170000
83865,0.77,201301170000
84123,1.88,201301170000
84179,0.72,201301170000
84207,2.74,201301170000
84212,0.7,201301170000
84221,1.69,201301170000
84366,1.13,201301170000
84689,2.54,201301170000
84712,1.68,201301170000
84902,2.14,201301170000
85474,2.46,201301170000
85487,0.9,201301170000
85620,2.0,201301170000
85705,1.66,201301170000
85715,2.61,201301170000
85738,1.92,201301170000
86440,0.65,201301170000
86622,1.34,201301170000
86623,1.28,201301170000
86672,2.52,201301170000
86873,2.47,201301170000
86895,1.65,201301170000
87121,2.86,201301170000
87227,0.56,201301170000
87460,1.3,201301170000
87690,0.77,201301170000
87873,2.55,201301170000
88242,1.98,201301170000
88463,0.51,201301170000
89120,1.16,201301170000
89152,2.82,201301170000
89175,2.15,201301170000
89198,0.9,201301170000
89615,2.83,201301170000
89625,2.87,201301170000
90116,2.61,201301170000
90183,1.6,201301170000
90497,0.98,201301170000
90699,0.68,201301170000
90719,1.18,201301170000
91200,1.54,201301170000
91432,0.89,201301170000
91434,1.7,201301170000
91684,1.46,201301170000
91713,1.62,201301170000
91744,1.09,201301170000
92233,0.78,201301170000
93205,2.5,201301170000
93244,1.78,201301170000
93252,2.58,201301170000
93463,2.03,201301170000
93675,2.19,201301170000
93944,2.77,201301170000
94431,2.78,201301170000
94710,2.08,201301170000
94755,0.67,201301170000
94997,1.73,201301170000
95000,0.57,201301170000
95707,1.44,201301170000
95949,0.53,201301170000
95998,0.77,201301170000
96188,0.67,201301170000
96225,2.94,201301170000
96249,1.59,201301170000
96468,2.99,201301170000
96486,1.84,201301170000
96718,0.88,201301170000
96972,1.36,201301170000
96995,1.97,201301170000
97251,2.57,201301170000
97440,0.75,201301170000
97471,0.59,201301170000
97969,0.8,201301170000
97990,1.76,201301170000
98224,0.66,201301170000
98229,1.89,201301170000
98450,2.42,201301170000
98475,2.48,201301170000
98739,1.96,201301170000
99256,2.16,201301170000
99468,1.96,201301170000
99730,1.4,201301170000
101215,0.63,201301170000
101911,2.81,201301170000
101912,0.66,201301170000
101989,2.19,201301170000
102999,2.56,201301170000
103242,1.93,201301170000
103431,2.44,201301170000
104177,2.83,201301170000
104221,1.5,201301170000
104239,1.83,201301170000
104701,2.45,201301170000
104984,2.88,201301170000
105196,1.89,201301170000
105219,1.82,201301170000
105460,0.89,201301170000
105461,2.79,201301170000
105481,1.58,201301170000
105489,0.94,201301170000
105709,2.79,201301170000
105710,2.54,201301170000
105711,0.56,201301170000
105712,1.28,201301170000
105713,1.16,201301170000
105715,1.05,201301170000
105726,1.95,201301170000
105727,1.47,201301170000
105736,2.47,201301170000
105960,2.11,201301170000
105961,2.99,201301170000
105962,1.6,201301170000
105963,1.97,201301170000
105964,2.39,201301170000
105975,2.69,201301170000
106195,0.93,201301170000
106213,2.6,201301170000
106214,2.18,201301170000
106215,1.88,201301170000
106221,1.37,201301170000
106231,2.62,201301170000
106232,0.59,201301170000
106234,1.91,201301170000
106235,1.11,201301170000
106237,0.52,201301170000
106446,1.14,201301170000
106447,0.68,201301170000
106462,0.89,201301170000
106463,1.58,201301170000
106465,1.37,201301170000
106466,0.52,201301170000
106467,1.82,201301170000
106480,1.44,201301170000
106712,0.93,201301170000
106717,1.65,201301170000
106718,0.69,201301170000
106741,1.75,201301170000
106958,2.21,201301170000
106964,1.81,201301170000
106965,1.16,201301170000
106966,2.85,201301170000
106967,2.7,201301170000
106971,2.5,201301170000
106983,2.73,201301170000
106997,2.21,201301170000
107200,1.42,201301170000
107212,2.88,201301170000
107219,1.44,201301170000
107240,2.04,201301170000
107460,2.84,201301170000
107465,1.08,201301170000
107466,1.18,201301170000
107468,0.67,201301170000
107491,1.11,201301170000
107711,1.38,201301170000
107725,0.94,201301170000
107726,1.97,201301170000
107954,2.04,201301170000
107966,0.97,201301170000
107971,1.94,201301170000
107979,2.93,201301170000
107993,0.63,201301170000
108205,2.82,201301170000
108211,2.57,201301170000
108214,1.7,201301170000
108215,0.92,201301170000
108217,2.53,201301170000
108219,1.69,201301170000
108220,0.88,201301170000
108222,1.51,201301170000
108225,2.94,201301170000
108230,2.69,201301170000
108454,2.78,201301170000
108463,2.52,201301170000
108499,0.61,201301170000
108717,0.76,201301170000
108722,2.52,201301170000
108724,2.11,201301170000
108733,2.42,201301170000
108968,2.52,201301170000
108975,2.98,201301170000
108984,1.85,201301170000
108985,2.57,201301170000
109216,1.84,201301170000
109219,1.61,201301170000
109222,2.56,201301170000
109227,2.54,201301170000
109231,2.57,201301170000
109236,1.0,201301170000
109245,2.44,201301170000
109473,2.64,201301170000
109487,1.63,201301170000
109494,2.31,201301170000
109495,0.68,201301170000
109496,2.33,201301170000
109497,1.1,201301170000
109742,0.73,201301170000
109744,0.87,201301170000
109748,0.74,201301170000
109750,0.75,201301170000
109980,0.61,201301170000
109991,1.79,201301170000
109994,2.2,201301170000
109998,2.96,201301170000
110001,1.45,201301170000
110243,1.55,201301170000
110247,1.74,201301170000
110249,1.79,201301170000
110251,0.89,201301170000
110253,0.64,201301170000
110254,0.81,201301170000
