cell,mobility,dtg
1610,1.42,201301271600
1846,0.9,201301271600
1851,2.52,201301271600
1853,1.96,201301271600
1856,2.17,201301271600
1857,2.91,201301271600
2103,2.88,201301271600
2105,2.96,201301271600
2106,1.45,201301271600
2107,1.08,201301271600
2114,0.75,201301271600
2342,1.64,201301271600
2347,1.45,201301271600
2351,1.8,201301271600
2354,2.56,201301271600
2357,1.43,201301271600
2372,1.66,201301271600
2374,1.66,201301271600
2591,0.74,201301271600
2595,1.41,201301271600
2605,0.99,201301271600
2611,2.81,201301271600
2615,2.73,201301271600
2620,0.65,201301271600
2627,1.95,201301271600
2839,2.53,201301271600
2847,2.77,201301271600
3086,0.58,201301271600
3094,2.29,201301271600
3100,1.85,201301271600
3124,0.68,201301271600
3128,0.86,201301271600
3334,0.78,201301271600
3337,0.89,201301271600
3375,2.02,201301271600
3614,1.93,201301271600
3619,2.01,201301271600
3632,2.18,201301271600
3635,2.43,201301271600
3830,2.89,201301271600
3831,0.99,201301271600
3833,2.18,201301271600
3837,1.05,201301271600
3845,2.34,201301271600
3856,2.76,201301271600
3860,2.93,201301271600
3865,2.48,201301271600
4078,0.88,201301271600
4081,1.77,201301271600
4137,0.55,201301271600
4141,0.74,201301271600
4142,1.44,201301271600
4328,2.75,201301271600
4329,1.95,201301271600
4341,1.32,201301271600
4345,2.74,201301271600
4348,2.39,201301271600
4354,0.66,201301271600
4372,1.48,201301271600
4577,1.71,201301271600
4578,1.6,201301271600
4580,0.66,201301271600
4582,2.73,201301271600
4605,1.5,201301271600
4608,1.18,201301271600
4631,1.22,201301271600
4636,2.32,201301271600
4637,0.81,201301271600
4829,1.19,201301271600
4830,2.36,201301271600
4831,0.83,201301271600
4834,2.06,201301271600
4837,2.85,201301271600
4852,0.75,201301271600
4863,1.98,201301271600
4868,1.39,201301271600
4890,2.14,201301271600
4891,1.42,201301271600
5078,2.32,201301271600
5081,2.87,201301271600
5084,0.74,201301271600
5127,0.62,201301271600
5153,2.16,201301271600
5327,1.14,201301271600
5329,0.77,201301271600
5333,1.91,201301271600
5334,2.74,201301271600
5339,2.2,201301271600
5369,2.16,201301271600
5402,2.49,201301271600
5410,2.86,201301271600
5577,1.73,201301271600
5581,1.06,201301271600
5592,2.32,201301271600
5612,0.54,201301271600
5623,1.47,201301271600
5876,0.96,201301271600
5893,1.9,201301271600
5898,1.2,201301271600
6078,2.79,201301271600
6118,0.52,201301271600
6136,0.55,201301271600
6158,2.15,201301271600
6159,1.78,201301271600
6333,1.06,201301271600
6353,2.3,201301271600
6365,2.1,201301271600
6366,0.79,201301271600
6414,1.45,201301271600
6588,1.47,201301271600
6609,2.98,201301271600
6635,1.19,201301271600
6668,1.2,201301271600
6841,0.7,201301271600
6849,1.61,201301271600
6896,0.98,201301271600
6924,1.84,201301271600
6928,2.37,201301271600
6935,2.17,201301271600
6939,0.95,201301271600
7077,1.87,201301271600
7078,2.3,201301271600
7085,2.8,201301271600
7088,0.65,201301271600
7113,0.69,201301271600
7114,1.56,201301271600
7129,1.79,201301271600
7133,1.89,201301271600
7165,1.55,201301271600
7192,2.69,201301271600
7354,0.64,201301271600
7375,1.79,201301271600
7379,1.07,201301271600
7401,1.72,201301271600
7410,1.21,201301271600
7436,1.28,201301271600
7584,1.42,201301271600
7646,2.19,201301271600
7849,2.76,201301271600
7871,2.77,201301271600
7927,1.06,201301271600
7948,1.58,201301271600
8080,1.76,201301271600
8170,0.9,201301271600
8182,2.11,201301271600
8195,2.44,201301271600
8342,2.02,201301271600
8582,2.77,201301271600
8602,2.8,201301271600
8609,1.87,201301271600
8638,2.16,201301271600
8656,1.98,201301271600
8830,1.03,201301271600
8839,1.57,201301271600
8876,2.36,201301271600
8897,0.52,201301271600
8912,1.13,201301271600
8918,2.75,201301271600
8929,2.11,201301271600
8940,2.0,201301271600
8954,2.99,201301271600
9140,2.99,201301271600
9333,2.66,201301271600
9468,1.56,201301271600
9473,1.54,201301271600
9589,0.72,201301271600
9601,2.92,201301271600
9607,1.57,201301271600
9658,2.85,201301271600
9724,1.84,201301271600
9833,2.87,201301271600
10084,1.58,201301271600
10089,0.7,201301271600
10096,2.43,201301271600
10144,2.81,201301271600
10170,2.25,201301271600
10181,1.52,201301271600
10189,1.05,201301271600
10201,2.81,201301271600
10334,1.22,201301271600
10335,2.2,201301271600
10383,1.34,201301271600
10414,1.6,201301271600
10444,1.1,201301271600
10458,0.8,201301271600
10477,2.0,201301271600
10586,2.49,201301271600
10601,2.07,201301271600
10609,2.02,201301271600
10616,1.8,201301271600
10633,0.96,201301271600
10655,2.84,201301271600
10665,2.9,201301271600
10681,2.5,201301271600
10717,1.92,201301271600
10835,0.73,201301271600
10837,2.41,201301271600
10847,0.99,201301271600
10903,1.54,201301271600
10911,2.36,201301271600
10918,2.98,201301271600
10973,0.89,201301271600
11087,1.28,201301271600
11092,2.51,201301271600
11128,1.37,201301271600
11222,0.83,201301271600
11223,2.39,201301271600
11225,1.33,201301271600
11238,1.18,201301271600
11361,1.96,201301271600
11393,0.51,201301271600
11424,1.3,201301271600
11601,2.43,201301271600
11682,1.83,201301271600
11704,1.31,201301271600
11858,2.23,201301271600
11884,1.75,201301271600
11901,1.53,201301271600
11946,2.03,201301271600
11960,0.87,201301271600
11972,2.11,201301271600
12089,3.0,201301271600
12090,0.53,201301271600
12096,1.91,201301271600
12120,0.68,201301271600
12157,2.07,201301271600
12230,2.0,201301271600
12383,0.87,201301271600
12431,0.78,201301271600
12601,1.0,201301271600
12625,2.82,201301271600
12632,1.42,201301271600
12842,1.78,201301271600
12875,2.24,201301271600
12901,2.85,201301271600
12913,1.45,201301271600
12933,2.28,201301271600
12934,0.79,201301271600
12985,1.8,201301271600
13099,0.87,201301271600
13114,1.33,201301271600
13150,1.68,201301271600
13175,0.87,201301271600
13183,1.9,201301271600
13222,2.25,201301271600
13358,1.21,201301271600
13444,1.88,201301271600
13455,1.88,201301271600
13456,1.41,201301271600
13670,1.18,201301271600
13694,1.11,201301271600
13845,1.06,201301271600
13849,0.75,201301271600
14011,2.87,201301271600
14095,0.78,201301271600
14133,2.55,201301271600
14161,0.9,201301271600
14167,2.17,201301271600
14184,1.44,201301271600
14241,1.38,201301271600
14255,2.2,201301271600
14349,1.91,201301271600
14350,1.31,201301271600
14375,2.24,201301271600
14452,0.63,201301271600
14475,1.96,201301271600
14620,2.31,201301271600
14673,0.53,201301271600
14745,2.24,201301271600
14859,0.81,201301271600
14936,2.5,201301271600
14995,1.72,201301271600
15097,0.66,201301271600
15098,1.24,201301271600
15246,0.67,201301271600
15349,0.97,201301271600
15440,1.82,201301271600
15600,0.63,201301271600
15656,2.73,201301271600
15672,0.52,201301271600
15699,2.25,201301271600
15714,1.83,201301271600
15725,1.78,201301271600
15744,1.76,201301271600
15849,2.83,201301271600
15850,1.24,201301271600
15851,1.53,201301271600
15853,2.51,201301271600
15871,2.29,201301271600
16100,2.66,201301271600
16105,2.11,201301271600
16114,0.99,201301271600
16171,2.35,201301271600
16184,2.11,201301271600
16400,0.89,201301271600
16414,2.34,201301271600
16601,2.79,201301271600
16604,1.0,201301271600
16625,2.91,201301271600
16670,1.77,201301271600
16853,2.51,201301271600
16868,0.66,201301271600
16932,1.88,201301271600
17232,2.83,201301271600
17355,2.08,201301271600
17358,2.18,201301271600
17367,0.56,201301271600
17635,2.09,201301271600
17673,1.39,201301271600
17681,1.34,201301271600
17884,3.0,201301271600
17984,2.32,201301271600
18108,1.94,201301271600
18115,0.78,201301271600
18118,2.69,201301271600
18123,1.78,201301271600
18139,1.57,201301271600
18154,2.27,201301271600
18160,1.08,201301271600
18177,1.89,201301271600
18185,2.04,201301271600
18383,0.5,201301271600
18404,2.21,201301271600
18427,0.73,201301271600
18466,0.97,201301271600
18616,1.11,201301271600
18629,2.13,201301271600
18861,1.4,201301271600
18866,1.63,201301271600
18925,1.43,201301271600
19110,0.86,201301271600
19112,0.54,201301271600
19114,1.44,201301271600
19122,2.13,201301271600
19360,1.76,201301271600
19443,2.04,201301271600
19481,2.61,201301271600
19611,2.32,201301271600
19612,2.05,201301271600
19618,2.14,201301271600
19633,2.09,201301271600
19678,2.42,201301271600
19878,2.41,201301271600
19913,0.6,201301271600
20113,0.73,201301271600
20114,0.99,201301271600
20116,2.63,201301271600
20170,2.53,201301271600
20363,1.01,201301271600
20387,0.7,201301271600
20396,0.62,201301271600
20436,2.76,201301271600
20616,1.42,201301271600
20621,1.67,201301271600
20628,2.79,201301271600
20651,1.94,201301271600
20671,1.93,201301271600
20682,2.29,201301271600
20864,1.9,201301271600
20882,2.7,201301271600
20931,2.48,201301271600
20995,0.93,201301271600
21115,1.03,201301271600
21118,0.54,201301271600
21201,1.16,201301271600
21373,2.58,201301271600
21377,1.66,201301271600
21392,1.93,201301271600
21407,2.63,201301271600
21428,2.51,201301271600
21448,0.74,201301271600
21617,2.37,201301271600
21619,2.93,201301271600
21639,0.88,201301271600
21658,1.15,201301271600
21663,1.81,201301271600
21701,2.2,201301271600
21721,0.5,201301271600
21868,0.85,201301271600
21871,2.23,201301271600
21999,2.24,201301271600
22126,0.93,201301271600
22133,2.91,201301271600
22174,1.84,201301271600
22176,1.29,201301271600
22205,1.88,201301271600
22368,2.53,201301271600
22395,2.63,201301271600
22419,2.42,201301271600
22420,2.75,201301271600
22421,2.78,201301271600
22422,2.67,201301271600
22619,1.69,201301271600
22630,2.96,201301271600
22634,2.46,201301271600
22671,2.67,201301271600
22673,2.26,201301271600
22700,1.23,201301271600
22751,0.79,201301271600
22768,1.05,201301271600
22869,0.82,201301271600
22877,2.04,201301271600
22928,1.94,201301271600
22940,2.86,201301271600
22955,0.95,201301271600
22963,2.99,201301271600
22966,2.57,201301271600
23120,1.63,201301271600
23124,1.04,201301271600
23125,2.92,201301271600
23131,2.62,201301271600
23138,0.74,201301271600
23169,2.65,201301271600
23194,1.56,201301271600
23216,0.83,201301271600
23370,1.7,201301271600
23371,2.37,201301271600
23379,1.79,201301271600
23386,2.95,201301271600
23388,2.73,201301271600
23427,1.74,201301271600
23621,1.53,201301271600
23627,2.37,201301271600
23635,2.88,201301271600
23641,1.86,201301271600
23662,0.93,201301271600
23669,0.81,201301271600
23690,2.82,201301271600
23744,1.07,201301271600
23750,2.62,201301271600
23872,2.57,201301271600
23873,2.84,201301271600
23875,1.36,201301271600
23881,1.82,201301271600
23894,0.55,201301271600
23896,1.98,201301271600
23907,1.34,201301271600
23925,1.6,201301271600
23973,0.61,201301271600
24005,1.11,201301271600
24009,1.38,201301271600
24032,1.03,201301271600
24122,0.62,201301271600
24123,0.87,201301271600
24149,1.53,201301271600
24247,2.74,201301271600
24251,1.19,201301271600
24265,1.91,201301271600
24266,1.22,201301271600
24373,1.1,201301271600
24374,1.77,201301271600
24380,1.85,201301271600
24381,2.94,201301271600
24383,1.8,201301271600
24387,1.52,201301271600
24402,2.92,201301271600
24405,2.58,201301271600
24423,1.15,201301271600
24623,1.37,201301271600
24626,2.64,201301271600
24643,2.17,201301271600
24732,2.43,201301271600
24734,0.93,201301271600
24739,2.34,201301271600
24774,1.98,201301271600
24775,2.92,201301271600
24781,1.98,201301271600
24837,0.9,201301271600
24874,0.62,201301271600
24877,2.32,201301271600
24879,2.92,201301271600
24880,1.16,201301271600
24895,1.85,201301271600
24920,2.6,201301271600
24990,1.5,201301271600
24991,2.01,201301271600
24993,0.99,201301271600
25124,2.22,201301271600
25125,1.82,201301271600
25126,2.42,201301271600
25129,0.62,201301271600
25130,1.64,201301271600
25132,2.5,201301271600
25136,0.6,201301271600
25138,0.51,201301271600
25141,1.95,201301271600
25179,1.89,201301271600
25187,2.31,201301271600
25375,2.66,201301271600
25376,2.05,201301271600
25377,1.63,201301271600
25379,1.18,201301271600
25385,0.58,201301271600
25395,1.28,201301271600
25400,2.32,201301271600
25405,2.87,201301271600
25412,1.8,201301271600
25427,0.96,201301271600
25626,1.28,201301271600
25627,2.07,201301271600
25628,0.63,201301271600
25629,1.72,201301271600
25632,2.5,201301271600
25633,1.14,201301271600
25642,0.76,201301271600
25715,2.11,201301271600
25747,2.66,201301271600
25763,2.71,201301271600
25876,1.44,201301271600
25877,1.18,201301271600
25878,2.9,201301271600
25881,1.85,201301271600
25882,1.1,201301271600
25886,1.93,201301271600
25888,1.7,201301271600
25926,2.48,201301271600
25997,2.68,201301271600
26005,0.72,201301271600
26035,2.43,201301271600
26127,1.67,201301271600
26129,1.73,201301271600
26130,1.99,201301271600
26133,0.69,201301271600
26135,2.5,201301271600
26136,2.55,201301271600
26138,1.25,201301271600
26139,0.61,201301271600
26141,1.77,201301271600
26148,2.81,201301271600
26168,2.53,201301271600
26378,1.68,201301271600
26379,1.46,201301271600
26380,2.63,201301271600
26381,0.58,201301271600
26382,1.4,201301271600
26383,1.91,201301271600
26385,1.88,201301271600
26386,0.71,201301271600
26387,1.52,201301271600
26389,0.98,201301271600
26391,1.28,201301271600
26392,1.21,201301271600
26393,1.68,201301271600
26396,1.02,201301271600
26403,0.69,201301271600
26408,1.85,201301271600
26427,2.16,201301271600
26450,1.12,201301271600
26492,2.32,201301271600
26546,2.09,201301271600
26563,2.07,201301271600
26564,2.51,201301271600
26628,1.39,201301271600
26629,1.8,201301271600
26630,1.3,201301271600
26631,2.84,201301271600
26633,0.58,201301271600
26634,0.96,201301271600
26656,1.11,201301271600
26674,2.45,201301271600
26708,1.01,201301271600
26752,2.77,201301271600
26754,2.84,201301271600
26755,2.96,201301271600
26782,2.75,201301271600
26846,0.58,201301271600
26879,0.88,201301271600
26880,1.9,201301271600
26881,1.76,201301271600
26882,2.88,201301271600
26883,1.06,201301271600
26884,1.24,201301271600
26885,2.03,201301271600
26886,2.0,201301271600
26887,1.58,201301271600
26889,2.79,201301271600
26890,1.78,201301271600
26891,2.44,201301271600
26892,1.29,201301271600
26893,2.19,201301271600
26894,2.36,201301271600
26895,0.97,201301271600
26897,2.78,201301271600
26905,0.54,201301271600
26938,0.64,201301271600
26964,1.22,201301271600
27006,2.7,201301271600
27042,1.26,201301271600
27098,2.01,201301271600
27130,1.15,201301271600
27131,0.51,201301271600
27132,1.89,201301271600
27133,1.44,201301271600
27134,1.93,201301271600
27135,1.34,201301271600
27136,2.78,201301271600
27137,0.79,201301271600
27138,1.91,201301271600
27142,2.82,201301271600
27143,2.73,201301271600
27145,2.08,201301271600
27148,0.95,201301271600
27149,2.54,201301271600
27152,1.25,201301271600
27155,2.99,201301271600
27175,2.99,201301271600
27209,1.11,201301271600
27247,1.15,201301271600
27381,0.62,201301271600
27382,1.31,201301271600
27383,1.91,201301271600
27384,2.35,201301271600
27386,1.23,201301271600
27387,2.74,201301271600
27388,1.65,201301271600
27389,2.71,201301271600
27390,2.38,201301271600
27392,2.38,201301271600
27395,2.93,201301271600
27404,0.71,201301271600
27415,2.22,201301271600
27427,2.11,201301271600
27489,1.21,201301271600
27494,1.67,201301271600
27498,2.04,201301271600
27518,1.34,201301271600
27632,2.07,201301271600
27633,0.87,201301271600
27634,2.66,201301271600
27635,2.57,201301271600
27636,0.66,201301271600
27637,1.68,201301271600
27638,0.74,201301271600
27639,0.87,201301271600
27640,1.18,201301271600
27642,2.87,201301271600
27643,2.71,201301271600
27645,0.78,201301271600
27646,2.63,201301271600
27647,2.76,201301271600
27649,1.99,201301271600
27654,0.52,201301271600
27763,0.56,201301271600
27764,0.55,201301271600
27796,0.84,201301271600
27797,1.79,201301271600
27883,0.84,201301271600
27884,1.32,201301271600
27885,2.92,201301271600
27886,0.61,201301271600
27887,2.18,201301271600
27888,2.0,201301271600
27889,1.3,201301271600
27890,2.41,201301271600
27891,1.36,201301271600
27892,0.78,201301271600
27894,0.62,201301271600
27895,0.72,201301271600
27897,2.51,201301271600
27902,1.93,201301271600
27908,2.39,201301271600
27911,1.07,201301271600
27930,1.92,201301271600
27971,2.49,201301271600
28004,1.17,201301271600
28015,1.23,201301271600
28049,2.46,201301271600
28102,2.98,201301271600
28134,1.86,201301271600
28135,0.91,201301271600
28136,2.9,201301271600
28137,0.76,201301271600
28138,1.41,201301271600
28139,2.58,201301271600
28140,0.61,201301271600
28142,1.97,201301271600
28143,2.38,201301271600
28144,0.89,201301271600
28146,1.51,201301271600
28154,1.37,201301271600
28156,1.68,201301271600
28216,0.54,201301271600
28239,1.88,201301271600
28384,1.05,201301271600
28385,0.74,201301271600
28386,1.03,201301271600
28387,2.97,201301271600
28388,1.57,201301271600
28389,1.58,201301271600
28390,1.0,201301271600
28391,1.3,201301271600
28392,1.91,201301271600
28393,1.99,201301271600
28394,0.87,201301271600
28396,2.79,201301271600
28397,0.8,201301271600
28400,1.25,201301271600
28401,0.52,201301271600
28405,0.53,201301271600
28427,1.61,201301271600
28467,0.94,201301271600
28496,1.18,201301271600
28497,0.91,201301271600
28519,2.34,201301271600
28535,2.06,201301271600
28539,1.33,201301271600
28545,2.42,201301271600
28557,1.37,201301271600
28635,2.28,201301271600
28636,1.92,201301271600
28637,2.43,201301271600
28638,1.75,201301271600
28639,1.81,201301271600
28640,2.69,201301271600
28641,1.16,201301271600
28642,1.53,201301271600
28643,2.41,201301271600
28644,1.53,201301271600
28645,2.99,201301271600
28646,1.05,201301271600
28649,0.91,201301271600
28658,1.03,201301271600
28667,2.72,201301271600
28675,2.58,201301271600
28751,0.77,201301271600
28753,0.92,201301271600
28754,1.52,201301271600
28788,2.96,201301271600
28812,2.32,201301271600
28823,2.97,201301271600
28886,0.54,201301271600
28887,1.77,201301271600
28888,1.33,201301271600
28889,1.64,201301271600
28890,0.64,201301271600
28891,2.72,201301271600
28892,1.08,201301271600
28893,0.74,201301271600
28894,1.65,201301271600
28895,2.32,201301271600
28896,2.59,201301271600
28897,2.52,201301271600
28899,1.71,201301271600
28900,1.78,201301271600
28901,0.75,201301271600
28902,1.47,201301271600
28905,1.35,201301271600
28912,2.14,201301271600
28960,1.79,201301271600
28969,2.34,201301271600
29004,1.43,201301271600
29012,1.8,201301271600
29026,1.02,201301271600
29068,0.79,201301271600
29076,1.08,201301271600
29088,0.66,201301271600
29094,1.29,201301271600
29136,2.05,201301271600
29137,2.14,201301271600
29138,2.66,201301271600
29139,1.65,201301271600
29140,0.85,201301271600
29141,1.05,201301271600
29142,2.52,201301271600
29143,2.78,201301271600
29144,1.23,201301271600
29146,2.3,201301271600
29147,0.64,201301271600
29148,2.17,201301271600
29149,1.82,201301271600
29151,2.04,201301271600
29158,2.89,201301271600
29165,1.31,201301271600
29171,2.38,201301271600
29190,1.46,201301271600
29247,1.84,201301271600
29387,0.64,201301271600
29388,2.99,201301271600
29389,0.79,201301271600
29390,2.79,201301271600
29391,1.05,201301271600
29392,2.93,201301271600
29393,1.2,201301271600
29394,2.59,201301271600
29395,1.9,201301271600
29396,2.23,201301271600
29397,1.12,201301271600
29398,1.87,201301271600
29399,1.85,201301271600
29401,0.72,201301271600
29402,1.19,201301271600
29403,1.74,201301271600
29405,2.55,201301271600
29409,1.17,201301271600
29425,1.43,201301271600
29429,2.17,201301271600
29495,1.83,201301271600
29498,2.32,201301271600
29533,2.64,201301271600
29556,1.14,201301271600
29638,1.3,201301271600
29639,0.58,201301271600
29640,1.67,201301271600
29641,1.95,201301271600
29642,1.49,201301271600
29643,2.85,201301271600
29644,2.87,201301271600
29645,1.33,201301271600
29648,1.92,201301271600
29649,2.16,201301271600
29650,0.72,201301271600
29654,1.72,201301271600
29663,2.49,201301271600
29670,2.33,201301271600
29710,2.44,201301271600
29730,1.13,201301271600
29733,2.88,201301271600
29736,2.32,201301271600
29766,2.39,201301271600
29891,1.02,201301271600
29892,2.37,201301271600
29893,1.06,201301271600
29894,2.53,201301271600
29895,2.63,201301271600
29896,2.6,201301271600
29897,1.87,201301271600
29898,1.0,201301271600
29900,2.6,201301271600
29903,2.43,201301271600
29906,1.95,201301271600
29909,2.7,201301271600
29912,0.66,201301271600
29917,0.79,201301271600
29925,2.58,201301271600
29966,2.45,201301271600
30021,1.85,201301271600
30026,0.76,201301271600
30036,0.73,201301271600
30142,2.27,201301271600
30143,0.84,201301271600
30144,0.8,201301271600
30145,1.84,201301271600
30146,1.81,201301271600
30147,1.49,201301271600
30148,1.55,201301271600
30152,2.06,201301271600
30154,2.9,201301271600
30157,2.19,201301271600
30158,1.78,201301271600
30181,0.96,201301271600
30242,2.45,201301271600
30243,0.8,201301271600
30244,2.07,201301271600
30261,1.76,201301271600
30300,2.12,201301271600
30322,1.73,201301271600
30393,1.79,201301271600
30394,1.04,201301271600
30395,1.91,201301271600
30396,2.46,201301271600
30397,0.52,201301271600
30398,2.04,201301271600
30400,2.63,201301271600
30401,2.12,201301271600
30403,1.88,201301271600
30407,0.71,201301271600
30410,1.85,201301271600
30420,0.92,201301271600
30430,0.86,201301271600
30434,1.86,201301271600
30439,2.77,201301271600
30481,1.88,201301271600
30489,1.59,201301271600
30494,2.96,201301271600
30495,1.08,201301271600
30496,1.84,201301271600
30645,1.45,201301271600
30646,2.96,201301271600
30647,2.48,201301271600
30648,0.54,201301271600
30649,2.65,201301271600
30650,1.22,201301271600
30651,0.82,201301271600
30652,1.93,201301271600
30653,2.86,201301271600
30654,1.6,201301271600
30661,1.38,201301271600
30664,1.59,201301271600
30666,2.35,201301271600
30669,2.21,201301271600
30673,1.25,201301271600
30683,0.79,201301271600
30745,1.23,201301271600
30750,2.0,201301271600
30777,2.56,201301271600
30780,1.28,201301271600
30812,1.46,201301271600
30897,2.82,201301271600
30898,0.61,201301271600
30899,2.06,201301271600
30900,2.67,201301271600
30901,1.98,201301271600
30902,2.18,201301271600
30903,1.03,201301271600
30904,0.93,201301271600
30908,1.45,201301271600
30909,2.58,201301271600
30912,1.86,201301271600
30913,1.26,201301271600
30928,1.98,201301271600
30953,0.65,201301271600
30979,2.13,201301271600
30994,2.32,201301271600
30995,2.14,201301271600
31027,2.42,201301271600
31028,0.77,201301271600
31029,2.27,201301271600
31082,2.38,201301271600
31148,0.88,201301271600
31149,2.04,201301271600
31150,1.15,201301271600
31151,0.85,201301271600
31152,2.76,201301271600
31156,1.05,201301271600
31157,1.21,201301271600
31161,2.16,201301271600
31166,2.68,201301271600
31172,2.23,201301271600
31274,1.84,201301271600
31281,2.92,201301271600
31369,2.92,201301271600
31398,2.78,201301271600
31401,2.4,201301271600
31407,0.83,201301271600
31408,2.57,201301271600
31409,2.69,201301271600
31410,3.0,201301271600
31413,0.66,201301271600
31419,1.56,201301271600
31427,1.9,201301271600
31457,2.5,201301271600
31466,1.62,201301271600
31651,1.79,201301271600
31652,2.45,201301271600
31656,2.54,201301271600
31660,1.91,201301271600
31663,1.06,201301271600
31666,1.5,201301271600
31675,2.39,201301271600
31738,2.59,201301271600
31754,1.34,201301271600
31782,1.24,201301271600
31903,1.39,201301271600
31904,2.33,201301271600
31905,2.06,201301271600
31906,1.43,201301271600
31908,0.88,201301271600
31912,1.41,201301271600
31921,2.17,201301271600
31928,2.31,201301271600
31949,0.84,201301271600
32028,1.35,201301271600
32032,2.45,201301271600
32045,2.33,201301271600
32150,1.99,201301271600
32155,2.64,201301271600
32157,2.65,201301271600
32161,2.02,201301271600
32162,0.63,201301271600
32167,2.28,201301271600
32169,1.14,201301271600
32175,2.79,201301271600
32182,0.59,201301271600
32185,1.78,201301271600
32195,2.59,201301271600
32235,2.21,201301271600
32404,2.04,201301271600
32405,1.26,201301271600
32410,2.54,201301271600
32411,1.12,201301271600
32415,0.87,201301271600
32449,1.64,201301271600
32490,2.43,201301271600
32558,2.94,201301271600
32622,1.78,201301271600
32656,2.86,201301271600
32658,1.15,201301271600
32660,0.78,201301271600
32662,2.78,201301271600
32668,0.56,201301271600
32682,2.25,201301271600
32697,2.93,201301271600
32712,1.87,201301271600
32729,1.77,201301271600
32739,2.9,201301271600
32742,1.59,201301271600
32744,1.78,201301271600
32802,2.73,201301271600
32834,0.7,201301271600
32905,1.25,201301271600
32907,2.24,201301271600
32912,1.25,201301271600
32916,2.0,201301271600
32922,2.91,201301271600
32924,1.06,201301271600
32926,0.92,201301271600
32929,0.54,201301271600
32977,0.53,201301271600
32978,1.45,201301271600
33154,2.39,201301271600
33158,1.57,201301271600
33160,0.73,201301271600
33165,1.31,201301271600
33170,1.27,201301271600
33186,1.24,201301271600
33286,0.98,201301271600
33405,2.13,201301271600
33409,1.55,201301271600
33412,2.78,201301271600
33418,2.87,201301271600
33420,0.96,201301271600
33424,1.27,201301271600
33435,2.68,201301271600
33442,1.75,201301271600
33519,0.88,201301271600
33594,2.94,201301271600
33656,1.79,201301271600
33659,2.36,201301271600
33662,0.83,201301271600
33664,2.87,201301271600
33666,2.15,201301271600
33669,1.82,201301271600
33673,1.92,201301271600
33675,2.21,201301271600
33694,1.44,201301271600
33724,1.08,201301271600
33742,1.11,201301271600
33812,1.23,201301271600
33909,0.65,201301271600
33911,2.52,201301271600
33912,2.74,201301271600
33913,2.32,201301271600
33922,2.47,201301271600
33923,2.45,201301271600
33924,2.23,201301271600
33931,2.04,201301271600
33935,2.76,201301271600
33986,1.38,201301271600
34013,2.11,201301271600
34160,2.87,201301271600
34161,2.32,201301271600
34162,2.31,201301271600
34163,0.51,201301271600
34167,3.0,201301271600
34190,2.5,201301271600
34211,1.29,201301271600
34303,0.94,201301271600
34380,2.45,201301271600
34407,2.66,201301271600
34413,2.16,201301271600
34423,2.97,201301271600
34424,2.38,201301271600
34427,2.58,201301271600
34430,1.93,201301271600
34437,1.1,201301271600
34440,2.38,201301271600
34486,1.9,201301271600
34495,2.86,201301271600
34510,1.66,201301271600
34520,2.52,201301271600
34528,1.16,201301271600
34563,1.59,201301271600
34662,0.67,201301271600
34667,2.78,201301271600
34668,2.93,201301271600
34670,0.88,201301271600
34672,2.5,201301271600
34673,2.77,201301271600
34676,3.0,201301271600
34679,2.11,201301271600
34682,2.03,201301271600
34695,0.92,201301271600
34710,0.94,201301271600
34714,1.53,201301271600
34720,1.64,201301271600
34882,2.05,201301271600
34913,2.16,201301271600
34914,2.16,201301271600
34915,1.13,201301271600
34924,2.03,201301271600
34925,1.77,201301271600
34934,1.49,201301271600
34939,1.9,201301271600
34959,2.28,201301271600
34990,2.66,201301271600
35102,0.95,201301271600
35164,1.47,201301271600
35166,1.15,201301271600
35173,0.77,201301271600
35178,1.56,201301271600
35183,1.32,201301271600
35185,1.09,201301271600
35187,2.81,201301271600
35193,2.68,201301271600
35203,1.76,201301271600
35218,1.0,201301271600
35237,2.85,201301271600
35244,1.85,201301271600
35249,1.88,201301271600
35295,0.51,201301271600
35368,2.66,201301271600
35410,0.69,201301271600
35414,2.97,201301271600
35415,0.96,201301271600
35417,0.55,201301271600
35421,0.67,201301271600
35440,0.7,201301271600
35455,2.27,201301271600
35492,2.28,201301271600
35515,2.65,201301271600
35665,2.02,201301271600
35675,1.99,201301271600
35683,1.94,201301271600
35686,2.06,201301271600
35700,2.3,201301271600
35745,0.6,201301271600
35755,1.97,201301271600
35769,0.58,201301271600
35916,2.4,201301271600
35917,2.66,201301271600
35918,1.8,201301271600
35919,2.85,201301271600
35921,1.34,201301271600
35929,1.36,201301271600
35931,2.92,201301271600
35941,0.77,201301271600
35944,2.09,201301271600
35971,1.29,201301271600
35981,1.72,201301271600
35992,2.71,201301271600
35994,1.62,201301271600
36067,1.23,201301271600
36162,1.13,201301271600
36167,1.83,201301271600
36169,0.57,201301271600
36170,0.8,201301271600
36173,2.22,201301271600
36176,0.88,201301271600
36177,2.86,201301271600
36205,2.04,201301271600
36237,2.36,201301271600
36245,1.07,201301271600
36246,1.62,201301271600
36293,2.64,201301271600
36311,1.97,201301271600
36417,0.93,201301271600
36420,2.87,201301271600
36421,2.37,201301271600
36441,1.46,201301271600
36448,1.8,201301271600
36494,1.24,201301271600
36498,2.99,201301271600
36502,0.69,201301271600
36510,0.93,201301271600
36513,1.08,201301271600
36519,1.39,201301271600
36524,1.55,201301271600
36576,2.4,201301271600
36668,2.55,201301271600
36673,2.57,201301271600
36675,1.26,201301271600
36677,2.02,201301271600
36679,2.82,201301271600
36682,0.65,201301271600
36688,2.93,201301271600
36690,0.73,201301271600
36711,0.55,201301271600
36717,1.74,201301271600
36758,2.46,201301271600
36889,2.54,201301271600
36915,1.0,201301271600
36918,2.19,201301271600
36933,2.58,201301271600
36934,2.59,201301271600
36953,2.87,201301271600
36959,0.77,201301271600
36996,2.19,201301271600
36999,2.68,201301271600
37001,0.64,201301271600
37167,0.92,201301271600
37168,1.49,201301271600
37169,2.61,201301271600
37172,1.83,201301271600
37176,2.86,201301271600
37178,2.84,201301271600
37179,2.11,201301271600
37182,2.74,201301271600
37192,1.1,201301271600
37200,1.99,201301271600
37206,0.6,201301271600
37232,1.87,201301271600
37239,2.22,201301271600
37270,1.02,201301271600
37298,1.55,201301271600
37304,1.72,201301271600
37419,1.36,201301271600
37421,2.86,201301271600
37423,1.25,201301271600
37425,1.16,201301271600
37446,2.42,201301271600
37454,0.9,201301271600
37477,0.73,201301271600
37487,1.48,201301271600
37501,1.09,201301271600
37503,0.79,201301271600
37513,0.54,201301271600
37523,1.13,201301271600
37562,2.57,201301271600
37609,2.88,201301271600
37642,2.57,201301271600
37643,1.12,201301271600
37670,1.91,201301271600
37671,2.84,201301271600
37672,2.81,201301271600
37676,1.93,201301271600
37688,2.81,201301271600
37689,2.37,201301271600
37690,1.45,201301271600
37695,1.29,201301271600
37701,2.92,201301271600
37710,1.54,201301271600
37711,0.5,201301271600
37754,0.67,201301271600
37874,1.2,201301271600
37891,2.95,201301271600
37893,2.19,201301271600
37894,1.09,201301271600
37926,2.82,201301271600
37928,1.52,201301271600
37929,2.54,201301271600
37932,1.32,201301271600
37936,1.77,201301271600
37943,0.62,201301271600
37952,2.64,201301271600
37962,2.59,201301271600
37968,1.43,201301271600
38003,2.57,201301271600
38060,1.45,201301271600
38145,2.52,201301271600
38172,1.54,201301271600
38173,1.81,201301271600
38178,2.86,201301271600
38200,2.05,201301271600
38204,2.3,201301271600
38209,2.97,201301271600
38215,2.8,201301271600
38220,1.11,201301271600
38225,2.1,201301271600
38228,2.65,201301271600
38230,0.91,201301271600
38243,1.14,201301271600
38247,1.27,201301271600
38255,2.91,201301271600
38263,0.87,201301271600
38268,1.62,201301271600
38272,2.62,201301271600
38367,0.63,201301271600
38381,0.99,201301271600
38423,2.22,201301271600
38425,1.57,201301271600
38426,1.64,201301271600
38431,0.74,201301271600
38440,1.69,201301271600
38479,0.89,201301271600
38481,1.63,201301271600
38483,0.98,201301271600
38488,1.52,201301271600
38490,2.52,201301271600
38498,2.32,201301271600
38499,1.24,201301271600
38500,2.9,201301271600
38505,1.36,201301271600
38506,2.32,201301271600
38508,1.93,201301271600
38517,1.56,201301271600
38534,1.54,201301271600
38648,2.33,201301271600
38674,2.19,201301271600
38676,2.43,201301271600
38679,1.43,201301271600
38684,0.82,201301271600
38693,2.98,201301271600
38697,2.56,201301271600
38716,1.05,201301271600
38722,2.26,201301271600
38736,1.25,201301271600
38738,1.86,201301271600
38752,1.21,201301271600
38753,1.96,201301271600
38758,0.93,201301271600
38760,2.05,201301271600
38761,1.8,201301271600
38762,2.13,201301271600
38766,1.14,201301271600
38769,1.88,201301271600
38778,1.94,201301271600
38812,2.56,201301271600
38939,1.44,201301271600
38953,2.01,201301271600
38958,0.69,201301271600
38967,0.8,201301271600
39006,1.9,201301271600
39008,2.72,201301271600
39010,1.73,201301271600
39011,1.42,201301271600
39017,1.02,201301271600
39113,0.57,201301271600
39148,1.09,201301271600
39149,1.92,201301271600
39176,0.89,201301271600
39178,1.09,201301271600
39191,1.03,201301271600
39201,2.33,201301271600
39230,2.28,201301271600
39236,2.6,201301271600
39246,2.34,201301271600
39252,2.13,201301271600
39255,1.45,201301271600
39260,2.96,201301271600
39262,0.88,201301271600
39263,2.43,201301271600
39268,2.83,201301271600
39269,0.98,201301271600
39271,2.49,201301271600
39274,1.89,201301271600
39275,1.68,201301271600
39375,2.16,201301271600
39391,1.19,201301271600
39427,0.65,201301271600
39428,1.02,201301271600
39430,2.92,201301271600
39433,2.8,201301271600
39446,2.68,201301271600
39457,2.76,201301271600
39514,1.05,201301271600
39515,0.94,201301271600
39516,2.61,201301271600
39517,1.46,201301271600
39535,0.71,201301271600
39554,2.37,201301271600
39559,2.87,201301271600
39631,2.77,201301271600
39632,2.09,201301271600
39633,2.39,201301271600
39652,2.48,201301271600
39683,2.54,201301271600
39687,1.21,201301271600
39706,1.5,201301271600
39710,2.54,201301271600
39722,2.19,201301271600
39731,1.42,201301271600
39750,0.59,201301271600
39755,2.71,201301271600
39759,1.5,201301271600
39762,1.33,201301271600
39764,1.07,201301271600
39765,2.95,201301271600
39766,1.92,201301271600
39767,2.37,201301271600
39769,0.98,201301271600
39772,1.24,201301271600
39776,0.99,201301271600
39777,2.95,201301271600
39790,1.36,201301271600
39791,1.49,201301271600
39796,1.8,201301271600
39832,2.04,201301271600
39883,2.99,201301271600
39930,1.44,201301271600
39932,0.57,201301271600
39941,1.52,201301271600
39948,2.24,201301271600
39969,1.41,201301271600
40018,2.67,201301271600
40031,1.26,201301271600
40133,2.99,201301271600
40180,0.7,201301271600
40188,1.54,201301271600
40196,0.9,201301271600
40242,1.87,201301271600
40246,1.22,201301271600
40259,2.31,201301271600
40264,1.64,201301271600
40267,2.52,201301271600
40268,0.78,201301271600
40270,2.31,201301271600
40276,0.85,201301271600
40286,0.52,201301271600
40295,1.05,201301271600
40431,2.51,201301271600
40432,0.59,201301271600
40442,2.08,201301271600
40447,0.88,201301271600
40448,2.83,201301271600
40451,0.5,201301271600
40457,1.24,201301271600
40500,2.72,201301271600
40512,2.44,201301271600
40518,2.79,201301271600
40519,1.87,201301271600
40522,2.91,201301271600
40524,1.06,201301271600
40525,2.09,201301271600
40532,0.95,201301271600
40560,2.2,201301271600
40566,2.76,201301271600
40633,1.13,201301271600
40687,2.52,201301271600
40713,1.89,201301271600
40719,2.22,201301271600
40732,0.95,201301271600
40733,1.87,201301271600
40766,2.34,201301271600
40810,2.95,201301271600
40894,1.68,201301271600
40933,0.71,201301271600
40936,2.93,201301271600
40939,2.03,201301271600
40954,1.0,201301271600
40982,0.86,201301271600
41021,1.64,201301271600
41024,1.29,201301271600
41061,1.06,201301271600
41145,2.61,201301271600
41157,2.26,201301271600
41183,2.98,201301271600
41200,1.54,201301271600
41262,2.79,201301271600
41265,2.29,201301271600
41270,2.36,201301271600
41277,2.11,201301271600
41318,1.43,201301271600
41401,1.28,201301271600
41407,1.33,201301271600
41437,1.28,201301271600
41459,2.16,201301271600
41465,1.53,201301271600
41469,2.26,201301271600
41508,2.74,201301271600
41520,2.81,201301271600
41522,2.44,201301271600
41526,2.76,201301271600
41532,1.23,201301271600
41558,1.97,201301271600
41635,2.83,201301271600
41653,0.52,201301271600
41658,1.87,201301271600
41692,2.5,201301271600
41696,2.69,201301271600
41764,2.96,201301271600
41772,0.55,201301271600
41893,1.46,201301271600
41904,2.3,201301271600
41905,1.04,201301271600
41936,1.06,201301271600
41941,1.57,201301271600
41958,2.6,201301271600
41990,1.39,201301271600
42023,1.0,201301271600
42026,1.35,201301271600
42029,2.24,201301271600
42074,0.98,201301271600
42085,2.08,201301271600
42095,1.15,201301271600
42147,2.1,201301271600
42160,1.24,201301271600
42200,1.41,201301271600
42213,1.05,201301271600
42267,2.8,201301271600
42271,2.24,201301271600
42274,0.88,201301271600
42283,2.02,201301271600
42291,1.1,201301271600
42342,0.85,201301271600
42411,0.8,201301271600
42438,1.66,201301271600
42454,0.61,201301271600
42471,1.51,201301271600
42478,0.9,201301271600
42487,0.98,201301271600
42503,2.95,201301271600
42514,0.79,201301271600
42521,1.85,201301271600
42533,1.59,201301271600
42644,1.54,201301271600
42661,0.89,201301271600
42695,1.55,201301271600
42744,1.41,201301271600
42750,1.45,201301271600
42846,0.73,201301271600
42905,1.07,201301271600
42912,0.97,201301271600
42939,2.46,201301271600
42940,1.9,201301271600
42944,2.55,201301271600
42949,2.84,201301271600
43011,2.51,201301271600
43021,2.98,201301271600
43030,2.72,201301271600
43151,1.51,201301271600
43160,1.03,201301271600
43162,2.77,201301271600
43213,1.06,201301271600
43220,0.74,201301271600
43261,0.9,201301271600
43412,1.64,201301271600
43413,1.9,201301271600
43440,1.99,201301271600
43443,2.82,201301271600
43449,2.5,201301271600
43483,1.53,201301271600
43484,1.74,201301271600
43494,0.92,201301271600
43518,2.85,201301271600
43523,2.76,201301271600
43526,1.52,201301271600
43530,2.87,201301271600
43571,1.07,201301271600
43642,0.91,201301271600
43662,2.25,201301271600
43738,0.75,201301271600
43760,2.5,201301271600
43779,2.21,201301271600
43914,1.59,201301271600
43957,2.8,201301271600
43980,2.18,201301271600
43984,2.03,201301271600
43992,1.72,201301271600
43995,1.37,201301271600
44002,2.85,201301271600
44039,2.07,201301271600
44194,1.02,201301271600
44197,1.51,201301271600
44204,1.9,201301271600
44215,1.78,201301271600
44226,1.59,201301271600
44247,1.85,201301271600
44255,1.68,201301271600
44282,1.92,201301271600
44284,1.55,201301271600
44356,2.36,201301271600
44470,2.2,201301271600
44486,0.68,201301271600
44503,1.68,201301271600
44504,1.27,201301271600
44510,2.84,201301271600
44517,2.78,201301271600
44534,0.69,201301271600
44578,2.91,201301271600
44666,1.64,201301271600
44694,1.33,201301271600
44697,0.87,201301271600
44716,1.53,201301271600
44724,1.2,201301271600
44743,2.39,201301271600
44755,1.25,201301271600
44756,1.03,201301271600
44757,2.45,201301271600
44758,1.9,201301271600
44786,1.18,201301271600
44787,0.53,201301271600
44911,2.11,201301271600
44963,2.94,201301271600
45005,2.35,201301271600
45006,1.9,201301271600
45007,1.43,201301271600
45008,1.32,201301271600
45039,1.27,201301271600
45114,1.89,201301271600
45168,2.1,201301271600
45200,2.75,201301271600
45203,2.94,201301271600
45208,1.17,201301271600
45237,2.85,201301271600
45254,0.5,201301271600
45256,2.87,201301271600
45258,0.79,201301271600
45261,0.75,201301271600
45265,1.15,201301271600
45266,0.59,201301271600
45401,1.34,201301271600
45479,0.93,201301271600
45502,1.19,201301271600
45507,2.03,201301271600
45509,1.18,201301271600
45526,0.61,201301271600
45538,2.37,201301271600
45582,2.23,201301271600
45661,1.45,201301271600
45701,0.89,201301271600
45703,0.65,201301271600
45716,1.32,201301271600
45720,2.8,201301271600
45725,2.54,201301271600
45735,2.91,201301271600
45747,1.44,201301271600
45766,1.36,201301271600
45793,1.44,201301271600
45795,2.7,201301271600
45919,0.81,201301271600
45948,2.12,201301271600
46008,1.38,201301271600
46036,1.63,201301271600
46041,1.05,201301271600
46052,2.71,201301271600
46074,2.63,201301271600
46145,2.46,201301271600
46202,1.77,201301271600
46209,2.74,201301271600
46242,2.77,201301271600
46265,2.38,201301271600
46372,1.97,201301271600
46384,0.76,201301271600
46455,1.17,201301271600
46508,2.95,201301271600
46523,1.01,201301271600
46538,2.96,201301271600
46565,1.51,201301271600
46574,1.76,201301271600
46626,2.71,201301271600
46700,1.93,201301271600
46738,2.85,201301271600
46770,0.65,201301271600
46778,1.0,201301271600
46787,1.56,201301271600
46803,1.41,201301271600
46954,2.2,201301271600
46964,1.17,201301271600
46972,0.81,201301271600
46976,0.66,201301271600
46981,0.65,201301271600
47011,1.63,201301271600
47015,0.52,201301271600
47047,2.4,201301271600
47253,2.47,201301271600
47288,1.58,201301271600
47295,2.31,201301271600
47342,1.81,201301271600
47454,2.32,201301271600
47535,1.27,201301271600
47543,2.91,201301271600
47705,2.13,201301271600
47709,2.32,201301271600
47711,1.83,201301271600
47758,2.59,201301271600
47806,0.62,201301271600
47889,2.38,201301271600
47926,2.13,201301271600
47968,2.16,201301271600
47972,2.3,201301271600
47977,2.62,201301271600
47982,2.58,201301271600
48032,1.86,201301271600
48209,0.65,201301271600
48239,1.9,201301271600
48244,1.98,201301271600
48278,0.94,201301271600
48420,2.06,201301271600
48427,0.53,201301271600
48499,1.79,201301271600
48503,1.09,201301271600
48552,1.08,201301271600
48584,2.18,201301271600
48713,0.54,201301271600
48759,1.96,201301271600
48848,1.08,201301271600
48898,2.8,201301271600
49017,2.18,201301271600
49049,1.32,201301271600
49229,0.99,201301271600
49241,0.81,201301271600
49472,2.91,201301271600
49483,1.43,201301271600
49542,2.17,201301271600
49555,2.17,201301271600
49679,1.43,201301271600
49750,2.2,201301271600
49760,1.38,201301271600
49777,1.61,201301271600
49968,1.04,201301271600
50053,1.57,201301271600
50103,2.76,201301271600
50180,2.09,201301271600
50285,1.67,201301271600
50430,2.27,201301271600
50470,2.36,201301271600
50494,1.38,201301271600
50511,1.93,201301271600
50549,1.39,201301271600
50680,1.64,201301271600
50682,2.42,201301271600
50731,2.27,201301271600
50812,2.45,201301271600
50872,1.4,201301271600
51029,1.42,201301271600
51046,1.12,201301271600
51053,0.6,201301271600
51056,2.72,201301271600
51162,0.84,201301271600
51177,0.88,201301271600
51182,0.92,201301271600
51228,2.26,201301271600
51258,1.03,201301271600
51430,2.63,201301271600
51431,2.02,201301271600
51432,1.91,201301271600
51520,1.89,201301271600
51681,1.53,201301271600
51682,1.63,201301271600
51725,2.15,201301271600
51790,1.48,201301271600
51832,2.72,201301271600
51857,2.94,201301271600
51931,1.68,201301271600
51932,1.8,201301271600
51986,0.52,201301271600
52003,0.61,201301271600
52182,1.25,201301271600
52244,1.95,201301271600
52259,1.89,201301271600
52280,1.49,201301271600
52319,0.92,201301271600
52473,1.82,201301271600
52518,1.4,201301271600
52631,1.91,201301271600
52679,0.69,201301271600
52729,1.01,201301271600
52811,2.56,201301271600
52983,1.6,201301271600
52988,1.66,201301271600
52993,1.72,201301271600
53000,0.84,201301271600
53016,2.64,201301271600
53027,1.43,201301271600
53072,1.46,201301271600
53090,0.71,201301271600
53177,1.53,201301271600
53178,2.21,201301271600
53381,1.4,201301271600
53427,0.61,201301271600
53429,2.7,201301271600
53761,2.43,201301271600
53774,1.43,201301271600
53797,2.13,201301271600
53810,0.85,201301271600
53822,2.66,201301271600
53864,1.81,201301271600
53927,2.23,201301271600
54038,1.95,201301271600
54071,1.48,201301271600
54234,1.7,201301271600
54281,0.76,201301271600
54284,1.07,201301271600
54327,1.09,201301271600
54334,0.71,201301271600
54349,1.6,201301271600
54427,1.36,201301271600
54503,2.69,201301271600
54510,2.34,201301271600
54520,0.97,201301271600
54550,1.57,201301271600
54578,1.68,201301271600
54678,1.18,201301271600
54828,2.98,201301271600
54983,0.58,201301271600
54996,0.62,201301271600
55070,0.77,201301271600
55329,2.41,201301271600
55331,1.72,201301271600
55535,0.66,201301271600
55633,2.82,201301271600
55680,1.96,201301271600
55761,1.31,201301271600
55831,0.65,201301271600
55832,2.47,201301271600
55838,0.67,201301271600
55845,2.28,201301271600
56106,2.39,201301271600
56493,2.97,201301271600
56571,1.74,201301271600
56586,1.22,201301271600
56587,0.62,201301271600
56591,1.39,201301271600
56738,2.14,201301271600
56835,1.93,201301271600
56882,2.38,201301271600
56887,2.66,201301271600
56888,1.49,201301271600
56933,1.2,201301271600
56934,1.43,201301271600
57042,1.97,201301271600
57062,2.82,201301271600
57189,2.1,201301271600
57261,2.92,201301271600
57329,0.76,201301271600
57342,1.05,201301271600
57376,1.83,201301271600
57378,1.25,201301271600
57380,2.34,201301271600
57397,2.89,201301271600
57440,1.26,201301271600
57495,0.77,201301271600
57523,2.95,201301271600
57555,1.03,201301271600
57597,2.53,201301271600
57613,2.02,201301271600
57615,1.5,201301271600
57628,1.63,201301271600
57631,1.4,201301271600
57823,1.98,201301271600
57837,0.83,201301271600
57851,0.97,201301271600
57852,1.72,201301271600
57906,2.05,201301271600
58179,1.36,201301271600
58251,2.85,201301271600
58421,1.81,201301271600
58511,2.62,201301271600
58632,1.02,201301271600
58744,0.61,201301271600
58802,2.35,201301271600
58814,1.71,201301271600
58879,2.42,201301271600
58892,1.12,201301271600
59010,1.1,201301271600
59043,1.17,201301271600
59104,2.44,201301271600
59125,0.86,201301271600
59134,1.92,201301271600
59285,1.21,201301271600
59329,2.01,201301271600
59555,2.76,201301271600
59635,2.48,201301271600
59745,0.73,201301271600
59927,2.72,201301271600
59941,1.48,201301271600
60008,0.71,201301271600
60011,2.19,201301271600
60114,0.87,201301271600
60141,2.97,201301271600
60147,1.45,201301271600
60331,2.92,201301271600
60344,1.01,201301271600
60350,1.2,201301271600
60578,2.5,201301271600
60593,1.34,201301271600
60613,0.82,201301271600
60630,0.92,201301271600
60635,0.61,201301271600
60649,1.47,201301271600
60750,2.49,201301271600
60774,1.16,201301271600
60819,2.86,201301271600
60880,2.62,201301271600
60888,2.24,201301271600
61062,2.48,201301271600
61110,2.22,201301271600
61263,0.58,201301271600
61343,1.56,201301271600
61591,1.93,201301271600
61597,1.85,201301271600
61654,0.92,201301271600
61818,1.33,201301271600
62077,1.81,201301271600
62104,2.43,201301271600
62135,1.9,201301271600
62140,1.99,201301271600
62252,1.21,201301271600
62558,0.85,201301271600
62589,2.21,201301271600
62757,1.44,201301271600
62772,1.93,201301271600
62850,2.59,201301271600
62926,0.58,201301271600
62948,2.14,201301271600
63044,1.03,201301271600
63153,2.02,201301271600
63383,1.75,201301271600
63397,1.55,201301271600
63398,2.32,201301271600
63407,2.48,201301271600
63574,1.09,201301271600
63586,1.48,201301271600
63816,2.08,201301271600
64102,2.68,201301271600
64150,1.02,201301271600
64200,0.93,201301271600
64515,2.38,201301271600
64529,1.4,201301271600
64573,2.69,201301271600
64581,2.8,201301271600
64815,2.09,201301271600
64915,1.48,201301271600
65059,2.12,201301271600
65144,1.31,201301271600
65320,1.32,201301271600
65375,1.38,201301271600
65454,0.52,201301271600
65528,0.63,201301271600
65607,0.65,201301271600
65774,1.53,201301271600
65838,2.18,201301271600
66068,0.9,201301271600
66084,1.43,201301271600
66151,2.03,201301271600
66353,2.94,201301271600
66538,1.53,201301271600
66575,2.88,201301271600
66637,2.62,201301271600
66827,2.73,201301271600
66870,1.69,201301271600
67110,1.13,201301271600
67207,2.82,201301271600
67335,1.57,201301271600
67385,1.01,201301271600
67599,1.11,201301271600
67601,1.41,201301271600
67602,2.89,201301271600
67698,1.42,201301271600
67824,2.24,201301271600
67842,0.77,201301271600
67854,2.34,201301271600
67855,0.9,201301271600
67918,2.53,201301271600
68103,0.72,201301271600
68104,1.7,201301271600
68110,2.79,201301271600
68111,1.41,201301271600
68349,1.2,201301271600
68354,2.25,201301271600
68356,1.52,201301271600
68454,2.25,201301271600
68455,1.13,201301271600
68587,1.37,201301271600
68857,1.19,201301271600
68858,0.67,201301271600
68897,2.87,201301271600
68924,2.02,201301271600
68930,1.27,201301271600
69106,1.04,201301271600
69190,2.93,201301271600
69206,1.29,201301271600
69359,1.59,201301271600
69371,0.93,201301271600
69455,1.89,201301271600
69582,1.37,201301271600
69613,1.89,201301271600
69676,2.43,201301271600
70115,2.28,201301271600
70132,1.01,201301271600
70181,2.6,201301271600
70342,2.33,201301271600
70352,1.76,201301271600
70360,1.18,201301271600
70374,0.99,201301271600
70440,1.21,201301271600
70462,1.03,201301271600
70619,2.78,201301271600
70659,1.3,201301271600
70715,1.42,201301271600
70903,1.47,201301271600
70934,2.79,201301271600
70961,1.14,201301271600
71122,2.65,201301271600
71187,2.25,201301271600
71399,2.99,201301271600
71601,0.93,201301271600
71629,1.73,201301271600
71888,0.82,201301271600
71961,2.08,201301271600
71964,0.98,201301271600
72201,2.56,201301271600
72218,1.14,201301271600
72345,0.96,201301271600
72367,2.8,201301271600
72407,0.53,201301271600
72416,2.93,201301271600
72706,2.4,201301271600
72894,2.77,201301271600
73104,2.12,201301271600
73135,0.93,201301271600
73211,2.59,201301271600
73223,2.01,201301271600
73451,0.56,201301271600
73460,0.51,201301271600
73461,1.32,201301271600
73557,1.54,201301271600
73669,1.79,201301271600
74158,0.99,201301271600
74216,1.68,201301271600
74388,1.74,201301271600
74396,0.99,201301271600
74466,0.87,201301271600
74467,2.47,201301271600
74638,2.65,201301271600
74677,1.93,201301271600
74678,1.05,201301271600
74711,1.41,201301271600
74721,0.51,201301271600
74962,0.74,201301271600
74968,1.49,201301271600
74973,2.32,201301271600
75224,1.37,201301271600
75329,1.66,201301271600
75386,1.48,201301271600
75424,1.88,201301271600
75436,1.58,201301271600
75475,0.92,201301271600
75619,2.71,201301271600
75721,2.53,201301271600
75722,0.72,201301271600
75724,2.52,201301271600
75725,1.9,201301271600
75726,1.55,201301271600
75727,1.12,201301271600
75974,1.1,201301271600
75975,1.86,201301271600
76133,0.55,201301271600
76227,2.46,201301271600
76393,2.37,201301271600
76473,1.13,201301271600
76477,1.02,201301271600
76654,1.48,201301271600
76728,1.68,201301271600
76959,2.64,201301271600
77169,1.89,201301271600
77230,2.5,201301271600
77381,2.25,201301271600
77458,2.61,201301271600
77641,2.38,201301271600
77942,0.66,201301271600
77981,1.12,201301271600
78205,1.28,201301271600
78418,2.78,201301271600
78654,1.61,201301271600
78733,1.92,201301271600
78881,1.29,201301271600
78896,2.04,201301271600
78909,0.58,201301271600
78983,1.68,201301271600
79234,1.97,201301271600
79379,0.5,201301271600
79394,1.76,201301271600
79484,2.26,201301271600
79712,2.6,201301271600
79911,1.74,201301271600
79915,2.35,201301271600
80160,0.62,201301271600
80161,0.77,201301271600
80193,1.57,201301271600
80352,0.7,201301271600
80397,0.55,201301271600
80406,2.38,201301271600
80411,1.13,201301271600
80412,1.95,201301271600
80413,2.96,201301271600
80420,0.98,201301271600
80485,2.53,201301271600
80635,2.44,201301271600
80659,2.41,201301271600
80663,0.9,201301271600
80664,2.28,201301271600
80703,0.75,201301271600
80877,1.14,201301271600
80916,2.42,201301271600
81163,2.54,201301271600
81164,1.34,201301271600
81354,1.6,201301271600
81363,1.44,201301271600
81390,1.91,201301271600
81625,1.03,201301271600
81651,0.73,201301271600
81899,0.7,201301271600
82135,0.94,201301271600
82168,2.63,201301271600
82169,0.52,201301271600
82237,0.79,201301271600
82613,2.27,201301271600
82622,1.05,201301271600
82664,2.17,201301271600
82892,2.17,201301271600
82951,2.95,201301271600
83410,1.95,201301271600
83489,1.32,201301271600
83735,1.11,201301271600
83865,2.15,201301271600
84123,1.35,201301271600
84179,2.89,201301271600
84207,0.82,201301271600
84212,1.55,201301271600
84221,0.76,201301271600
84366,1.9,201301271600
84689,1.49,201301271600
84712,1.54,201301271600
84902,1.38,201301271600
85474,1.62,201301271600
85487,1.74,201301271600
85620,2.67,201301271600
85705,2.46,201301271600
85715,1.34,201301271600
85738,1.44,201301271600
86440,2.77,201301271600
86622,1.5,201301271600
86623,2.5,201301271600
86672,1.12,201301271600
86873,0.78,201301271600
86895,1.16,201301271600
87121,1.61,201301271600
87227,2.73,201301271600
87460,1.29,201301271600
87690,1.95,201301271600
87873,2.58,201301271600
88242,1.65,201301271600
88463,2.35,201301271600
89120,1.8,201301271600
89152,1.48,201301271600
89175,1.77,201301271600
89198,0.86,201301271600
89615,0.79,201301271600
89625,1.06,201301271600
90116,1.9,201301271600
90183,2.63,201301271600
90497,1.74,201301271600
90699,0.95,201301271600
90719,1.92,201301271600
91200,1.57,201301271600
91432,2.78,201301271600
91434,2.85,201301271600
91684,1.58,201301271600
91713,1.44,201301271600
91744,2.43,201301271600
92233,1.61,201301271600
93205,2.78,201301271600
93244,2.46,201301271600
93252,1.16,201301271600
93463,2.87,201301271600
93675,0.87,201301271600
93944,0.63,201301271600
94431,1.82,201301271600
94710,0.64,201301271600
94755,2.39,201301271600
94997,1.99,201301271600
95000,2.54,201301271600
95707,0.63,201301271600
95949,1.18,201301271600
95998,1.23,201301271600
96188,2.69,201301271600
96225,0.89,201301271600
96249,1.23,201301271600
96468,2.14,201301271600
96486,2.68,201301271600
96718,0.9,201301271600
96972,0.82,201301271600
96995,2.34,201301271600
97251,2.47,201301271600
97440,1.71,201301271600
97471,2.12,201301271600
97969,2.46,201301271600
97990,1.74,201301271600
98224,1.77,201301271600
98229,2.44,201301271600
98450,0.9,201301271600
98475,1.97,201301271600
98739,1.82,201301271600
99256,1.79,201301271600
99468,2.4,201301271600
99730,0.9,201301271600
101215,2.67,201301271600
101911,1.96,201301271600
101912,2.66,201301271600
101989,2.46,201301271600
102999,1.26,201301271600
103242,2.63,201301271600
103431,0.6,201301271600
104177,1.32,201301271600
104221,0.79,201301271600
104239,1.81,201301271600
104701,1.41,201301271600
104984,2.19,201301271600
105196,0.7,201301271600
105219,1.07,201301271600
105460,0.67,201301271600
105461,2.34,201301271600
105481,0.51,201301271600
105489,1.16,201301271600
105709,1.19,201301271600
105710,0.85,201301271600
105711,1.32,201301271600
105712,0.97,201301271600
105713,2.55,201301271600
105715,1.18,201301271600
105726,0.98,201301271600
105727,1.95,201301271600
105736,2.22,201301271600
105960,0.84,201301271600
105961,2.48,201301271600
105962,2.16,201301271600
105963,2.62,201301271600
105964,2.12,201301271600
105975,0.7,201301271600
106195,2.72,201301271600
106213,1.3,201301271600
106214,0.68,201301271600
106215,1.89,201301271600
106221,0.66,201301271600
106231,2.7,201301271600
106232,1.55,201301271600
106234,2.1,201301271600
106235,1.29,201301271600
106237,2.65,201301271600
106446,0.63,201301271600
106447,1.42,201301271600
106462,1.38,201301271600
106463,1.03,201301271600
106465,2.76,201301271600
106466,2.25,201301271600
106467,1.45,201301271600
106480,2.56,201301271600
106712,2.49,201301271600
106717,0.56,201301271600
106718,1.69,201301271600
106741,0.57,201301271600
106958,1.89,201301271600
106964,1.94,201301271600
106965,1.76,201301271600
106966,1.54,201301271600
106967,1.49,201301271600
106971,2.72,201301271600
106983,0.91,201301271600
106997,2.24,201301271600
107200,0.65,201301271600
107212,2.46,201301271600
107219,0.92,201301271600
107240,0.78,201301271600
107460,2.08,201301271600
107465,1.01,201301271600
107466,2.42,201301271600
107468,1.44,201301271600
107491,2.1,201301271600
107711,1.52,201301271600
107725,2.22,201301271600
107726,1.25,201301271600
107954,1.34,201301271600
107966,2.89,201301271600
107971,0.63,201301271600
107979,1.68,201301271600
107993,1.82,201301271600
108205,2.74,201301271600
108211,0.84,201301271600
108214,1.33,201301271600
108215,0.74,201301271600
108217,1.27,201301271600
108219,1.09,201301271600
108220,0.62,201301271600
108222,2.94,201301271600
108225,0.7,201301271600
108230,2.24,201301271600
108454,2.55,201301271600
108463,2.46,201301271600
108499,2.66,201301271600
108717,1.62,201301271600
108722,0.62,201301271600
108724,1.08,201301271600
108733,1.33,201301271600
108968,1.01,201301271600
108975,0.94,201301271600
108984,0.74,201301271600
108985,1.36,201301271600
109216,0.72,201301271600
109219,2.77,201301271600
109222,2.97,201301271600
109227,0.98,201301271600
109231,2.82,201301271600
109236,2.36,201301271600
109245,0.86,201301271600
109473,1.09,201301271600
109487,2.62,201301271600
109494,1.35,201301271600
109495,1.49,201301271600
109496,0.59,201301271600
109497,0.93,201301271600
109742,2.43,201301271600
109744,1.04,201301271600
109748,0.66,201301271600
109750,2.1,201301271600
109980,1.35,201301271600
109991,0.53,201301271600
109994,1.4,201301271600
109998,1.3,201301271600
110001,0.53,201301271600
110243,1.66,201301271600
110247,1.92,201301271600
110249,1.56,201301271600
110251,0.68,201301271600
110253,2.38,201301271600
110254,2.21,201301271600
