cell,mobility,dtg
1610,2.33,201301121600
1846,2.39,201301121600
1851,0.69,201301121600
1853,1.2,201301121600
1856,1.85,201301121600
1857,2.14,201301121600
2103,0.87,201301121600
2105,2.06,201301121600
2106,2.16,201301121600
2107,1.63,201301121600
2114,0.79,201301121600
2342,1.29,201301121600
2347,2.07,201301121600
2351,0.98,201301121600
2354,1.05,201301121600
2357,1.01,201301121600
2372,2.48,201301121600
2374,2.51,201301121600
2591,0.62,201301121600
2595,2.15,201301121600
2605,1.89,201301121600
2611,1.03,201301121600
2615,1.74,201301121600
2620,2.19,201301121600
2627,2.69,201301121600
2839,1.77,201301121600
2847,2.7,201301121600
3086,1.21,201301121600
3094,2.49,201301121600
3100,2.64,201301121600
3124,2.68,201301121600
3128,0.98,201301121600
3334,0.58,201301121600
3337,0.67,201301121600
3375,1.86,201301121600
3614,1.1,201301121600
3619,1.14,201301121600
3632,0.64,201301121600
3635,1.12,201301121600
3830,2.39,201301121600
3831,2.25,201301121600
3833,1.57,201301121600
3837,1.27,201301121600
3845,1.58,201301121600
3856,1.68,201301121600
3860,2.98,201301121600
3865,0.56,201301121600
4078,1.72,201301121600
4081,1.5,201301121600
4137,1.07,201301121600
4141,1.76,201301121600
4142,2.54,201301121600
4328,1.31,201301121600
4329,2.69,201301121600
4341,0.85,201301121600
4345,0.78,201301121600
4348,2.77,201301121600
4354,2.65,201301121600
4372,0.71,201301121600
4577,1.63,201301121600
4578,2.86,201301121600
4580,0.63,201301121600
4582,2.73,201301121600
4605,1.36,201301121600
4608,1.12,201301121600
4631,2.88,201301121600
4636,0.52,201301121600
4637,1.0,201301121600
4829,1.94,201301121600
4830,2.88,201301121600
4831,2.05,201301121600
4834,0.97,201301121600
4837,1.61,201301121600
4852,1.6,201301121600
4863,0.74,201301121600
4868,0.56,201301121600
4890,2.19,201301121600
4891,0.63,201301121600
5078,1.28,201301121600
5081,1.81,201301121600
5084,1.26,201301121600
5127,1.58,201301121600
5153,1.14,201301121600
5327,2.11,201301121600
5329,2.28,201301121600
5333,1.13,201301121600
5334,1.68,201301121600
5339,1.63,201301121600
5369,2.47,201301121600
5402,2.68,201301121600
5410,0.86,201301121600
5577,1.18,201301121600
5581,2.18,201301121600
5592,2.19,201301121600
5612,1.98,201301121600
5623,1.09,201301121600
5876,1.92,201301121600
5893,2.77,201301121600
5898,2.15,201301121600
6078,2.33,201301121600
6118,0.77,201301121600
6136,0.66,201301121600
6158,2.24,201301121600
6159,2.87,201301121600
6333,2.81,201301121600
6353,1.88,201301121600
6365,1.51,201301121600
6366,2.81,201301121600
6414,2.98,201301121600
6588,1.24,201301121600
6609,2.26,201301121600
6635,1.7,201301121600
6668,2.37,201301121600
6841,0.66,201301121600
6849,2.85,201301121600
6896,2.94,201301121600
6924,2.29,201301121600
6928,2.79,201301121600
6935,2.65,201301121600
6939,1.75,201301121600
7077,1.68,201301121600
7078,1.51,201301121600
7085,1.49,201301121600
7088,2.47,201301121600
7113,1.86,201301121600
7114,0.98,201301121600
7129,1.07,201301121600
7133,0.54,201301121600
7165,1.57,201301121600
7192,0.8,201301121600
7354,1.96,201301121600
7375,0.87,201301121600
7379,0.78,201301121600
7401,2.13,201301121600
7410,2.41,201301121600
7436,1.25,201301121600
7584,2.33,201301121600
7646,1.43,201301121600
7849,0.68,201301121600
7871,2.81,201301121600
7927,2.58,201301121600
7948,2.4,201301121600
8080,1.26,201301121600
8170,0.85,201301121600
8182,0.7,201301121600
8195,2.26,201301121600
8342,2.15,201301121600
8582,1.75,201301121600
8602,0.77,201301121600
8609,2.46,201301121600
8638,2.13,201301121600
8656,0.64,201301121600
8830,2.64,201301121600
8839,0.62,201301121600
8876,2.46,201301121600
8897,2.74,201301121600
8912,2.74,201301121600
8918,1.48,201301121600
8929,2.64,201301121600
8940,2.82,201301121600
8954,2.56,201301121600
9140,1.59,201301121600
9333,0.75,201301121600
9468,1.26,201301121600
9473,1.22,201301121600
9589,1.21,201301121600
9601,2.27,201301121600
9607,0.93,201301121600
9658,2.69,201301121600
9724,2.54,201301121600
9833,1.91,201301121600
10084,1.95,201301121600
10089,2.82,201301121600
10096,0.97,201301121600
10144,1.58,201301121600
10170,1.83,201301121600
10181,1.41,201301121600
10189,1.72,201301121600
10201,1.03,201301121600
10334,1.79,201301121600
10335,0.97,201301121600
10383,0.83,201301121600
10414,1.97,201301121600
10444,2.1,201301121600
10458,1.08,201301121600
10477,1.97,201301121600
10586,2.67,201301121600
10601,2.67,201301121600
10609,2.41,201301121600
10616,1.05,201301121600
10633,1.48,201301121600
10655,0.6,201301121600
10665,0.93,201301121600
10681,0.67,201301121600
10717,2.02,201301121600
10835,1.59,201301121600
10837,2.98,201301121600
10847,2.25,201301121600
10903,0.87,201301121600
10911,1.7,201301121600
10918,1.48,201301121600
10973,1.55,201301121600
11087,2.99,201301121600
11092,2.61,201301121600
11128,1.92,201301121600
11222,1.52,201301121600
11223,1.59,201301121600
11225,1.8,201301121600
11238,2.06,201301121600
11361,1.26,201301121600
11393,2.69,201301121600
11424,1.42,201301121600
11601,0.62,201301121600
11682,1.95,201301121600
11704,2.94,201301121600
11858,2.89,201301121600
11884,1.84,201301121600
11901,1.74,201301121600
11946,2.4,201301121600
11960,2.33,201301121600
11972,1.62,201301121600
12089,2.89,201301121600
12090,2.57,201301121600
12096,1.68,201301121600
12120,2.64,201301121600
12157,0.66,201301121600
12230,1.92,201301121600
12383,0.93,201301121600
12431,2.77,201301121600
12601,1.39,201301121600
12625,1.89,201301121600
12632,1.01,201301121600
12842,2.72,201301121600
12875,2.21,201301121600
12901,2.69,201301121600
12913,2.18,201301121600
12933,1.27,201301121600
12934,2.83,201301121600
12985,1.55,201301121600
13099,0.63,201301121600
13114,2.81,201301121600
13150,2.94,201301121600
13175,1.99,201301121600
13183,2.44,201301121600
13222,2.44,201301121600
13358,0.84,201301121600
13444,2.28,201301121600
13455,1.47,201301121600
13456,2.84,201301121600
13670,1.0,201301121600
13694,2.62,201301121600
13845,1.38,201301121600
13849,1.9,201301121600
14011,2.28,201301121600
14095,1.76,201301121600
14133,0.72,201301121600
14161,2.21,201301121600
14167,1.91,201301121600
14184,1.86,201301121600
14241,1.57,201301121600
14255,2.87,201301121600
14349,1.92,201301121600
14350,0.78,201301121600
14375,2.16,201301121600
14452,1.81,201301121600
14475,1.67,201301121600
14620,1.51,201301121600
14673,1.12,201301121600
14745,2.15,201301121600
14859,2.67,201301121600
14936,0.57,201301121600
14995,0.66,201301121600
15097,0.74,201301121600
15098,1.97,201301121600
15246,2.05,201301121600
15349,2.71,201301121600
15440,1.32,201301121600
15600,2.55,201301121600
15656,1.84,201301121600
15672,2.95,201301121600
15699,2.88,201301121600
15714,1.84,201301121600
15725,1.26,201301121600
15744,0.88,201301121600
15849,2.47,201301121600
15850,0.86,201301121600
15851,1.57,201301121600
15853,2.99,201301121600
15871,1.01,201301121600
16100,1.06,201301121600
16105,1.47,201301121600
16114,2.23,201301121600
16171,0.69,201301121600
16184,2.96,201301121600
16400,1.15,201301121600
16414,1.83,201301121600
16601,1.43,201301121600
16604,0.94,201301121600
16625,2.68,201301121600
16670,2.18,201301121600
16853,2.2,201301121600
16868,2.38,201301121600
16932,1.37,201301121600
17232,1.63,201301121600
17355,2.64,201301121600
17358,0.61,201301121600
17367,2.89,201301121600
17635,0.97,201301121600
17673,1.48,201301121600
17681,2.63,201301121600
17884,2.01,201301121600
17984,0.84,201301121600
18108,3.0,201301121600
18115,2.62,201301121600
18118,2.75,201301121600
18123,1.84,201301121600
18139,0.88,201301121600
18154,1.54,201301121600
18160,2.29,201301121600
18177,2.79,201301121600
18185,1.78,201301121600
18383,0.94,201301121600
18404,2.01,201301121600
18427,1.53,201301121600
18466,0.64,201301121600
18616,0.52,201301121600
18629,0.87,201301121600
18861,1.81,201301121600
18866,0.57,201301121600
18925,1.35,201301121600
19110,1.99,201301121600
19112,2.48,201301121600
19114,2.09,201301121600
19122,2.1,201301121600
19360,1.77,201301121600
19443,2.74,201301121600
19481,0.65,201301121600
19611,1.57,201301121600
19612,2.38,201301121600
19618,0.86,201301121600
19633,1.8,201301121600
19678,1.06,201301121600
19878,1.44,201301121600
19913,0.9,201301121600
20113,0.78,201301121600
20114,1.96,201301121600
20116,2.32,201301121600
20170,2.66,201301121600
20363,0.89,201301121600
20387,1.24,201301121600
20396,0.6,201301121600
20436,1.57,201301121600
20616,1.08,201301121600
20621,2.02,201301121600
20628,2.68,201301121600
20651,1.91,201301121600
20671,1.69,201301121600
20682,1.14,201301121600
20864,2.98,201301121600
20882,1.54,201301121600
20931,2.96,201301121600
20995,0.52,201301121600
21115,2.42,201301121600
21118,1.17,201301121600
21201,2.26,201301121600
21373,2.9,201301121600
21377,0.65,201301121600
21392,1.92,201301121600
21407,2.32,201301121600
21428,1.73,201301121600
21448,2.35,201301121600
21617,2.76,201301121600
21619,0.67,201301121600
21639,0.94,201301121600
21658,2.02,201301121600
21663,1.19,201301121600
21701,2.69,201301121600
21721,2.62,201301121600
21868,1.54,201301121600
21871,1.37,201301121600
21999,1.1,201301121600
22126,1.46,201301121600
22133,0.55,201301121600
22174,2.33,201301121600
22176,2.69,201301121600
22205,0.99,201301121600
22368,2.03,201301121600
22395,1.34,201301121600
22419,2.73,201301121600
22420,0.72,201301121600
22421,2.37,201301121600
22422,1.43,201301121600
22619,1.8,201301121600
22630,1.36,201301121600
22634,0.97,201301121600
22671,1.83,201301121600
22673,0.76,201301121600
22700,0.66,201301121600
22751,1.04,201301121600
22768,1.56,201301121600
22869,1.81,201301121600
22877,1.69,201301121600
22928,2.82,201301121600
22940,2.99,201301121600
22955,2.81,201301121600
22963,2.13,201301121600
22966,1.63,201301121600
23120,2.73,201301121600
23124,2.56,201301121600
23125,1.02,201301121600
23131,0.75,201301121600
23138,2.64,201301121600
23169,2.09,201301121600
23194,0.93,201301121600
23216,1.88,201301121600
23370,0.91,201301121600
23371,2.26,201301121600
23379,2.61,201301121600
23386,1.04,201301121600
23388,2.33,201301121600
23427,2.85,201301121600
23621,1.12,201301121600
23627,0.56,201301121600
23635,2.95,201301121600
23641,1.32,201301121600
23662,0.6,201301121600
23669,1.94,201301121600
23690,0.6,201301121600
23744,1.56,201301121600
23750,0.51,201301121600
23872,0.55,201301121600
23873,2.49,201301121600
23875,1.05,201301121600
23881,1.47,201301121600
23894,1.43,201301121600
23896,1.53,201301121600
23907,2.31,201301121600
23925,2.3,201301121600
23973,1.99,201301121600
24005,2.38,201301121600
24009,2.14,201301121600
24032,2.63,201301121600
24122,2.22,201301121600
24123,2.43,201301121600
24149,0.97,201301121600
24247,2.36,201301121600
24251,1.17,201301121600
24265,1.04,201301121600
24266,1.01,201301121600
24373,1.84,201301121600
24374,1.02,201301121600
24380,1.94,201301121600
24381,0.84,201301121600
24383,2.03,201301121600
24387,1.48,201301121600
24402,2.36,201301121600
24405,2.57,201301121600
24423,0.5,201301121600
24623,1.29,201301121600
24626,1.73,201301121600
24643,1.7,201301121600
24732,0.84,201301121600
24734,2.64,201301121600
24739,1.73,201301121600
24774,2.72,201301121600
24775,0.54,201301121600
24781,1.51,201301121600
24837,2.77,201301121600
24874,0.62,201301121600
24877,2.28,201301121600
24879,1.18,201301121600
24880,1.3,201301121600
24895,1.22,201301121600
24920,2.69,201301121600
24990,1.34,201301121600
24991,1.07,201301121600
24993,1.79,201301121600
25124,2.95,201301121600
25125,1.98,201301121600
25126,2.99,201301121600
25129,2.06,201301121600
25130,2.83,201301121600
25132,1.07,201301121600
25136,2.23,201301121600
25138,0.58,201301121600
25141,1.9,201301121600
25179,1.53,201301121600
25187,0.62,201301121600
25375,2.47,201301121600
25376,1.09,201301121600
25377,1.5,201301121600
25379,1.03,201301121600
25385,2.31,201301121600
25395,2.6,201301121600
25400,0.64,201301121600
25405,2.13,201301121600
25412,2.68,201301121600
25427,1.71,201301121600
25626,1.83,201301121600
25627,2.87,201301121600
25628,1.0,201301121600
25629,1.92,201301121600
25632,1.45,201301121600
25633,1.19,201301121600
25642,0.82,201301121600
25715,0.79,201301121600
25747,1.43,201301121600
25763,2.41,201301121600
25876,0.51,201301121600
25877,1.37,201301121600
25878,0.77,201301121600
25881,2.09,201301121600
25882,1.42,201301121600
25886,2.5,201301121600
25888,0.93,201301121600
25926,0.65,201301121600
25997,1.1,201301121600
26005,1.65,201301121600
26035,2.9,201301121600
26127,1.51,201301121600
26129,0.85,201301121600
26130,1.44,201301121600
26133,1.03,201301121600
26135,2.45,201301121600
26136,2.62,201301121600
26138,1.85,201301121600
26139,1.81,201301121600
26141,0.67,201301121600
26148,1.44,201301121600
26168,0.51,201301121600
26378,1.47,201301121600
26379,2.75,201301121600
26380,2.05,201301121600
26381,2.81,201301121600
26382,2.83,201301121600
26383,1.66,201301121600
26385,2.63,201301121600
26386,2.07,201301121600
26387,2.18,201301121600
26389,1.61,201301121600
26391,1.42,201301121600
26392,2.74,201301121600
26393,1.34,201301121600
26396,1.93,201301121600
26403,1.61,201301121600
26408,0.9,201301121600
26427,1.28,201301121600
26450,1.65,201301121600
26492,1.31,201301121600
26546,0.73,201301121600
26563,0.93,201301121600
26564,2.82,201301121600
26628,2.91,201301121600
26629,2.43,201301121600
26630,2.73,201301121600
26631,1.13,201301121600
26633,0.79,201301121600
26634,2.24,201301121600
26656,1.9,201301121600
26674,1.81,201301121600
26708,1.57,201301121600
26752,0.74,201301121600
26754,2.9,201301121600
26755,1.7,201301121600
26782,0.78,201301121600
26846,1.56,201301121600
26879,0.56,201301121600
26880,2.9,201301121600
26881,1.09,201301121600
26882,0.82,201301121600
26883,2.64,201301121600
26884,2.94,201301121600
26885,1.16,201301121600
26886,2.29,201301121600
26887,2.63,201301121600
26889,0.53,201301121600
26890,2.25,201301121600
26891,1.25,201301121600
26892,1.66,201301121600
26893,0.53,201301121600
26894,1.63,201301121600
26895,0.59,201301121600
26897,0.83,201301121600
26905,2.67,201301121600
26938,0.84,201301121600
26964,1.58,201301121600
27006,2.3,201301121600
27042,2.93,201301121600
27098,1.18,201301121600
27130,1.14,201301121600
27131,1.95,201301121600
27132,1.15,201301121600
27133,1.07,201301121600
27134,2.24,201301121600
27135,2.73,201301121600
27136,2.3,201301121600
27137,2.18,201301121600
27138,0.96,201301121600
27142,1.28,201301121600
27143,2.74,201301121600
27145,1.29,201301121600
27148,0.53,201301121600
27149,0.94,201301121600
27152,0.89,201301121600
27155,2.44,201301121600
27175,2.57,201301121600
27209,2.33,201301121600
27247,1.25,201301121600
27381,2.32,201301121600
27382,1.21,201301121600
27383,0.88,201301121600
27384,0.81,201301121600
27386,2.71,201301121600
27387,2.19,201301121600
27388,1.9,201301121600
27389,1.9,201301121600
27390,0.79,201301121600
27392,1.77,201301121600
27395,2.47,201301121600
27404,1.68,201301121600
27415,2.38,201301121600
27427,1.27,201301121600
27489,1.91,201301121600
27494,2.84,201301121600
27498,2.98,201301121600
27518,1.63,201301121600
27632,2.33,201301121600
27633,2.42,201301121600
27634,1.25,201301121600
27635,2.88,201301121600
27636,2.56,201301121600
27637,1.01,201301121600
27638,2.0,201301121600
27639,1.91,201301121600
27640,1.62,201301121600
27642,0.82,201301121600
27643,1.13,201301121600
27645,2.18,201301121600
27646,1.31,201301121600
27647,1.39,201301121600
27649,2.09,201301121600
27654,1.8,201301121600
27763,2.12,201301121600
27764,0.88,201301121600
27796,1.63,201301121600
27797,2.5,201301121600
27883,1.38,201301121600
27884,2.08,201301121600
27885,2.78,201301121600
27886,2.39,201301121600
27887,2.05,201301121600
27888,1.79,201301121600
27889,2.82,201301121600
27890,1.06,201301121600
27891,1.34,201301121600
27892,0.86,201301121600
27894,1.88,201301121600
27895,1.39,201301121600
27897,1.01,201301121600
27902,1.42,201301121600
27908,2.32,201301121600
27911,1.99,201301121600
27930,1.87,201301121600
27971,2.25,201301121600
28004,1.4,201301121600
28015,0.66,201301121600
28049,0.99,201301121600
28102,1.11,201301121600
28134,2.09,201301121600
28135,0.6,201301121600
28136,2.06,201301121600
28137,2.89,201301121600
28138,0.78,201301121600
28139,2.02,201301121600
28140,0.96,201301121600
28142,2.26,201301121600
28143,2.46,201301121600
28144,2.25,201301121600
28146,1.47,201301121600
28154,2.5,201301121600
28156,2.4,201301121600
28216,2.85,201301121600
28239,2.07,201301121600
28384,0.69,201301121600
28385,2.61,201301121600
28386,1.3,201301121600
28387,0.58,201301121600
28388,2.93,201301121600
28389,1.09,201301121600
28390,1.16,201301121600
28391,1.07,201301121600
28392,2.63,201301121600
28393,1.58,201301121600
28394,2.44,201301121600
28396,0.56,201301121600
28397,1.24,201301121600
28400,1.64,201301121600
28401,1.14,201301121600
28405,1.76,201301121600
28427,0.64,201301121600
28467,2.14,201301121600
28496,1.1,201301121600
28497,0.77,201301121600
28519,2.81,201301121600
28535,1.29,201301121600
28539,1.49,201301121600
28545,2.67,201301121600
28557,1.85,201301121600
28635,1.97,201301121600
28636,2.41,201301121600
28637,2.39,201301121600
28638,2.56,201301121600
28639,2.34,201301121600
28640,2.33,201301121600
28641,2.19,201301121600
28642,2.14,201301121600
28643,1.57,201301121600
28644,0.86,201301121600
28645,1.51,201301121600
28646,1.88,201301121600
28649,1.21,201301121600
28658,1.65,201301121600
28667,1.39,201301121600
28675,2.92,201301121600
28751,0.56,201301121600
28753,2.85,201301121600
28754,1.28,201301121600
28788,1.63,201301121600
28812,1.48,201301121600
28823,1.02,201301121600
28886,1.72,201301121600
28887,1.45,201301121600
28888,1.22,201301121600
28889,0.68,201301121600
28890,2.49,201301121600
28891,2.91,201301121600
28892,1.54,201301121600
28893,1.5,201301121600
28894,0.93,201301121600
28895,2.44,201301121600
28896,1.62,201301121600
28897,0.98,201301121600
28899,2.71,201301121600
28900,2.06,201301121600
28901,1.16,201301121600
28902,2.19,201301121600
28905,1.24,201301121600
28912,1.63,201301121600
28960,0.81,201301121600
28969,2.65,201301121600
29004,2.17,201301121600
29012,1.74,201301121600
29026,0.85,201301121600
29068,1.67,201301121600
29076,2.69,201301121600
29088,2.19,201301121600
29094,0.76,201301121600
29136,1.51,201301121600
29137,1.4,201301121600
29138,1.33,201301121600
29139,0.68,201301121600
29140,1.21,201301121600
29141,0.82,201301121600
29142,0.68,201301121600
29143,2.87,201301121600
29144,0.57,201301121600
29146,0.93,201301121600
29147,0.87,201301121600
29148,2.23,201301121600
29149,2.61,201301121600
29151,0.98,201301121600
29158,1.98,201301121600
29165,1.68,201301121600
29171,1.69,201301121600
29190,1.11,201301121600
29247,2.96,201301121600
29387,1.3,201301121600
29388,2.67,201301121600
29389,1.91,201301121600
29390,2.78,201301121600
29391,1.25,201301121600
29392,2.14,201301121600
29393,2.89,201301121600
29394,2.08,201301121600
29395,0.64,201301121600
29396,1.87,201301121600
29397,2.96,201301121600
29398,2.53,201301121600
29399,0.7,201301121600
29401,1.08,201301121600
29402,2.46,201301121600
29403,1.46,201301121600
29405,1.78,201301121600
29409,1.75,201301121600
29425,1.34,201301121600
29429,1.68,201301121600
29495,0.93,201301121600
29498,1.13,201301121600
29533,1.15,201301121600
29556,0.94,201301121600
29638,2.42,201301121600
29639,2.39,201301121600
29640,1.2,201301121600
29641,2.7,201301121600
29642,2.09,201301121600
29643,0.83,201301121600
29644,2.14,201301121600
29645,1.88,201301121600
29648,2.97,201301121600
29649,1.93,201301121600
29650,0.54,201301121600
29654,2.71,201301121600
29663,2.11,201301121600
29670,2.91,201301121600
29710,1.78,201301121600
29730,2.83,201301121600
29733,2.77,201301121600
29736,1.56,201301121600
29766,1.39,201301121600
29891,0.65,201301121600
29892,1.84,201301121600
29893,2.4,201301121600
29894,1.92,201301121600
29895,1.75,201301121600
29896,1.37,201301121600
29897,2.68,201301121600
29898,1.7,201301121600
29900,0.69,201301121600
29903,2.61,201301121600
29906,2.26,201301121600
29909,1.62,201301121600
29912,1.7,201301121600
29917,2.3,201301121600
29925,0.78,201301121600
29966,0.51,201301121600
30021,0.63,201301121600
30026,2.33,201301121600
30036,0.53,201301121600
30142,2.7,201301121600
30143,2.54,201301121600
30144,2.12,201301121600
30145,1.45,201301121600
30146,2.87,201301121600
30147,2.58,201301121600
30148,2.1,201301121600
30152,1.6,201301121600
30154,0.81,201301121600
30157,1.87,201301121600
30158,1.7,201301121600
30181,1.8,201301121600
30242,1.23,201301121600
30243,2.81,201301121600
30244,1.31,201301121600
30261,1.12,201301121600
30300,0.79,201301121600
30322,2.82,201301121600
30393,1.91,201301121600
30394,2.62,201301121600
30395,1.09,201301121600
30396,2.11,201301121600
30397,2.6,201301121600
30398,1.33,201301121600
30400,1.6,201301121600
30401,1.07,201301121600
30403,2.0,201301121600
30407,0.53,201301121600
30410,1.48,201301121600
30420,2.54,201301121600
30430,0.57,201301121600
30434,1.51,201301121600
30439,2.87,201301121600
30481,0.97,201301121600
30489,1.7,201301121600
30494,2.34,201301121600
30495,0.95,201301121600
30496,1.16,201301121600
30645,1.85,201301121600
30646,2.33,201301121600
30647,2.65,201301121600
30648,1.45,201301121600
30649,2.04,201301121600
30650,0.82,201301121600
30651,2.67,201301121600
30652,1.9,201301121600
30653,2.41,201301121600
30654,1.58,201301121600
30661,0.93,201301121600
30664,1.99,201301121600
30666,1.9,201301121600
30669,1.86,201301121600
30673,2.0,201301121600
30683,0.6,201301121600
30745,0.57,201301121600
30750,0.72,201301121600
30777,2.88,201301121600
30780,2.14,201301121600
30812,2.95,201301121600
30897,2.29,201301121600
30898,1.22,201301121600
30899,1.01,201301121600
30900,1.23,201301121600
30901,2.84,201301121600
30902,2.83,201301121600
30903,1.51,201301121600
30904,1.73,201301121600
30908,2.67,201301121600
30909,1.09,201301121600
30912,0.57,201301121600
30913,1.15,201301121600
30928,1.7,201301121600
30953,1.92,201301121600
30979,1.42,201301121600
30994,1.42,201301121600
30995,1.31,201301121600
31027,1.86,201301121600
31028,2.47,201301121600
31029,1.93,201301121600
31082,0.96,201301121600
31148,2.46,201301121600
31149,2.95,201301121600
31150,2.06,201301121600
31151,2.93,201301121600
31152,0.78,201301121600
31156,1.47,201301121600
31157,0.53,201301121600
31161,0.69,201301121600
31166,0.82,201301121600
31172,1.53,201301121600
31274,2.67,201301121600
31281,2.59,201301121600
31369,2.75,201301121600
31398,0.96,201301121600
31401,0.94,201301121600
31407,0.97,201301121600
31408,1.68,201301121600
31409,1.57,201301121600
31410,1.8,201301121600
31413,2.98,201301121600
31419,1.8,201301121600
31427,0.95,201301121600
31457,1.4,201301121600
31466,1.07,201301121600
31651,2.59,201301121600
31652,2.51,201301121600
31656,2.13,201301121600
31660,0.71,201301121600
31663,1.4,201301121600
31666,1.12,201301121600
31675,0.61,201301121600
31738,2.54,201301121600
31754,0.79,201301121600
31782,2.8,201301121600
31903,0.55,201301121600
31904,1.27,201301121600
31905,0.98,201301121600
31906,2.16,201301121600
31908,2.64,201301121600
31912,1.45,201301121600
31921,2.87,201301121600
31928,1.6,201301121600
31949,1.34,201301121600
32028,1.53,201301121600
32032,0.63,201301121600
32045,2.23,201301121600
32150,1.76,201301121600
32155,0.9,201301121600
32157,2.06,201301121600
32161,1.95,201301121600
32162,2.95,201301121600
32167,1.28,201301121600
32169,1.09,201301121600
32175,2.97,201301121600
32182,1.76,201301121600
32185,2.13,201301121600
32195,1.62,201301121600
32235,0.92,201301121600
32404,1.03,201301121600
32405,2.1,201301121600
32410,1.79,201301121600
32411,2.13,201301121600
32415,1.98,201301121600
32449,0.58,201301121600
32490,1.96,201301121600
32558,2.74,201301121600
32622,2.74,201301121600
32656,1.93,201301121600
32658,1.4,201301121600
32660,2.2,201301121600
32662,1.33,201301121600
32668,0.82,201301121600
32682,2.75,201301121600
32697,2.02,201301121600
32712,1.62,201301121600
32729,2.87,201301121600
32739,1.76,201301121600
32742,1.87,201301121600
32744,2.08,201301121600
32802,0.66,201301121600
32834,2.04,201301121600
32905,1.95,201301121600
32907,1.13,201301121600
32912,1.73,201301121600
32916,0.79,201301121600
32922,0.97,201301121600
32924,2.62,201301121600
32926,2.58,201301121600
32929,2.27,201301121600
32977,0.81,201301121600
32978,1.31,201301121600
33154,2.4,201301121600
33158,2.67,201301121600
33160,1.86,201301121600
33165,2.26,201301121600
33170,1.49,201301121600
33186,0.6,201301121600
33286,2.96,201301121600
33405,2.93,201301121600
33409,2.34,201301121600
33412,2.6,201301121600
33418,1.97,201301121600
33420,1.26,201301121600
33424,1.76,201301121600
33435,2.14,201301121600
33442,0.96,201301121600
33519,2.81,201301121600
33594,0.6,201301121600
33656,1.2,201301121600
33659,0.8,201301121600
33662,1.61,201301121600
33664,1.64,201301121600
33666,2.25,201301121600
33669,0.87,201301121600
33673,1.57,201301121600
33675,2.04,201301121600
33694,2.8,201301121600
33724,2.68,201301121600
33742,0.71,201301121600
33812,1.87,201301121600
33909,0.82,201301121600
33911,2.49,201301121600
33912,1.85,201301121600
33913,0.73,201301121600
33922,0.71,201301121600
33923,1.19,201301121600
33924,0.54,201301121600
33931,2.19,201301121600
33935,0.98,201301121600
33986,2.97,201301121600
34013,2.18,201301121600
34160,1.81,201301121600
34161,0.64,201301121600
34162,1.61,201301121600
34163,2.89,201301121600
34167,0.8,201301121600
34190,0.77,201301121600
34211,2.17,201301121600
34303,1.86,201301121600
34380,1.78,201301121600
34407,2.16,201301121600
34413,1.91,201301121600
34423,0.75,201301121600
34424,0.55,201301121600
34427,1.87,201301121600
34430,1.0,201301121600
34437,1.08,201301121600
34440,1.63,201301121600
34486,1.24,201301121600
34495,1.24,201301121600
34510,2.92,201301121600
34520,2.64,201301121600
34528,2.19,201301121600
34563,1.99,201301121600
34662,1.02,201301121600
34667,0.6,201301121600
34668,1.95,201301121600
34670,1.02,201301121600
34672,1.86,201301121600
34673,2.08,201301121600
34676,1.18,201301121600
34679,0.76,201301121600
34682,2.4,201301121600
34695,1.13,201301121600
34710,2.78,201301121600
34714,2.29,201301121600
34720,1.08,201301121600
34882,1.77,201301121600
34913,0.55,201301121600
34914,0.96,201301121600
34915,2.11,201301121600
34924,2.44,201301121600
34925,2.04,201301121600
34934,2.72,201301121600
34939,1.65,201301121600
34959,1.04,201301121600
34990,0.98,201301121600
35102,2.7,201301121600
35164,1.36,201301121600
35166,1.26,201301121600
35173,1.93,201301121600
35178,1.75,201301121600
35183,2.21,201301121600
35185,2.61,201301121600
35187,2.42,201301121600
35193,2.43,201301121600
35203,1.75,201301121600
35218,1.3,201301121600
35237,0.53,201301121600
35244,1.29,201301121600
35249,2.81,201301121600
35295,2.81,201301121600
35368,1.97,201301121600
35410,2.75,201301121600
35414,1.84,201301121600
35415,2.88,201301121600
35417,0.91,201301121600
35421,1.67,201301121600
35440,1.28,201301121600
35455,2.72,201301121600
35492,1.89,201301121600
35515,2.55,201301121600
35665,0.8,201301121600
35675,2.61,201301121600
35683,2.74,201301121600
35686,1.15,201301121600
35700,1.77,201301121600
35745,2.6,201301121600
35755,2.98,201301121600
35769,1.26,201301121600
35916,2.31,201301121600
35917,2.97,201301121600
35918,0.82,201301121600
35919,2.03,201301121600
35921,1.23,201301121600
35929,0.79,201301121600
35931,1.68,201301121600
35941,0.96,201301121600
35944,2.23,201301121600
35971,2.19,201301121600
35981,1.53,201301121600
35992,1.22,201301121600
35994,2.97,201301121600
36067,2.18,201301121600
36162,2.93,201301121600
36167,1.48,201301121600
36169,1.09,201301121600
36170,1.28,201301121600
36173,0.54,201301121600
36176,2.34,201301121600
36177,2.15,201301121600
36205,0.76,201301121600
36237,2.05,201301121600
36245,2.45,201301121600
36246,1.24,201301121600
36293,1.32,201301121600
36311,2.3,201301121600
36417,2.68,201301121600
36420,2.87,201301121600
36421,1.91,201301121600
36441,2.93,201301121600
36448,0.96,201301121600
36494,1.36,201301121600
36498,2.03,201301121600
36502,0.86,201301121600
36510,1.1,201301121600
36513,2.38,201301121600
36519,2.02,201301121600
36524,0.52,201301121600
36576,2.49,201301121600
36668,2.11,201301121600
36673,2.08,201301121600
36675,0.6,201301121600
36677,2.69,201301121600
36679,2.4,201301121600
36682,2.35,201301121600
36688,0.8,201301121600
36690,0.81,201301121600
36711,0.97,201301121600
36717,0.68,201301121600
36758,0.85,201301121600
36889,0.99,201301121600
36915,2.19,201301121600
36918,1.23,201301121600
36933,1.96,201301121600
36934,2.07,201301121600
36953,1.36,201301121600
36959,2.93,201301121600
36996,0.5,201301121600
36999,0.89,201301121600
37001,1.08,201301121600
37167,0.83,201301121600
37168,2.92,201301121600
37169,0.74,201301121600
37172,0.78,201301121600
37176,2.04,201301121600
37178,2.16,201301121600
37179,2.1,201301121600
37182,1.83,201301121600
37192,1.4,201301121600
37200,1.85,201301121600
37206,2.66,201301121600
37232,0.75,201301121600
37239,0.69,201301121600
37270,1.11,201301121600
37298,1.06,201301121600
37304,1.19,201301121600
37419,1.27,201301121600
37421,1.19,201301121600
37423,2.79,201301121600
37425,2.87,201301121600
37446,2.19,201301121600
37454,1.97,201301121600
37477,2.69,201301121600
37487,2.35,201301121600
37501,1.07,201301121600
37503,1.15,201301121600
37513,2.34,201301121600
37523,0.9,201301121600
37562,1.02,201301121600
37609,1.13,201301121600
37642,0.63,201301121600
37643,2.59,201301121600
37670,2.37,201301121600
37671,2.76,201301121600
37672,2.92,201301121600
37676,2.73,201301121600
37688,2.84,201301121600
37689,2.99,201301121600
37690,0.65,201301121600
37695,2.5,201301121600
37701,1.3,201301121600
37710,2.16,201301121600
37711,2.49,201301121600
37754,1.27,201301121600
37874,1.2,201301121600
37891,2.05,201301121600
37893,1.03,201301121600
37894,1.66,201301121600
37926,2.79,201301121600
37928,1.94,201301121600
37929,1.05,201301121600
37932,2.03,201301121600
37936,1.32,201301121600
37943,2.03,201301121600
37952,2.17,201301121600
37962,1.33,201301121600
37968,2.47,201301121600
38003,1.9,201301121600
38060,2.37,201301121600
38145,2.88,201301121600
38172,2.42,201301121600
38173,1.0,201301121600
38178,2.27,201301121600
38200,0.87,201301121600
38204,2.42,201301121600
38209,2.83,201301121600
38215,2.57,201301121600
38220,0.55,201301121600
38225,1.2,201301121600
38228,2.83,201301121600
38230,0.83,201301121600
38243,2.87,201301121600
38247,0.5,201301121600
38255,2.01,201301121600
38263,0.83,201301121600
38268,1.27,201301121600
38272,1.67,201301121600
38367,2.11,201301121600
38381,2.71,201301121600
38423,0.6,201301121600
38425,2.72,201301121600
38426,2.73,201301121600
38431,1.83,201301121600
38440,0.75,201301121600
38479,2.99,201301121600
38481,2.9,201301121600
38483,1.24,201301121600
38488,2.88,201301121600
38490,2.62,201301121600
38498,2.42,201301121600
38499,0.99,201301121600
38500,0.65,201301121600
38505,1.46,201301121600
38506,0.53,201301121600
38508,2.99,201301121600
38517,2.73,201301121600
38534,0.7,201301121600
38648,2.75,201301121600
38674,1.21,201301121600
38676,0.99,201301121600
38679,2.73,201301121600
38684,2.12,201301121600
38693,2.29,201301121600
38697,1.12,201301121600
38716,1.13,201301121600
38722,1.11,201301121600
38736,1.61,201301121600
38738,2.27,201301121600
38752,2.19,201301121600
38753,2.58,201301121600
38758,0.85,201301121600
38760,0.97,201301121600
38761,2.71,201301121600
38762,0.88,201301121600
38766,1.78,201301121600
38769,1.53,201301121600
38778,0.71,201301121600
38812,2.72,201301121600
38939,1.78,201301121600
38953,0.93,201301121600
38958,1.99,201301121600
38967,0.68,201301121600
39006,1.48,201301121600
39008,2.15,201301121600
39010,1.05,201301121600
39011,2.31,201301121600
39017,2.34,201301121600
39113,1.75,201301121600
39148,1.4,201301121600
39149,0.99,201301121600
39176,1.93,201301121600
39178,1.9,201301121600
39191,2.71,201301121600
39201,2.36,201301121600
39230,2.52,201301121600
39236,2.05,201301121600
39246,2.58,201301121600
39252,2.45,201301121600
39255,1.11,201301121600
39260,1.18,201301121600
39262,2.94,201301121600
39263,2.74,201301121600
39268,1.02,201301121600
39269,0.65,201301121600
39271,2.67,201301121600
39274,2.76,201301121600
39275,1.57,201301121600
39375,0.61,201301121600
39391,0.77,201301121600
39427,0.84,201301121600
39428,1.57,201301121600
39430,2.1,201301121600
39433,2.4,201301121600
39446,2.14,201301121600
39457,2.01,201301121600
39514,2.85,201301121600
39515,1.21,201301121600
39516,1.35,201301121600
39517,0.82,201301121600
39535,2.28,201301121600
39554,2.46,201301121600
39559,1.87,201301121600
39631,1.55,201301121600
39632,2.92,201301121600
39633,1.65,201301121600
39652,1.42,201301121600
39683,1.51,201301121600
39687,1.57,201301121600
39706,2.91,201301121600
39710,0.92,201301121600
39722,1.65,201301121600
39731,2.9,201301121600
39750,2.09,201301121600
39755,0.61,201301121600
39759,2.66,201301121600
39762,1.4,201301121600
39764,2.01,201301121600
39765,0.91,201301121600
39766,1.97,201301121600
39767,1.24,201301121600
39769,1.09,201301121600
39772,1.11,201301121600
39776,1.97,201301121600
39777,2.61,201301121600
39790,0.92,201301121600
39791,1.83,201301121600
39796,1.31,201301121600
39832,0.71,201301121600
39883,0.61,201301121600
39930,0.83,201301121600
39932,0.58,201301121600
39941,2.03,201301121600
39948,2.99,201301121600
39969,1.87,201301121600
40018,1.03,201301121600
40031,1.93,201301121600
40133,0.7,201301121600
40180,2.4,201301121600
40188,2.44,201301121600
40196,2.67,201301121600
40242,1.83,201301121600
40246,0.53,201301121600
40259,0.69,201301121600
40264,1.61,201301121600
40267,0.91,201301121600
40268,0.59,201301121600
40270,1.88,201301121600
40276,0.59,201301121600
40286,1.47,201301121600
40295,2.7,201301121600
40431,2.07,201301121600
40432,0.84,201301121600
40442,1.14,201301121600
40447,1.09,201301121600
40448,2.9,201301121600
40451,2.34,201301121600
40457,2.83,201301121600
40500,0.57,201301121600
40512,2.8,201301121600
40518,0.85,201301121600
40519,0.51,201301121600
40522,2.68,201301121600
40524,1.33,201301121600
40525,1.28,201301121600
40532,2.64,201301121600
40560,1.05,201301121600
40566,1.39,201301121600
40633,2.0,201301121600
40687,1.94,201301121600
40713,1.64,201301121600
40719,2.21,201301121600
40732,0.78,201301121600
40733,2.1,201301121600
40766,1.59,201301121600
40810,2.1,201301121600
40894,2.2,201301121600
40933,0.87,201301121600
40936,0.96,201301121600
40939,1.92,201301121600
40954,2.41,201301121600
40982,0.57,201301121600
41021,1.03,201301121600
41024,2.68,201301121600
41061,0.85,201301121600
41145,1.58,201301121600
41157,2.16,201301121600
41183,0.77,201301121600
41200,1.55,201301121600
41262,2.8,201301121600
41265,2.73,201301121600
41270,0.56,201301121600
41277,2.3,201301121600
41318,1.78,201301121600
41401,1.8,201301121600
41407,0.77,201301121600
41437,2.88,201301121600
41459,0.64,201301121600
41465,2.92,201301121600
41469,1.77,201301121600
41508,1.1,201301121600
41520,2.3,201301121600
41522,2.9,201301121600
41526,2.15,201301121600
41532,2.78,201301121600
41558,2.8,201301121600
41635,2.22,201301121600
41653,0.5,201301121600
41658,2.63,201301121600
41692,1.33,201301121600
41696,2.86,201301121600
41764,2.92,201301121600
41772,0.99,201301121600
41893,1.73,201301121600
41904,0.54,201301121600
41905,1.09,201301121600
41936,2.75,201301121600
41941,1.34,201301121600
41958,2.96,201301121600
41990,2.12,201301121600
42023,1.97,201301121600
42026,1.19,201301121600
42029,1.78,201301121600
42074,0.6,201301121600
42085,1.64,201301121600
42095,0.81,201301121600
42147,1.39,201301121600
42160,1.94,201301121600
42200,1.32,201301121600
42213,2.59,201301121600
42267,1.87,201301121600
42271,1.12,201301121600
42274,2.54,201301121600
42283,0.99,201301121600
42291,1.12,201301121600
42342,1.57,201301121600
42411,1.64,201301121600
42438,2.03,201301121600
42454,0.54,201301121600
42471,1.65,201301121600
42478,2.3,201301121600
42487,1.0,201301121600
42503,2.57,201301121600
42514,0.9,201301121600
42521,0.72,201301121600
42533,1.58,201301121600
42644,2.62,201301121600
42661,0.71,201301121600
42695,0.74,201301121600
42744,1.15,201301121600
42750,1.12,201301121600
42846,2.61,201301121600
42905,2.58,201301121600
42912,0.92,201301121600
42939,1.83,201301121600
42940,2.22,201301121600
42944,1.92,201301121600
42949,1.06,201301121600
43011,2.86,201301121600
43021,1.66,201301121600
43030,2.74,201301121600
43151,2.59,201301121600
43160,2.83,201301121600
43162,2.33,201301121600
43213,1.6,201301121600
43220,0.78,201301121600
43261,1.77,201301121600
43412,2.62,201301121600
43413,1.66,201301121600
43440,2.24,201301121600
43443,2.31,201301121600
43449,2.56,201301121600
43483,2.03,201301121600
43484,1.6,201301121600
43494,1.24,201301121600
43518,1.93,201301121600
43523,2.83,201301121600
43526,2.48,201301121600
43530,2.96,201301121600
43571,2.22,201301121600
43642,2.44,201301121600
43662,0.88,201301121600
43738,0.67,201301121600
43760,0.64,201301121600
43779,1.42,201301121600
43914,1.09,201301121600
43957,1.26,201301121600
43980,2.8,201301121600
43984,2.52,201301121600
43992,0.69,201301121600
43995,1.54,201301121600
44002,1.43,201301121600
44039,2.32,201301121600
44194,2.76,201301121600
44197,2.89,201301121600
44204,2.65,201301121600
44215,2.96,201301121600
44226,1.56,201301121600
44247,1.79,201301121600
44255,0.55,201301121600
44282,1.85,201301121600
44284,0.62,201301121600
44356,1.35,201301121600
44470,1.09,201301121600
44486,0.66,201301121600
44503,2.8,201301121600
44504,2.26,201301121600
44510,1.06,201301121600
44517,2.71,201301121600
44534,1.19,201301121600
44578,2.09,201301121600
44666,2.92,201301121600
44694,2.16,201301121600
44697,1.47,201301121600
44716,1.82,201301121600
44724,2.93,201301121600
44743,1.22,201301121600
44755,1.06,201301121600
44756,1.1,201301121600
44757,1.25,201301121600
44758,1.6,201301121600
44786,1.34,201301121600
44787,2.13,201301121600
44911,1.0,201301121600
44963,1.51,201301121600
45005,0.99,201301121600
45006,2.02,201301121600
45007,0.62,201301121600
45008,2.2,201301121600
45039,1.92,201301121600
45114,2.32,201301121600
45168,2.27,201301121600
45200,2.33,201301121600
45203,1.97,201301121600
45208,0.87,201301121600
45237,2.23,201301121600
45254,2.46,201301121600
45256,1.05,201301121600
45258,0.64,201301121600
45261,1.72,201301121600
45265,1.29,201301121600
45266,2.5,201301121600
45401,2.68,201301121600
45479,2.85,201301121600
45502,1.86,201301121600
45507,1.24,201301121600
45509,0.9,201301121600
45526,2.11,201301121600
45538,1.11,201301121600
45582,1.48,201301121600
45661,0.86,201301121600
45701,0.71,201301121600
45703,2.13,201301121600
45716,0.82,201301121600
45720,1.81,201301121600
45725,2.91,201301121600
45735,0.78,201301121600
45747,2.59,201301121600
45766,2.89,201301121600
45793,0.91,201301121600
45795,2.98,201301121600
45919,2.0,201301121600
45948,1.35,201301121600
46008,1.2,201301121600
46036,1.85,201301121600
46041,2.89,201301121600
46052,2.16,201301121600
46074,2.43,201301121600
46145,1.32,201301121600
46202,0.56,201301121600
46209,1.99,201301121600
46242,2.13,201301121600
46265,0.76,201301121600
46372,2.09,201301121600
46384,1.84,201301121600
46455,2.27,201301121600
46508,0.91,201301121600
46523,0.89,201301121600
46538,0.81,201301121600
46565,1.29,201301121600
46574,1.56,201301121600
46626,2.31,201301121600
46700,1.11,201301121600
46738,2.89,201301121600
46770,0.77,201301121600
46778,2.62,201301121600
46787,2.99,201301121600
46803,1.27,201301121600
46954,1.61,201301121600
46964,1.01,201301121600
46972,2.52,201301121600
46976,0.95,201301121600
46981,2.2,201301121600
47011,2.59,201301121600
47015,0.53,201301121600
47047,2.78,201301121600
47253,1.35,201301121600
47288,1.61,201301121600
47295,1.85,201301121600
47342,1.13,201301121600
47454,1.11,201301121600
47535,2.71,201301121600
47543,2.77,201301121600
47705,2.28,201301121600
47709,1.75,201301121600
47711,0.75,201301121600
47758,1.47,201301121600
47806,1.41,201301121600
47889,2.27,201301121600
47926,1.54,201301121600
47968,1.47,201301121600
47972,1.24,201301121600
47977,2.02,201301121600
47982,2.69,201301121600
48032,2.45,201301121600
48209,2.31,201301121600
48239,2.93,201301121600
48244,2.62,201301121600
48278,1.95,201301121600
48420,1.81,201301121600
48427,2.72,201301121600
48499,0.51,201301121600
48503,0.74,201301121600
48552,2.42,201301121600
48584,1.33,201301121600
48713,2.31,201301121600
48759,0.6,201301121600
48848,2.44,201301121600
48898,0.98,201301121600
49017,1.19,201301121600
49049,2.83,201301121600
49229,1.83,201301121600
49241,2.49,201301121600
49472,1.25,201301121600
49483,2.29,201301121600
49542,0.82,201301121600
49555,1.33,201301121600
49679,1.56,201301121600
49750,2.3,201301121600
49760,1.82,201301121600
49777,1.74,201301121600
49968,0.94,201301121600
50053,1.94,201301121600
50103,2.13,201301121600
50180,2.45,201301121600
50285,0.61,201301121600
50430,2.08,201301121600
50470,2.83,201301121600
50494,1.96,201301121600
50511,1.66,201301121600
50549,1.46,201301121600
50680,1.35,201301121600
50682,1.01,201301121600
50731,2.54,201301121600
50812,1.74,201301121600
50872,0.82,201301121600
51029,2.4,201301121600
51046,2.17,201301121600
51053,2.57,201301121600
51056,1.96,201301121600
51162,0.72,201301121600
51177,1.05,201301121600
51182,0.94,201301121600
51228,2.93,201301121600
51258,1.34,201301121600
51430,2.97,201301121600
51431,1.35,201301121600
51432,2.14,201301121600
51520,2.99,201301121600
51681,2.25,201301121600
51682,2.39,201301121600
51725,2.1,201301121600
51790,2.77,201301121600
51832,0.74,201301121600
51857,0.56,201301121600
51931,2.3,201301121600
51932,2.39,201301121600
51986,2.44,201301121600
52003,0.63,201301121600
52182,2.57,201301121600
52244,1.51,201301121600
52259,2.82,201301121600
52280,2.48,201301121600
52319,2.32,201301121600
52473,2.24,201301121600
52518,0.51,201301121600
52631,1.64,201301121600
52679,2.68,201301121600
52729,2.87,201301121600
52811,2.36,201301121600
52983,2.28,201301121600
52988,2.59,201301121600
52993,2.08,201301121600
53000,1.45,201301121600
53016,1.29,201301121600
53027,1.14,201301121600
53072,1.31,201301121600
53090,2.38,201301121600
53177,2.86,201301121600
53178,1.37,201301121600
53381,2.45,201301121600
53427,2.35,201301121600
53429,0.9,201301121600
53761,0.89,201301121600
53774,2.33,201301121600
53797,2.06,201301121600
53810,2.83,201301121600
53822,1.69,201301121600
53864,1.64,201301121600
53927,2.62,201301121600
54038,2.92,201301121600
54071,2.69,201301121600
54234,2.58,201301121600
54281,2.72,201301121600
54284,1.92,201301121600
54327,2.49,201301121600
54334,2.77,201301121600
54349,2.41,201301121600
54427,2.18,201301121600
54503,0.94,201301121600
54510,1.38,201301121600
54520,2.91,201301121600
54550,0.55,201301121600
54578,2.2,201301121600
54678,1.12,201301121600
54828,1.92,201301121600
54983,0.91,201301121600
54996,1.7,201301121600
55070,2.28,201301121600
55329,2.33,201301121600
55331,1.45,201301121600
55535,2.31,201301121600
55633,1.77,201301121600
55680,2.19,201301121600
55761,1.84,201301121600
55831,1.18,201301121600
55832,1.5,201301121600
55838,2.35,201301121600
55845,0.54,201301121600
56106,1.64,201301121600
56493,2.45,201301121600
56571,2.25,201301121600
56586,2.4,201301121600
56587,2.7,201301121600
56591,2.35,201301121600
56738,1.34,201301121600
56835,2.38,201301121600
56882,0.63,201301121600
56887,2.33,201301121600
56888,0.71,201301121600
56933,1.34,201301121600
56934,2.56,201301121600
57042,1.65,201301121600
57062,0.87,201301121600
57189,2.63,201301121600
57261,1.1,201301121600
57329,2.82,201301121600
57342,2.96,201301121600
57376,2.0,201301121600
57378,1.84,201301121600
57380,2.33,201301121600
57397,1.56,201301121600
57440,2.97,201301121600
57495,2.01,201301121600
57523,1.33,201301121600
57555,2.39,201301121600
57597,2.97,201301121600
57613,0.58,201301121600
57615,0.91,201301121600
57628,1.62,201301121600
57631,1.5,201301121600
57823,2.27,201301121600
57837,0.6,201301121600
57851,1.84,201301121600
57852,1.08,201301121600
57906,2.18,201301121600
58179,1.53,201301121600
58251,1.33,201301121600
58421,1.93,201301121600
58511,1.18,201301121600
58632,2.41,201301121600
58744,0.8,201301121600
58802,1.14,201301121600
58814,2.81,201301121600
58879,2.33,201301121600
58892,2.53,201301121600
59010,2.86,201301121600
59043,0.62,201301121600
59104,0.88,201301121600
59125,2.82,201301121600
59134,2.48,201301121600
59285,2.82,201301121600
59329,1.02,201301121600
59555,1.91,201301121600
59635,2.02,201301121600
59745,0.53,201301121600
59927,1.85,201301121600
59941,1.85,201301121600
60008,1.25,201301121600
60011,1.06,201301121600
60114,2.7,201301121600
60141,2.49,201301121600
60147,2.58,201301121600
60331,2.08,201301121600
60344,2.04,201301121600
60350,1.84,201301121600
60578,1.32,201301121600
60593,1.82,201301121600
60613,2.25,201301121600
60630,1.21,201301121600
60635,2.96,201301121600
60649,2.05,201301121600
60750,2.02,201301121600
60774,1.57,201301121600
60819,2.1,201301121600
60880,0.63,201301121600
60888,2.98,201301121600
61062,2.13,201301121600
61110,0.8,201301121600
61263,0.87,201301121600
61343,1.38,201301121600
61591,1.37,201301121600
61597,2.29,201301121600
61654,0.86,201301121600
61818,1.47,201301121600
62077,1.13,201301121600
62104,2.58,201301121600
62135,1.65,201301121600
62140,0.74,201301121600
62252,2.71,201301121600
62558,1.09,201301121600
62589,2.48,201301121600
62757,2.16,201301121600
62772,2.33,201301121600
62850,0.93,201301121600
62926,1.25,201301121600
62948,0.85,201301121600
63044,1.83,201301121600
63153,1.81,201301121600
63383,1.07,201301121600
63397,1.27,201301121600
63398,0.83,201301121600
63407,1.24,201301121600
63574,2.25,201301121600
63586,0.71,201301121600
63816,0.91,201301121600
64102,0.76,201301121600
64150,2.3,201301121600
64200,1.85,201301121600
64515,2.63,201301121600
64529,2.28,201301121600
64573,2.11,201301121600
64581,0.87,201301121600
64815,0.75,201301121600
64915,0.54,201301121600
65059,2.75,201301121600
65144,2.47,201301121600
65320,1.63,201301121600
65375,1.18,201301121600
65454,1.13,201301121600
65528,0.82,201301121600
65607,2.51,201301121600
65774,2.95,201301121600
65838,1.56,201301121600
66068,2.69,201301121600
66084,1.12,201301121600
66151,2.17,201301121600
66353,2.17,201301121600
66538,2.48,201301121600
66575,1.52,201301121600
66637,0.95,201301121600
66827,1.35,201301121600
66870,2.03,201301121600
67110,2.34,201301121600
67207,2.2,201301121600
67335,1.14,201301121600
67385,2.87,201301121600
67599,0.84,201301121600
67601,1.86,201301121600
67602,0.63,201301121600
67698,1.46,201301121600
67824,2.93,201301121600
67842,1.69,201301121600
67854,1.94,201301121600
67855,2.65,201301121600
67918,1.64,201301121600
68103,1.13,201301121600
68104,2.38,201301121600
68110,2.47,201301121600
68111,1.6,201301121600
68349,1.83,201301121600
68354,2.03,201301121600
68356,0.88,201301121600
68454,1.91,201301121600
68455,1.33,201301121600
68587,1.21,201301121600
68857,2.9,201301121600
68858,0.89,201301121600
68897,2.18,201301121600
68924,1.86,201301121600
68930,0.67,201301121600
69106,2.09,201301121600
69190,2.96,201301121600
69206,2.84,201301121600
69359,1.82,201301121600
69371,0.52,201301121600
69455,2.07,201301121600
69582,0.6,201301121600
69613,1.37,201301121600
69676,0.56,201301121600
70115,1.14,201301121600
70132,1.56,201301121600
70181,2.03,201301121600
70342,2.88,201301121600
70352,2.64,201301121600
70360,1.85,201301121600
70374,0.82,201301121600
70440,2.92,201301121600
70462,2.65,201301121600
70619,1.81,201301121600
70659,0.65,201301121600
70715,2.71,201301121600
70903,2.84,201301121600
70934,1.16,201301121600
70961,0.6,201301121600
71122,2.2,201301121600
71187,1.36,201301121600
71399,0.89,201301121600
71601,0.87,201301121600
71629,0.59,201301121600
71888,2.59,201301121600
71961,1.1,201301121600
71964,0.94,201301121600
72201,2.77,201301121600
72218,2.47,201301121600
72345,1.13,201301121600
72367,0.9,201301121600
72407,2.5,201301121600
72416,0.66,201301121600
72706,0.96,201301121600
72894,1.96,201301121600
73104,1.16,201301121600
73135,0.75,201301121600
73211,2.3,201301121600
73223,2.6,201301121600
73451,0.56,201301121600
73460,1.82,201301121600
73461,0.97,201301121600
73557,2.16,201301121600
73669,2.13,201301121600
74158,1.35,201301121600
74216,0.61,201301121600
74388,1.28,201301121600
74396,2.39,201301121600
74466,1.97,201301121600
74467,0.55,201301121600
74638,0.61,201301121600
74677,0.93,201301121600
74678,1.1,201301121600
74711,1.15,201301121600
74721,1.36,201301121600
74962,1.5,201301121600
74968,1.71,201301121600
74973,1.08,201301121600
75224,1.13,201301121600
75329,2.98,201301121600
75386,2.67,201301121600
75424,0.72,201301121600
75436,1.8,201301121600
75475,2.34,201301121600
75619,0.8,201301121600
75721,2.84,201301121600
75722,1.33,201301121600
75724,0.84,201301121600
75725,1.18,201301121600
75726,2.72,201301121600
75727,1.96,201301121600
75974,0.94,201301121600
75975,2.19,201301121600
76133,0.56,201301121600
76227,1.36,201301121600
76393,1.09,201301121600
76473,1.02,201301121600
76477,2.0,201301121600
76654,2.77,201301121600
76728,0.7,201301121600
76959,1.38,201301121600
77169,1.34,201301121600
77230,1.25,201301121600
77381,2.99,201301121600
77458,1.56,201301121600
77641,1.59,201301121600
77942,1.96,201301121600
77981,1.28,201301121600
78205,2.74,201301121600
78418,2.41,201301121600
78654,1.02,201301121600
78733,0.94,201301121600
78881,2.63,201301121600
78896,1.45,201301121600
78909,2.79,201301121600
78983,2.74,201301121600
79234,0.81,201301121600
79379,2.2,201301121600
79394,1.46,201301121600
79484,2.42,201301121600
79712,2.52,201301121600
79911,2.98,201301121600
79915,1.48,201301121600
80160,2.54,201301121600
80161,2.73,201301121600
80193,2.88,201301121600
80352,1.04,201301121600
80397,2.76,201301121600
80406,2.1,201301121600
80411,2.98,201301121600
80412,2.68,201301121600
80413,1.25,201301121600
80420,0.86,201301121600
80485,1.54,201301121600
80635,1.78,201301121600
80659,1.01,201301121600
80663,1.51,201301121600
80664,1.98,201301121600
80703,2.08,201301121600
80877,0.65,201301121600
80916,2.27,201301121600
81163,1.26,201301121600
81164,2.92,201301121600
81354,1.04,201301121600
81363,2.59,201301121600
81390,0.58,201301121600
81625,1.36,201301121600
81651,0.96,201301121600
81899,2.35,201301121600
82135,1.6,201301121600
82168,0.91,201301121600
82169,2.44,201301121600
82237,2.55,201301121600
82613,1.08,201301121600
82622,1.26,201301121600
82664,1.62,201301121600
82892,1.4,201301121600
82951,2.51,201301121600
83410,0.7,201301121600
83489,2.23,201301121600
83735,1.87,201301121600
83865,2.3,201301121600
84123,1.33,201301121600
84179,1.52,201301121600
84207,1.05,201301121600
84212,2.64,201301121600
84221,2.28,201301121600
84366,1.1,201301121600
84689,1.03,201301121600
84712,1.92,201301121600
84902,2.57,201301121600
85474,1.47,201301121600
85487,0.85,201301121600
85620,0.66,201301121600
85705,1.65,201301121600
85715,1.55,201301121600
85738,2.09,201301121600
86440,2.45,201301121600
86622,1.92,201301121600
86623,0.74,201301121600
86672,1.01,201301121600
86873,0.97,201301121600
86895,2.75,201301121600
87121,1.22,201301121600
87227,2.7,201301121600
87460,1.1,201301121600
87690,0.68,201301121600
87873,1.94,201301121600
88242,2.82,201301121600
88463,0.89,201301121600
89120,2.48,201301121600
89152,0.97,201301121600
89175,2.06,201301121600
89198,2.5,201301121600
89615,2.84,201301121600
89625,0.69,201301121600
90116,0.67,201301121600
90183,1.43,201301121600
90497,1.79,201301121600
90699,2.66,201301121600
90719,1.53,201301121600
91200,2.8,201301121600
91432,2.94,201301121600
91434,0.96,201301121600
91684,1.17,201301121600
91713,1.3,201301121600
91744,1.88,201301121600
92233,1.46,201301121600
93205,1.5,201301121600
93244,0.58,201301121600
93252,2.32,201301121600
93463,2.35,201301121600
93675,0.65,201301121600
93944,1.78,201301121600
94431,2.73,201301121600
94710,1.43,201301121600
94755,2.54,201301121600
94997,0.54,201301121600
95000,1.09,201301121600
95707,1.49,201301121600
95949,1.5,201301121600
95998,2.67,201301121600
96188,0.59,201301121600
96225,1.22,201301121600
96249,0.53,201301121600
96468,1.21,201301121600
96486,2.77,201301121600
96718,0.85,201301121600
96972,0.51,201301121600
96995,1.68,201301121600
97251,1.1,201301121600
97440,2.14,201301121600
97471,2.63,201301121600
97969,2.63,201301121600
97990,1.07,201301121600
98224,2.26,201301121600
98229,1.64,201301121600
98450,0.65,201301121600
98475,1.05,201301121600
98739,1.93,201301121600
99256,0.75,201301121600
99468,2.47,201301121600
99730,1.54,201301121600
101215,1.7,201301121600
101911,1.06,201301121600
101912,2.9,201301121600
101989,1.39,201301121600
102999,0.58,201301121600
103242,1.03,201301121600
103431,2.98,201301121600
104177,2.33,201301121600
104221,1.52,201301121600
104239,1.4,201301121600
104701,2.78,201301121600
104984,0.69,201301121600
105196,2.25,201301121600
105219,2.62,201301121600
105460,0.83,201301121600
105461,1.07,201301121600
105481,0.5,201301121600
105489,1.54,201301121600
105709,2.21,201301121600
105710,2.97,201301121600
105711,1.58,201301121600
105712,1.23,201301121600
105713,0.58,201301121600
105715,1.59,201301121600
105726,0.76,201301121600
105727,2.11,201301121600
105736,0.55,201301121600
105960,0.82,201301121600
105961,1.83,201301121600
105962,1.67,201301121600
105963,0.56,201301121600
105964,2.5,201301121600
105975,0.71,201301121600
106195,2.58,201301121600
106213,1.05,201301121600
106214,2.63,201301121600
106215,0.93,201301121600
106221,2.17,201301121600
106231,1.41,201301121600
106232,1.33,201301121600
106234,0.68,201301121600
106235,2.95,201301121600
106237,2.81,201301121600
106446,0.52,201301121600
106447,1.02,201301121600
106462,2.28,201301121600
106463,2.84,201301121600
106465,1.58,201301121600
106466,2.43,201301121600
106467,2.07,201301121600
106480,2.87,201301121600
106712,2.33,201301121600
106717,2.13,201301121600
106718,2.05,201301121600
106741,2.31,201301121600
106958,1.83,201301121600
106964,0.66,201301121600
106965,0.54,201301121600
106966,1.45,201301121600
106967,2.79,201301121600
106971,1.21,201301121600
106983,0.9,201301121600
106997,2.86,201301121600
107200,1.52,201301121600
107212,2.67,201301121600
107219,1.22,201301121600
107240,2.5,201301121600
107460,2.44,201301121600
107465,2.48,201301121600
107466,2.96,201301121600
107468,1.0,201301121600
107491,1.83,201301121600
107711,1.1,201301121600
107725,1.3,201301121600
107726,1.34,201301121600
107954,2.11,201301121600
107966,1.25,201301121600
107971,2.99,201301121600
107979,2.77,201301121600
107993,0.92,201301121600
108205,1.65,201301121600
108211,2.31,201301121600
108214,2.57,201301121600
108215,1.25,201301121600
108217,1.6,201301121600
108219,1.12,201301121600
108220,0.98,201301121600
108222,2.0,201301121600
108225,1.11,201301121600
108230,1.74,201301121600
108454,2.02,201301121600
108463,1.23,201301121600
108499,2.16,201301121600
108717,2.6,201301121600
108722,2.56,201301121600
108724,1.68,201301121600
108733,1.35,201301121600
108968,0.74,201301121600
108975,2.61,201301121600
108984,1.65,201301121600
108985,1.97,201301121600
109216,1.78,201301121600
109219,2.64,201301121600
109222,1.17,201301121600
109227,1.14,201301121600
109231,1.9,201301121600
109236,1.7,201301121600
109245,2.14,201301121600
109473,1.52,201301121600
109487,2.8,201301121600
109494,1.22,201301121600
109495,1.86,201301121600
109496,2.51,201301121600
109497,1.6,201301121600
109742,1.21,201301121600
109744,2.99,201301121600
109748,1.13,201301121600
109750,2.46,201301121600
109980,0.74,201301121600
109991,2.06,201301121600
109994,2.25,201301121600
109998,0.88,201301121600
110001,2.56,201301121600
110243,1.94,201301121600
110247,1.72,201301121600
110249,2.26,201301121600
110251,1.11,201301121600
110253,1.66,201301121600
110254,1.36,201301121600
