cell,mobility,dtg
1610,0.84,201301200800
1846,0.82,201301200800
1851,2.77,201301200800
1853,1.69,201301200800
1856,2.91,201301200800
1857,0.82,201301200800
2103,1.61,201301200800
2105,2.8,201301200800
2106,2.58,201301200800
2107,1.36,201301200800
2114,1.76,201301200800
2342,1.47,201301200800
2347,1.96,201301200800
2351,2.6,201301200800
2354,1.15,201301200800
2357,2.77,201301200800
2372,1.68,201301200800
2374,1.7,201301200800
2591,1.77,201301200800
2595,0.79,201301200800
2605,1.43,201301200800
2611,0.67,201301200800
2615,0.96,201301200800
2620,1.05,201301200800
2627,2.97,201301200800
2839,1.19,201301200800
2847,1.36,201301200800
3086,2.51,201301200800
3094,1.14,201301200800
3100,0.85,201301200800
3124,0.61,201301200800
3128,2.63,201301200800
3334,2.71,201301200800
3337,1.28,201301200800
3375,1.96,201301200800
3614,1.49,201301200800
3619,1.95,201301200800
3632,0.57,201301200800
3635,0.88,201301200800
3830,1.18,201301200800
3831,1.44,201301200800
3833,1.08,201301200800
3837,1.5,201301200800
3845,1.65,201301200800
3856,2.91,201301200800
3860,1.73,201301200800
3865,0.76,201301200800
4078,1.82,201301200800
4081,1.43,201301200800
4137,2.55,201301200800
4141,1.98,201301200800
4142,0.91,201301200800
4328,2.31,201301200800
4329,0.67,201301200800
4341,1.77,201301200800
4345,1.62,201301200800
4348,2.67,201301200800
4354,2.12,201301200800
4372,0.7,201301200800
4577,3.0,201301200800
4578,1.69,201301200800
4580,2.22,201301200800
4582,2.36,201301200800
4605,2.4,201301200800
4608,2.33,201301200800
4631,2.44,201301200800
4636,2.6,201301200800
4637,1.66,201301200800
4829,2.63,201301200800
4830,1.46,201301200800
4831,0.67,201301200800
4834,2.4,201301200800
4837,1.39,201301200800
4852,0.6,201301200800
4863,0.93,201301200800
4868,1.71,201301200800
4890,1.06,201301200800
4891,2.17,201301200800
5078,1.28,201301200800
5081,1.65,201301200800
5084,2.53,201301200800
5127,2.69,201301200800
5153,2.42,201301200800
5327,1.54,201301200800
5329,2.1,201301200800
5333,0.94,201301200800
5334,1.91,201301200800
5339,2.65,201301200800
5369,2.67,201301200800
5402,1.83,201301200800
5410,1.76,201301200800
5577,2.06,201301200800
5581,2.12,201301200800
5592,1.37,201301200800
5612,1.39,201301200800
5623,1.15,201301200800
5876,2.28,201301200800
5893,0.76,201301200800
5898,0.88,201301200800
6078,2.82,201301200800
6118,1.65,201301200800
6136,1.19,201301200800
6158,2.96,201301200800
6159,2.83,201301200800
6333,0.81,201301200800
6353,1.79,201301200800
6365,1.3,201301200800
6366,1.44,201301200800
6414,2.11,201301200800
6588,1.88,201301200800
6609,1.61,201301200800
6635,2.76,201301200800
6668,1.74,201301200800
6841,2.17,201301200800
6849,1.51,201301200800
6896,1.84,201301200800
6924,2.18,201301200800
6928,0.67,201301200800
6935,2.6,201301200800
6939,0.99,201301200800
7077,0.68,201301200800
7078,1.54,201301200800
7085,2.18,201301200800
7088,1.43,201301200800
7113,2.48,201301200800
7114,0.67,201301200800
7129,0.94,201301200800
7133,0.71,201301200800
7165,2.45,201301200800
7192,1.11,201301200800
7354,1.88,201301200800
7375,2.27,201301200800
7379,2.39,201301200800
7401,2.49,201301200800
7410,2.13,201301200800
7436,1.14,201301200800
7584,1.93,201301200800
7646,2.11,201301200800
7849,1.83,201301200800
7871,1.45,201301200800
7927,2.92,201301200800
7948,0.77,201301200800
8080,2.08,201301200800
8170,2.71,201301200800
8182,1.44,201301200800
8195,1.7,201301200800
8342,2.07,201301200800
8582,0.77,201301200800
8602,0.93,201301200800
8609,0.58,201301200800
8638,1.96,201301200800
8656,1.85,201301200800
8830,0.6,201301200800
8839,1.25,201301200800
8876,0.78,201301200800
8897,2.49,201301200800
8912,1.55,201301200800
8918,1.47,201301200800
8929,2.2,201301200800
8940,0.86,201301200800
8954,1.19,201301200800
9140,2.43,201301200800
9333,2.94,201301200800
9468,1.52,201301200800
9473,1.37,201301200800
9589,2.56,201301200800
9601,1.16,201301200800
9607,1.07,201301200800
9658,0.91,201301200800
9724,2.11,201301200800
9833,1.71,201301200800
10084,0.64,201301200800
10089,0.79,201301200800
10096,1.57,201301200800
10144,1.58,201301200800
10170,1.84,201301200800
10181,2.52,201301200800
10189,0.57,201301200800
10201,2.48,201301200800
10334,1.21,201301200800
10335,2.96,201301200800
10383,0.86,201301200800
10414,1.14,201301200800
10444,2.84,201301200800
10458,1.22,201301200800
10477,1.53,201301200800
10586,1.22,201301200800
10601,0.95,201301200800
10609,0.79,201301200800
10616,2.12,201301200800
10633,2.0,201301200800
10655,0.68,201301200800
10665,1.83,201301200800
10681,1.92,201301200800
10717,0.78,201301200800
10835,2.57,201301200800
10837,1.21,201301200800
10847,1.85,201301200800
10903,2.66,201301200800
10911,0.89,201301200800
10918,1.53,201301200800
10973,2.05,201301200800
11087,1.26,201301200800
11092,2.45,201301200800
11128,0.68,201301200800
11222,2.33,201301200800
11223,0.66,201301200800
11225,1.01,201301200800
11238,1.48,201301200800
11361,0.59,201301200800
11393,0.55,201301200800
11424,0.74,201301200800
11601,2.38,201301200800
11682,1.22,201301200800
11704,0.68,201301200800
11858,1.55,201301200800
11884,0.84,201301200800
11901,1.19,201301200800
11946,1.23,201301200800
11960,2.22,201301200800
11972,1.4,201301200800
12089,0.7,201301200800
12090,2.39,201301200800
12096,2.32,201301200800
12120,2.26,201301200800
12157,2.89,201301200800
12230,2.54,201301200800
12383,1.33,201301200800
12431,0.58,201301200800
12601,2.79,201301200800
12625,2.13,201301200800
12632,2.83,201301200800
12842,2.21,201301200800
12875,1.94,201301200800
12901,0.83,201301200800
12913,2.63,201301200800
12933,2.84,201301200800
12934,2.6,201301200800
12985,0.68,201301200800
13099,1.85,201301200800
13114,1.76,201301200800
13150,2.44,201301200800
13175,2.33,201301200800
13183,1.43,201301200800
13222,2.8,201301200800
13358,1.97,201301200800
13444,2.76,201301200800
13455,1.74,201301200800
13456,2.25,201301200800
13670,0.62,201301200800
13694,1.18,201301200800
13845,1.98,201301200800
13849,2.88,201301200800
14011,2.3,201301200800
14095,0.58,201301200800
14133,2.23,201301200800
14161,1.43,201301200800
14167,1.89,201301200800
14184,1.27,201301200800
14241,1.9,201301200800
14255,0.59,201301200800
14349,1.6,201301200800
14350,1.87,201301200800
14375,0.96,201301200800
14452,2.64,201301200800
14475,2.09,201301200800
14620,0.77,201301200800
14673,1.54,201301200800
14745,2.33,201301200800
14859,0.56,201301200800
14936,2.71,201301200800
14995,2.02,201301200800
15097,1.81,201301200800
15098,2.68,201301200800
15246,2.17,201301200800
15349,2.0,201301200800
15440,1.5,201301200800
15600,2.25,201301200800
15656,1.4,201301200800
15672,2.59,201301200800
15699,1.88,201301200800
15714,1.59,201301200800
15725,0.66,201301200800
15744,1.47,201301200800
15849,2.15,201301200800
15850,2.56,201301200800
15851,1.55,201301200800
15853,2.51,201301200800
15871,2.99,201301200800
16100,1.2,201301200800
16105,2.59,201301200800
16114,2.15,201301200800
16171,2.89,201301200800
16184,2.22,201301200800
16400,2.27,201301200800
16414,2.48,201301200800
16601,1.54,201301200800
16604,2.61,201301200800
16625,2.53,201301200800
16670,1.43,201301200800
16853,1.59,201301200800
16868,2.61,201301200800
16932,2.52,201301200800
17232,2.56,201301200800
17355,1.11,201301200800
17358,1.62,201301200800
17367,2.34,201301200800
17635,2.92,201301200800
17673,1.89,201301200800
17681,0.86,201301200800
17884,1.28,201301200800
17984,0.65,201301200800
18108,2.24,201301200800
18115,0.63,201301200800
18118,2.67,201301200800
18123,1.84,201301200800
18139,0.89,201301200800
18154,2.78,201301200800
18160,1.15,201301200800
18177,1.32,201301200800
18185,2.35,201301200800
18383,2.1,201301200800
18404,0.79,201301200800
18427,2.05,201301200800
18466,0.78,201301200800
18616,1.48,201301200800
18629,1.56,201301200800
18861,0.6,201301200800
18866,1.33,201301200800
18925,2.22,201301200800
19110,2.08,201301200800
19112,2.06,201301200800
19114,2.74,201301200800
19122,2.26,201301200800
19360,2.45,201301200800
19443,1.66,201301200800
19481,2.8,201301200800
19611,0.96,201301200800
19612,0.76,201301200800
19618,2.83,201301200800
19633,2.29,201301200800
19678,1.65,201301200800
19878,0.92,201301200800
19913,2.09,201301200800
20113,1.09,201301200800
20114,2.15,201301200800
20116,1.3,201301200800
20170,2.33,201301200800
20363,0.91,201301200800
20387,2.6,201301200800
20396,2.43,201301200800
20436,2.84,201301200800
20616,1.84,201301200800
20621,1.01,201301200800
20628,1.13,201301200800
20651,2.67,201301200800
20671,2.08,201301200800
20682,1.85,201301200800
20864,1.57,201301200800
20882,1.42,201301200800
20931,1.7,201301200800
20995,1.15,201301200800
21115,1.44,201301200800
21118,1.46,201301200800
21201,0.78,201301200800
21373,1.01,201301200800
21377,2.31,201301200800
21392,0.68,201301200800
21407,1.58,201301200800
21428,1.42,201301200800
21448,2.9,201301200800
21617,2.44,201301200800
21619,0.62,201301200800
21639,2.89,201301200800
21658,2.88,201301200800
21663,2.32,201301200800
21701,1.98,201301200800
21721,2.95,201301200800
21868,2.1,201301200800
21871,2.51,201301200800
21999,2.37,201301200800
22126,1.0,201301200800
22133,2.09,201301200800
22174,2.18,201301200800
22176,0.72,201301200800
22205,2.88,201301200800
22368,1.55,201301200800
22395,1.29,201301200800
22419,2.63,201301200800
22420,0.55,201301200800
22421,2.19,201301200800
22422,1.39,201301200800
22619,1.64,201301200800
22630,1.5,201301200800
22634,1.59,201301200800
22671,2.52,201301200800
22673,2.34,201301200800
22700,0.82,201301200800
22751,0.86,201301200800
22768,2.31,201301200800
22869,1.65,201301200800
22877,2.18,201301200800
22928,1.44,201301200800
22940,1.56,201301200800
22955,2.84,201301200800
22963,2.21,201301200800
22966,2.08,201301200800
23120,1.31,201301200800
23124,0.99,201301200800
23125,1.83,201301200800
23131,2.35,201301200800
23138,2.84,201301200800
23169,2.97,201301200800
23194,2.55,201301200800
23216,1.92,201301200800
23370,1.93,201301200800
23371,2.96,201301200800
23379,0.7,201301200800
23386,0.79,201301200800
23388,2.04,201301200800
23427,0.62,201301200800
23621,0.93,201301200800
23627,2.25,201301200800
23635,2.95,201301200800
23641,1.51,201301200800
23662,2.25,201301200800
23669,0.58,201301200800
23690,2.13,201301200800
23744,0.66,201301200800
23750,1.71,201301200800
23872,2.71,201301200800
23873,1.32,201301200800
23875,2.82,201301200800
23881,2.71,201301200800
23894,1.56,201301200800
23896,2.91,201301200800
23907,1.01,201301200800
23925,2.87,201301200800
23973,0.67,201301200800
24005,2.1,201301200800
24009,2.45,201301200800
24032,1.93,201301200800
24122,2.38,201301200800
24123,0.8,201301200800
24149,1.75,201301200800
24247,1.19,201301200800
24251,2.66,201301200800
24265,1.72,201301200800
24266,1.08,201301200800
24373,1.48,201301200800
24374,1.94,201301200800
24380,1.47,201301200800
24381,2.49,201301200800
24383,2.92,201301200800
24387,1.85,201301200800
24402,2.92,201301200800
24405,0.89,201301200800
24423,0.68,201301200800
24623,2.2,201301200800
24626,0.51,201301200800
24643,2.83,201301200800
24732,2.25,201301200800
24734,0.8,201301200800
24739,1.56,201301200800
24774,2.03,201301200800
24775,0.53,201301200800
24781,1.65,201301200800
24837,1.94,201301200800
24874,1.48,201301200800
24877,0.71,201301200800
24879,1.46,201301200800
24880,0.64,201301200800
24895,1.15,201301200800
24920,1.0,201301200800
24990,1.15,201301200800
24991,1.36,201301200800
24993,2.4,201301200800
25124,2.91,201301200800
25125,2.68,201301200800
25126,1.92,201301200800
25129,2.0,201301200800
25130,2.06,201301200800
25132,2.84,201301200800
25136,1.84,201301200800
25138,1.85,201301200800
25141,1.89,201301200800
25179,1.26,201301200800
25187,1.4,201301200800
25375,2.87,201301200800
25376,2.16,201301200800
25377,2.26,201301200800
25379,1.95,201301200800
25385,1.14,201301200800
25395,2.36,201301200800
25400,1.81,201301200800
25405,0.97,201301200800
25412,2.66,201301200800
25427,3.0,201301200800
25626,0.79,201301200800
25627,2.84,201301200800
25628,0.94,201301200800
25629,0.58,201301200800
25632,2.43,201301200800
25633,2.2,201301200800
25642,0.58,201301200800
25715,1.25,201301200800
25747,0.65,201301200800
25763,0.9,201301200800
25876,1.78,201301200800
25877,1.01,201301200800
25878,2.4,201301200800
25881,0.74,201301200800
25882,2.24,201301200800
25886,0.96,201301200800
25888,1.34,201301200800
25926,0.8,201301200800
25997,0.54,201301200800
26005,0.58,201301200800
26035,0.88,201301200800
26127,1.83,201301200800
26129,1.91,201301200800
26130,2.74,201301200800
26133,2.04,201301200800
26135,2.4,201301200800
26136,2.88,201301200800
26138,1.8,201301200800
26139,1.3,201301200800
26141,1.96,201301200800
26148,1.95,201301200800
26168,2.35,201301200800
26378,2.68,201301200800
26379,1.38,201301200800
26380,2.39,201301200800
26381,0.72,201301200800
26382,1.85,201301200800
26383,2.37,201301200800
26385,2.25,201301200800
26386,2.29,201301200800
26387,1.4,201301200800
26389,1.04,201301200800
26391,3.0,201301200800
26392,1.9,201301200800
26393,1.07,201301200800
26396,1.2,201301200800
26403,1.07,201301200800
26408,1.18,201301200800
26427,2.4,201301200800
26450,0.6,201301200800
26492,1.17,201301200800
26546,1.89,201301200800
26563,2.73,201301200800
26564,2.91,201301200800
26628,1.02,201301200800
26629,1.59,201301200800
26630,2.63,201301200800
26631,1.89,201301200800
26633,1.45,201301200800
26634,1.47,201301200800
26656,2.76,201301200800
26674,1.8,201301200800
26708,1.39,201301200800
26752,1.86,201301200800
26754,2.11,201301200800
26755,0.8,201301200800
26782,2.34,201301200800
26846,1.6,201301200800
26879,1.14,201301200800
26880,2.28,201301200800
26881,1.13,201301200800
26882,2.65,201301200800
26883,2.84,201301200800
26884,0.69,201301200800
26885,1.6,201301200800
26886,2.31,201301200800
26887,2.49,201301200800
26889,1.84,201301200800
26890,0.78,201301200800
26891,2.15,201301200800
26892,2.33,201301200800
26893,1.02,201301200800
26894,2.11,201301200800
26895,1.39,201301200800
26897,1.64,201301200800
26905,1.35,201301200800
26938,2.26,201301200800
26964,0.87,201301200800
27006,2.78,201301200800
27042,1.36,201301200800
27098,1.23,201301200800
27130,2.02,201301200800
27131,2.23,201301200800
27132,0.75,201301200800
27133,2.45,201301200800
27134,0.62,201301200800
27135,1.82,201301200800
27136,0.56,201301200800
27137,1.72,201301200800
27138,1.46,201301200800
27142,0.57,201301200800
27143,1.94,201301200800
27145,1.44,201301200800
27148,1.51,201301200800
27149,0.89,201301200800
27152,2.65,201301200800
27155,2.18,201301200800
27175,2.86,201301200800
27209,1.07,201301200800
27247,1.4,201301200800
27381,0.83,201301200800
27382,1.95,201301200800
27383,2.31,201301200800
27384,1.74,201301200800
27386,2.45,201301200800
27387,2.9,201301200800
27388,2.47,201301200800
27389,1.93,201301200800
27390,1.06,201301200800
27392,0.7,201301200800
27395,1.27,201301200800
27404,1.33,201301200800
27415,1.68,201301200800
27427,2.51,201301200800
27489,1.19,201301200800
27494,0.55,201301200800
27498,1.18,201301200800
27518,0.73,201301200800
27632,2.73,201301200800
27633,1.56,201301200800
27634,2.73,201301200800
27635,2.1,201301200800
27636,1.95,201301200800
27637,2.95,201301200800
27638,1.0,201301200800
27639,2.07,201301200800
27640,0.87,201301200800
27642,0.75,201301200800
27643,1.03,201301200800
27645,2.97,201301200800
27646,1.19,201301200800
27647,2.28,201301200800
27649,1.07,201301200800
27654,2.6,201301200800
27763,1.54,201301200800
27764,1.42,201301200800
27796,1.96,201301200800
27797,2.86,201301200800
27883,1.99,201301200800
27884,2.69,201301200800
27885,1.37,201301200800
27886,1.81,201301200800
27887,2.13,201301200800
27888,1.6,201301200800
27889,1.79,201301200800
27890,2.58,201301200800
27891,0.53,201301200800
27892,1.29,201301200800
27894,2.09,201301200800
27895,2.56,201301200800
27897,1.31,201301200800
27902,1.53,201301200800
27908,1.3,201301200800
27911,1.33,201301200800
27930,0.77,201301200800
27971,1.71,201301200800
28004,1.92,201301200800
28015,0.91,201301200800
28049,2.88,201301200800
28102,1.38,201301200800
28134,2.1,201301200800
28135,2.43,201301200800
28136,0.62,201301200800
28137,1.35,201301200800
28138,1.78,201301200800
28139,2.58,201301200800
28140,2.91,201301200800
28142,0.9,201301200800
28143,2.57,201301200800
28144,1.82,201301200800
28146,1.86,201301200800
28154,1.09,201301200800
28156,2.4,201301200800
28216,1.71,201301200800
28239,1.92,201301200800
28384,1.34,201301200800
28385,2.38,201301200800
28386,0.92,201301200800
28387,1.21,201301200800
28388,1.78,201301200800
28389,0.58,201301200800
28390,1.45,201301200800
28391,2.04,201301200800
28392,2.03,201301200800
28393,2.99,201301200800
28394,0.54,201301200800
28396,2.63,201301200800
28397,1.0,201301200800
28400,2.91,201301200800
28401,1.55,201301200800
28405,0.87,201301200800
28427,0.75,201301200800
28467,0.7,201301200800
28496,1.84,201301200800
28497,2.5,201301200800
28519,0.6,201301200800
28535,2.33,201301200800
28539,1.38,201301200800
28545,1.25,201301200800
28557,2.69,201301200800
28635,2.99,201301200800
28636,2.82,201301200800
28637,2.75,201301200800
28638,2.23,201301200800
28639,2.54,201301200800
28640,1.2,201301200800
28641,0.85,201301200800
28642,0.77,201301200800
28643,1.44,201301200800
28644,0.9,201301200800
28645,1.68,201301200800
28646,1.02,201301200800
28649,1.84,201301200800
28658,1.42,201301200800
28667,1.3,201301200800
28675,2.1,201301200800
28751,1.55,201301200800
28753,2.0,201301200800
28754,2.94,201301200800
28788,1.38,201301200800
28812,2.08,201301200800
28823,2.3,201301200800
28886,2.25,201301200800
28887,1.96,201301200800
28888,0.71,201301200800
28889,1.37,201301200800
28890,2.39,201301200800
28891,1.42,201301200800
28892,2.91,201301200800
28893,2.64,201301200800
28894,1.34,201301200800
28895,1.36,201301200800
28896,0.79,201301200800
28897,0.84,201301200800
28899,2.26,201301200800
28900,1.54,201301200800
28901,2.67,201301200800
28902,2.11,201301200800
28905,1.61,201301200800
28912,1.06,201301200800
28960,2.43,201301200800
28969,1.46,201301200800
29004,1.44,201301200800
29012,2.23,201301200800
29026,2.93,201301200800
29068,2.78,201301200800
29076,0.52,201301200800
29088,1.34,201301200800
29094,2.01,201301200800
29136,2.26,201301200800
29137,2.97,201301200800
29138,2.61,201301200800
29139,2.79,201301200800
29140,0.56,201301200800
29141,2.41,201301200800
29142,1.01,201301200800
29143,2.72,201301200800
29144,2.56,201301200800
29146,1.25,201301200800
29147,2.52,201301200800
29148,1.8,201301200800
29149,1.06,201301200800
29151,0.81,201301200800
29158,2.36,201301200800
29165,1.06,201301200800
29171,1.77,201301200800
29190,2.21,201301200800
29247,2.43,201301200800
29387,0.52,201301200800
29388,0.9,201301200800
29389,1.73,201301200800
29390,1.47,201301200800
29391,1.58,201301200800
29392,1.46,201301200800
29393,1.72,201301200800
29394,1.32,201301200800
29395,2.72,201301200800
29396,2.58,201301200800
29397,1.05,201301200800
29398,1.77,201301200800
29399,0.92,201301200800
29401,2.04,201301200800
29402,0.84,201301200800
29403,1.61,201301200800
29405,2.68,201301200800
29409,1.13,201301200800
29425,2.61,201301200800
29429,2.97,201301200800
29495,0.91,201301200800
29498,0.99,201301200800
29533,2.4,201301200800
29556,2.36,201301200800
29638,1.17,201301200800
29639,2.13,201301200800
29640,1.62,201301200800
29641,1.73,201301200800
29642,1.44,201301200800
29643,2.77,201301200800
29644,0.7,201301200800
29645,1.5,201301200800
29648,1.95,201301200800
29649,2.47,201301200800
29650,2.13,201301200800
29654,0.65,201301200800
29663,0.53,201301200800
29670,1.48,201301200800
29710,0.78,201301200800
29730,1.55,201301200800
29733,0.79,201301200800
29736,0.51,201301200800
29766,0.81,201301200800
29891,2.8,201301200800
29892,2.71,201301200800
29893,0.6,201301200800
29894,2.54,201301200800
29895,0.94,201301200800
29896,2.37,201301200800
29897,1.5,201301200800
29898,0.99,201301200800
29900,2.32,201301200800
29903,2.72,201301200800
29906,1.01,201301200800
29909,0.52,201301200800
29912,2.42,201301200800
29917,0.87,201301200800
29925,1.34,201301200800
29966,2.9,201301200800
30021,2.42,201301200800
30026,1.25,201301200800
30036,2.92,201301200800
30142,1.19,201301200800
30143,2.61,201301200800
30144,2.2,201301200800
30145,2.28,201301200800
30146,0.62,201301200800
30147,2.35,201301200800
30148,1.47,201301200800
30152,1.92,201301200800
30154,2.94,201301200800
30157,2.06,201301200800
30158,1.46,201301200800
30181,0.74,201301200800
30242,1.19,201301200800
30243,0.52,201301200800
30244,2.35,201301200800
30261,1.97,201301200800
30300,1.4,201301200800
30322,0.71,201301200800
30393,2.9,201301200800
30394,0.63,201301200800
30395,2.59,201301200800
30396,1.75,201301200800
30397,1.65,201301200800
30398,1.46,201301200800
30400,1.27,201301200800
30401,2.66,201301200800
30403,1.61,201301200800
30407,2.86,201301200800
30410,1.56,201301200800
30420,1.13,201301200800
30430,2.64,201301200800
30434,0.56,201301200800
30439,2.09,201301200800
30481,1.18,201301200800
30489,2.15,201301200800
30494,0.79,201301200800
30495,2.23,201301200800
30496,2.26,201301200800
30645,2.3,201301200800
30646,2.3,201301200800
30647,1.67,201301200800
30648,0.93,201301200800
30649,0.74,201301200800
30650,1.26,201301200800
30651,2.73,201301200800
30652,1.71,201301200800
30653,2.57,201301200800
30654,1.01,201301200800
30661,0.71,201301200800
30664,2.81,201301200800
30666,1.89,201301200800
30669,2.29,201301200800
30673,2.49,201301200800
30683,0.96,201301200800
30745,1.62,201301200800
30750,2.87,201301200800
30777,1.77,201301200800
30780,2.54,201301200800
30812,2.49,201301200800
30897,1.99,201301200800
30898,0.5,201301200800
30899,1.73,201301200800
30900,1.38,201301200800
30901,2.86,201301200800
30902,2.81,201301200800
30903,0.73,201301200800
30904,2.0,201301200800
30908,1.43,201301200800
30909,0.69,201301200800
30912,0.71,201301200800
30913,2.62,201301200800
30928,0.56,201301200800
30953,2.8,201301200800
30979,1.99,201301200800
30994,1.84,201301200800
30995,2.53,201301200800
31027,1.84,201301200800
31028,1.81,201301200800
31029,0.75,201301200800
31082,2.16,201301200800
31148,2.51,201301200800
31149,0.94,201301200800
31150,1.58,201301200800
31151,2.36,201301200800
31152,1.52,201301200800
31156,2.52,201301200800
31157,0.97,201301200800
31161,1.02,201301200800
31166,1.01,201301200800
31172,1.06,201301200800
31274,0.71,201301200800
31281,0.78,201301200800
31369,0.89,201301200800
31398,2.62,201301200800
31401,0.95,201301200800
31407,1.3,201301200800
31408,0.65,201301200800
31409,0.76,201301200800
31410,2.42,201301200800
31413,2.07,201301200800
31419,0.68,201301200800
31427,0.55,201301200800
31457,2.12,201301200800
31466,0.87,201301200800
31651,2.73,201301200800
31652,1.62,201301200800
31656,1.27,201301200800
31660,1.04,201301200800
31663,2.65,201301200800
31666,1.02,201301200800
31675,1.36,201301200800
31738,2.43,201301200800
31754,2.86,201301200800
31782,0.94,201301200800
31903,2.45,201301200800
31904,2.86,201301200800
31905,0.84,201301200800
31906,2.95,201301200800
31908,1.69,201301200800
31912,2.98,201301200800
31921,2.46,201301200800
31928,0.79,201301200800
31949,0.87,201301200800
32028,0.95,201301200800
32032,0.58,201301200800
32045,2.14,201301200800
32150,1.21,201301200800
32155,1.11,201301200800
32157,2.17,201301200800
32161,2.99,201301200800
32162,0.75,201301200800
32167,1.18,201301200800
32169,2.23,201301200800
32175,1.76,201301200800
32182,2.46,201301200800
32185,2.51,201301200800
32195,2.38,201301200800
32235,1.39,201301200800
32404,0.52,201301200800
32405,1.18,201301200800
32410,2.95,201301200800
32411,2.57,201301200800
32415,0.87,201301200800
32449,2.9,201301200800
32490,0.98,201301200800
32558,1.51,201301200800
32622,1.46,201301200800
32656,1.08,201301200800
32658,2.97,201301200800
32660,2.54,201301200800
32662,2.49,201301200800
32668,1.76,201301200800
32682,1.91,201301200800
32697,1.21,201301200800
32712,2.75,201301200800
32729,2.26,201301200800
32739,1.88,201301200800
32742,0.88,201301200800
32744,2.26,201301200800
32802,1.23,201301200800
32834,1.84,201301200800
32905,2.09,201301200800
32907,1.31,201301200800
32912,2.0,201301200800
32916,2.89,201301200800
32922,0.69,201301200800
32924,0.59,201301200800
32926,0.87,201301200800
32929,1.84,201301200800
32977,0.62,201301200800
32978,0.92,201301200800
33154,0.79,201301200800
33158,0.58,201301200800
33160,2.46,201301200800
33165,2.45,201301200800
33170,1.76,201301200800
33186,2.54,201301200800
33286,1.94,201301200800
33405,1.11,201301200800
33409,1.95,201301200800
33412,0.91,201301200800
33418,0.56,201301200800
33420,1.95,201301200800
33424,0.79,201301200800
33435,0.53,201301200800
33442,0.88,201301200800
33519,1.6,201301200800
33594,1.55,201301200800
33656,0.92,201301200800
33659,2.39,201301200800
33662,0.77,201301200800
33664,1.73,201301200800
33666,1.99,201301200800
33669,1.95,201301200800
33673,1.54,201301200800
33675,2.64,201301200800
33694,1.76,201301200800
33724,2.08,201301200800
33742,2.21,201301200800
33812,0.91,201301200800
33909,2.4,201301200800
33911,2.38,201301200800
33912,2.16,201301200800
33913,1.87,201301200800
33922,2.38,201301200800
33923,1.65,201301200800
33924,1.14,201301200800
33931,0.57,201301200800
33935,2.44,201301200800
33986,1.29,201301200800
34013,0.96,201301200800
34160,2.7,201301200800
34161,0.88,201301200800
34162,2.71,201301200800
34163,1.52,201301200800
34167,1.99,201301200800
34190,2.58,201301200800
34211,1.71,201301200800
34303,0.9,201301200800
34380,2.52,201301200800
34407,1.06,201301200800
34413,2.76,201301200800
34423,2.29,201301200800
34424,1.5,201301200800
34427,0.55,201301200800
34430,1.29,201301200800
34437,1.86,201301200800
34440,2.25,201301200800
34486,1.87,201301200800
34495,2.53,201301200800
34510,2.47,201301200800
34520,2.37,201301200800
34528,0.6,201301200800
34563,0.82,201301200800
34662,0.86,201301200800
34667,1.99,201301200800
34668,0.97,201301200800
34670,2.25,201301200800
34672,1.57,201301200800
34673,1.38,201301200800
34676,1.84,201301200800
34679,2.46,201301200800
34682,1.86,201301200800
34695,2.53,201301200800
34710,1.77,201301200800
34714,0.64,201301200800
34720,2.16,201301200800
34882,2.28,201301200800
34913,1.26,201301200800
34914,2.35,201301200800
34915,1.89,201301200800
34924,0.69,201301200800
34925,1.08,201301200800
34934,1.78,201301200800
34939,2.56,201301200800
34959,1.64,201301200800
34990,1.49,201301200800
35102,2.48,201301200800
35164,0.56,201301200800
35166,1.43,201301200800
35173,0.94,201301200800
35178,2.14,201301200800
35183,1.15,201301200800
35185,0.9,201301200800
35187,2.53,201301200800
35193,1.75,201301200800
35203,2.7,201301200800
35218,2.39,201301200800
35237,2.89,201301200800
35244,0.81,201301200800
35249,2.33,201301200800
35295,0.7,201301200800
35368,0.95,201301200800
35410,2.54,201301200800
35414,2.74,201301200800
35415,0.83,201301200800
35417,2.39,201301200800
35421,2.47,201301200800
35440,1.55,201301200800
35455,2.88,201301200800
35492,2.38,201301200800
35515,1.76,201301200800
35665,1.64,201301200800
35675,0.82,201301200800
35683,2.92,201301200800
35686,0.98,201301200800
35700,1.89,201301200800
35745,1.97,201301200800
35755,1.12,201301200800
35769,2.47,201301200800
35916,2.47,201301200800
35917,1.14,201301200800
35918,1.0,201301200800
35919,2.73,201301200800
35921,0.73,201301200800
35929,0.6,201301200800
35931,2.87,201301200800
35941,0.79,201301200800
35944,1.25,201301200800
35971,0.94,201301200800
35981,1.44,201301200800
35992,0.85,201301200800
35994,0.78,201301200800
36067,1.26,201301200800
36162,2.43,201301200800
36167,2.23,201301200800
36169,1.13,201301200800
36170,1.99,201301200800
36173,2.65,201301200800
36176,2.89,201301200800
36177,2.45,201301200800
36205,1.76,201301200800
36237,1.46,201301200800
36245,2.57,201301200800
36246,0.75,201301200800
36293,1.1,201301200800
36311,2.09,201301200800
36417,1.84,201301200800
36420,0.76,201301200800
36421,2.23,201301200800
36441,0.59,201301200800
36448,2.4,201301200800
36494,0.84,201301200800
36498,1.0,201301200800
36502,2.25,201301200800
36510,2.77,201301200800
36513,1.91,201301200800
36519,2.71,201301200800
36524,2.09,201301200800
36576,0.84,201301200800
36668,2.11,201301200800
36673,0.65,201301200800
36675,1.86,201301200800
36677,0.9,201301200800
36679,2.34,201301200800
36682,1.2,201301200800
36688,2.06,201301200800
36690,2.13,201301200800
36711,2.82,201301200800
36717,1.69,201301200800
36758,1.53,201301200800
36889,1.93,201301200800
36915,0.62,201301200800
36918,2.89,201301200800
36933,1.86,201301200800
36934,1.01,201301200800
36953,1.31,201301200800
36959,2.81,201301200800
36996,2.13,201301200800
36999,0.81,201301200800
37001,1.38,201301200800
37167,2.05,201301200800
37168,1.42,201301200800
37169,1.81,201301200800
37172,2.8,201301200800
37176,2.23,201301200800
37178,2.32,201301200800
37179,2.91,201301200800
37182,1.48,201301200800
37192,1.63,201301200800
37200,2.58,201301200800
37206,2.76,201301200800
37232,2.73,201301200800
37239,2.54,201301200800
37270,1.87,201301200800
37298,1.32,201301200800
37304,2.01,201301200800
37419,0.57,201301200800
37421,0.98,201301200800
37423,0.59,201301200800
37425,2.8,201301200800
37446,1.8,201301200800
37454,0.97,201301200800
37477,1.8,201301200800
37487,1.09,201301200800
37501,1.45,201301200800
37503,1.5,201301200800
37513,1.14,201301200800
37523,0.76,201301200800
37562,2.59,201301200800
37609,0.74,201301200800
37642,1.79,201301200800
37643,1.13,201301200800
37670,2.85,201301200800
37671,1.32,201301200800
37672,2.54,201301200800
37676,0.52,201301200800
37688,2.84,201301200800
37689,0.8,201301200800
37690,1.31,201301200800
37695,1.63,201301200800
37701,2.08,201301200800
37710,1.8,201301200800
37711,0.56,201301200800
37754,0.51,201301200800
37874,2.74,201301200800
37891,0.92,201301200800
37893,2.89,201301200800
37894,2.6,201301200800
37926,2.48,201301200800
37928,1.94,201301200800
37929,2.33,201301200800
37932,2.03,201301200800
37936,2.88,201301200800
37943,0.56,201301200800
37952,2.13,201301200800
37962,1.5,201301200800
37968,1.57,201301200800
38003,2.05,201301200800
38060,2.04,201301200800
38145,1.7,201301200800
38172,1.03,201301200800
38173,1.11,201301200800
38178,1.73,201301200800
38200,1.99,201301200800
38204,1.13,201301200800
38209,0.58,201301200800
38215,2.11,201301200800
38220,1.67,201301200800
38225,1.51,201301200800
38228,2.47,201301200800
38230,1.23,201301200800
38243,2.73,201301200800
38247,1.26,201301200800
38255,2.76,201301200800
38263,2.27,201301200800
38268,3.0,201301200800
38272,2.13,201301200800
38367,2.11,201301200800
38381,1.28,201301200800
38423,0.74,201301200800
38425,2.02,201301200800
38426,0.93,201301200800
38431,1.63,201301200800
38440,0.54,201301200800
38479,2.28,201301200800
38481,0.97,201301200800
38483,0.92,201301200800
38488,2.66,201301200800
38490,2.31,201301200800
38498,1.05,201301200800
38499,2.42,201301200800
38500,0.56,201301200800
38505,2.71,201301200800
38506,1.03,201301200800
38508,1.51,201301200800
38517,2.73,201301200800
38534,0.85,201301200800
38648,2.24,201301200800
38674,1.36,201301200800
38676,0.94,201301200800
38679,1.51,201301200800
38684,2.98,201301200800
38693,2.66,201301200800
38697,2.03,201301200800
38716,2.89,201301200800
38722,1.82,201301200800
38736,2.18,201301200800
38738,1.2,201301200800
38752,1.74,201301200800
38753,1.39,201301200800
38758,2.78,201301200800
38760,0.88,201301200800
38761,0.59,201301200800
38762,2.72,201301200800
38766,1.85,201301200800
38769,2.6,201301200800
38778,2.14,201301200800
38812,1.69,201301200800
38939,2.57,201301200800
38953,1.41,201301200800
38958,0.96,201301200800
38967,2.66,201301200800
39006,2.24,201301200800
39008,2.49,201301200800
39010,0.87,201301200800
39011,0.79,201301200800
39017,2.9,201301200800
39113,2.12,201301200800
39148,0.68,201301200800
39149,1.53,201301200800
39176,1.17,201301200800
39178,1.62,201301200800
39191,2.77,201301200800
39201,0.58,201301200800
39230,0.63,201301200800
39236,2.49,201301200800
39246,1.19,201301200800
39252,1.49,201301200800
39255,1.15,201301200800
39260,1.41,201301200800
39262,1.8,201301200800
39263,0.95,201301200800
39268,0.71,201301200800
39269,1.81,201301200800
39271,2.7,201301200800
39274,1.43,201301200800
39275,2.46,201301200800
39375,1.73,201301200800
39391,1.61,201301200800
39427,2.45,201301200800
39428,2.5,201301200800
39430,1.71,201301200800
39433,2.26,201301200800
39446,1.34,201301200800
39457,0.97,201301200800
39514,1.65,201301200800
39515,2.99,201301200800
39516,0.97,201301200800
39517,1.66,201301200800
39535,1.59,201301200800
39554,2.88,201301200800
39559,2.81,201301200800
39631,2.24,201301200800
39632,1.46,201301200800
39633,1.31,201301200800
39652,2.37,201301200800
39683,2.15,201301200800
39687,2.84,201301200800
39706,2.52,201301200800
39710,0.92,201301200800
39722,1.24,201301200800
39731,2.24,201301200800
39750,2.57,201301200800
39755,1.24,201301200800
39759,0.77,201301200800
39762,2.7,201301200800
39764,2.54,201301200800
39765,1.24,201301200800
39766,2.39,201301200800
39767,0.87,201301200800
39769,1.97,201301200800
39772,2.39,201301200800
39776,2.45,201301200800
39777,1.19,201301200800
39790,2.09,201301200800
39791,2.87,201301200800
39796,1.09,201301200800
39832,1.56,201301200800
39883,1.54,201301200800
39930,2.13,201301200800
39932,2.86,201301200800
39941,2.18,201301200800
39948,1.19,201301200800
39969,2.15,201301200800
40018,1.26,201301200800
40031,2.26,201301200800
40133,0.79,201301200800
40180,2.8,201301200800
40188,0.6,201301200800
40196,2.34,201301200800
40242,2.98,201301200800
40246,2.07,201301200800
40259,2.08,201301200800
40264,2.27,201301200800
40267,2.73,201301200800
40268,0.97,201301200800
40270,1.68,201301200800
40276,2.29,201301200800
40286,0.64,201301200800
40295,0.93,201301200800
40431,1.36,201301200800
40432,0.81,201301200800
40442,2.53,201301200800
40447,2.75,201301200800
40448,1.24,201301200800
40451,0.62,201301200800
40457,2.49,201301200800
40500,2.25,201301200800
40512,1.82,201301200800
40518,0.72,201301200800
40519,2.15,201301200800
40522,1.54,201301200800
40524,0.72,201301200800
40525,1.57,201301200800
40532,2.57,201301200800
40560,2.3,201301200800
40566,2.99,201301200800
40633,0.68,201301200800
40687,1.06,201301200800
40713,2.57,201301200800
40719,1.08,201301200800
40732,0.84,201301200800
40733,1.52,201301200800
40766,1.53,201301200800
40810,1.38,201301200800
40894,2.28,201301200800
40933,1.26,201301200800
40936,2.9,201301200800
40939,2.6,201301200800
40954,1.56,201301200800
40982,1.84,201301200800
41021,1.4,201301200800
41024,2.44,201301200800
41061,1.92,201301200800
41145,2.95,201301200800
41157,2.62,201301200800
41183,1.87,201301200800
41200,1.39,201301200800
41262,2.31,201301200800
41265,0.79,201301200800
41270,0.99,201301200800
41277,0.69,201301200800
41318,0.53,201301200800
41401,1.67,201301200800
41407,1.95,201301200800
41437,2.78,201301200800
41459,2.29,201301200800
41465,1.1,201301200800
41469,2.38,201301200800
41508,1.78,201301200800
41520,2.14,201301200800
41522,2.59,201301200800
41526,1.76,201301200800
41532,2.81,201301200800
41558,2.47,201301200800
41635,1.36,201301200800
41653,1.58,201301200800
41658,2.98,201301200800
41692,2.62,201301200800
41696,2.73,201301200800
41764,2.23,201301200800
41772,1.89,201301200800
41893,0.99,201301200800
41904,1.68,201301200800
41905,0.73,201301200800
41936,0.8,201301200800
41941,1.19,201301200800
41958,0.7,201301200800
41990,0.55,201301200800
42023,2.81,201301200800
42026,1.9,201301200800
42029,0.88,201301200800
42074,1.91,201301200800
42085,1.29,201301200800
42095,2.63,201301200800
42147,1.98,201301200800
42160,1.46,201301200800
42200,0.65,201301200800
42213,2.49,201301200800
42267,0.85,201301200800
42271,1.58,201301200800
42274,1.32,201301200800
42283,2.59,201301200800
42291,1.21,201301200800
42342,1.85,201301200800
42411,0.58,201301200800
42438,2.07,201301200800
42454,1.12,201301200800
42471,1.07,201301200800
42478,2.4,201301200800
42487,2.93,201301200800
42503,0.59,201301200800
42514,2.51,201301200800
42521,1.9,201301200800
42533,1.96,201301200800
42644,0.58,201301200800
42661,0.64,201301200800
42695,2.44,201301200800
42744,2.33,201301200800
42750,2.39,201301200800
42846,2.59,201301200800
42905,1.64,201301200800
42912,1.45,201301200800
42939,1.99,201301200800
42940,2.81,201301200800
42944,1.97,201301200800
42949,2.17,201301200800
43011,2.11,201301200800
43021,1.0,201301200800
43030,2.06,201301200800
43151,0.63,201301200800
43160,2.23,201301200800
43162,2.8,201301200800
43213,1.64,201301200800
43220,0.68,201301200800
43261,2.89,201301200800
43412,0.95,201301200800
43413,3.0,201301200800
43440,2.96,201301200800
43443,2.13,201301200800
43449,2.76,201301200800
43483,2.71,201301200800
43484,1.42,201301200800
43494,2.25,201301200800
43518,2.29,201301200800
43523,2.71,201301200800
43526,2.31,201301200800
43530,1.25,201301200800
43571,1.69,201301200800
43642,1.5,201301200800
43662,2.06,201301200800
43738,1.2,201301200800
43760,0.81,201301200800
43779,0.62,201301200800
43914,2.78,201301200800
43957,0.95,201301200800
43980,2.53,201301200800
43984,0.73,201301200800
43992,1.56,201301200800
43995,1.29,201301200800
44002,2.84,201301200800
44039,2.78,201301200800
44194,0.92,201301200800
44197,0.68,201301200800
44204,0.61,201301200800
44215,1.08,201301200800
44226,1.46,201301200800
44247,1.27,201301200800
44255,1.82,201301200800
44282,1.95,201301200800
44284,1.65,201301200800
44356,2.53,201301200800
44470,1.63,201301200800
44486,1.79,201301200800
44503,1.36,201301200800
44504,0.66,201301200800
44510,1.18,201301200800
44517,0.84,201301200800
44534,1.82,201301200800
44578,1.63,201301200800
44666,2.19,201301200800
44694,0.58,201301200800
44697,2.78,201301200800
44716,1.39,201301200800
44724,2.73,201301200800
44743,2.81,201301200800
44755,2.32,201301200800
44756,1.8,201301200800
44757,0.7,201301200800
44758,0.62,201301200800
44786,2.59,201301200800
44787,1.04,201301200800
44911,1.65,201301200800
44963,0.88,201301200800
45005,1.02,201301200800
45006,1.99,201301200800
45007,0.96,201301200800
45008,1.28,201301200800
45039,2.69,201301200800
45114,2.93,201301200800
45168,0.83,201301200800
45200,2.27,201301200800
45203,2.99,201301200800
45208,1.97,201301200800
45237,0.86,201301200800
45254,1.08,201301200800
45256,2.91,201301200800
45258,1.3,201301200800
45261,2.76,201301200800
45265,2.95,201301200800
45266,1.38,201301200800
45401,0.9,201301200800
45479,0.94,201301200800
45502,2.9,201301200800
45507,1.26,201301200800
45509,1.38,201301200800
45526,1.75,201301200800
45538,2.89,201301200800
45582,0.76,201301200800
45661,2.22,201301200800
45701,1.06,201301200800
45703,1.27,201301200800
45716,2.79,201301200800
45720,1.44,201301200800
45725,2.46,201301200800
45735,2.54,201301200800
45747,1.94,201301200800
45766,0.93,201301200800
45793,1.7,201301200800
45795,1.01,201301200800
45919,2.91,201301200800
45948,2.8,201301200800
46008,1.89,201301200800
46036,2.54,201301200800
46041,1.86,201301200800
46052,1.56,201301200800
46074,2.24,201301200800
46145,2.75,201301200800
46202,1.75,201301200800
46209,2.93,201301200800
46242,2.58,201301200800
46265,2.61,201301200800
46372,1.97,201301200800
46384,2.43,201301200800
46455,0.89,201301200800
46508,2.17,201301200800
46523,1.6,201301200800
46538,1.63,201301200800
46565,2.78,201301200800
46574,1.11,201301200800
46626,1.14,201301200800
46700,0.99,201301200800
46738,1.64,201301200800
46770,0.91,201301200800
46778,1.45,201301200800
46787,0.57,201301200800
46803,0.79,201301200800
46954,2.46,201301200800
46964,2.78,201301200800
46972,2.15,201301200800
46976,2.82,201301200800
46981,2.32,201301200800
47011,1.08,201301200800
47015,1.54,201301200800
47047,0.97,201301200800
47253,0.77,201301200800
47288,1.59,201301200800
47295,0.87,201301200800
47342,2.01,201301200800
47454,1.21,201301200800
47535,1.87,201301200800
47543,2.63,201301200800
47705,1.92,201301200800
47709,1.87,201301200800
47711,1.95,201301200800
47758,1.65,201301200800
47806,1.69,201301200800
47889,1.7,201301200800
47926,0.61,201301200800
47968,0.6,201301200800
47972,2.03,201301200800
47977,2.1,201301200800
47982,0.84,201301200800
48032,1.03,201301200800
48209,1.11,201301200800
48239,0.89,201301200800
48244,1.24,201301200800
48278,2.43,201301200800
48420,0.72,201301200800
48427,1.42,201301200800
48499,1.05,201301200800
48503,2.59,201301200800
48552,2.61,201301200800
48584,1.39,201301200800
48713,1.38,201301200800
48759,1.02,201301200800
48848,1.02,201301200800
48898,2.79,201301200800
49017,2.82,201301200800
49049,1.18,201301200800
49229,0.79,201301200800
49241,2.34,201301200800
49472,1.79,201301200800
49483,1.05,201301200800
49542,1.07,201301200800
49555,2.27,201301200800
49679,0.64,201301200800
49750,2.08,201301200800
49760,2.68,201301200800
49777,0.52,201301200800
49968,2.53,201301200800
50053,2.39,201301200800
50103,1.22,201301200800
50180,1.66,201301200800
50285,1.73,201301200800
50430,1.54,201301200800
50470,2.29,201301200800
50494,1.8,201301200800
50511,2.25,201301200800
50549,0.59,201301200800
50680,1.08,201301200800
50682,2.84,201301200800
50731,0.62,201301200800
50812,1.21,201301200800
50872,1.88,201301200800
51029,2.9,201301200800
51046,1.5,201301200800
51053,1.05,201301200800
51056,1.5,201301200800
51162,1.09,201301200800
51177,2.99,201301200800
51182,1.44,201301200800
51228,2.53,201301200800
51258,0.76,201301200800
51430,1.02,201301200800
51431,2.22,201301200800
51432,2.43,201301200800
51520,0.53,201301200800
51681,1.76,201301200800
51682,0.57,201301200800
51725,1.86,201301200800
51790,1.1,201301200800
51832,1.37,201301200800
51857,1.82,201301200800
51931,1.62,201301200800
51932,1.16,201301200800
51986,1.39,201301200800
52003,0.86,201301200800
52182,2.71,201301200800
52244,1.6,201301200800
52259,1.63,201301200800
52280,1.08,201301200800
52319,2.53,201301200800
52473,1.61,201301200800
52518,2.26,201301200800
52631,0.97,201301200800
52679,2.99,201301200800
52729,2.08,201301200800
52811,0.75,201301200800
52983,2.48,201301200800
52988,2.39,201301200800
52993,1.5,201301200800
53000,2.06,201301200800
53016,1.1,201301200800
53027,2.16,201301200800
53072,0.78,201301200800
53090,1.53,201301200800
53177,2.5,201301200800
53178,1.07,201301200800
53381,2.98,201301200800
53427,0.51,201301200800
53429,1.81,201301200800
53761,0.65,201301200800
53774,2.69,201301200800
53797,2.01,201301200800
53810,1.83,201301200800
53822,0.77,201301200800
53864,2.41,201301200800
53927,2.83,201301200800
54038,2.11,201301200800
54071,2.91,201301200800
54234,2.5,201301200800
54281,0.79,201301200800
54284,2.93,201301200800
54327,2.39,201301200800
54334,1.54,201301200800
54349,2.07,201301200800
54427,1.82,201301200800
54503,1.29,201301200800
54510,2.31,201301200800
54520,2.04,201301200800
54550,1.88,201301200800
54578,0.56,201301200800
54678,1.76,201301200800
54828,2.08,201301200800
54983,1.61,201301200800
54996,2.87,201301200800
55070,1.72,201301200800
55329,1.97,201301200800
55331,2.92,201301200800
55535,2.48,201301200800
55633,1.21,201301200800
55680,2.34,201301200800
55761,0.53,201301200800
55831,2.16,201301200800
55832,1.86,201301200800
55838,2.43,201301200800
55845,2.01,201301200800
56106,0.57,201301200800
56493,2.28,201301200800
56571,2.95,201301200800
56586,0.91,201301200800
56587,1.26,201301200800
56591,1.8,201301200800
56738,1.63,201301200800
56835,2.0,201301200800
56882,1.42,201301200800
56887,2.13,201301200800
56888,1.41,201301200800
56933,2.28,201301200800
56934,1.47,201301200800
57042,2.03,201301200800
57062,2.89,201301200800
57189,1.99,201301200800
57261,0.79,201301200800
57329,2.22,201301200800
57342,1.72,201301200800
57376,2.38,201301200800
57378,1.81,201301200800
57380,2.87,201301200800
57397,2.56,201301200800
57440,2.51,201301200800
57495,1.89,201301200800
57523,0.99,201301200800
57555,0.64,201301200800
57597,0.77,201301200800
57613,2.97,201301200800
57615,1.42,201301200800
57628,2.08,201301200800
57631,1.83,201301200800
57823,1.11,201301200800
57837,0.73,201301200800
57851,0.57,201301200800
57852,2.56,201301200800
57906,2.65,201301200800
58179,1.76,201301200800
58251,0.89,201301200800
58421,1.06,201301200800
58511,2.29,201301200800
58632,2.97,201301200800
58744,1.0,201301200800
58802,1.97,201301200800
58814,1.04,201301200800
58879,2.53,201301200800
58892,2.22,201301200800
59010,1.67,201301200800
59043,0.55,201301200800
59104,1.65,201301200800
59125,2.28,201301200800
59134,1.21,201301200800
59285,1.21,201301200800
59329,0.55,201301200800
59555,2.66,201301200800
59635,2.22,201301200800
59745,1.5,201301200800
59927,0.93,201301200800
59941,1.14,201301200800
60008,1.37,201301200800
60011,1.3,201301200800
60114,2.39,201301200800
60141,2.61,201301200800
60147,2.26,201301200800
60331,2.7,201301200800
60344,1.21,201301200800
60350,1.65,201301200800
60578,2.09,201301200800
60593,1.94,201301200800
60613,2.69,201301200800
60630,0.52,201301200800
60635,1.52,201301200800
60649,2.39,201301200800
60750,0.93,201301200800
60774,0.71,201301200800
60819,1.77,201301200800
60880,2.57,201301200800
60888,2.86,201301200800
61062,1.74,201301200800
61110,2.97,201301200800
61263,1.87,201301200800
61343,0.84,201301200800
61591,0.65,201301200800
61597,1.73,201301200800
61654,1.71,201301200800
61818,1.03,201301200800
62077,0.98,201301200800
62104,2.93,201301200800
62135,0.62,201301200800
62140,0.93,201301200800
62252,0.91,201301200800
62558,2.3,201301200800
62589,1.74,201301200800
62757,2.34,201301200800
62772,1.01,201301200800
62850,0.51,201301200800
62926,2.85,201301200800
62948,1.9,201301200800
63044,2.87,201301200800
63153,0.83,201301200800
63383,1.19,201301200800
63397,1.52,201301200800
63398,0.6,201301200800
63407,0.55,201301200800
63574,1.23,201301200800
63586,1.29,201301200800
63816,1.01,201301200800
64102,0.69,201301200800
64150,2.84,201301200800
64200,0.8,201301200800
64515,2.25,201301200800
64529,0.51,201301200800
64573,2.31,201301200800
64581,1.34,201301200800
64815,1.29,201301200800
64915,2.49,201301200800
65059,1.22,201301200800
65144,2.19,201301200800
65320,1.37,201301200800
65375,0.57,201301200800
65454,0.6,201301200800
65528,2.19,201301200800
65607,1.67,201301200800
65774,2.14,201301200800
65838,2.44,201301200800
66068,1.8,201301200800
66084,0.63,201301200800
66151,2.21,201301200800
66353,2.58,201301200800
66538,1.87,201301200800
66575,1.45,201301200800
66637,2.35,201301200800
66827,1.12,201301200800
66870,0.82,201301200800
67110,2.11,201301200800
67207,2.04,201301200800
67335,2.49,201301200800
67385,1.63,201301200800
67599,0.86,201301200800
67601,0.95,201301200800
67602,1.33,201301200800
67698,1.05,201301200800
67824,2.96,201301200800
67842,2.05,201301200800
67854,2.89,201301200800
67855,1.13,201301200800
67918,1.97,201301200800
68103,1.49,201301200800
68104,1.63,201301200800
68110,0.98,201301200800
68111,2.68,201301200800
68349,1.57,201301200800
68354,2.92,201301200800
68356,1.28,201301200800
68454,2.1,201301200800
68455,2.17,201301200800
68587,1.66,201301200800
68857,2.27,201301200800
68858,2.76,201301200800
68897,1.51,201301200800
68924,1.54,201301200800
68930,1.28,201301200800
69106,2.74,201301200800
69190,0.71,201301200800
69206,1.15,201301200800
69359,0.91,201301200800
69371,1.26,201301200800
69455,1.16,201301200800
69582,2.19,201301200800
69613,1.31,201301200800
69676,1.2,201301200800
70115,0.88,201301200800
70132,2.22,201301200800
70181,2.19,201301200800
70342,0.51,201301200800
70352,2.8,201301200800
70360,0.62,201301200800
70374,1.45,201301200800
70440,2.32,201301200800
70462,0.64,201301200800
70619,2.23,201301200800
70659,1.57,201301200800
70715,1.98,201301200800
70903,1.59,201301200800
70934,0.77,201301200800
70961,2.58,201301200800
71122,2.09,201301200800
71187,2.51,201301200800
71399,2.62,201301200800
71601,2.68,201301200800
71629,2.97,201301200800
71888,1.48,201301200800
71961,2.47,201301200800
71964,2.12,201301200800
72201,2.72,201301200800
72218,2.35,201301200800
72345,1.17,201301200800
72367,2.57,201301200800
72407,2.01,201301200800
72416,1.77,201301200800
72706,1.25,201301200800
72894,2.61,201301200800
73104,0.9,201301200800
73135,1.01,201301200800
73211,1.87,201301200800
73223,2.01,201301200800
73451,2.14,201301200800
73460,0.51,201301200800
73461,2.95,201301200800
73557,1.91,201301200800
73669,2.05,201301200800
74158,0.63,201301200800
74216,2.27,201301200800
74388,0.75,201301200800
74396,0.71,201301200800
74466,1.36,201301200800
74467,2.65,201301200800
74638,1.28,201301200800
74677,1.08,201301200800
74678,0.58,201301200800
74711,2.81,201301200800
74721,2.16,201301200800
74962,0.63,201301200800
74968,1.64,201301200800
74973,2.21,201301200800
75224,2.01,201301200800
75329,2.26,201301200800
75386,2.16,201301200800
75424,0.77,201301200800
75436,2.5,201301200800
75475,0.65,201301200800
75619,1.42,201301200800
75721,1.03,201301200800
75722,2.82,201301200800
75724,2.26,201301200800
75725,2.76,201301200800
75726,1.28,201301200800
75727,2.09,201301200800
75974,1.84,201301200800
75975,2.04,201301200800
76133,0.52,201301200800
76227,0.85,201301200800
76393,0.58,201301200800
76473,2.03,201301200800
76477,0.86,201301200800
76654,1.11,201301200800
76728,2.25,201301200800
76959,1.53,201301200800
77169,2.29,201301200800
77230,0.5,201301200800
77381,1.38,201301200800
77458,0.92,201301200800
77641,0.83,201301200800
77942,2.83,201301200800
77981,0.95,201301200800
78205,1.39,201301200800
78418,1.14,201301200800
78654,1.3,201301200800
78733,2.03,201301200800
78881,2.06,201301200800
78896,2.45,201301200800
78909,1.43,201301200800
78983,1.72,201301200800
79234,2.38,201301200800
79379,2.24,201301200800
79394,1.53,201301200800
79484,2.5,201301200800
79712,2.26,201301200800
79911,2.07,201301200800
79915,1.17,201301200800
80160,1.9,201301200800
80161,2.78,201301200800
80193,0.8,201301200800
80352,2.55,201301200800
80397,0.64,201301200800
80406,2.05,201301200800
80411,2.73,201301200800
80412,1.58,201301200800
80413,2.78,201301200800
80420,1.28,201301200800
80485,1.32,201301200800
80635,1.74,201301200800
80659,2.48,201301200800
80663,2.52,201301200800
80664,1.78,201301200800
80703,1.35,201301200800
80877,0.87,201301200800
80916,1.4,201301200800
81163,2.25,201301200800
81164,0.76,201301200800
81354,0.95,201301200800
81363,1.34,201301200800
81390,1.36,201301200800
81625,1.38,201301200800
81651,2.74,201301200800
81899,2.98,201301200800
82135,0.95,201301200800
82168,1.69,201301200800
82169,1.93,201301200800
82237,1.92,201301200800
82613,0.67,201301200800
82622,2.43,201301200800
82664,1.55,201301200800
82892,2.17,201301200800
82951,1.61,201301200800
83410,2.38,201301200800
83489,2.21,201301200800
83735,0.7,201301200800
83865,0.88,201301200800
84123,1.18,201301200800
84179,2.18,201301200800
84207,2.35,201301200800
84212,0.7,201301200800
84221,1.16,201301200800
84366,1.9,201301200800
84689,1.15,201301200800
84712,1.59,201301200800
84902,2.08,201301200800
85474,2.14,201301200800
85487,1.04,201301200800
85620,0.96,201301200800
85705,1.59,201301200800
85715,0.94,201301200800
85738,1.12,201301200800
86440,1.7,201301200800
86622,1.26,201301200800
86623,1.42,201301200800
86672,1.97,201301200800
86873,2.12,201301200800
86895,2.21,201301200800
87121,0.71,201301200800
87227,1.75,201301200800
87460,1.6,201301200800
87690,1.06,201301200800
87873,2.93,201301200800
88242,1.67,201301200800
88463,2.69,201301200800
89120,1.38,201301200800
89152,1.47,201301200800
89175,2.16,201301200800
89198,1.41,201301200800
89615,1.29,201301200800
89625,2.52,201301200800
90116,2.94,201301200800
90183,1.96,201301200800
90497,1.51,201301200800
90699,1.64,201301200800
90719,2.4,201301200800
91200,2.04,201301200800
91432,2.48,201301200800
91434,1.17,201301200800
91684,1.52,201301200800
91713,2.53,201301200800
91744,0.65,201301200800
92233,1.57,201301200800
93205,1.1,201301200800
93244,1.98,201301200800
93252,2.62,201301200800
93463,1.46,201301200800
93675,1.01,201301200800
93944,2.13,201301200800
94431,2.89,201301200800
94710,0.94,201301200800
94755,2.75,201301200800
94997,1.21,201301200800
95000,0.52,201301200800
95707,0.61,201301200800
95949,2.4,201301200800
95998,2.25,201301200800
96188,2.31,201301200800
96225,0.55,201301200800
96249,1.57,201301200800
96468,1.43,201301200800
96486,2.28,201301200800
96718,0.9,201301200800
96972,1.65,201301200800
96995,0.66,201301200800
97251,2.15,201301200800
97440,2.85,201301200800
97471,1.33,201301200800
97969,1.44,201301200800
97990,0.64,201301200800
98224,1.77,201301200800
98229,1.34,201301200800
98450,1.81,201301200800
98475,1.02,201301200800
98739,1.78,201301200800
99256,2.05,201301200800
99468,2.5,201301200800
99730,1.56,201301200800
101215,1.09,201301200800
101911,1.56,201301200800
101912,2.97,201301200800
101989,2.45,201301200800
102999,0.55,201301200800
103242,0.77,201301200800
103431,2.01,201301200800
104177,0.75,201301200800
104221,0.65,201301200800
104239,1.02,201301200800
104701,2.26,201301200800
104984,1.19,201301200800
105196,0.79,201301200800
105219,1.51,201301200800
105460,0.74,201301200800
105461,2.83,201301200800
105481,1.69,201301200800
105489,1.58,201301200800
105709,1.47,201301200800
105710,1.8,201301200800
105711,1.35,201301200800
105712,1.36,201301200800
105713,2.2,201301200800
105715,2.17,201301200800
105726,2.68,201301200800
105727,2.16,201301200800
105736,2.68,201301200800
105960,2.76,201301200800
105961,0.83,201301200800
105962,0.56,201301200800
105963,1.32,201301200800
105964,1.22,201301200800
105975,1.3,201301200800
106195,2.17,201301200800
106213,1.29,201301200800
106214,2.78,201301200800
106215,1.37,201301200800
106221,0.63,201301200800
106231,1.75,201301200800
106232,1.14,201301200800
106234,0.98,201301200800
106235,1.48,201301200800
106237,2.59,201301200800
106446,2.86,201301200800
106447,1.88,201301200800
106462,2.17,201301200800
106463,0.56,201301200800
106465,2.78,201301200800
106466,0.97,201301200800
106467,0.65,201301200800
106480,2.8,201301200800
106712,2.57,201301200800
106717,1.94,201301200800
106718,1.57,201301200800
106741,2.98,201301200800
106958,1.5,201301200800
106964,1.44,201301200800
106965,2.63,201301200800
106966,2.98,201301200800
106967,1.29,201301200800
106971,0.87,201301200800
106983,2.09,201301200800
106997,1.3,201301200800
107200,1.51,201301200800
107212,1.03,201301200800
107219,0.51,201301200800
107240,1.38,201301200800
107460,2.69,201301200800
107465,2.81,201301200800
107466,0.98,201301200800
107468,1.12,201301200800
107491,2.56,201301200800
107711,0.61,201301200800
107725,1.84,201301200800
107726,2.29,201301200800
107954,2.75,201301200800
107966,2.8,201301200800
107971,2.88,201301200800
107979,1.57,201301200800
107993,1.47,201301200800
108205,1.48,201301200800
108211,1.66,201301200800
108214,0.76,201301200800
108215,1.5,201301200800
108217,2.66,201301200800
108219,2.23,201301200800
108220,2.12,201301200800
108222,2.78,201301200800
108225,1.68,201301200800
108230,2.99,201301200800
108454,0.77,201301200800
108463,1.45,201301200800
108499,0.6,201301200800
108717,0.74,201301200800
108722,2.15,201301200800
108724,1.65,201301200800
108733,2.46,201301200800
108968,2.49,201301200800
108975,1.59,201301200800
108984,2.1,201301200800
108985,0.67,201301200800
109216,0.9,201301200800
109219,2.77,201301200800
109222,2.74,201301200800
109227,1.32,201301200800
109231,2.14,201301200800
109236,1.27,201301200800
109245,2.76,201301200800
109473,2.34,201301200800
109487,2.44,201301200800
109494,2.73,201301200800
109495,1.64,201301200800
109496,2.54,201301200800
109497,1.84,201301200800
109742,2.7,201301200800
109744,2.23,201301200800
109748,1.58,201301200800
109750,1.33,201301200800
109980,2.25,201301200800
109991,1.89,201301200800
109994,1.86,201301200800
109998,1.5,201301200800
110001,0.7,201301200800
110243,2.74,201301200800
110247,2.67,201301200800
110249,2.22,201301200800
110251,2.0,201301200800
110253,2.26,201301200800
110254,2.96,201301200800
