cell,mobility,dtg
1610,0.85,201301040800
1846,0.64,201301040800
1851,0.66,201301040800
1853,2.35,201301040800
1856,2.88,201301040800
1857,1.48,201301040800
2103,1.64,201301040800
2105,0.69,201301040800
2106,2.56,201301040800
2107,0.55,201301040800
2114,2.22,201301040800
2342,2.81,201301040800
2347,2.82,201301040800
2351,0.55,201301040800
2354,1.41,201301040800
2357,2.88,201301040800
2372,0.74,201301040800
2374,2.26,201301040800
2591,0.63,201301040800
2595,1.4,201301040800
2605,2.49,201301040800
2611,0.62,201301040800
2615,0.92,201301040800
2620,2.53,201301040800
2627,2.24,201301040800
2839,2.01,201301040800
2847,2.65,201301040800
3086,2.38,201301040800
3094,1.58,201301040800
3100,1.62,201301040800
3124,1.13,201301040800
3128,2.63,201301040800
3334,2.66,201301040800
3337,1.19,201301040800
3375,1.48,201301040800
3614,1.53,201301040800
3619,2.17,201301040800
3632,0.61,201301040800
3635,0.84,201301040800
3830,1.3,201301040800
3831,1.84,201301040800
3833,2.79,201301040800
3837,1.44,201301040800
3845,1.86,201301040800
3856,2.41,201301040800
3860,2.36,201301040800
3865,0.64,201301040800
4078,1.6,201301040800
4081,2.14,201301040800
4137,2.46,201301040800
4141,1.65,201301040800
4142,1.75,201301040800
4328,2.23,201301040800
4329,1.21,201301040800
4341,2.37,201301040800
4345,1.85,201301040800
4348,2.31,201301040800
4354,1.13,201301040800
4372,1.4,201301040800
4577,0.67,201301040800
4578,1.64,201301040800
4580,2.79,201301040800
4582,2.77,201301040800
4605,1.37,201301040800
4608,1.81,201301040800
4631,2.87,201301040800
4636,2.35,201301040800
4637,2.35,201301040800
4829,2.44,201301040800
4830,0.63,201301040800
4831,2.53,201301040800
4834,2.94,201301040800
4837,1.03,201301040800
4852,0.78,201301040800
4863,2.03,201301040800
4868,1.56,201301040800
4890,1.08,201301040800
4891,1.21,201301040800
5078,1.63,201301040800
5081,1.18,201301040800
5084,0.92,201301040800
5127,2.15,201301040800
5153,2.42,201301040800
5327,2.83,201301040800
5329,0.87,201301040800
5333,2.72,201301040800
5334,0.98,201301040800
5339,1.61,201301040800
5369,3.0,201301040800
5402,2.41,201301040800
5410,1.2,201301040800
5577,1.52,201301040800
5581,2.5,201301040800
5592,1.07,201301040800
5612,2.11,201301040800
5623,1.79,201301040800
5876,2.28,201301040800
5893,1.08,201301040800
5898,2.73,201301040800
6078,1.56,201301040800
6118,1.39,201301040800
6136,2.44,201301040800
6158,1.31,201301040800
6159,0.66,201301040800
6333,1.1,201301040800
6353,1.48,201301040800
6365,0.96,201301040800
6366,0.94,201301040800
6414,1.18,201301040800
6588,1.83,201301040800
6609,0.66,201301040800
6635,0.64,201301040800
6668,1.23,201301040800
6841,2.91,201301040800
6849,1.96,201301040800
6896,0.85,201301040800
6924,1.36,201301040800
6928,1.27,201301040800
6935,1.51,201301040800
6939,1.21,201301040800
7077,1.93,201301040800
7078,1.5,201301040800
7085,2.19,201301040800
7088,0.86,201301040800
7113,0.73,201301040800
7114,1.45,201301040800
7129,1.9,201301040800
7133,2.56,201301040800
7165,2.87,201301040800
7192,2.16,201301040800
7354,1.02,201301040800
7375,1.43,201301040800
7379,2.34,201301040800
7401,1.47,201301040800
7410,2.55,201301040800
7436,1.19,201301040800
7584,1.8,201301040800
7646,0.56,201301040800
7849,2.78,201301040800
7871,0.79,201301040800
7927,1.67,201301040800
7948,2.04,201301040800
8080,1.53,201301040800
8170,2.9,201301040800
8182,1.69,201301040800
8195,1.81,201301040800
8342,1.58,201301040800
8582,1.98,201301040800
8602,0.65,201301040800
8609,1.12,201301040800
8638,1.13,201301040800
8656,1.32,201301040800
8830,2.7,201301040800
8839,2.49,201301040800
8876,1.55,201301040800
8897,2.25,201301040800
8912,1.06,201301040800
8918,1.11,201301040800
8929,2.62,201301040800
8940,1.46,201301040800
8954,1.87,201301040800
9140,1.07,201301040800
9333,1.67,201301040800
9468,1.73,201301040800
9473,2.72,201301040800
9589,0.75,201301040800
9601,1.68,201301040800
9607,2.44,201301040800
9658,2.13,201301040800
9724,0.83,201301040800
9833,2.62,201301040800
10084,2.44,201301040800
10089,1.47,201301040800
10096,0.85,201301040800
10144,2.31,201301040800
10170,2.44,201301040800
10181,2.63,201301040800
10189,1.12,201301040800
10201,1.97,201301040800
10334,2.3,201301040800
10335,0.73,201301040800
10383,1.15,201301040800
10414,1.47,201301040800
10444,2.32,201301040800
10458,0.79,201301040800
10477,1.14,201301040800
10586,1.87,201301040800
10601,2.49,201301040800
10609,0.62,201301040800
10616,2.99,201301040800
10633,0.85,201301040800
10655,1.99,201301040800
10665,1.8,201301040800
10681,1.21,201301040800
10717,2.08,201301040800
10835,0.53,201301040800
10837,2.59,201301040800
10847,1.73,201301040800
10903,1.54,201301040800
10911,2.11,201301040800
10918,1.17,201301040800
10973,2.13,201301040800
11087,0.87,201301040800
11092,1.84,201301040800
11128,0.81,201301040800
11222,2.61,201301040800
11223,2.5,201301040800
11225,1.45,201301040800
11238,2.19,201301040800
11361,1.74,201301040800
11393,2.05,201301040800
11424,1.87,201301040800
11601,1.61,201301040800
11682,1.55,201301040800
11704,1.61,201301040800
11858,2.24,201301040800
11884,1.06,201301040800
11901,2.61,201301040800
11946,0.51,201301040800
11960,0.94,201301040800
11972,2.84,201301040800
12089,0.6,201301040800
12090,2.81,201301040800
12096,1.46,201301040800
12120,0.91,201301040800
12157,2.26,201301040800
12230,2.13,201301040800
12383,2.44,201301040800
12431,0.77,201301040800
12601,1.7,201301040800
12625,1.02,201301040800
12632,1.77,201301040800
12842,1.39,201301040800
12875,1.11,201301040800
12901,2.81,201301040800
12913,2.91,201301040800
12933,1.61,201301040800
12934,2.03,201301040800
12985,2.12,201301040800
13099,2.66,201301040800
13114,1.56,201301040800
13150,1.14,201301040800
13175,2.75,201301040800
13183,2.36,201301040800
13222,0.61,201301040800
13358,1.58,201301040800
13444,1.2,201301040800
13455,1.71,201301040800
13456,1.92,201301040800
13670,0.93,201301040800
13694,0.66,201301040800
13845,1.87,201301040800
13849,0.78,201301040800
14011,1.83,201301040800
14095,1.47,201301040800
14133,0.97,201301040800
14161,1.42,201301040800
14167,2.89,201301040800
14184,0.73,201301040800
14241,0.68,201301040800
14255,1.78,201301040800
14349,2.93,201301040800
14350,1.0,201301040800
14375,1.8,201301040800
14452,2.74,201301040800
14475,0.87,201301040800
14620,0.58,201301040800
14673,0.75,201301040800
14745,0.78,201301040800
14859,1.33,201301040800
14936,1.35,201301040800
14995,0.79,201301040800
15097,1.25,201301040800
15098,0.76,201301040800
15246,1.23,201301040800
15349,2.47,201301040800
15440,1.14,201301040800
15600,2.9,201301040800
15656,1.99,201301040800
15672,0.81,201301040800
15699,0.65,201301040800
15714,0.77,201301040800
15725,0.83,201301040800
15744,1.28,201301040800
15849,1.93,201301040800
15850,2.12,201301040800
15851,1.39,201301040800
15853,2.37,201301040800
15871,1.99,201301040800
16100,2.43,201301040800
16105,1.83,201301040800
16114,1.45,201301040800
16171,1.33,201301040800
16184,2.54,201301040800
16400,2.48,201301040800
16414,1.94,201301040800
16601,1.2,201301040800
16604,1.88,201301040800
16625,2.13,201301040800
16670,2.29,201301040800
16853,2.67,201301040800
16868,2.44,201301040800
16932,2.14,201301040800
17232,1.41,201301040800
17355,1.97,201301040800
17358,2.86,201301040800
17367,2.17,201301040800
17635,2.58,201301040800
17673,2.74,201301040800
17681,1.44,201301040800
17884,2.33,201301040800
17984,0.97,201301040800
18108,2.39,201301040800
18115,2.04,201301040800
18118,1.59,201301040800
18123,2.78,201301040800
18139,1.11,201301040800
18154,1.56,201301040800
18160,2.7,201301040800
18177,1.76,201301040800
18185,1.68,201301040800
18383,1.27,201301040800
18404,2.82,201301040800
18427,0.95,201301040800
18466,2.06,201301040800
18616,2.94,201301040800
18629,2.87,201301040800
18861,1.37,201301040800
18866,1.31,201301040800
18925,1.83,201301040800
19110,1.64,201301040800
19112,1.1,201301040800
19114,1.16,201301040800
19122,0.54,201301040800
19360,2.16,201301040800
19443,1.46,201301040800
19481,2.87,201301040800
19611,0.52,201301040800
19612,1.71,201301040800
19618,0.67,201301040800
19633,1.48,201301040800
19678,2.36,201301040800
19878,1.39,201301040800
19913,2.66,201301040800
20113,0.63,201301040800
20114,1.26,201301040800
20116,0.58,201301040800
20170,2.58,201301040800
20363,1.63,201301040800
20387,1.57,201301040800
20396,2.3,201301040800
20436,2.42,201301040800
20616,2.89,201301040800
20621,0.64,201301040800
20628,1.38,201301040800
20651,2.05,201301040800
20671,1.52,201301040800
20682,2.84,201301040800
20864,1.05,201301040800
20882,3.0,201301040800
20931,2.96,201301040800
20995,0.92,201301040800
21115,2.17,201301040800
21118,0.94,201301040800
21201,1.6,201301040800
21373,2.53,201301040800
21377,2.37,201301040800
21392,1.47,201301040800
21407,0.78,201301040800
21428,2.6,201301040800
21448,2.16,201301040800
21617,2.34,201301040800
21619,1.17,201301040800
21639,0.82,201301040800
21658,2.29,201301040800
21663,2.28,201301040800
21701,1.07,201301040800
21721,1.7,201301040800
21868,1.42,201301040800
21871,1.07,201301040800
21999,2.07,201301040800
22126,1.65,201301040800
22133,2.8,201301040800
22174,1.4,201301040800
22176,0.84,201301040800
22205,2.65,201301040800
22368,2.88,201301040800
22395,0.83,201301040800
22419,1.11,201301040800
22420,2.3,201301040800
22421,1.1,201301040800
22422,1.2,201301040800
22619,1.83,201301040800
22630,2.67,201301040800
22634,2.61,201301040800
22671,1.43,201301040800
22673,1.26,201301040800
22700,0.87,201301040800
22751,1.65,201301040800
22768,1.73,201301040800
22869,1.34,201301040800
22877,2.62,201301040800
22928,2.55,201301040800
22940,2.95,201301040800
22955,0.99,201301040800
22963,0.57,201301040800
22966,1.29,201301040800
23120,1.41,201301040800
23124,0.81,201301040800
23125,0.9,201301040800
23131,0.96,201301040800
23138,3.0,201301040800
23169,2.38,201301040800
23194,1.73,201301040800
23216,2.93,201301040800
23370,0.88,201301040800
23371,0.54,201301040800
23379,1.3,201301040800
23386,0.64,201301040800
23388,2.29,201301040800
23427,1.55,201301040800
23621,0.97,201301040800
23627,1.79,201301040800
23635,1.43,201301040800
23641,2.07,201301040800
23662,1.14,201301040800
23669,1.83,201301040800
23690,1.44,201301040800
23744,1.37,201301040800
23750,2.24,201301040800
23872,2.35,201301040800
23873,2.69,201301040800
23875,2.3,201301040800
23881,1.08,201301040800
23894,1.1,201301040800
23896,2.01,201301040800
23907,2.03,201301040800
23925,0.71,201301040800
23973,1.07,201301040800
24005,0.52,201301040800
24009,2.63,201301040800
24032,1.03,201301040800
24122,2.95,201301040800
24123,2.2,201301040800
24149,2.98,201301040800
24247,1.24,201301040800
24251,1.02,201301040800
24265,0.83,201301040800
24266,0.91,201301040800
24373,1.44,201301040800
24374,0.64,201301040800
24380,2.5,201301040800
24381,2.32,201301040800
24383,1.07,201301040800
24387,2.77,201301040800
24402,2.46,201301040800
24405,1.41,201301040800
24423,1.39,201301040800
24623,1.61,201301040800
24626,2.03,201301040800
24643,1.31,201301040800
24732,1.36,201301040800
24734,1.92,201301040800
24739,0.61,201301040800
24774,2.9,201301040800
24775,1.28,201301040800
24781,1.85,201301040800
24837,2.07,201301040800
24874,1.47,201301040800
24877,2.52,201301040800
24879,2.37,201301040800
24880,2.39,201301040800
24895,2.04,201301040800
24920,1.53,201301040800
24990,1.4,201301040800
24991,2.61,201301040800
24993,1.65,201301040800
25124,0.89,201301040800
25125,1.19,201301040800
25126,1.48,201301040800
25129,0.94,201301040800
25130,1.99,201301040800
25132,1.59,201301040800
25136,2.02,201301040800
25138,2.72,201301040800
25141,1.46,201301040800
25179,1.16,201301040800
25187,0.64,201301040800
25375,2.9,201301040800
25376,1.9,201301040800
25377,1.75,201301040800
25379,1.99,201301040800
25385,2.24,201301040800
25395,1.88,201301040800
25400,2.67,201301040800
25405,2.19,201301040800
25412,0.68,201301040800
25427,2.64,201301040800
25626,2.39,201301040800
25627,2.08,201301040800
25628,1.99,201301040800
25629,0.83,201301040800
25632,1.05,201301040800
25633,2.35,201301040800
25642,1.71,201301040800
25715,2.91,201301040800
25747,1.62,201301040800
25763,0.89,201301040800
25876,2.51,201301040800
25877,0.7,201301040800
25878,1.46,201301040800
25881,2.09,201301040800
25882,1.72,201301040800
25886,2.58,201301040800
25888,2.66,201301040800
25926,2.42,201301040800
25997,1.45,201301040800
26005,1.07,201301040800
26035,2.96,201301040800
26127,2.81,201301040800
26129,1.26,201301040800
26130,1.58,201301040800
26133,1.75,201301040800
26135,0.72,201301040800
26136,2.16,201301040800
26138,0.92,201301040800
26139,2.31,201301040800
26141,1.48,201301040800
26148,1.76,201301040800
26168,2.35,201301040800
26378,1.85,201301040800
26379,1.47,201301040800
26380,0.54,201301040800
26381,2.64,201301040800
26382,2.62,201301040800
26383,1.79,201301040800
26385,1.44,201301040800
26386,1.11,201301040800
26387,1.4,201301040800
26389,2.35,201301040800
26391,2.89,201301040800
26392,1.01,201301040800
26393,2.85,201301040800
26396,0.74,201301040800
26403,2.03,201301040800
26408,2.81,201301040800
26427,1.02,201301040800
26450,1.04,201301040800
26492,2.11,201301040800
26546,1.06,201301040800
26563,0.86,201301040800
26564,2.83,201301040800
26628,1.86,201301040800
26629,2.65,201301040800
26630,1.89,201301040800
26631,1.65,201301040800
26633,2.94,201301040800
26634,2.01,201301040800
26656,0.53,201301040800
26674,2.81,201301040800
26708,2.66,201301040800
26752,2.95,201301040800
26754,1.01,201301040800
26755,2.19,201301040800
26782,2.05,201301040800
26846,1.83,201301040800
26879,2.41,201301040800
26880,1.85,201301040800
26881,0.82,201301040800
26882,1.49,201301040800
26883,1.51,201301040800
26884,1.63,201301040800
26885,0.62,201301040800
26886,2.08,201301040800
26887,1.08,201301040800
26889,0.81,201301040800
26890,0.96,201301040800
26891,0.69,201301040800
26892,1.6,201301040800
26893,2.63,201301040800
26894,1.55,201301040800
26895,1.27,201301040800
26897,0.73,201301040800
26905,1.46,201301040800
26938,0.66,201301040800
26964,0.73,201301040800
27006,1.84,201301040800
27042,1.44,201301040800
27098,2.17,201301040800
27130,0.56,201301040800
27131,2.23,201301040800
27132,0.53,201301040800
27133,1.63,201301040800
27134,2.04,201301040800
27135,0.7,201301040800
27136,0.77,201301040800
27137,1.6,201301040800
27138,2.34,201301040800
27142,2.56,201301040800
27143,1.99,201301040800
27145,1.8,201301040800
27148,1.4,201301040800
27149,1.03,201301040800
27152,1.76,201301040800
27155,0.73,201301040800
27175,2.26,201301040800
27209,2.63,201301040800
27247,2.69,201301040800
27381,2.6,201301040800
27382,1.32,201301040800
27383,1.25,201301040800
27384,2.72,201301040800
27386,2.58,201301040800
27387,1.47,201301040800
27388,2.3,201301040800
27389,2.74,201301040800
27390,0.51,201301040800
27392,1.23,201301040800
27395,2.39,201301040800
27404,1.93,201301040800
27415,2.02,201301040800
27427,1.17,201301040800
27489,2.93,201301040800
27494,1.52,201301040800
27498,1.38,201301040800
27518,1.88,201301040800
27632,2.75,201301040800
27633,0.77,201301040800
27634,0.91,201301040800
27635,0.97,201301040800
27636,0.77,201301040800
27637,1.87,201301040800
27638,2.14,201301040800
27639,1.65,201301040800
27640,1.74,201301040800
27642,0.73,201301040800
27643,1.44,201301040800
27645,1.43,201301040800
27646,0.96,201301040800
27647,2.74,201301040800
27649,2.83,201301040800
27654,1.15,201301040800
27763,0.55,201301040800
27764,0.78,201301040800
27796,2.21,201301040800
27797,0.92,201301040800
27883,2.04,201301040800
27884,1.71,201301040800
27885,1.79,201301040800
27886,1.73,201301040800
27887,0.53,201301040800
27888,0.8,201301040800
27889,0.88,201301040800
27890,2.54,201301040800
27891,2.48,201301040800
27892,1.42,201301040800
27894,2.41,201301040800
27895,0.93,201301040800
27897,1.65,201301040800
27902,0.88,201301040800
27908,2.4,201301040800
27911,2.45,201301040800
27930,1.32,201301040800
27971,2.33,201301040800
28004,0.96,201301040800
28015,2.56,201301040800
28049,0.9,201301040800
28102,0.91,201301040800
28134,1.38,201301040800
28135,1.14,201301040800
28136,1.07,201301040800
28137,1.19,201301040800
28138,1.36,201301040800
28139,2.69,201301040800
28140,1.3,201301040800
28142,1.21,201301040800
28143,1.27,201301040800
28144,2.75,201301040800
28146,1.64,201301040800
28154,2.29,201301040800
28156,2.99,201301040800
28216,1.96,201301040800
28239,2.87,201301040800
28384,1.1,201301040800
28385,1.38,201301040800
28386,1.8,201301040800
28387,2.89,201301040800
28388,0.88,201301040800
28389,2.78,201301040800
28390,1.59,201301040800
28391,2.7,201301040800
28392,1.05,201301040800
28393,1.27,201301040800
28394,1.64,201301040800
28396,1.7,201301040800
28397,1.9,201301040800
28400,0.77,201301040800
28401,1.15,201301040800
28405,1.8,201301040800
28427,1.72,201301040800
28467,2.36,201301040800
28496,1.56,201301040800
28497,1.4,201301040800
28519,0.6,201301040800
28535,1.51,201301040800
28539,1.1,201301040800
28545,1.79,201301040800
28557,2.46,201301040800
28635,2.64,201301040800
28636,2.28,201301040800
28637,1.02,201301040800
28638,2.95,201301040800
28639,2.41,201301040800
28640,2.53,201301040800
28641,1.97,201301040800
28642,2.58,201301040800
28643,0.94,201301040800
28644,1.97,201301040800
28645,2.94,201301040800
28646,1.61,201301040800
28649,2.89,201301040800
28658,0.58,201301040800
28667,0.96,201301040800
28675,2.31,201301040800
28751,2.38,201301040800
28753,2.12,201301040800
28754,1.77,201301040800
28788,2.91,201301040800
28812,2.86,201301040800
28823,2.99,201301040800
28886,0.65,201301040800
28887,1.9,201301040800
28888,2.53,201301040800
28889,1.3,201301040800
28890,1.17,201301040800
28891,1.31,201301040800
28892,1.95,201301040800
28893,2.66,201301040800
28894,0.62,201301040800
28895,0.82,201301040800
28896,1.68,201301040800
28897,2.37,201301040800
28899,2.05,201301040800
28900,2.28,201301040800
28901,0.65,201301040800
28902,1.96,201301040800
28905,2.89,201301040800
28912,2.43,201301040800
28960,1.9,201301040800
28969,2.0,201301040800
29004,2.16,201301040800
29012,2.91,201301040800
29026,1.24,201301040800
29068,1.68,201301040800
29076,1.03,201301040800
29088,0.79,201301040800
29094,2.51,201301040800
29136,2.48,201301040800
29137,1.74,201301040800
29138,2.61,201301040800
29139,1.71,201301040800
29140,0.76,201301040800
29141,2.23,201301040800
29142,2.92,201301040800
29143,1.41,201301040800
29144,2.22,201301040800
29146,1.79,201301040800
29147,0.73,201301040800
29148,2.01,201301040800
29149,0.83,201301040800
29151,1.99,201301040800
29158,1.06,201301040800
29165,2.32,201301040800
29171,2.07,201301040800
29190,0.51,201301040800
29247,2.3,201301040800
29387,1.6,201301040800
29388,1.85,201301040800
29389,2.6,201301040800
29390,2.56,201301040800
29391,2.69,201301040800
29392,2.59,201301040800
29393,0.51,201301040800
29394,0.94,201301040800
29395,1.36,201301040800
29396,2.25,201301040800
29397,0.79,201301040800
29398,2.31,201301040800
29399,2.8,201301040800
29401,2.59,201301040800
29402,2.67,201301040800
29403,1.83,201301040800
29405,1.07,201301040800
29409,1.46,201301040800
29425,2.52,201301040800
29429,0.85,201301040800
29495,1.58,201301040800
29498,0.89,201301040800
29533,1.39,201301040800
29556,2.77,201301040800
29638,2.61,201301040800
29639,2.68,201301040800
29640,1.45,201301040800
29641,1.63,201301040800
29642,1.24,201301040800
29643,2.59,201301040800
29644,2.44,201301040800
29645,1.79,201301040800
29648,1.23,201301040800
29649,1.03,201301040800
29650,1.08,201301040800
29654,1.92,201301040800
29663,1.2,201301040800
29670,0.92,201301040800
29710,1.42,201301040800
29730,1.01,201301040800
29733,2.02,201301040800
29736,2.01,201301040800
29766,0.61,201301040800
29891,2.58,201301040800
29892,0.79,201301040800
29893,1.01,201301040800
29894,1.23,201301040800
29895,1.91,201301040800
29896,2.31,201301040800
29897,0.84,201301040800
29898,0.87,201301040800
29900,1.6,201301040800
29903,2.41,201301040800
29906,2.43,201301040800
29909,2.51,201301040800
29912,1.12,201301040800
29917,2.08,201301040800
29925,2.57,201301040800
29966,2.22,201301040800
30021,2.59,201301040800
30026,0.74,201301040800
30036,2.44,201301040800
30142,1.57,201301040800
30143,1.58,201301040800
30144,2.67,201301040800
30145,0.71,201301040800
30146,2.68,201301040800
30147,1.93,201301040800
30148,2.31,201301040800
30152,1.19,201301040800
30154,2.42,201301040800
30157,1.69,201301040800
30158,1.52,201301040800
30181,2.15,201301040800
30242,2.86,201301040800
30243,2.86,201301040800
30244,0.96,201301040800
30261,2.86,201301040800
30300,1.96,201301040800
30322,1.48,201301040800
30393,2.4,201301040800
30394,1.92,201301040800
30395,2.06,201301040800
30396,2.8,201301040800
30397,2.3,201301040800
30398,1.77,201301040800
30400,1.39,201301040800
30401,2.43,201301040800
30403,2.91,201301040800
30407,1.56,201301040800
30410,2.75,201301040800
30420,0.92,201301040800
30430,1.06,201301040800
30434,1.46,201301040800
30439,1.83,201301040800
30481,2.27,201301040800
30489,2.18,201301040800
30494,1.01,201301040800
30495,1.54,201301040800
30496,1.59,201301040800
30645,1.38,201301040800
30646,2.33,201301040800
30647,2.02,201301040800
30648,1.86,201301040800
30649,1.73,201301040800
30650,2.33,201301040800
30651,0.6,201301040800
30652,1.32,201301040800
30653,0.85,201301040800
30654,1.61,201301040800
30661,1.16,201301040800
30664,1.43,201301040800
30666,1.47,201301040800
30669,1.64,201301040800
30673,2.68,201301040800
30683,1.79,201301040800
30745,2.83,201301040800
30750,1.46,201301040800
30777,1.55,201301040800
30780,1.12,201301040800
30812,1.19,201301040800
30897,2.07,201301040800
30898,0.6,201301040800
30899,0.58,201301040800
30900,2.85,201301040800
30901,1.86,201301040800
30902,1.57,201301040800
30903,1.25,201301040800
30904,1.05,201301040800
30908,1.88,201301040800
30909,1.59,201301040800
30912,0.97,201301040800
30913,1.25,201301040800
30928,2.43,201301040800
30953,2.06,201301040800
30979,1.62,201301040800
30994,0.98,201301040800
30995,1.39,201301040800
31027,2.38,201301040800
31028,2.1,201301040800
31029,0.82,201301040800
31082,1.27,201301040800
31148,1.3,201301040800
31149,0.99,201301040800
31150,0.79,201301040800
31151,1.19,201301040800
31152,3.0,201301040800
31156,0.85,201301040800
31157,1.8,201301040800
31161,1.82,201301040800
31166,1.38,201301040800
31172,2.26,201301040800
31274,1.66,201301040800
31281,1.72,201301040800
31369,1.29,201301040800
31398,0.85,201301040800
31401,2.84,201301040800
31407,1.89,201301040800
31408,1.17,201301040800
31409,1.77,201301040800
31410,2.01,201301040800
31413,2.5,201301040800
31419,2.85,201301040800
31427,2.82,201301040800
31457,2.98,201301040800
31466,2.53,201301040800
31651,2.88,201301040800
31652,1.21,201301040800
31656,2.29,201301040800
31660,2.51,201301040800
31663,0.77,201301040800
31666,2.71,201301040800
31675,1.58,201301040800
31738,2.98,201301040800
31754,1.31,201301040800
31782,0.79,201301040800
31903,2.29,201301040800
31904,2.05,201301040800
31905,1.92,201301040800
31906,2.39,201301040800
31908,2.04,201301040800
31912,0.51,201301040800
31921,0.62,201301040800
31928,2.43,201301040800
31949,1.87,201301040800
32028,2.76,201301040800
32032,1.62,201301040800
32045,1.45,201301040800
32150,2.03,201301040800
32155,0.93,201301040800
32157,2.49,201301040800
32161,2.82,201301040800
32162,2.21,201301040800
32167,1.57,201301040800
32169,2.1,201301040800
32175,2.44,201301040800
32182,2.68,201301040800
32185,2.48,201301040800
32195,0.96,201301040800
32235,2.49,201301040800
32404,1.42,201301040800
32405,2.67,201301040800
32410,0.99,201301040800
32411,2.02,201301040800
32415,0.67,201301040800
32449,0.52,201301040800
32490,1.11,201301040800
32558,2.67,201301040800
32622,1.73,201301040800
32656,1.44,201301040800
32658,2.67,201301040800
32660,1.99,201301040800
32662,2.35,201301040800
32668,1.33,201301040800
32682,0.91,201301040800
32697,1.56,201301040800
32712,2.24,201301040800
32729,1.97,201301040800
32739,2.19,201301040800
32742,1.31,201301040800
32744,2.59,201301040800
32802,0.99,201301040800
32834,0.97,201301040800
32905,0.92,201301040800
32907,2.06,201301040800
32912,1.45,201301040800
32916,2.89,201301040800
32922,2.96,201301040800
32924,1.69,201301040800
32926,2.32,201301040800
32929,2.36,201301040800
32977,1.18,201301040800
32978,0.98,201301040800
33154,2.77,201301040800
33158,1.71,201301040800
33160,1.96,201301040800
33165,1.23,201301040800
33170,2.26,201301040800
33186,1.64,201301040800
33286,1.77,201301040800
33405,0.97,201301040800
33409,0.85,201301040800
33412,2.55,201301040800
33418,1.35,201301040800
33420,0.56,201301040800
33424,2.08,201301040800
33435,2.81,201301040800
33442,2.09,201301040800
33519,2.52,201301040800
33594,0.76,201301040800
33656,0.8,201301040800
33659,0.91,201301040800
33662,2.16,201301040800
33664,2.16,201301040800
33666,2.29,201301040800
33669,0.73,201301040800
33673,2.51,201301040800
33675,1.93,201301040800
33694,2.11,201301040800
33724,2.44,201301040800
33742,0.92,201301040800
33812,1.54,201301040800
33909,2.5,201301040800
33911,2.24,201301040800
33912,2.24,201301040800
33913,1.93,201301040800
33922,2.07,201301040800
33923,2.54,201301040800
33924,1.04,201301040800
33931,2.07,201301040800
33935,0.71,201301040800
33986,1.43,201301040800
34013,2.73,201301040800
34160,2.49,201301040800
34161,1.43,201301040800
34162,0.66,201301040800
34163,0.83,201301040800
34167,0.81,201301040800
34190,0.57,201301040800
34211,2.26,201301040800
34303,2.33,201301040800
34380,1.11,201301040800
34407,2.14,201301040800
34413,2.01,201301040800
34423,0.67,201301040800
34424,2.11,201301040800
34427,2.66,201301040800
34430,2.14,201301040800
34437,1.44,201301040800
34440,1.21,201301040800
34486,2.45,201301040800
34495,1.9,201301040800
34510,0.69,201301040800
34520,0.66,201301040800
34528,2.38,201301040800
34563,0.66,201301040800
34662,1.0,201301040800
34667,0.9,201301040800
34668,2.9,201301040800
34670,2.56,201301040800
34672,2.18,201301040800
34673,0.77,201301040800
34676,2.04,201301040800
34679,0.76,201301040800
34682,0.59,201301040800
34695,1.49,201301040800
34710,2.79,201301040800
34714,0.52,201301040800
34720,2.62,201301040800
34882,1.88,201301040800
34913,1.04,201301040800
34914,2.41,201301040800
34915,1.68,201301040800
34924,2.14,201301040800
34925,2.88,201301040800
34934,2.79,201301040800
34939,0.9,201301040800
34959,1.98,201301040800
34990,2.38,201301040800
35102,2.64,201301040800
35164,1.44,201301040800
35166,2.63,201301040800
35173,1.4,201301040800
35178,2.74,201301040800
35183,2.7,201301040800
35185,2.54,201301040800
35187,1.47,201301040800
35193,0.82,201301040800
35203,1.69,201301040800
35218,2.63,201301040800
35237,2.41,201301040800
35244,1.1,201301040800
35249,1.48,201301040800
35295,1.32,201301040800
35368,2.21,201301040800
35410,2.85,201301040800
35414,1.37,201301040800
35415,2.41,201301040800
35417,1.8,201301040800
35421,2.46,201301040800
35440,2.49,201301040800
35455,2.1,201301040800
35492,2.94,201301040800
35515,1.44,201301040800
35665,2.5,201301040800
35675,0.8,201301040800
35683,1.6,201301040800
35686,2.45,201301040800
35700,0.92,201301040800
35745,2.39,201301040800
35755,1.05,201301040800
35769,1.34,201301040800
35916,1.91,201301040800
35917,1.87,201301040800
35918,0.68,201301040800
35919,1.55,201301040800
35921,0.61,201301040800
35929,2.53,201301040800
35931,2.01,201301040800
35941,2.96,201301040800
35944,1.09,201301040800
35971,2.47,201301040800
35981,2.57,201301040800
35992,2.9,201301040800
35994,0.65,201301040800
36067,2.08,201301040800
36162,1.75,201301040800
36167,1.6,201301040800
36169,1.7,201301040800
36170,2.37,201301040800
36173,2.96,201301040800
36176,0.88,201301040800
36177,1.79,201301040800
36205,1.3,201301040800
36237,1.88,201301040800
36245,1.89,201301040800
36246,2.28,201301040800
36293,2.07,201301040800
36311,0.53,201301040800
36417,2.96,201301040800
36420,2.21,201301040800
36421,1.41,201301040800
36441,0.97,201301040800
36448,2.35,201301040800
36494,0.72,201301040800
36498,1.78,201301040800
36502,1.2,201301040800
36510,2.74,201301040800
36513,2.74,201301040800
36519,1.03,201301040800
36524,0.88,201301040800
36576,1.69,201301040800
36668,1.56,201301040800
36673,1.84,201301040800
36675,2.63,201301040800
36677,2.11,201301040800
36679,2.71,201301040800
36682,0.84,201301040800
36688,2.29,201301040800
36690,1.31,201301040800
36711,2.64,201301040800
36717,1.11,201301040800
36758,2.59,201301040800
36889,1.09,201301040800
36915,1.17,201301040800
36918,2.66,201301040800
36933,2.77,201301040800
36934,2.23,201301040800
36953,2.04,201301040800
36959,2.14,201301040800
36996,2.58,201301040800
36999,1.74,201301040800
37001,1.54,201301040800
37167,1.11,201301040800
37168,0.68,201301040800
37169,2.94,201301040800
37172,1.78,201301040800
37176,2.98,201301040800
37178,1.04,201301040800
37179,2.12,201301040800
37182,2.17,201301040800
37192,2.01,201301040800
37200,1.45,201301040800
37206,2.26,201301040800
37232,2.64,201301040800
37239,0.61,201301040800
37270,1.15,201301040800
37298,2.4,201301040800
37304,2.57,201301040800
37419,2.16,201301040800
37421,1.08,201301040800
37423,2.33,201301040800
37425,1.22,201301040800
37446,2.71,201301040800
37454,0.67,201301040800
37477,2.17,201301040800
37487,1.02,201301040800
37501,0.76,201301040800
37503,0.8,201301040800
37513,2.03,201301040800
37523,2.53,201301040800
37562,1.46,201301040800
37609,1.16,201301040800
37642,2.86,201301040800
37643,1.78,201301040800
37670,1.87,201301040800
37671,2.92,201301040800
37672,1.42,201301040800
37676,2.39,201301040800
37688,2.15,201301040800
37689,2.06,201301040800
37690,2.6,201301040800
37695,0.85,201301040800
37701,2.37,201301040800
37710,1.38,201301040800
37711,1.46,201301040800
37754,2.09,201301040800
37874,2.55,201301040800
37891,1.4,201301040800
37893,2.9,201301040800
37894,2.51,201301040800
37926,1.16,201301040800
37928,1.1,201301040800
37929,2.37,201301040800
37932,0.54,201301040800
37936,1.25,201301040800
37943,2.89,201301040800
37952,1.94,201301040800
37962,1.22,201301040800
37968,1.88,201301040800
38003,1.24,201301040800
38060,1.25,201301040800
38145,0.9,201301040800
38172,1.29,201301040800
38173,0.72,201301040800
38178,1.11,201301040800
38200,1.71,201301040800
38204,1.09,201301040800
38209,2.68,201301040800
38215,1.91,201301040800
38220,1.59,201301040800
38225,1.25,201301040800
38228,2.29,201301040800
38230,2.55,201301040800
38243,2.3,201301040800
38247,0.75,201301040800
38255,1.71,201301040800
38263,2.72,201301040800
38268,0.98,201301040800
38272,2.75,201301040800
38367,1.8,201301040800
38381,0.54,201301040800
38423,1.01,201301040800
38425,2.39,201301040800
38426,1.77,201301040800
38431,1.08,201301040800
38440,2.59,201301040800
38479,2.41,201301040800
38481,2.28,201301040800
38483,1.77,201301040800
38488,2.6,201301040800
38490,0.65,201301040800
38498,2.25,201301040800
38499,0.97,201301040800
38500,0.68,201301040800
38505,1.11,201301040800
38506,2.3,201301040800
38508,1.39,201301040800
38517,2.63,201301040800
38534,0.86,201301040800
38648,1.93,201301040800
38674,2.44,201301040800
38676,2.39,201301040800
38679,1.12,201301040800
38684,2.91,201301040800
38693,2.39,201301040800
38697,0.65,201301040800
38716,2.82,201301040800
38722,1.64,201301040800
38736,2.32,201301040800
38738,2.67,201301040800
38752,2.37,201301040800
38753,1.97,201301040800
38758,2.69,201301040800
38760,1.29,201301040800
38761,1.76,201301040800
38762,1.92,201301040800
38766,2.47,201301040800
38769,2.01,201301040800
38778,2.65,201301040800
38812,1.67,201301040800
38939,1.55,201301040800
38953,1.85,201301040800
38958,1.18,201301040800
38967,1.07,201301040800
39006,1.06,201301040800
39008,2.3,201301040800
39010,1.23,201301040800
39011,1.76,201301040800
39017,2.13,201301040800
39113,2.99,201301040800
39148,1.38,201301040800
39149,1.58,201301040800
39176,2.48,201301040800
39178,1.12,201301040800
39191,2.22,201301040800
39201,2.22,201301040800
39230,2.44,201301040800
39236,1.52,201301040800
39246,2.22,201301040800
39252,2.75,201301040800
39255,2.58,201301040800
39260,1.43,201301040800
39262,1.54,201301040800
39263,2.91,201301040800
39268,1.47,201301040800
39269,2.87,201301040800
39271,1.75,201301040800
39274,1.88,201301040800
39275,1.26,201301040800
39375,2.7,201301040800
39391,1.31,201301040800
39427,1.6,201301040800
39428,2.67,201301040800
39430,2.93,201301040800
39433,2.16,201301040800
39446,1.44,201301040800
39457,2.77,201301040800
39514,1.58,201301040800
39515,2.61,201301040800
39516,0.8,201301040800
39517,0.7,201301040800
39535,1.19,201301040800
39554,1.46,201301040800
39559,2.03,201301040800
39631,1.01,201301040800
39632,1.33,201301040800
39633,2.34,201301040800
39652,2.58,201301040800
39683,2.23,201301040800
39687,0.64,201301040800
39706,0.77,201301040800
39710,1.81,201301040800
39722,1.24,201301040800
39731,2.7,201301040800
39750,1.28,201301040800
39755,0.53,201301040800
39759,2.95,201301040800
39762,1.72,201301040800
39764,1.2,201301040800
39765,1.04,201301040800
39766,2.42,201301040800
39767,2.99,201301040800
39769,2.54,201301040800
39772,0.96,201301040800
39776,2.29,201301040800
39777,1.35,201301040800
39790,0.82,201301040800
39791,0.61,201301040800
39796,1.62,201301040800
39832,1.34,201301040800
39883,1.89,201301040800
39930,2.56,201301040800
39932,0.67,201301040800
39941,1.04,201301040800
39948,2.3,201301040800
39969,1.0,201301040800
40018,1.22,201301040800
40031,2.63,201301040800
40133,2.88,201301040800
40180,2.27,201301040800
40188,1.76,201301040800
40196,0.96,201301040800
40242,2.13,201301040800
40246,0.68,201301040800
40259,1.48,201301040800
40264,2.8,201301040800
40267,2.93,201301040800
40268,0.96,201301040800
40270,1.14,201301040800
40276,1.12,201301040800
40286,1.51,201301040800
40295,2.64,201301040800
40431,1.99,201301040800
40432,1.8,201301040800
40442,1.65,201301040800
40447,2.72,201301040800
40448,2.19,201301040800
40451,2.61,201301040800
40457,1.62,201301040800
40500,1.93,201301040800
40512,1.39,201301040800
40518,2.85,201301040800
40519,0.79,201301040800
40522,1.94,201301040800
40524,2.22,201301040800
40525,2.0,201301040800
40532,1.19,201301040800
40560,2.33,201301040800
40566,2.97,201301040800
40633,2.03,201301040800
40687,1.25,201301040800
40713,1.49,201301040800
40719,0.98,201301040800
40732,2.6,201301040800
40733,2.28,201301040800
40766,1.69,201301040800
40810,2.91,201301040800
40894,2.55,201301040800
40933,1.02,201301040800
40936,1.93,201301040800
40939,2.48,201301040800
40954,1.25,201301040800
40982,1.81,201301040800
41021,1.59,201301040800
41024,2.22,201301040800
41061,1.27,201301040800
41145,2.2,201301040800
41157,0.56,201301040800
41183,2.28,201301040800
41200,1.41,201301040800
41262,2.48,201301040800
41265,0.95,201301040800
41270,0.95,201301040800
41277,1.07,201301040800
41318,1.1,201301040800
41401,2.4,201301040800
41407,1.99,201301040800
41437,0.56,201301040800
41459,0.95,201301040800
41465,0.81,201301040800
41469,2.13,201301040800
41508,2.81,201301040800
41520,2.23,201301040800
41522,0.77,201301040800
41526,1.64,201301040800
41532,0.52,201301040800
41558,0.85,201301040800
41635,0.81,201301040800
41653,1.39,201301040800
41658,2.9,201301040800
41692,0.81,201301040800
41696,0.95,201301040800
41764,2.7,201301040800
41772,2.96,201301040800
41893,2.37,201301040800
41904,2.11,201301040800
41905,0.87,201301040800
41936,1.84,201301040800
41941,2.44,201301040800
41958,1.16,201301040800
41990,1.46,201301040800
42023,1.27,201301040800
42026,2.14,201301040800
42029,1.4,201301040800
42074,1.02,201301040800
42085,1.42,201301040800
42095,1.2,201301040800
42147,2.02,201301040800
42160,1.86,201301040800
42200,1.5,201301040800
42213,2.76,201301040800
42267,1.09,201301040800
42271,1.42,201301040800
42274,2.57,201301040800
42283,1.93,201301040800
42291,1.86,201301040800
42342,2.8,201301040800
42411,2.93,201301040800
42438,0.87,201301040800
42454,2.07,201301040800
42471,0.58,201301040800
42478,2.6,201301040800
42487,2.47,201301040800
42503,1.46,201301040800
42514,1.19,201301040800
42521,2.43,201301040800
42533,0.67,201301040800
42644,0.97,201301040800
42661,1.74,201301040800
42695,2.68,201301040800
42744,1.89,201301040800
42750,2.41,201301040800
42846,1.76,201301040800
42905,2.84,201301040800
42912,0.87,201301040800
42939,2.07,201301040800
42940,0.92,201301040800
42944,0.75,201301040800
42949,0.87,201301040800
43011,0.57,201301040800
43021,1.63,201301040800
43030,2.53,201301040800
43151,2.35,201301040800
43160,1.62,201301040800
43162,1.25,201301040800
43213,2.26,201301040800
43220,1.98,201301040800
43261,2.72,201301040800
43412,2.61,201301040800
43413,2.81,201301040800
43440,0.62,201301040800
43443,2.27,201301040800
43449,1.93,201301040800
43483,3.0,201301040800
43484,1.14,201301040800
43494,1.57,201301040800
43518,0.7,201301040800
43523,1.11,201301040800
43526,0.9,201301040800
43530,1.76,201301040800
43571,1.61,201301040800
43642,1.12,201301040800
43662,1.03,201301040800
43738,1.99,201301040800
43760,2.07,201301040800
43779,1.56,201301040800
43914,0.58,201301040800
43957,1.02,201301040800
43980,3.0,201301040800
43984,0.9,201301040800
43992,0.75,201301040800
43995,2.18,201301040800
44002,1.01,201301040800
44039,1.56,201301040800
44194,2.76,201301040800
44197,2.3,201301040800
44204,2.66,201301040800
44215,2.96,201301040800
44226,2.69,201301040800
44247,0.56,201301040800
44255,2.49,201301040800
44282,2.31,201301040800
44284,1.92,201301040800
44356,1.0,201301040800
44470,2.08,201301040800
44486,2.21,201301040800
44503,0.77,201301040800
44504,1.03,201301040800
44510,1.06,201301040800
44517,1.24,201301040800
44534,2.72,201301040800
44578,1.36,201301040800
44666,0.65,201301040800
44694,1.64,201301040800
44697,2.2,201301040800
44716,0.87,201301040800
44724,2.89,201301040800
44743,2.58,201301040800
44755,2.03,201301040800
44756,2.28,201301040800
44757,2.73,201301040800
44758,2.57,201301040800
44786,1.54,201301040800
44787,1.84,201301040800
44911,0.94,201301040800
44963,2.77,201301040800
45005,2.17,201301040800
45006,0.9,201301040800
45007,2.69,201301040800
45008,1.37,201301040800
45039,1.12,201301040800
45114,0.77,201301040800
45168,1.53,201301040800
45200,2.04,201301040800
45203,2.6,201301040800
45208,0.72,201301040800
45237,1.84,201301040800
45254,0.95,201301040800
45256,1.63,201301040800
45258,0.61,201301040800
45261,1.54,201301040800
45265,1.29,201301040800
45266,1.59,201301040800
45401,2.91,201301040800
45479,2.69,201301040800
45502,2.43,201301040800
45507,1.44,201301040800
45509,1.79,201301040800
45526,0.94,201301040800
45538,1.08,201301040800
45582,1.83,201301040800
45661,2.07,201301040800
45701,1.76,201301040800
45703,2.54,201301040800
45716,2.72,201301040800
45720,2.59,201301040800
45725,1.85,201301040800
45735,0.92,201301040800
45747,2.96,201301040800
45766,0.64,201301040800
45793,2.21,201301040800
45795,2.33,201301040800
45919,0.72,201301040800
45948,1.42,201301040800
46008,1.94,201301040800
46036,1.1,201301040800
46041,1.93,201301040800
46052,2.75,201301040800
46074,1.01,201301040800
46145,2.35,201301040800
46202,2.52,201301040800
46209,2.61,201301040800
46242,1.07,201301040800
46265,2.39,201301040800
46372,2.62,201301040800
46384,1.24,201301040800
46455,1.71,201301040800
46508,0.57,201301040800
46523,1.69,201301040800
46538,2.96,201301040800
46565,1.15,201301040800
46574,2.88,201301040800
46626,0.53,201301040800
46700,2.55,201301040800
46738,1.89,201301040800
46770,2.61,201301040800
46778,2.58,201301040800
46787,1.15,201301040800
46803,2.96,201301040800
46954,2.95,201301040800
46964,0.92,201301040800
46972,2.01,201301040800
46976,2.62,201301040800
46981,1.29,201301040800
47011,1.08,201301040800
47015,0.95,201301040800
47047,1.45,201301040800
47253,2.23,201301040800
47288,2.46,201301040800
47295,2.35,201301040800
47342,0.86,201301040800
47454,2.72,201301040800
47535,2.05,201301040800
47543,2.32,201301040800
47705,1.81,201301040800
47709,2.63,201301040800
47711,2.12,201301040800
47758,2.97,201301040800
47806,2.23,201301040800
47889,0.64,201301040800
47926,2.84,201301040800
47968,2.91,201301040800
47972,2.54,201301040800
47977,0.81,201301040800
47982,0.96,201301040800
48032,2.65,201301040800
48209,2.43,201301040800
48239,1.13,201301040800
48244,0.92,201301040800
48278,0.98,201301040800
48420,1.18,201301040800
48427,0.65,201301040800
48499,1.38,201301040800
48503,1.2,201301040800
48552,1.25,201301040800
48584,2.76,201301040800
48713,2.94,201301040800
48759,2.53,201301040800
48848,2.77,201301040800
48898,2.55,201301040800
49017,1.99,201301040800
49049,1.33,201301040800
49229,0.95,201301040800
49241,2.12,201301040800
49472,2.83,201301040800
49483,1.95,201301040800
49542,0.75,201301040800
49555,1.48,201301040800
49679,1.54,201301040800
49750,1.16,201301040800
49760,2.43,201301040800
49777,1.54,201301040800
49968,1.03,201301040800
50053,2.3,201301040800
50103,2.31,201301040800
50180,2.32,201301040800
50285,2.17,201301040800
50430,1.9,201301040800
50470,1.76,201301040800
50494,2.64,201301040800
50511,0.74,201301040800
50549,2.82,201301040800
50680,2.78,201301040800
50682,1.33,201301040800
50731,1.45,201301040800
50812,1.78,201301040800
50872,2.68,201301040800
51029,2.28,201301040800
51046,2.48,201301040800
51053,1.94,201301040800
51056,2.98,201301040800
51162,0.88,201301040800
51177,1.13,201301040800
51182,2.27,201301040800
51228,1.42,201301040800
51258,2.84,201301040800
51430,1.74,201301040800
51431,1.35,201301040800
51432,1.35,201301040800
51520,1.7,201301040800
51681,2.26,201301040800
51682,1.28,201301040800
51725,1.4,201301040800
51790,2.67,201301040800
51832,1.76,201301040800
51857,0.95,201301040800
51931,1.06,201301040800
51932,0.57,201301040800
51986,2.82,201301040800
52003,1.43,201301040800
52182,2.97,201301040800
52244,2.86,201301040800
52259,0.54,201301040800
52280,2.41,201301040800
52319,0.59,201301040800
52473,0.54,201301040800
52518,2.75,201301040800
52631,1.95,201301040800
52679,0.81,201301040800
52729,2.44,201301040800
52811,1.37,201301040800
52983,2.21,201301040800
52988,1.53,201301040800
52993,1.01,201301040800
53000,2.52,201301040800
53016,1.3,201301040800
53027,1.44,201301040800
53072,1.37,201301040800
53090,2.64,201301040800
53177,2.86,201301040800
53178,2.55,201301040800
53381,2.09,201301040800
53427,2.63,201301040800
53429,1.36,201301040800
53761,2.32,201301040800
53774,2.42,201301040800
53797,2.22,201301040800
53810,2.21,201301040800
53822,2.74,201301040800
53864,1.02,201301040800
53927,2.33,201301040800
54038,1.14,201301040800
54071,0.76,201301040800
54234,0.82,201301040800
54281,1.77,201301040800
54284,0.6,201301040800
54327,2.52,201301040800
54334,2.79,201301040800
54349,1.98,201301040800
54427,1.67,201301040800
54503,0.78,201301040800
54510,2.93,201301040800
54520,2.07,201301040800
54550,2.4,201301040800
54578,2.3,201301040800
54678,2.55,201301040800
54828,2.93,201301040800
54983,2.43,201301040800
54996,2.17,201301040800
55070,1.34,201301040800
55329,2.73,201301040800
55331,2.96,201301040800
55535,1.12,201301040800
55633,1.59,201301040800
55680,1.93,201301040800
55761,1.48,201301040800
55831,1.09,201301040800
55832,1.29,201301040800
55838,1.14,201301040800
55845,1.67,201301040800
56106,1.89,201301040800
56493,2.77,201301040800
56571,1.54,201301040800
56586,1.84,201301040800
56587,2.87,201301040800
56591,1.2,201301040800
56738,0.81,201301040800
56835,2.27,201301040800
56882,0.94,201301040800
56887,0.71,201301040800
56888,1.05,201301040800
56933,0.93,201301040800
56934,1.05,201301040800
57042,1.81,201301040800
57062,0.67,201301040800
57189,0.96,201301040800
57261,0.86,201301040800
57329,2.78,201301040800
57342,1.32,201301040800
57376,2.39,201301040800
57378,1.34,201301040800
57380,1.83,201301040800
57397,1.48,201301040800
57440,2.07,201301040800
57495,2.51,201301040800
57523,2.69,201301040800
57555,2.01,201301040800
57597,1.27,201301040800
57613,1.1,201301040800
57615,1.25,201301040800
57628,1.24,201301040800
57631,0.64,201301040800
57823,0.7,201301040800
57837,2.05,201301040800
57851,1.42,201301040800
57852,1.94,201301040800
57906,2.33,201301040800
58179,1.21,201301040800
58251,2.39,201301040800
58421,0.7,201301040800
58511,2.79,201301040800
58632,0.61,201301040800
58744,1.35,201301040800
58802,2.4,201301040800
58814,2.23,201301040800
58879,2.22,201301040800
58892,1.99,201301040800
59010,1.83,201301040800
59043,0.74,201301040800
59104,2.71,201301040800
59125,2.65,201301040800
59134,2.37,201301040800
59285,1.18,201301040800
59329,1.53,201301040800
59555,2.25,201301040800
59635,2.25,201301040800
59745,1.98,201301040800
59927,0.91,201301040800
59941,2.85,201301040800
60008,2.56,201301040800
60011,2.74,201301040800
60114,2.17,201301040800
60141,2.86,201301040800
60147,2.09,201301040800
60331,2.98,201301040800
60344,0.64,201301040800
60350,1.81,201301040800
60578,0.72,201301040800
60593,0.53,201301040800
60613,2.33,201301040800
60630,2.6,201301040800
60635,1.52,201301040800
60649,2.73,201301040800
60750,1.66,201301040800
60774,1.36,201301040800
60819,2.22,201301040800
60880,2.95,201301040800
60888,1.67,201301040800
61062,1.13,201301040800
61110,1.35,201301040800
61263,1.34,201301040800
61343,1.44,201301040800
61591,0.76,201301040800
61597,1.32,201301040800
61654,2.45,201301040800
61818,0.56,201301040800
62077,2.55,201301040800
62104,2.65,201301040800
62135,1.57,201301040800
62140,1.49,201301040800
62252,1.42,201301040800
62558,2.16,201301040800
62589,2.13,201301040800
62757,2.16,201301040800
62772,2.85,201301040800
62850,0.89,201301040800
62926,2.55,201301040800
62948,1.15,201301040800
63044,1.78,201301040800
63153,2.94,201301040800
63383,2.1,201301040800
63397,2.51,201301040800
63398,2.34,201301040800
63407,0.69,201301040800
63574,1.83,201301040800
63586,1.09,201301040800
63816,1.15,201301040800
64102,1.03,201301040800
64150,0.96,201301040800
64200,2.2,201301040800
64515,1.46,201301040800
64529,1.41,201301040800
64573,1.74,201301040800
64581,1.17,201301040800
64815,2.24,201301040800
64915,1.33,201301040800
65059,1.06,201301040800
65144,2.93,201301040800
65320,1.09,201301040800
65375,2.97,201301040800
65454,0.9,201301040800
65528,2.06,201301040800
65607,1.61,201301040800
65774,2.62,201301040800
65838,1.5,201301040800
66068,1.69,201301040800
66084,2.49,201301040800
66151,1.98,201301040800
66353,1.84,201301040800
66538,1.03,201301040800
66575,2.28,201301040800
66637,2.98,201301040800
66827,1.9,201301040800
66870,1.38,201301040800
67110,0.64,201301040800
67207,2.33,201301040800
67335,1.41,201301040800
67385,0.76,201301040800
67599,2.39,201301040800
67601,0.58,201301040800
67602,2.12,201301040800
67698,2.01,201301040800
67824,1.34,201301040800
67842,1.15,201301040800
67854,1.38,201301040800
67855,0.83,201301040800
67918,1.89,201301040800
68103,1.09,201301040800
68104,0.56,201301040800
68110,1.65,201301040800
68111,1.84,201301040800
68349,2.15,201301040800
68354,0.6,201301040800
68356,1.9,201301040800
68454,2.2,201301040800
68455,2.1,201301040800
68587,1.22,201301040800
68857,1.65,201301040800
68858,2.43,201301040800
68897,2.77,201301040800
68924,0.73,201301040800
68930,1.99,201301040800
69106,2.92,201301040800
69190,1.97,201301040800
69206,1.62,201301040800
69359,1.95,201301040800
69371,2.84,201301040800
69455,0.86,201301040800
69582,2.63,201301040800
69613,2.16,201301040800
69676,1.32,201301040800
70115,2.62,201301040800
70132,1.19,201301040800
70181,0.87,201301040800
70342,0.92,201301040800
70352,2.76,201301040800
70360,2.69,201301040800
70374,2.59,201301040800
70440,1.19,201301040800
70462,2.07,201301040800
70619,1.42,201301040800
70659,2.59,201301040800
70715,2.73,201301040800
70903,2.83,201301040800
70934,2.81,201301040800
70961,1.51,201301040800
71122,2.63,201301040800
71187,1.96,201301040800
71399,1.18,201301040800
71601,2.78,201301040800
71629,2.81,201301040800
71888,0.66,201301040800
71961,2.05,201301040800
71964,1.32,201301040800
72201,2.91,201301040800
72218,1.07,201301040800
72345,2.52,201301040800
72367,0.68,201301040800
72407,2.38,201301040800
72416,2.99,201301040800
72706,2.06,201301040800
72894,2.97,201301040800
73104,0.67,201301040800
73135,0.97,201301040800
73211,0.98,201301040800
73223,2.03,201301040800
73451,1.26,201301040800
73460,1.9,201301040800
73461,1.44,201301040800
73557,2.51,201301040800
73669,2.97,201301040800
74158,0.8,201301040800
74216,2.58,201301040800
74388,0.56,201301040800
74396,2.82,201301040800
74466,1.28,201301040800
74467,2.96,201301040800
74638,2.66,201301040800
74677,2.05,201301040800
74678,2.76,201301040800
74711,2.43,201301040800
74721,1.23,201301040800
74962,1.57,201301040800
74968,1.76,201301040800
74973,1.94,201301040800
75224,0.55,201301040800
75329,2.41,201301040800
75386,0.79,201301040800
75424,1.89,201301040800
75436,2.98,201301040800
75475,2.76,201301040800
75619,1.28,201301040800
75721,1.03,201301040800
75722,1.56,201301040800
75724,1.82,201301040800
75725,1.62,201301040800
75726,1.94,201301040800
75727,1.5,201301040800
75974,0.73,201301040800
75975,2.1,201301040800
76133,1.26,201301040800
76227,2.11,201301040800
76393,2.83,201301040800
76473,2.65,201301040800
76477,1.79,201301040800
76654,2.78,201301040800
76728,0.95,201301040800
76959,1.22,201301040800
77169,1.4,201301040800
77230,1.06,201301040800
77381,2.93,201301040800
77458,2.77,201301040800
77641,2.9,201301040800
77942,0.55,201301040800
77981,1.34,201301040800
78205,2.05,201301040800
78418,1.68,201301040800
78654,1.56,201301040800
78733,1.93,201301040800
78881,0.98,201301040800
78896,1.43,201301040800
78909,1.29,201301040800
78983,1.78,201301040800
79234,2.27,201301040800
79379,2.64,201301040800
79394,2.32,201301040800
79484,1.36,201301040800
79712,0.88,201301040800
79911,2.11,201301040800
79915,0.72,201301040800
80160,1.28,201301040800
80161,1.09,201301040800
80193,2.93,201301040800
80352,1.73,201301040800
80397,2.89,201301040800
80406,0.62,201301040800
80411,2.13,201301040800
80412,2.35,201301040800
80413,0.85,201301040800
80420,1.91,201301040800
80485,0.94,201301040800
80635,1.65,201301040800
80659,0.55,201301040800
80663,0.94,201301040800
80664,1.61,201301040800
80703,2.36,201301040800
80877,1.17,201301040800
80916,2.6,201301040800
81163,1.54,201301040800
81164,1.44,201301040800
81354,1.15,201301040800
81363,1.08,201301040800
81390,0.66,201301040800
81625,2.58,201301040800
81651,2.74,201301040800
81899,2.25,201301040800
82135,2.7,201301040800
82168,2.86,201301040800
82169,0.75,201301040800
82237,1.27,201301040800
82613,1.14,201301040800
82622,0.86,201301040800
82664,1.05,201301040800
82892,2.22,201301040800
82951,0.87,201301040800
83410,2.79,201301040800
83489,0.87,201301040800
83735,1.36,201301040800
83865,0.89,201301040800
84123,1.9,201301040800
84179,2.43,201301040800
84207,1.31,201301040800
84212,1.13,201301040800
84221,1.93,201301040800
84366,2.28,201301040800
84689,2.87,201301040800
84712,1.85,201301040800
84902,2.63,201301040800
85474,0.98,201301040800
85487,2.28,201301040800
85620,1.08,201301040800
85705,2.76,201301040800
85715,0.63,201301040800
85738,1.21,201301040800
86440,0.57,201301040800
86622,1.32,201301040800
86623,2.82,201301040800
86672,2.78,201301040800
86873,1.68,201301040800
86895,2.0,201301040800
87121,1.78,201301040800
87227,1.29,201301040800
87460,0.76,201301040800
87690,2.73,201301040800
87873,0.84,201301040800
88242,0.57,201301040800
88463,1.31,201301040800
89120,1.91,201301040800
89152,1.29,201301040800
89175,1.5,201301040800
89198,2.29,201301040800
89615,0.84,201301040800
89625,2.32,201301040800
90116,1.83,201301040800
90183,2.94,201301040800
90497,2.93,201301040800
90699,2.84,201301040800
90719,1.78,201301040800
91200,1.82,201301040800
91432,2.16,201301040800
91434,2.14,201301040800
91684,1.77,201301040800
91713,0.94,201301040800
91744,1.77,201301040800
92233,1.65,201301040800
93205,1.79,201301040800
93244,1.41,201301040800
93252,0.89,201301040800
93463,0.88,201301040800
93675,1.46,201301040800
93944,2.39,201301040800
94431,1.24,201301040800
94710,1.99,201301040800
94755,0.95,201301040800
94997,2.82,201301040800
95000,1.14,201301040800
95707,2.62,201301040800
95949,0.66,201301040800
95998,2.05,201301040800
96188,2.42,201301040800
96225,1.62,201301040800
96249,1.91,201301040800
96468,0.78,201301040800
96486,0.93,201301040800
96718,1.32,201301040800
96972,2.17,201301040800
96995,1.7,201301040800
97251,1.03,201301040800
97440,0.94,201301040800
97471,0.55,201301040800
97969,0.7,201301040800
97990,2.84,201301040800
98224,1.29,201301040800
98229,1.92,201301040800
98450,2.87,201301040800
98475,1.27,201301040800
98739,1.19,201301040800
99256,2.14,201301040800
99468,1.99,201301040800
99730,2.22,201301040800
101215,0.93,201301040800
101911,2.93,201301040800
101912,0.57,201301040800
101989,1.27,201301040800
102999,2.06,201301040800
103242,1.43,201301040800
103431,2.59,201301040800
104177,2.42,201301040800
104221,1.17,201301040800
104239,1.82,201301040800
104701,1.68,201301040800
104984,2.29,201301040800
105196,0.83,201301040800
105219,0.69,201301040800
105460,2.63,201301040800
105461,2.61,201301040800
105481,1.98,201301040800
105489,1.85,201301040800
105709,1.04,201301040800
105710,1.75,201301040800
105711,0.73,201301040800
105712,0.74,201301040800
105713,2.35,201301040800
105715,1.31,201301040800
105726,2.0,201301040800
105727,0.87,201301040800
105736,1.22,201301040800
105960,0.58,201301040800
105961,0.73,201301040800
105962,2.39,201301040800
105963,2.51,201301040800
105964,1.19,201301040800
105975,2.03,201301040800
106195,1.29,201301040800
106213,0.64,201301040800
106214,2.88,201301040800
106215,0.91,201301040800
106221,1.48,201301040800
106231,1.19,201301040800
106232,2.12,201301040800
106234,0.84,201301040800
106235,1.58,201301040800
106237,2.71,201301040800
106446,1.63,201301040800
106447,2.12,201301040800
106462,2.97,201301040800
106463,2.01,201301040800
106465,2.17,201301040800
106466,2.45,201301040800
106467,2.25,201301040800
106480,2.06,201301040800
106712,2.12,201301040800
106717,1.67,201301040800
106718,2.66,201301040800
106741,2.69,201301040800
106958,1.01,201301040800
106964,2.71,201301040800
106965,2.38,201301040800
106966,2.12,201301040800
106967,1.37,201301040800
106971,1.54,201301040800
106983,2.74,201301040800
106997,1.49,201301040800
107200,1.42,201301040800
107212,1.76,201301040800
107219,0.55,201301040800
107240,2.93,201301040800
107460,2.47,201301040800
107465,1.94,201301040800
107466,0.67,201301040800
107468,1.7,201301040800
107491,2.58,201301040800
107711,1.12,201301040800
107725,2.15,201301040800
107726,2.27,201301040800
107954,1.38,201301040800
107966,0.55,201301040800
107971,2.94,201301040800
107979,0.88,201301040800
107993,0.89,201301040800
108205,1.63,201301040800
108211,2.8,201301040800
108214,1.22,201301040800
108215,2.62,201301040800
108217,1.6,201301040800
108219,2.4,201301040800
108220,1.06,201301040800
108222,1.45,201301040800
108225,2.89,201301040800
108230,1.68,201301040800
108454,1.93,201301040800
108463,0.87,201301040800
108499,2.36,201301040800
108717,1.24,201301040800
108722,1.45,201301040800
108724,1.54,201301040800
108733,1.3,201301040800
108968,1.25,201301040800
108975,1.62,201301040800
108984,1.53,201301040800
108985,2.01,201301040800
109216,1.52,201301040800
109219,1.21,201301040800
109222,2.75,201301040800
109227,1.13,201301040800
109231,2.35,201301040800
109236,1.46,201301040800
109245,2.86,201301040800
109473,2.05,201301040800
109487,1.77,201301040800
109494,1.2,201301040800
109495,2.93,201301040800
109496,2.9,201301040800
109497,2.56,201301040800
109742,2.93,201301040800
109744,2.75,201301040800
109748,2.84,201301040800
109750,2.67,201301040800
109980,1.11,201301040800
109991,1.14,201301040800
109994,1.39,201301040800
109998,1.96,201301040800
110001,0.79,201301040800
110243,1.46,201301040800
110247,2.15,201301040800
110249,0.95,201301040800
110251,2.39,201301040800
110253,0.7,201301040800
110254,2.83,201301040800
