cell,mobility,dtg
1610,1.14,201301190800
1846,1.29,201301190800
1851,2.1,201301190800
1853,1.91,201301190800
1856,1.97,201301190800
1857,2.07,201301190800
2103,2.89,201301190800
2105,2.02,201301190800
2106,2.85,201301190800
2107,1.72,201301190800
2114,2.97,201301190800
2342,2.61,201301190800
2347,1.89,201301190800
2351,2.96,201301190800
2354,1.78,201301190800
2357,1.79,201301190800
2372,1.58,201301190800
2374,2.99,201301190800
2591,1.76,201301190800
2595,0.76,201301190800
2605,2.25,201301190800
2611,2.76,201301190800
2615,2.55,201301190800
2620,2.69,201301190800
2627,1.12,201301190800
2839,2.91,201301190800
2847,2.76,201301190800
3086,2.39,201301190800
3094,0.55,201301190800
3100,2.28,201301190800
3124,2.91,201301190800
3128,1.58,201301190800
3334,2.67,201301190800
3337,1.1,201301190800
3375,1.28,201301190800
3614,2.51,201301190800
3619,0.78,201301190800
3632,1.41,201301190800
3635,1.32,201301190800
3830,2.98,201301190800
3831,2.49,201301190800
3833,0.62,201301190800
3837,1.81,201301190800
3845,1.57,201301190800
3856,1.21,201301190800
3860,2.82,201301190800
3865,2.41,201301190800
4078,1.5,201301190800
4081,0.9,201301190800
4137,2.61,201301190800
4141,2.85,201301190800
4142,1.46,201301190800
4328,1.84,201301190800
4329,1.44,201301190800
4341,2.11,201301190800
4345,1.81,201301190800
4348,2.02,201301190800
4354,0.52,201301190800
4372,1.68,201301190800
4577,1.86,201301190800
4578,1.21,201301190800
4580,1.15,201301190800
4582,2.98,201301190800
4605,0.82,201301190800
4608,2.42,201301190800
4631,2.66,201301190800
4636,1.25,201301190800
4637,0.79,201301190800
4829,2.06,201301190800
4830,2.53,201301190800
4831,2.81,201301190800
4834,1.36,201301190800
4837,2.67,201301190800
4852,2.91,201301190800
4863,2.73,201301190800
4868,1.28,201301190800
4890,0.54,201301190800
4891,1.33,201301190800
5078,1.0,201301190800
5081,2.7,201301190800
5084,2.19,201301190800
5127,2.99,201301190800
5153,0.89,201301190800
5327,2.79,201301190800
5329,2.28,201301190800
5333,1.57,201301190800
5334,1.88,201301190800
5339,2.56,201301190800
5369,2.24,201301190800
5402,1.33,201301190800
5410,0.87,201301190800
5577,2.83,201301190800
5581,1.96,201301190800
5592,2.35,201301190800
5612,2.31,201301190800
5623,1.77,201301190800
5876,1.41,201301190800
5893,1.8,201301190800
5898,2.29,201301190800
6078,1.44,201301190800
6118,0.97,201301190800
6136,3.0,201301190800
6158,2.47,201301190800
6159,2.03,201301190800
6333,2.91,201301190800
6353,1.2,201301190800
6365,2.49,201301190800
6366,2.83,201301190800
6414,1.24,201301190800
6588,2.71,201301190800
6609,2.58,201301190800
6635,2.53,201301190800
6668,2.78,201301190800
6841,1.22,201301190800
6849,1.21,201301190800
6896,2.44,201301190800
6924,0.78,201301190800
6928,2.37,201301190800
6935,2.21,201301190800
6939,1.77,201301190800
7077,2.77,201301190800
7078,0.92,201301190800
7085,2.97,201301190800
7088,2.69,201301190800
7113,2.63,201301190800
7114,2.86,201301190800
7129,1.07,201301190800
7133,2.5,201301190800
7165,2.19,201301190800
7192,1.19,201301190800
7354,2.07,201301190800
7375,1.36,201301190800
7379,1.43,201301190800
7401,1.24,201301190800
7410,0.87,201301190800
7436,0.58,201301190800
7584,0.69,201301190800
7646,1.82,201301190800
7849,2.07,201301190800
7871,0.97,201301190800
7927,1.56,201301190800
7948,2.47,201301190800
8080,0.85,201301190800
8170,1.23,201301190800
8182,1.53,201301190800
8195,2.61,201301190800
8342,1.23,201301190800
8582,0.53,201301190800
8602,0.69,201301190800
8609,0.68,201301190800
8638,2.92,201301190800
8656,1.64,201301190800
8830,0.73,201301190800
8839,2.95,201301190800
8876,0.81,201301190800
8897,2.18,201301190800
8912,0.91,201301190800
8918,1.17,201301190800
8929,2.9,201301190800
8940,2.72,201301190800
8954,1.1,201301190800
9140,1.94,201301190800
9333,2.33,201301190800
9468,1.99,201301190800
9473,2.13,201301190800
9589,0.93,201301190800
9601,1.11,201301190800
9607,0.62,201301190800
9658,1.47,201301190800
9724,2.32,201301190800
9833,0.61,201301190800
10084,1.5,201301190800
10089,1.18,201301190800
10096,2.55,201301190800
10144,2.44,201301190800
10170,0.83,201301190800
10181,1.11,201301190800
10189,2.29,201301190800
10201,2.44,201301190800
10334,1.07,201301190800
10335,2.78,201301190800
10383,2.58,201301190800
10414,1.79,201301190800
10444,2.94,201301190800
10458,1.97,201301190800
10477,1.46,201301190800
10586,1.65,201301190800
10601,1.8,201301190800
10609,0.52,201301190800
10616,2.78,201301190800
10633,2.2,201301190800
10655,2.64,201301190800
10665,1.66,201301190800
10681,0.92,201301190800
10717,1.79,201301190800
10835,1.76,201301190800
10837,1.02,201301190800
10847,1.63,201301190800
10903,1.38,201301190800
10911,1.42,201301190800
10918,1.97,201301190800
10973,1.0,201301190800
11087,1.65,201301190800
11092,2.82,201301190800
11128,2.66,201301190800
11222,1.15,201301190800
11223,1.71,201301190800
11225,2.9,201301190800
11238,2.53,201301190800
11361,2.71,201301190800
11393,1.82,201301190800
11424,0.96,201301190800
11601,2.21,201301190800
11682,0.79,201301190800
11704,2.31,201301190800
11858,2.11,201301190800
11884,2.57,201301190800
11901,0.8,201301190800
11946,0.8,201301190800
11960,2.16,201301190800
11972,2.18,201301190800
12089,2.26,201301190800
12090,1.46,201301190800
12096,2.46,201301190800
12120,2.25,201301190800
12157,1.25,201301190800
12230,0.52,201301190800
12383,1.93,201301190800
12431,0.61,201301190800
12601,1.6,201301190800
12625,2.07,201301190800
12632,1.02,201301190800
12842,1.39,201301190800
12875,0.67,201301190800
12901,1.28,201301190800
12913,2.59,201301190800
12933,1.8,201301190800
12934,2.53,201301190800
12985,1.6,201301190800
13099,0.52,201301190800
13114,2.49,201301190800
13150,2.99,201301190800
13175,1.94,201301190800
13183,0.88,201301190800
13222,1.74,201301190800
13358,1.4,201301190800
13444,2.98,201301190800
13455,1.42,201301190800
13456,2.13,201301190800
13670,2.33,201301190800
13694,2.31,201301190800
13845,2.46,201301190800
13849,1.23,201301190800
14011,0.5,201301190800
14095,2.92,201301190800
14133,2.91,201301190800
14161,2.79,201301190800
14167,1.94,201301190800
14184,2.64,201301190800
14241,0.51,201301190800
14255,1.06,201301190800
14349,2.66,201301190800
14350,2.25,201301190800
14375,1.32,201301190800
14452,1.46,201301190800
14475,2.08,201301190800
14620,1.38,201301190800
14673,0.7,201301190800
14745,2.81,201301190800
14859,0.86,201301190800
14936,0.53,201301190800
14995,1.57,201301190800
15097,2.63,201301190800
15098,2.1,201301190800
15246,1.1,201301190800
15349,2.6,201301190800
15440,1.58,201301190800
15600,2.33,201301190800
15656,1.34,201301190800
15672,0.6,201301190800
15699,0.81,201301190800
15714,0.62,201301190800
15725,1.47,201301190800
15744,0.62,201301190800
15849,1.41,201301190800
15850,2.82,201301190800
15851,1.57,201301190800
15853,2.49,201301190800
15871,2.47,201301190800
16100,0.89,201301190800
16105,0.61,201301190800
16114,2.6,201301190800
16171,1.18,201301190800
16184,1.69,201301190800
16400,1.83,201301190800
16414,1.31,201301190800
16601,2.55,201301190800
16604,1.67,201301190800
16625,0.81,201301190800
16670,0.86,201301190800
16853,1.05,201301190800
16868,1.19,201301190800
16932,1.78,201301190800
17232,2.14,201301190800
17355,2.5,201301190800
17358,2.89,201301190800
17367,1.51,201301190800
17635,1.89,201301190800
17673,1.36,201301190800
17681,0.58,201301190800
17884,2.87,201301190800
17984,2.29,201301190800
18108,0.6,201301190800
18115,1.63,201301190800
18118,2.6,201301190800
18123,0.97,201301190800
18139,0.95,201301190800
18154,1.84,201301190800
18160,1.9,201301190800
18177,2.48,201301190800
18185,1.72,201301190800
18383,1.28,201301190800
18404,2.98,201301190800
18427,2.57,201301190800
18466,0.88,201301190800
18616,1.75,201301190800
18629,1.67,201301190800
18861,2.05,201301190800
18866,2.98,201301190800
18925,0.86,201301190800
19110,2.91,201301190800
19112,2.71,201301190800
19114,2.2,201301190800
19122,2.24,201301190800
19360,1.37,201301190800
19443,1.4,201301190800
19481,2.37,201301190800
19611,1.34,201301190800
19612,0.7,201301190800
19618,0.69,201301190800
19633,1.04,201301190800
19678,2.92,201301190800
19878,0.78,201301190800
19913,0.52,201301190800
20113,2.43,201301190800
20114,0.81,201301190800
20116,1.92,201301190800
20170,0.9,201301190800
20363,2.26,201301190800
20387,0.78,201301190800
20396,2.28,201301190800
20436,2.97,201301190800
20616,2.5,201301190800
20621,2.76,201301190800
20628,1.46,201301190800
20651,1.07,201301190800
20671,0.99,201301190800
20682,1.93,201301190800
20864,2.86,201301190800
20882,1.23,201301190800
20931,1.52,201301190800
20995,2.05,201301190800
21115,0.99,201301190800
21118,0.79,201301190800
21201,1.72,201301190800
21373,2.73,201301190800
21377,1.25,201301190800
21392,1.35,201301190800
21407,1.05,201301190800
21428,0.98,201301190800
21448,2.31,201301190800
21617,2.46,201301190800
21619,1.08,201301190800
21639,2.22,201301190800
21658,1.47,201301190800
21663,2.27,201301190800
21701,2.78,201301190800
21721,0.52,201301190800
21868,1.4,201301190800
21871,1.64,201301190800
21999,1.81,201301190800
22126,1.18,201301190800
22133,2.2,201301190800
22174,2.02,201301190800
22176,2.91,201301190800
22205,1.46,201301190800
22368,2.13,201301190800
22395,1.88,201301190800
22419,1.9,201301190800
22420,2.38,201301190800
22421,1.98,201301190800
22422,2.02,201301190800
22619,1.16,201301190800
22630,2.92,201301190800
22634,2.36,201301190800
22671,2.01,201301190800
22673,1.8,201301190800
22700,2.28,201301190800
22751,1.81,201301190800
22768,1.72,201301190800
22869,2.55,201301190800
22877,0.88,201301190800
22928,1.23,201301190800
22940,0.53,201301190800
22955,2.24,201301190800
22963,2.47,201301190800
22966,1.09,201301190800
23120,0.65,201301190800
23124,1.74,201301190800
23125,0.97,201301190800
23131,2.2,201301190800
23138,2.19,201301190800
23169,2.67,201301190800
23194,1.71,201301190800
23216,0.79,201301190800
23370,0.98,201301190800
23371,2.82,201301190800
23379,1.72,201301190800
23386,2.64,201301190800
23388,2.39,201301190800
23427,2.72,201301190800
23621,1.23,201301190800
23627,0.97,201301190800
23635,1.31,201301190800
23641,2.93,201301190800
23662,2.0,201301190800
23669,2.55,201301190800
23690,1.28,201301190800
23744,2.17,201301190800
23750,1.57,201301190800
23872,2.89,201301190800
23873,1.79,201301190800
23875,0.58,201301190800
23881,1.31,201301190800
23894,2.6,201301190800
23896,2.18,201301190800
23907,0.66,201301190800
23925,2.25,201301190800
23973,0.68,201301190800
24005,1.31,201301190800
24009,2.17,201301190800
24032,2.79,201301190800
24122,2.67,201301190800
24123,2.14,201301190800
24149,2.39,201301190800
24247,1.38,201301190800
24251,2.19,201301190800
24265,0.66,201301190800
24266,1.54,201301190800
24373,0.85,201301190800
24374,1.08,201301190800
24380,1.39,201301190800
24381,0.84,201301190800
24383,0.78,201301190800
24387,1.43,201301190800
24402,2.11,201301190800
24405,0.95,201301190800
24423,2.2,201301190800
24623,2.61,201301190800
24626,2.27,201301190800
24643,1.03,201301190800
24732,1.2,201301190800
24734,1.41,201301190800
24739,0.98,201301190800
24774,2.76,201301190800
24775,0.8,201301190800
24781,1.87,201301190800
24837,2.64,201301190800
24874,2.21,201301190800
24877,0.57,201301190800
24879,0.91,201301190800
24880,2.74,201301190800
24895,2.86,201301190800
24920,0.96,201301190800
24990,1.84,201301190800
24991,0.92,201301190800
24993,0.62,201301190800
25124,1.45,201301190800
25125,1.15,201301190800
25126,1.85,201301190800
25129,2.05,201301190800
25130,2.23,201301190800
25132,2.91,201301190800
25136,2.54,201301190800
25138,1.78,201301190800
25141,1.3,201301190800
25179,0.59,201301190800
25187,1.08,201301190800
25375,2.25,201301190800
25376,2.32,201301190800
25377,1.72,201301190800
25379,2.93,201301190800
25385,1.6,201301190800
25395,2.99,201301190800
25400,1.31,201301190800
25405,1.49,201301190800
25412,2.81,201301190800
25427,0.91,201301190800
25626,0.69,201301190800
25627,2.81,201301190800
25628,2.42,201301190800
25629,1.4,201301190800
25632,2.36,201301190800
25633,2.36,201301190800
25642,2.77,201301190800
25715,1.27,201301190800
25747,2.06,201301190800
25763,1.5,201301190800
25876,0.96,201301190800
25877,1.8,201301190800
25878,2.8,201301190800
25881,2.72,201301190800
25882,2.47,201301190800
25886,0.96,201301190800
25888,1.33,201301190800
25926,2.28,201301190800
25997,1.58,201301190800
26005,2.86,201301190800
26035,1.19,201301190800
26127,1.75,201301190800
26129,0.73,201301190800
26130,0.72,201301190800
26133,1.15,201301190800
26135,2.25,201301190800
26136,2.14,201301190800
26138,2.45,201301190800
26139,0.75,201301190800
26141,2.28,201301190800
26148,0.53,201301190800
26168,1.12,201301190800
26378,2.6,201301190800
26379,0.99,201301190800
26380,1.3,201301190800
26381,0.73,201301190800
26382,0.54,201301190800
26383,2.63,201301190800
26385,2.23,201301190800
26386,2.67,201301190800
26387,1.47,201301190800
26389,2.23,201301190800
26391,1.11,201301190800
26392,0.7,201301190800
26393,0.8,201301190800
26396,1.42,201301190800
26403,2.57,201301190800
26408,0.95,201301190800
26427,2.13,201301190800
26450,2.8,201301190800
26492,1.08,201301190800
26546,1.11,201301190800
26563,0.61,201301190800
26564,1.03,201301190800
26628,0.76,201301190800
26629,2.38,201301190800
26630,2.11,201301190800
26631,0.59,201301190800
26633,1.41,201301190800
26634,1.81,201301190800
26656,2.67,201301190800
26674,1.91,201301190800
26708,2.87,201301190800
26752,0.57,201301190800
26754,1.66,201301190800
26755,1.1,201301190800
26782,2.48,201301190800
26846,0.8,201301190800
26879,2.51,201301190800
26880,1.79,201301190800
26881,0.57,201301190800
26882,2.45,201301190800
26883,0.78,201301190800
26884,0.77,201301190800
26885,0.66,201301190800
26886,1.96,201301190800
26887,1.58,201301190800
26889,0.67,201301190800
26890,1.75,201301190800
26891,2.39,201301190800
26892,1.08,201301190800
26893,1.52,201301190800
26894,1.3,201301190800
26895,1.76,201301190800
26897,2.2,201301190800
26905,1.39,201301190800
26938,0.5,201301190800
26964,1.78,201301190800
27006,3.0,201301190800
27042,0.7,201301190800
27098,2.72,201301190800
27130,2.71,201301190800
27131,0.75,201301190800
27132,0.94,201301190800
27133,0.69,201301190800
27134,2.8,201301190800
27135,0.88,201301190800
27136,0.63,201301190800
27137,2.0,201301190800
27138,1.46,201301190800
27142,1.35,201301190800
27143,1.56,201301190800
27145,1.61,201301190800
27148,0.91,201301190800
27149,1.88,201301190800
27152,2.47,201301190800
27155,2.11,201301190800
27175,1.13,201301190800
27209,0.88,201301190800
27247,2.8,201301190800
27381,2.2,201301190800
27382,1.01,201301190800
27383,2.98,201301190800
27384,2.38,201301190800
27386,0.9,201301190800
27387,1.28,201301190800
27388,2.77,201301190800
27389,2.12,201301190800
27390,2.3,201301190800
27392,1.3,201301190800
27395,2.48,201301190800
27404,1.06,201301190800
27415,2.04,201301190800
27427,2.01,201301190800
27489,1.3,201301190800
27494,1.31,201301190800
27498,2.51,201301190800
27518,2.76,201301190800
27632,1.65,201301190800
27633,1.17,201301190800
27634,1.07,201301190800
27635,2.06,201301190800
27636,0.63,201301190800
27637,2.0,201301190800
27638,2.2,201301190800
27639,1.15,201301190800
27640,1.14,201301190800
27642,0.88,201301190800
27643,2.2,201301190800
27645,0.98,201301190800
27646,1.59,201301190800
27647,2.43,201301190800
27649,1.75,201301190800
27654,1.86,201301190800
27763,2.96,201301190800
27764,0.61,201301190800
27796,1.85,201301190800
27797,2.9,201301190800
27883,2.8,201301190800
27884,2.12,201301190800
27885,0.95,201301190800
27886,1.35,201301190800
27887,0.81,201301190800
27888,2.66,201301190800
27889,0.99,201301190800
27890,0.92,201301190800
27891,1.83,201301190800
27892,1.34,201301190800
27894,2.64,201301190800
27895,2.31,201301190800
27897,1.09,201301190800
27902,2.15,201301190800
27908,1.32,201301190800
27911,1.85,201301190800
27930,1.37,201301190800
27971,1.19,201301190800
28004,0.81,201301190800
28015,2.58,201301190800
28049,1.58,201301190800
28102,2.35,201301190800
28134,0.8,201301190800
28135,1.66,201301190800
28136,2.35,201301190800
28137,1.12,201301190800
28138,1.35,201301190800
28139,2.11,201301190800
28140,1.0,201301190800
28142,2.61,201301190800
28143,1.07,201301190800
28144,1.36,201301190800
28146,0.57,201301190800
28154,2.18,201301190800
28156,0.84,201301190800
28216,1.32,201301190800
28239,2.61,201301190800
28384,1.04,201301190800
28385,2.79,201301190800
28386,1.17,201301190800
28387,1.66,201301190800
28388,1.23,201301190800
28389,1.12,201301190800
28390,2.68,201301190800
28391,2.93,201301190800
28392,0.86,201301190800
28393,2.37,201301190800
28394,0.69,201301190800
28396,0.51,201301190800
28397,1.42,201301190800
28400,2.1,201301190800
28401,0.71,201301190800
28405,2.27,201301190800
28427,1.67,201301190800
28467,1.87,201301190800
28496,1.45,201301190800
28497,2.83,201301190800
28519,2.0,201301190800
28535,0.96,201301190800
28539,2.48,201301190800
28545,2.75,201301190800
28557,2.71,201301190800
28635,2.32,201301190800
28636,1.6,201301190800
28637,1.36,201301190800
28638,0.66,201301190800
28639,1.5,201301190800
28640,0.96,201301190800
28641,2.93,201301190800
28642,2.6,201301190800
28643,1.96,201301190800
28644,1.64,201301190800
28645,2.09,201301190800
28646,1.85,201301190800
28649,1.16,201301190800
28658,0.65,201301190800
28667,2.66,201301190800
28675,1.66,201301190800
28751,0.66,201301190800
28753,2.07,201301190800
28754,1.99,201301190800
28788,2.22,201301190800
28812,2.24,201301190800
28823,2.9,201301190800
28886,0.66,201301190800
28887,2.32,201301190800
28888,2.58,201301190800
28889,2.23,201301190800
28890,2.71,201301190800
28891,1.51,201301190800
28892,2.17,201301190800
28893,1.06,201301190800
28894,2.62,201301190800
28895,1.46,201301190800
28896,1.2,201301190800
28897,2.17,201301190800
28899,2.27,201301190800
28900,2.4,201301190800
28901,1.98,201301190800
28902,1.4,201301190800
28905,0.75,201301190800
28912,2.57,201301190800
28960,1.23,201301190800
28969,2.91,201301190800
29004,1.6,201301190800
29012,2.78,201301190800
29026,2.5,201301190800
29068,2.57,201301190800
29076,0.78,201301190800
29088,2.92,201301190800
29094,2.29,201301190800
29136,1.88,201301190800
29137,0.85,201301190800
29138,1.17,201301190800
29139,1.14,201301190800
29140,1.17,201301190800
29141,1.75,201301190800
29142,1.17,201301190800
29143,2.52,201301190800
29144,2.02,201301190800
29146,1.19,201301190800
29147,2.86,201301190800
29148,1.84,201301190800
29149,2.21,201301190800
29151,0.98,201301190800
29158,0.61,201301190800
29165,2.3,201301190800
29171,0.95,201301190800
29190,0.59,201301190800
29247,1.53,201301190800
29387,2.76,201301190800
29388,1.64,201301190800
29389,0.65,201301190800
29390,1.44,201301190800
29391,1.45,201301190800
29392,0.6,201301190800
29393,1.54,201301190800
29394,0.5,201301190800
29395,1.41,201301190800
29396,0.66,201301190800
29397,2.29,201301190800
29398,2.12,201301190800
29399,2.72,201301190800
29401,1.24,201301190800
29402,2.98,201301190800
29403,2.86,201301190800
29405,1.7,201301190800
29409,2.12,201301190800
29425,0.58,201301190800
29429,2.09,201301190800
29495,2.78,201301190800
29498,1.11,201301190800
29533,1.47,201301190800
29556,2.62,201301190800
29638,2.77,201301190800
29639,2.3,201301190800
29640,2.17,201301190800
29641,2.85,201301190800
29642,1.98,201301190800
29643,2.54,201301190800
29644,1.97,201301190800
29645,0.51,201301190800
29648,1.42,201301190800
29649,2.88,201301190800
29650,1.81,201301190800
29654,2.57,201301190800
29663,1.08,201301190800
29670,1.52,201301190800
29710,1.13,201301190800
29730,0.92,201301190800
29733,2.49,201301190800
29736,2.79,201301190800
29766,1.68,201301190800
29891,2.31,201301190800
29892,2.65,201301190800
29893,2.62,201301190800
29894,0.83,201301190800
29895,2.7,201301190800
29896,2.01,201301190800
29897,0.83,201301190800
29898,0.54,201301190800
29900,2.77,201301190800
29903,1.86,201301190800
29906,1.61,201301190800
29909,2.72,201301190800
29912,0.67,201301190800
29917,2.86,201301190800
29925,0.68,201301190800
29966,2.13,201301190800
30021,2.17,201301190800
30026,0.96,201301190800
30036,2.25,201301190800
30142,0.72,201301190800
30143,0.84,201301190800
30144,2.89,201301190800
30145,1.55,201301190800
30146,1.65,201301190800
30147,2.32,201301190800
30148,0.74,201301190800
30152,0.75,201301190800
30154,1.56,201301190800
30157,2.13,201301190800
30158,1.47,201301190800
30181,2.0,201301190800
30242,1.01,201301190800
30243,2.01,201301190800
30244,2.69,201301190800
30261,0.62,201301190800
30300,1.29,201301190800
30322,2.79,201301190800
30393,0.76,201301190800
30394,1.76,201301190800
30395,2.76,201301190800
30396,0.85,201301190800
30397,2.45,201301190800
30398,2.3,201301190800
30400,2.35,201301190800
30401,0.89,201301190800
30403,1.52,201301190800
30407,0.76,201301190800
30410,1.15,201301190800
30420,1.09,201301190800
30430,2.96,201301190800
30434,2.0,201301190800
30439,2.52,201301190800
30481,2.39,201301190800
30489,1.37,201301190800
30494,0.75,201301190800
30495,2.38,201301190800
30496,1.74,201301190800
30645,2.61,201301190800
30646,2.32,201301190800
30647,2.96,201301190800
30648,0.57,201301190800
30649,2.67,201301190800
30650,2.26,201301190800
30651,2.03,201301190800
30652,2.98,201301190800
30653,2.69,201301190800
30654,0.58,201301190800
30661,1.28,201301190800
30664,0.65,201301190800
30666,0.69,201301190800
30669,2.04,201301190800
30673,2.25,201301190800
30683,2.52,201301190800
30745,2.37,201301190800
30750,2.5,201301190800
30777,2.01,201301190800
30780,2.94,201301190800
30812,2.9,201301190800
30897,2.78,201301190800
30898,2.58,201301190800
30899,0.95,201301190800
30900,1.2,201301190800
30901,0.7,201301190800
30902,2.51,201301190800
30903,0.92,201301190800
30904,2.53,201301190800
30908,1.36,201301190800
30909,0.79,201301190800
30912,1.25,201301190800
30913,2.91,201301190800
30928,0.55,201301190800
30953,1.69,201301190800
30979,0.73,201301190800
30994,1.43,201301190800
30995,2.29,201301190800
31027,1.27,201301190800
31028,0.56,201301190800
31029,1.45,201301190800
31082,1.5,201301190800
31148,2.68,201301190800
31149,2.19,201301190800
31150,1.33,201301190800
31151,0.99,201301190800
31152,2.63,201301190800
31156,1.76,201301190800
31157,1.81,201301190800
31161,1.51,201301190800
31166,2.5,201301190800
31172,1.18,201301190800
31274,1.98,201301190800
31281,2.98,201301190800
31369,2.92,201301190800
31398,2.0,201301190800
31401,2.66,201301190800
31407,2.12,201301190800
31408,1.71,201301190800
31409,1.35,201301190800
31410,2.36,201301190800
31413,1.96,201301190800
31419,3.0,201301190800
31427,0.53,201301190800
31457,2.2,201301190800
31466,1.35,201301190800
31651,0.76,201301190800
31652,2.29,201301190800
31656,0.78,201301190800
31660,0.83,201301190800
31663,1.7,201301190800
31666,1.85,201301190800
31675,1.34,201301190800
31738,2.76,201301190800
31754,1.47,201301190800
31782,1.54,201301190800
31903,1.53,201301190800
31904,2.86,201301190800
31905,1.47,201301190800
31906,1.35,201301190800
31908,1.83,201301190800
31912,1.63,201301190800
31921,1.99,201301190800
31928,1.16,201301190800
31949,2.6,201301190800
32028,0.52,201301190800
32032,1.46,201301190800
32045,2.02,201301190800
32150,2.43,201301190800
32155,2.17,201301190800
32157,0.68,201301190800
32161,0.95,201301190800
32162,2.77,201301190800
32167,1.1,201301190800
32169,1.63,201301190800
32175,0.68,201301190800
32182,0.51,201301190800
32185,1.2,201301190800
32195,1.95,201301190800
32235,2.42,201301190800
32404,1.27,201301190800
32405,2.98,201301190800
32410,2.78,201301190800
32411,1.4,201301190800
32415,1.36,201301190800
32449,1.36,201301190800
32490,2.73,201301190800
32558,0.63,201301190800
32622,1.58,201301190800
32656,0.69,201301190800
32658,2.89,201301190800
32660,0.89,201301190800
32662,2.38,201301190800
32668,2.26,201301190800
32682,1.42,201301190800
32697,2.09,201301190800
32712,0.51,201301190800
32729,2.95,201301190800
32739,1.42,201301190800
32742,1.63,201301190800
32744,1.38,201301190800
32802,2.94,201301190800
32834,1.93,201301190800
32905,0.89,201301190800
32907,2.43,201301190800
32912,2.5,201301190800
32916,0.83,201301190800
32922,1.2,201301190800
32924,1.51,201301190800
32926,2.97,201301190800
32929,0.64,201301190800
32977,1.11,201301190800
32978,1.9,201301190800
33154,1.71,201301190800
33158,0.54,201301190800
33160,2.87,201301190800
33165,2.87,201301190800
33170,1.65,201301190800
33186,1.06,201301190800
33286,2.68,201301190800
33405,2.77,201301190800
33409,2.26,201301190800
33412,2.74,201301190800
33418,1.74,201301190800
33420,2.28,201301190800
33424,2.45,201301190800
33435,0.59,201301190800
33442,0.93,201301190800
33519,2.43,201301190800
33594,2.76,201301190800
33656,1.54,201301190800
33659,1.31,201301190800
33662,0.61,201301190800
33664,1.42,201301190800
33666,2.69,201301190800
33669,0.96,201301190800
33673,2.08,201301190800
33675,0.53,201301190800
33694,2.63,201301190800
33724,1.64,201301190800
33742,0.94,201301190800
33812,0.77,201301190800
33909,2.83,201301190800
33911,1.86,201301190800
33912,2.36,201301190800
33913,1.45,201301190800
33922,1.25,201301190800
33923,1.61,201301190800
33924,2.14,201301190800
33931,2.23,201301190800
33935,1.82,201301190800
33986,1.19,201301190800
34013,2.84,201301190800
34160,1.77,201301190800
34161,2.12,201301190800
34162,2.58,201301190800
34163,0.54,201301190800
34167,1.51,201301190800
34190,1.74,201301190800
34211,1.52,201301190800
34303,2.66,201301190800
34380,1.72,201301190800
34407,1.89,201301190800
34413,0.84,201301190800
34423,2.89,201301190800
34424,2.69,201301190800
34427,0.88,201301190800
34430,1.85,201301190800
34437,2.3,201301190800
34440,1.4,201301190800
34486,2.38,201301190800
34495,1.67,201301190800
34510,0.82,201301190800
34520,2.1,201301190800
34528,0.74,201301190800
34563,2.09,201301190800
34662,1.04,201301190800
34667,1.55,201301190800
34668,0.77,201301190800
34670,0.74,201301190800
34672,1.29,201301190800
34673,2.89,201301190800
34676,2.81,201301190800
34679,1.04,201301190800
34682,2.11,201301190800
34695,1.94,201301190800
34710,2.41,201301190800
34714,0.93,201301190800
34720,2.37,201301190800
34882,2.16,201301190800
34913,1.97,201301190800
34914,0.77,201301190800
34915,2.35,201301190800
34924,2.02,201301190800
34925,0.79,201301190800
34934,1.1,201301190800
34939,1.52,201301190800
34959,1.24,201301190800
34990,0.78,201301190800
35102,2.91,201301190800
35164,0.68,201301190800
35166,0.8,201301190800
35173,0.6,201301190800
35178,2.06,201301190800
35183,2.39,201301190800
35185,0.95,201301190800
35187,1.93,201301190800
35193,2.36,201301190800
35203,0.76,201301190800
35218,0.76,201301190800
35237,2.52,201301190800
35244,2.26,201301190800
35249,2.49,201301190800
35295,1.07,201301190800
35368,1.69,201301190800
35410,1.55,201301190800
35414,1.15,201301190800
35415,0.54,201301190800
35417,0.71,201301190800
35421,2.74,201301190800
35440,0.98,201301190800
35455,0.61,201301190800
35492,1.81,201301190800
35515,0.72,201301190800
35665,0.84,201301190800
35675,2.1,201301190800
35683,1.13,201301190800
35686,0.73,201301190800
35700,0.64,201301190800
35745,0.6,201301190800
35755,2.89,201301190800
35769,1.2,201301190800
35916,2.97,201301190800
35917,2.89,201301190800
35918,1.9,201301190800
35919,0.97,201301190800
35921,1.88,201301190800
35929,0.82,201301190800
35931,2.17,201301190800
35941,1.44,201301190800
35944,1.34,201301190800
35971,0.89,201301190800
35981,0.82,201301190800
35992,2.89,201301190800
35994,2.01,201301190800
36067,2.13,201301190800
36162,2.68,201301190800
36167,2.95,201301190800
36169,2.93,201301190800
36170,1.23,201301190800
36173,2.94,201301190800
36176,1.41,201301190800
36177,2.97,201301190800
36205,1.99,201301190800
36237,1.37,201301190800
36245,0.86,201301190800
36246,2.5,201301190800
36293,1.47,201301190800
36311,0.63,201301190800
36417,1.81,201301190800
36420,3.0,201301190800
36421,2.59,201301190800
36441,2.77,201301190800
36448,0.71,201301190800
36494,2.15,201301190800
36498,1.99,201301190800
36502,1.57,201301190800
36510,2.26,201301190800
36513,2.07,201301190800
36519,2.66,201301190800
36524,0.58,201301190800
36576,0.57,201301190800
36668,1.76,201301190800
36673,0.98,201301190800
36675,1.67,201301190800
36677,1.51,201301190800
36679,0.72,201301190800
36682,1.89,201301190800
36688,2.59,201301190800
36690,1.81,201301190800
36711,2.21,201301190800
36717,1.19,201301190800
36758,2.09,201301190800
36889,0.55,201301190800
36915,1.26,201301190800
36918,2.31,201301190800
36933,1.36,201301190800
36934,2.27,201301190800
36953,0.81,201301190800
36959,2.49,201301190800
36996,2.67,201301190800
36999,1.72,201301190800
37001,1.96,201301190800
37167,0.98,201301190800
37168,1.77,201301190800
37169,1.59,201301190800
37172,1.26,201301190800
37176,1.76,201301190800
37178,1.13,201301190800
37179,1.22,201301190800
37182,1.69,201301190800
37192,2.99,201301190800
37200,0.92,201301190800
37206,0.81,201301190800
37232,2.43,201301190800
37239,0.67,201301190800
37270,0.78,201301190800
37298,1.36,201301190800
37304,0.78,201301190800
37419,0.66,201301190800
37421,1.73,201301190800
37423,2.86,201301190800
37425,2.47,201301190800
37446,1.84,201301190800
37454,0.66,201301190800
37477,1.77,201301190800
37487,2.73,201301190800
37501,2.06,201301190800
37503,2.91,201301190800
37513,0.95,201301190800
37523,0.87,201301190800
37562,0.87,201301190800
37609,2.54,201301190800
37642,2.72,201301190800
37643,2.41,201301190800
37670,2.57,201301190800
37671,2.25,201301190800
37672,2.37,201301190800
37676,2.23,201301190800
37688,1.32,201301190800
37689,2.82,201301190800
37690,1.74,201301190800
37695,2.09,201301190800
37701,1.97,201301190800
37710,1.94,201301190800
37711,1.99,201301190800
37754,2.3,201301190800
37874,2.66,201301190800
37891,0.71,201301190800
37893,1.92,201301190800
37894,2.12,201301190800
37926,2.43,201301190800
37928,1.43,201301190800
37929,2.09,201301190800
37932,1.32,201301190800
37936,0.94,201301190800
37943,2.28,201301190800
37952,1.29,201301190800
37962,2.02,201301190800
37968,2.19,201301190800
38003,2.23,201301190800
38060,2.87,201301190800
38145,2.72,201301190800
38172,1.57,201301190800
38173,2.58,201301190800
38178,1.81,201301190800
38200,2.52,201301190800
38204,2.26,201301190800
38209,1.16,201301190800
38215,0.75,201301190800
38220,2.85,201301190800
38225,1.73,201301190800
38228,0.87,201301190800
38230,0.54,201301190800
38243,2.95,201301190800
38247,2.39,201301190800
38255,2.83,201301190800
38263,2.66,201301190800
38268,0.69,201301190800
38272,2.25,201301190800
38367,2.91,201301190800
38381,2.95,201301190800
38423,1.53,201301190800
38425,2.48,201301190800
38426,1.57,201301190800
38431,1.61,201301190800
38440,2.07,201301190800
38479,0.73,201301190800
38481,1.74,201301190800
38483,2.18,201301190800
38488,0.89,201301190800
38490,0.73,201301190800
38498,0.69,201301190800
38499,1.32,201301190800
38500,2.17,201301190800
38505,2.9,201301190800
38506,2.63,201301190800
38508,2.44,201301190800
38517,0.96,201301190800
38534,1.83,201301190800
38648,1.28,201301190800
38674,0.78,201301190800
38676,0.52,201301190800
38679,2.21,201301190800
38684,1.99,201301190800
38693,1.15,201301190800
38697,2.19,201301190800
38716,1.31,201301190800
38722,2.03,201301190800
38736,2.19,201301190800
38738,1.95,201301190800
38752,2.7,201301190800
38753,2.89,201301190800
38758,1.48,201301190800
38760,2.83,201301190800
38761,0.77,201301190800
38762,2.68,201301190800
38766,2.63,201301190800
38769,0.75,201301190800
38778,1.0,201301190800
38812,2.58,201301190800
38939,0.7,201301190800
38953,2.38,201301190800
38958,1.09,201301190800
38967,2.64,201301190800
39006,1.96,201301190800
39008,2.3,201301190800
39010,2.9,201301190800
39011,0.66,201301190800
39017,2.01,201301190800
39113,2.72,201301190800
39148,2.4,201301190800
39149,2.09,201301190800
39176,1.52,201301190800
39178,1.35,201301190800
39191,1.41,201301190800
39201,0.99,201301190800
39230,1.36,201301190800
39236,1.75,201301190800
39246,2.47,201301190800
39252,2.85,201301190800
39255,1.63,201301190800
39260,1.42,201301190800
39262,1.45,201301190800
39263,2.32,201301190800
39268,0.64,201301190800
39269,1.71,201301190800
39271,0.78,201301190800
39274,2.58,201301190800
39275,2.27,201301190800
39375,2.7,201301190800
39391,1.92,201301190800
39427,2.16,201301190800
39428,2.6,201301190800
39430,2.06,201301190800
39433,0.6,201301190800
39446,1.87,201301190800
39457,1.75,201301190800
39514,1.39,201301190800
39515,1.09,201301190800
39516,0.62,201301190800
39517,2.94,201301190800
39535,2.84,201301190800
39554,2.79,201301190800
39559,0.57,201301190800
39631,1.6,201301190800
39632,1.97,201301190800
39633,2.07,201301190800
39652,2.62,201301190800
39683,2.44,201301190800
39687,2.36,201301190800
39706,1.9,201301190800
39710,1.54,201301190800
39722,2.2,201301190800
39731,1.45,201301190800
39750,2.21,201301190800
39755,1.6,201301190800
39759,2.53,201301190800
39762,0.6,201301190800
39764,1.55,201301190800
39765,2.23,201301190800
39766,2.72,201301190800
39767,1.35,201301190800
39769,1.79,201301190800
39772,2.02,201301190800
39776,1.7,201301190800
39777,1.88,201301190800
39790,1.16,201301190800
39791,2.23,201301190800
39796,1.75,201301190800
39832,0.74,201301190800
39883,2.02,201301190800
39930,0.61,201301190800
39932,1.67,201301190800
39941,0.77,201301190800
39948,1.74,201301190800
39969,0.64,201301190800
40018,1.56,201301190800
40031,2.64,201301190800
40133,2.05,201301190800
40180,2.86,201301190800
40188,2.2,201301190800
40196,1.13,201301190800
40242,1.0,201301190800
40246,1.79,201301190800
40259,2.93,201301190800
40264,2.01,201301190800
40267,1.72,201301190800
40268,2.17,201301190800
40270,0.66,201301190800
40276,1.59,201301190800
40286,1.44,201301190800
40295,1.96,201301190800
40431,2.5,201301190800
40432,1.09,201301190800
40442,1.38,201301190800
40447,2.64,201301190800
40448,1.36,201301190800
40451,2.84,201301190800
40457,0.53,201301190800
40500,2.0,201301190800
40512,2.98,201301190800
40518,1.53,201301190800
40519,2.35,201301190800
40522,0.79,201301190800
40524,1.24,201301190800
40525,1.47,201301190800
40532,2.39,201301190800
40560,1.03,201301190800
40566,1.09,201301190800
40633,1.01,201301190800
40687,2.66,201301190800
40713,1.18,201301190800
40719,2.95,201301190800
40732,2.87,201301190800
40733,1.34,201301190800
40766,0.98,201301190800
40810,1.41,201301190800
40894,0.64,201301190800
40933,1.13,201301190800
40936,0.61,201301190800
40939,2.54,201301190800
40954,1.57,201301190800
40982,1.0,201301190800
41021,1.75,201301190800
41024,1.73,201301190800
41061,1.13,201301190800
41145,1.92,201301190800
41157,1.84,201301190800
41183,0.82,201301190800
41200,1.8,201301190800
41262,1.64,201301190800
41265,0.99,201301190800
41270,1.83,201301190800
41277,1.7,201301190800
41318,0.61,201301190800
41401,1.23,201301190800
41407,0.54,201301190800
41437,1.96,201301190800
41459,0.67,201301190800
41465,1.51,201301190800
41469,2.08,201301190800
41508,2.19,201301190800
41520,0.92,201301190800
41522,2.26,201301190800
41526,0.68,201301190800
41532,1.77,201301190800
41558,1.42,201301190800
41635,1.62,201301190800
41653,2.64,201301190800
41658,2.67,201301190800
41692,0.9,201301190800
41696,1.6,201301190800
41764,2.87,201301190800
41772,1.08,201301190800
41893,2.55,201301190800
41904,1.95,201301190800
41905,2.41,201301190800
41936,1.93,201301190800
41941,1.2,201301190800
41958,2.12,201301190800
41990,1.86,201301190800
42023,0.87,201301190800
42026,2.72,201301190800
42029,0.66,201301190800
42074,1.18,201301190800
42085,2.6,201301190800
42095,2.78,201301190800
42147,2.4,201301190800
42160,2.75,201301190800
42200,2.56,201301190800
42213,2.53,201301190800
42267,2.38,201301190800
42271,2.33,201301190800
42274,1.67,201301190800
42283,2.02,201301190800
42291,0.99,201301190800
42342,1.06,201301190800
42411,0.52,201301190800
42438,2.71,201301190800
42454,1.79,201301190800
42471,2.06,201301190800
42478,2.52,201301190800
42487,0.96,201301190800
42503,2.62,201301190800
42514,2.95,201301190800
42521,0.93,201301190800
42533,0.59,201301190800
42644,2.95,201301190800
42661,2.88,201301190800
42695,0.76,201301190800
42744,2.89,201301190800
42750,1.19,201301190800
42846,0.53,201301190800
42905,0.55,201301190800
42912,2.19,201301190800
42939,2.64,201301190800
42940,1.85,201301190800
42944,1.56,201301190800
42949,2.6,201301190800
43011,2.35,201301190800
43021,0.94,201301190800
43030,0.7,201301190800
43151,1.34,201301190800
43160,2.33,201301190800
43162,1.31,201301190800
43213,2.11,201301190800
43220,2.17,201301190800
43261,0.71,201301190800
43412,1.62,201301190800
43413,2.64,201301190800
43440,2.42,201301190800
43443,2.69,201301190800
43449,2.57,201301190800
43483,1.72,201301190800
43484,1.85,201301190800
43494,2.89,201301190800
43518,2.54,201301190800
43523,1.0,201301190800
43526,1.46,201301190800
43530,1.96,201301190800
43571,2.26,201301190800
43642,1.36,201301190800
43662,1.9,201301190800
43738,2.16,201301190800
43760,2.75,201301190800
43779,2.39,201301190800
43914,0.64,201301190800
43957,0.83,201301190800
43980,2.82,201301190800
43984,1.22,201301190800
43992,2.3,201301190800
43995,0.56,201301190800
44002,2.96,201301190800
44039,1.34,201301190800
44194,2.11,201301190800
44197,3.0,201301190800
44204,0.81,201301190800
44215,1.54,201301190800
44226,1.29,201301190800
44247,2.38,201301190800
44255,2.26,201301190800
44282,2.95,201301190800
44284,2.39,201301190800
44356,1.72,201301190800
44470,0.93,201301190800
44486,2.37,201301190800
44503,1.91,201301190800
44504,2.71,201301190800
44510,1.32,201301190800
44517,2.21,201301190800
44534,1.24,201301190800
44578,0.58,201301190800
44666,2.91,201301190800
44694,1.95,201301190800
44697,2.34,201301190800
44716,2.54,201301190800
44724,2.03,201301190800
44743,1.34,201301190800
44755,0.73,201301190800
44756,2.85,201301190800
44757,0.6,201301190800
44758,1.9,201301190800
44786,1.78,201301190800
44787,1.85,201301190800
44911,1.79,201301190800
44963,2.13,201301190800
45005,0.96,201301190800
45006,2.55,201301190800
45007,2.43,201301190800
45008,0.97,201301190800
45039,2.34,201301190800
45114,1.01,201301190800
45168,1.88,201301190800
45200,2.11,201301190800
45203,1.47,201301190800
45208,1.58,201301190800
45237,2.42,201301190800
45254,1.08,201301190800
45256,0.93,201301190800
45258,1.99,201301190800
45261,0.86,201301190800
45265,2.89,201301190800
45266,2.02,201301190800
45401,2.51,201301190800
45479,2.37,201301190800
45502,2.87,201301190800
45507,1.94,201301190800
45509,2.36,201301190800
45526,2.28,201301190800
45538,2.66,201301190800
45582,1.09,201301190800
45661,2.96,201301190800
45701,0.77,201301190800
45703,1.31,201301190800
45716,0.69,201301190800
45720,2.34,201301190800
45725,2.04,201301190800
45735,2.02,201301190800
45747,1.93,201301190800
45766,1.32,201301190800
45793,2.11,201301190800
45795,1.12,201301190800
45919,0.65,201301190800
45948,1.88,201301190800
46008,1.93,201301190800
46036,2.32,201301190800
46041,0.79,201301190800
46052,1.89,201301190800
46074,2.04,201301190800
46145,1.23,201301190800
46202,1.53,201301190800
46209,0.75,201301190800
46242,1.42,201301190800
46265,2.73,201301190800
46372,1.8,201301190800
46384,2.96,201301190800
46455,0.85,201301190800
46508,1.1,201301190800
46523,1.92,201301190800
46538,1.86,201301190800
46565,1.61,201301190800
46574,1.96,201301190800
46626,1.21,201301190800
46700,1.77,201301190800
46738,0.83,201301190800
46770,2.97,201301190800
46778,2.45,201301190800
46787,2.43,201301190800
46803,2.63,201301190800
46954,2.29,201301190800
46964,1.29,201301190800
46972,0.62,201301190800
46976,1.64,201301190800
46981,2.04,201301190800
47011,0.9,201301190800
47015,0.72,201301190800
47047,2.46,201301190800
47253,0.9,201301190800
47288,2.54,201301190800
47295,2.32,201301190800
47342,2.94,201301190800
47454,1.45,201301190800
47535,2.76,201301190800
47543,0.91,201301190800
47705,1.47,201301190800
47709,1.59,201301190800
47711,0.77,201301190800
47758,1.03,201301190800
47806,2.52,201301190800
47889,2.04,201301190800
47926,3.0,201301190800
47968,2.94,201301190800
47972,1.59,201301190800
47977,0.59,201301190800
47982,2.96,201301190800
48032,1.29,201301190800
48209,1.95,201301190800
48239,2.75,201301190800
48244,2.46,201301190800
48278,2.37,201301190800
48420,1.44,201301190800
48427,2.72,201301190800
48499,1.51,201301190800
48503,2.38,201301190800
48552,2.4,201301190800
48584,2.27,201301190800
48713,1.72,201301190800
48759,2.97,201301190800
48848,2.85,201301190800
48898,1.14,201301190800
49017,1.76,201301190800
49049,0.55,201301190800
49229,1.55,201301190800
49241,2.33,201301190800
49472,1.7,201301190800
49483,1.63,201301190800
49542,0.93,201301190800
49555,2.49,201301190800
49679,2.87,201301190800
49750,2.94,201301190800
49760,1.99,201301190800
49777,2.74,201301190800
49968,1.78,201301190800
50053,1.02,201301190800
50103,1.98,201301190800
50180,0.95,201301190800
50285,2.55,201301190800
50430,2.56,201301190800
50470,2.07,201301190800
50494,1.01,201301190800
50511,1.9,201301190800
50549,1.11,201301190800
50680,1.18,201301190800
50682,1.75,201301190800
50731,1.15,201301190800
50812,2.7,201301190800
50872,1.92,201301190800
51029,0.6,201301190800
51046,2.2,201301190800
51053,2.96,201301190800
51056,1.95,201301190800
51162,2.3,201301190800
51177,1.48,201301190800
51182,2.92,201301190800
51228,1.11,201301190800
51258,1.69,201301190800
51430,2.42,201301190800
51431,2.82,201301190800
51432,0.52,201301190800
51520,1.46,201301190800
51681,0.5,201301190800
51682,2.78,201301190800
51725,2.66,201301190800
51790,2.95,201301190800
51832,1.55,201301190800
51857,0.94,201301190800
51931,1.63,201301190800
51932,2.6,201301190800
51986,2.71,201301190800
52003,1.73,201301190800
52182,1.85,201301190800
52244,1.37,201301190800
52259,1.45,201301190800
52280,1.88,201301190800
52319,2.39,201301190800
52473,1.11,201301190800
52518,1.62,201301190800
52631,2.38,201301190800
52679,0.95,201301190800
52729,2.87,201301190800
52811,2.34,201301190800
52983,0.98,201301190800
52988,2.36,201301190800
52993,1.25,201301190800
53000,1.96,201301190800
53016,1.26,201301190800
53027,2.44,201301190800
53072,1.74,201301190800
53090,2.26,201301190800
53177,1.66,201301190800
53178,1.01,201301190800
53381,2.44,201301190800
53427,0.78,201301190800
53429,2.53,201301190800
53761,2.6,201301190800
53774,2.14,201301190800
53797,2.83,201301190800
53810,2.51,201301190800
53822,2.78,201301190800
53864,1.89,201301190800
53927,1.12,201301190800
54038,2.65,201301190800
54071,2.44,201301190800
54234,0.94,201301190800
54281,2.13,201301190800
54284,0.53,201301190800
54327,2.7,201301190800
54334,0.7,201301190800
54349,2.53,201301190800
54427,1.65,201301190800
54503,2.03,201301190800
54510,1.57,201301190800
54520,0.83,201301190800
54550,1.01,201301190800
54578,0.65,201301190800
54678,1.27,201301190800
54828,1.86,201301190800
54983,2.22,201301190800
54996,2.68,201301190800
55070,2.86,201301190800
55329,2.12,201301190800
55331,1.27,201301190800
55535,2.84,201301190800
55633,1.44,201301190800
55680,2.86,201301190800
55761,2.29,201301190800
55831,2.92,201301190800
55832,2.31,201301190800
55838,2.03,201301190800
55845,1.91,201301190800
56106,2.0,201301190800
56493,0.63,201301190800
56571,2.64,201301190800
56586,2.1,201301190800
56587,2.18,201301190800
56591,1.04,201301190800
56738,1.36,201301190800
56835,2.74,201301190800
56882,1.71,201301190800
56887,2.22,201301190800
56888,1.85,201301190800
56933,0.9,201301190800
56934,2.2,201301190800
57042,2.96,201301190800
57062,2.4,201301190800
57189,1.0,201301190800
57261,0.92,201301190800
57329,1.41,201301190800
57342,1.73,201301190800
57376,0.58,201301190800
57378,0.51,201301190800
57380,1.71,201301190800
57397,2.94,201301190800
57440,2.62,201301190800
57495,2.89,201301190800
57523,0.67,201301190800
57555,1.84,201301190800
57597,0.88,201301190800
57613,2.0,201301190800
57615,1.26,201301190800
57628,1.74,201301190800
57631,0.58,201301190800
57823,1.22,201301190800
57837,1.86,201301190800
57851,2.49,201301190800
57852,2.67,201301190800
57906,1.59,201301190800
58179,2.82,201301190800
58251,2.67,201301190800
58421,0.98,201301190800
58511,1.43,201301190800
58632,2.03,201301190800
58744,1.58,201301190800
58802,0.97,201301190800
58814,0.63,201301190800
58879,1.14,201301190800
58892,0.99,201301190800
59010,0.74,201301190800
59043,2.25,201301190800
59104,2.81,201301190800
59125,0.69,201301190800
59134,2.41,201301190800
59285,1.87,201301190800
59329,0.9,201301190800
59555,0.51,201301190800
59635,1.59,201301190800
59745,0.95,201301190800
59927,2.61,201301190800
59941,1.8,201301190800
60008,1.47,201301190800
60011,0.73,201301190800
60114,0.78,201301190800
60141,2.09,201301190800
60147,2.01,201301190800
60331,2.63,201301190800
60344,2.42,201301190800
60350,1.65,201301190800
60578,2.53,201301190800
60593,2.56,201301190800
60613,1.87,201301190800
60630,0.74,201301190800
60635,1.94,201301190800
60649,2.98,201301190800
60750,2.08,201301190800
60774,2.16,201301190800
60819,2.71,201301190800
60880,0.85,201301190800
60888,1.96,201301190800
61062,0.6,201301190800
61110,0.99,201301190800
61263,0.91,201301190800
61343,1.39,201301190800
61591,2.4,201301190800
61597,2.1,201301190800
61654,2.3,201301190800
61818,2.25,201301190800
62077,2.83,201301190800
62104,0.63,201301190800
62135,2.37,201301190800
62140,2.34,201301190800
62252,2.72,201301190800
62558,2.93,201301190800
62589,0.54,201301190800
62757,1.01,201301190800
62772,2.3,201301190800
62850,0.69,201301190800
62926,1.31,201301190800
62948,2.66,201301190800
63044,2.51,201301190800
63153,1.83,201301190800
63383,1.78,201301190800
63397,0.59,201301190800
63398,1.75,201301190800
63407,0.53,201301190800
63574,2.07,201301190800
63586,2.37,201301190800
63816,2.48,201301190800
64102,1.37,201301190800
64150,2.54,201301190800
64200,1.5,201301190800
64515,2.78,201301190800
64529,1.65,201301190800
64573,1.16,201301190800
64581,2.45,201301190800
64815,1.07,201301190800
64915,2.93,201301190800
65059,2.13,201301190800
65144,1.65,201301190800
65320,2.16,201301190800
65375,2.89,201301190800
65454,2.61,201301190800
65528,2.97,201301190800
65607,2.05,201301190800
65774,1.02,201301190800
65838,1.08,201301190800
66068,2.58,201301190800
66084,1.77,201301190800
66151,2.78,201301190800
66353,2.12,201301190800
66538,2.68,201301190800
66575,2.68,201301190800
66637,1.74,201301190800
66827,1.35,201301190800
66870,2.13,201301190800
67110,2.17,201301190800
67207,1.4,201301190800
67335,0.71,201301190800
67385,1.51,201301190800
67599,2.31,201301190800
67601,2.54,201301190800
67602,2.18,201301190800
67698,2.41,201301190800
67824,2.79,201301190800
67842,0.78,201301190800
67854,2.92,201301190800
67855,2.26,201301190800
67918,2.2,201301190800
68103,2.59,201301190800
68104,2.26,201301190800
68110,1.12,201301190800
68111,1.02,201301190800
68349,0.98,201301190800
68354,2.93,201301190800
68356,0.68,201301190800
68454,1.89,201301190800
68455,0.55,201301190800
68587,1.86,201301190800
68857,0.71,201301190800
68858,0.53,201301190800
68897,2.17,201301190800
68924,2.27,201301190800
68930,1.36,201301190800
69106,0.63,201301190800
69190,2.01,201301190800
69206,0.54,201301190800
69359,1.33,201301190800
69371,1.66,201301190800
69455,1.22,201301190800
69582,2.51,201301190800
69613,1.07,201301190800
69676,2.69,201301190800
70115,0.86,201301190800
70132,1.64,201301190800
70181,2.9,201301190800
70342,2.7,201301190800
70352,1.14,201301190800
70360,2.82,201301190800
70374,1.41,201301190800
70440,0.59,201301190800
70462,0.73,201301190800
70619,1.98,201301190800
70659,1.96,201301190800
70715,1.68,201301190800
70903,2.91,201301190800
70934,1.53,201301190800
70961,1.74,201301190800
71122,1.36,201301190800
71187,2.31,201301190800
71399,2.22,201301190800
71601,0.9,201301190800
71629,0.72,201301190800
71888,2.86,201301190800
71961,2.33,201301190800
71964,2.33,201301190800
72201,1.96,201301190800
72218,1.03,201301190800
72345,2.9,201301190800
72367,2.73,201301190800
72407,2.57,201301190800
72416,2.94,201301190800
72706,1.93,201301190800
72894,1.24,201301190800
73104,2.91,201301190800
73135,0.66,201301190800
73211,2.33,201301190800
73223,1.62,201301190800
73451,1.84,201301190800
73460,1.78,201301190800
73461,1.82,201301190800
73557,2.02,201301190800
73669,0.58,201301190800
74158,2.39,201301190800
74216,0.71,201301190800
74388,1.45,201301190800
74396,1.6,201301190800
74466,2.63,201301190800
74467,2.36,201301190800
74638,1.6,201301190800
74677,0.75,201301190800
74678,0.76,201301190800
74711,1.64,201301190800
74721,0.62,201301190800
74962,1.58,201301190800
74968,1.11,201301190800
74973,0.77,201301190800
75224,2.42,201301190800
75329,2.3,201301190800
75386,0.83,201301190800
75424,1.4,201301190800
75436,1.78,201301190800
75475,1.96,201301190800
75619,2.57,201301190800
75721,0.86,201301190800
75722,2.8,201301190800
75724,0.98,201301190800
75725,1.78,201301190800
75726,2.93,201301190800
75727,0.75,201301190800
75974,1.3,201301190800
75975,1.37,201301190800
76133,1.35,201301190800
76227,2.88,201301190800
76393,2.07,201301190800
76473,0.98,201301190800
76477,1.04,201301190800
76654,2.34,201301190800
76728,0.96,201301190800
76959,0.83,201301190800
77169,2.25,201301190800
77230,2.41,201301190800
77381,2.11,201301190800
77458,1.85,201301190800
77641,1.71,201301190800
77942,2.33,201301190800
77981,1.06,201301190800
78205,1.28,201301190800
78418,1.14,201301190800
78654,2.53,201301190800
78733,0.82,201301190800
78881,2.36,201301190800
78896,2.17,201301190800
78909,2.33,201301190800
78983,2.92,201301190800
79234,2.21,201301190800
79379,2.2,201301190800
79394,1.44,201301190800
79484,2.34,201301190800
79712,1.47,201301190800
79911,1.81,201301190800
79915,0.88,201301190800
80160,2.36,201301190800
80161,0.82,201301190800
80193,1.95,201301190800
80352,1.32,201301190800
80397,2.79,201301190800
80406,2.93,201301190800
80411,1.5,201301190800
80412,1.52,201301190800
80413,2.6,201301190800
80420,2.19,201301190800
80485,2.11,201301190800
80635,2.99,201301190800
80659,0.73,201301190800
80663,1.04,201301190800
80664,2.77,201301190800
80703,1.18,201301190800
80877,1.12,201301190800
80916,1.03,201301190800
81163,2.56,201301190800
81164,2.44,201301190800
81354,2.82,201301190800
81363,2.81,201301190800
81390,1.34,201301190800
81625,1.27,201301190800
81651,1.95,201301190800
81899,1.89,201301190800
82135,2.77,201301190800
82168,2.31,201301190800
82169,2.69,201301190800
82237,2.32,201301190800
82613,1.4,201301190800
82622,1.64,201301190800
82664,0.84,201301190800
82892,0.97,201301190800
82951,2.53,201301190800
83410,2.0,201301190800
83489,2.75,201301190800
83735,0.77,201301190800
83865,1.21,201301190800
84123,1.1,201301190800
84179,1.14,201301190800
84207,2.74,201301190800
84212,1.44,201301190800
84221,1.51,201301190800
84366,1.4,201301190800
84689,0.6,201301190800
84712,2.35,201301190800
84902,2.54,201301190800
85474,2.23,201301190800
85487,2.1,201301190800
85620,0.95,201301190800
85705,1.3,201301190800
85715,1.49,201301190800
85738,1.67,201301190800
86440,1.57,201301190800
86622,0.66,201301190800
86623,1.01,201301190800
86672,1.64,201301190800
86873,2.03,201301190800
86895,2.95,201301190800
87121,1.3,201301190800
87227,0.57,201301190800
87460,1.3,201301190800
87690,1.68,201301190800
87873,1.9,201301190800
88242,1.3,201301190800
88463,2.23,201301190800
89120,1.34,201301190800
89152,1.95,201301190800
89175,1.37,201301190800
89198,1.06,201301190800
89615,2.2,201301190800
89625,0.91,201301190800
90116,1.35,201301190800
90183,1.36,201301190800
90497,1.15,201301190800
90699,2.99,201301190800
90719,1.02,201301190800
91200,1.17,201301190800
91432,2.78,201301190800
91434,1.3,201301190800
91684,2.81,201301190800
91713,0.61,201301190800
91744,1.05,201301190800
92233,1.71,201301190800
93205,1.46,201301190800
93244,1.29,201301190800
93252,1.18,201301190800
93463,0.88,201301190800
93675,0.9,201301190800
93944,2.35,201301190800
94431,2.03,201301190800
94710,2.08,201301190800
94755,2.49,201301190800
94997,2.3,201301190800
95000,2.69,201301190800
95707,0.66,201301190800
95949,0.69,201301190800
95998,1.68,201301190800
96188,0.86,201301190800
96225,1.12,201301190800
96249,0.68,201301190800
96468,2.97,201301190800
96486,1.7,201301190800
96718,2.45,201301190800
96972,1.3,201301190800
96995,2.81,201301190800
97251,0.67,201301190800
97440,1.79,201301190800
97471,2.57,201301190800
97969,0.75,201301190800
97990,2.38,201301190800
98224,1.32,201301190800
98229,1.61,201301190800
98450,1.84,201301190800
98475,0.51,201301190800
98739,1.25,201301190800
99256,2.91,201301190800
99468,1.31,201301190800
99730,1.23,201301190800
101215,2.36,201301190800
101911,2.32,201301190800
101912,1.98,201301190800
101989,2.56,201301190800
102999,1.79,201301190800
103242,2.14,201301190800
103431,1.94,201301190800
104177,1.7,201301190800
104221,1.08,201301190800
104239,2.22,201301190800
104701,1.51,201301190800
104984,1.88,201301190800
105196,2.7,201301190800
105219,2.04,201301190800
105460,2.45,201301190800
105461,2.32,201301190800
105481,2.76,201301190800
105489,1.44,201301190800
105709,1.65,201301190800
105710,2.61,201301190800
105711,2.81,201301190800
105712,0.53,201301190800
105713,1.85,201301190800
105715,2.51,201301190800
105726,1.85,201301190800
105727,1.92,201301190800
105736,1.57,201301190800
105960,1.72,201301190800
105961,2.42,201301190800
105962,0.64,201301190800
105963,2.84,201301190800
105964,0.75,201301190800
105975,1.7,201301190800
106195,2.51,201301190800
106213,1.27,201301190800
106214,0.85,201301190800
106215,1.19,201301190800
106221,1.22,201301190800
106231,2.86,201301190800
106232,0.85,201301190800
106234,2.07,201301190800
106235,2.06,201301190800
106237,2.1,201301190800
106446,1.14,201301190800
106447,1.66,201301190800
106462,1.74,201301190800
106463,1.96,201301190800
106465,0.85,201301190800
106466,2.81,201301190800
106467,2.62,201301190800
106480,1.16,201301190800
106712,2.87,201301190800
106717,1.9,201301190800
106718,1.52,201301190800
106741,2.37,201301190800
106958,2.31,201301190800
106964,0.96,201301190800
106965,0.78,201301190800
106966,2.38,201301190800
106967,2.35,201301190800
106971,1.41,201301190800
106983,1.64,201301190800
106997,2.55,201301190800
107200,1.64,201301190800
107212,2.19,201301190800
107219,0.65,201301190800
107240,1.83,201301190800
107460,1.9,201301190800
107465,1.43,201301190800
107466,2.91,201301190800
107468,2.52,201301190800
107491,0.55,201301190800
107711,1.27,201301190800
107725,2.56,201301190800
107726,2.22,201301190800
107954,2.15,201301190800
107966,2.61,201301190800
107971,1.02,201301190800
107979,0.96,201301190800
107993,2.64,201301190800
108205,2.11,201301190800
108211,1.39,201301190800
108214,1.85,201301190800
108215,1.57,201301190800
108217,2.2,201301190800
108219,1.7,201301190800
108220,1.4,201301190800
108222,1.88,201301190800
108225,2.5,201301190800
108230,2.57,201301190800
108454,1.59,201301190800
108463,0.77,201301190800
108499,1.43,201301190800
108717,2.25,201301190800
108722,1.49,201301190800
108724,1.41,201301190800
108733,0.79,201301190800
108968,1.29,201301190800
108975,1.93,201301190800
108984,0.97,201301190800
108985,1.64,201301190800
109216,2.58,201301190800
109219,2.17,201301190800
109222,2.24,201301190800
109227,0.89,201301190800
109231,2.81,201301190800
109236,1.98,201301190800
109245,0.62,201301190800
109473,2.15,201301190800
109487,2.55,201301190800
109494,2.3,201301190800
109495,0.76,201301190800
109496,2.79,201301190800
109497,2.77,201301190800
109742,0.62,201301190800
109744,1.76,201301190800
109748,1.61,201301190800
109750,2.84,201301190800
109980,1.48,201301190800
109991,1.14,201301190800
109994,2.22,201301190800
109998,2.34,201301190800
110001,0.89,201301190800
110243,0.71,201301190800
110247,2.38,201301190800
110249,1.17,201301190800
110251,1.77,201301190800
110253,2.26,201301190800
110254,2.24,201301190800
