cell,mobility,dtg
1610,1.45,201301170800
1846,2.08,201301170800
1851,0.81,201301170800
1853,2.02,201301170800
1856,1.5,201301170800
1857,2.91,201301170800
2103,1.57,201301170800
2105,0.85,201301170800
2106,2.75,201301170800
2107,2.88,201301170800
2114,2.04,201301170800
2342,1.82,201301170800
2347,0.95,201301170800
2351,0.62,201301170800
2354,0.76,201301170800
2357,2.61,201301170800
2372,2.37,201301170800
2374,0.59,201301170800
2591,2.93,201301170800
2595,0.7,201301170800
2605,2.07,201301170800
2611,2.22,201301170800
2615,2.73,201301170800
2620,0.7,201301170800
2627,2.53,201301170800
2839,0.97,201301170800
2847,1.67,201301170800
3086,2.25,201301170800
3094,1.36,201301170800
3100,1.36,201301170800
3124,2.1,201301170800
3128,0.52,201301170800
3334,1.36,201301170800
3337,2.15,201301170800
3375,2.71,201301170800
3614,1.63,201301170800
3619,2.69,201301170800
3632,1.79,201301170800
3635,1.06,201301170800
3830,2.18,201301170800
3831,1.53,201301170800
3833,1.85,201301170800
3837,2.28,201301170800
3845,0.72,201301170800
3856,1.83,201301170800
3860,2.53,201301170800
3865,2.11,201301170800
4078,0.52,201301170800
4081,1.06,201301170800
4137,0.76,201301170800
4141,2.21,201301170800
4142,1.22,201301170800
4328,0.73,201301170800
4329,1.27,201301170800
4341,2.95,201301170800
4345,1.05,201301170800
4348,2.27,201301170800
4354,0.52,201301170800
4372,2.57,201301170800
4577,2.0,201301170800
4578,2.28,201301170800
4580,2.6,201301170800
4582,0.61,201301170800
4605,1.61,201301170800
4608,1.07,201301170800
4631,2.95,201301170800
4636,2.75,201301170800
4637,1.45,201301170800
4829,1.74,201301170800
4830,2.75,201301170800
4831,1.47,201301170800
4834,1.06,201301170800
4837,1.78,201301170800
4852,2.53,201301170800
4863,1.9,201301170800
4868,1.87,201301170800
4890,1.05,201301170800
4891,2.11,201301170800
5078,1.33,201301170800
5081,2.77,201301170800
5084,1.91,201301170800
5127,0.87,201301170800
5153,2.97,201301170800
5327,2.93,201301170800
5329,1.82,201301170800
5333,2.87,201301170800
5334,2.64,201301170800
5339,1.96,201301170800
5369,2.83,201301170800
5402,1.04,201301170800
5410,0.63,201301170800
5577,1.84,201301170800
5581,1.67,201301170800
5592,0.79,201301170800
5612,2.58,201301170800
5623,2.02,201301170800
5876,1.25,201301170800
5893,2.48,201301170800
5898,2.45,201301170800
6078,1.27,201301170800
6118,1.82,201301170800
6136,2.21,201301170800
6158,2.83,201301170800
6159,2.66,201301170800
6333,2.36,201301170800
6353,1.25,201301170800
6365,1.0,201301170800
6366,0.91,201301170800
6414,2.17,201301170800
6588,0.67,201301170800
6609,1.61,201301170800
6635,2.97,201301170800
6668,0.54,201301170800
6841,1.97,201301170800
6849,0.51,201301170800
6896,2.73,201301170800
6924,1.67,201301170800
6928,1.19,201301170800
6935,1.9,201301170800
6939,1.07,201301170800
7077,0.95,201301170800
7078,1.22,201301170800
7085,2.0,201301170800
7088,1.78,201301170800
7113,1.79,201301170800
7114,2.35,201301170800
7129,2.07,201301170800
7133,0.72,201301170800
7165,1.29,201301170800
7192,0.71,201301170800
7354,1.25,201301170800
7375,1.69,201301170800
7379,1.84,201301170800
7401,2.6,201301170800
7410,2.65,201301170800
7436,2.88,201301170800
7584,2.22,201301170800
7646,1.58,201301170800
7849,0.64,201301170800
7871,2.74,201301170800
7927,0.85,201301170800
7948,1.12,201301170800
8080,2.63,201301170800
8170,1.97,201301170800
8182,2.54,201301170800
8195,2.67,201301170800
8342,0.55,201301170800
8582,2.37,201301170800
8602,2.54,201301170800
8609,1.69,201301170800
8638,1.05,201301170800
8656,1.55,201301170800
8830,0.53,201301170800
8839,2.5,201301170800
8876,1.44,201301170800
8897,1.41,201301170800
8912,0.82,201301170800
8918,2.33,201301170800
8929,1.89,201301170800
8940,0.95,201301170800
8954,0.98,201301170800
9140,2.34,201301170800
9333,2.2,201301170800
9468,1.26,201301170800
9473,1.96,201301170800
9589,3.0,201301170800
9601,0.78,201301170800
9607,1.42,201301170800
9658,2.65,201301170800
9724,0.57,201301170800
9833,2.71,201301170800
10084,0.94,201301170800
10089,1.79,201301170800
10096,2.27,201301170800
10144,1.77,201301170800
10170,1.54,201301170800
10181,2.59,201301170800
10189,1.06,201301170800
10201,2.93,201301170800
10334,0.52,201301170800
10335,1.89,201301170800
10383,1.58,201301170800
10414,0.8,201301170800
10444,1.78,201301170800
10458,1.12,201301170800
10477,1.78,201301170800
10586,2.57,201301170800
10601,2.82,201301170800
10609,1.76,201301170800
10616,1.08,201301170800
10633,2.31,201301170800
10655,2.07,201301170800
10665,1.66,201301170800
10681,1.46,201301170800
10717,2.12,201301170800
10835,0.98,201301170800
10837,2.65,201301170800
10847,1.36,201301170800
10903,1.47,201301170800
10911,2.73,201301170800
10918,2.81,201301170800
10973,0.65,201301170800
11087,2.78,201301170800
11092,2.6,201301170800
11128,1.7,201301170800
11222,2.77,201301170800
11223,0.63,201301170800
11225,1.52,201301170800
11238,2.39,201301170800
11361,0.59,201301170800
11393,2.71,201301170800
11424,2.3,201301170800
11601,2.63,201301170800
11682,0.54,201301170800
11704,2.93,201301170800
11858,1.63,201301170800
11884,1.29,201301170800
11901,1.68,201301170800
11946,1.6,201301170800
11960,0.55,201301170800
11972,1.09,201301170800
12089,0.88,201301170800
12090,2.45,201301170800
12096,1.54,201301170800
12120,2.55,201301170800
12157,2.78,201301170800
12230,1.53,201301170800
12383,2.59,201301170800
12431,1.59,201301170800
12601,1.56,201301170800
12625,0.85,201301170800
12632,2.21,201301170800
12842,2.63,201301170800
12875,1.15,201301170800
12901,1.95,201301170800
12913,2.62,201301170800
12933,2.47,201301170800
12934,2.55,201301170800
12985,2.16,201301170800
13099,2.49,201301170800
13114,1.18,201301170800
13150,0.75,201301170800
13175,0.88,201301170800
13183,2.12,201301170800
13222,1.46,201301170800
13358,1.88,201301170800
13444,2.86,201301170800
13455,0.63,201301170800
13456,2.94,201301170800
13670,1.99,201301170800
13694,0.95,201301170800
13845,2.45,201301170800
13849,1.04,201301170800
14011,2.2,201301170800
14095,0.82,201301170800
14133,1.29,201301170800
14161,0.86,201301170800
14167,1.69,201301170800
14184,3.0,201301170800
14241,1.66,201301170800
14255,1.73,201301170800
14349,0.71,201301170800
14350,1.22,201301170800
14375,1.19,201301170800
14452,1.09,201301170800
14475,0.79,201301170800
14620,2.29,201301170800
14673,2.95,201301170800
14745,1.64,201301170800
14859,1.73,201301170800
14936,0.78,201301170800
14995,0.69,201301170800
15097,1.43,201301170800
15098,2.66,201301170800
15246,2.29,201301170800
15349,1.03,201301170800
15440,1.43,201301170800
15600,2.69,201301170800
15656,2.18,201301170800
15672,1.47,201301170800
15699,0.57,201301170800
15714,1.84,201301170800
15725,0.79,201301170800
15744,1.57,201301170800
15849,2.4,201301170800
15850,0.66,201301170800
15851,2.57,201301170800
15853,1.41,201301170800
15871,2.66,201301170800
16100,0.72,201301170800
16105,1.04,201301170800
16114,1.28,201301170800
16171,2.76,201301170800
16184,0.71,201301170800
16400,2.42,201301170800
16414,0.97,201301170800
16601,1.7,201301170800
16604,1.79,201301170800
16625,0.75,201301170800
16670,1.13,201301170800
16853,1.92,201301170800
16868,2.85,201301170800
16932,0.68,201301170800
17232,0.64,201301170800
17355,2.01,201301170800
17358,2.42,201301170800
17367,0.85,201301170800
17635,2.2,201301170800
17673,2.23,201301170800
17681,0.92,201301170800
17884,0.55,201301170800
17984,2.98,201301170800
18108,1.37,201301170800
18115,0.68,201301170800
18118,1.04,201301170800
18123,0.69,201301170800
18139,1.67,201301170800
18154,2.21,201301170800
18160,2.07,201301170800
18177,1.49,201301170800
18185,1.03,201301170800
18383,1.99,201301170800
18404,1.12,201301170800
18427,0.97,201301170800
18466,1.36,201301170800
18616,2.76,201301170800
18629,0.55,201301170800
18861,0.71,201301170800
18866,1.39,201301170800
18925,2.47,201301170800
19110,2.12,201301170800
19112,2.37,201301170800
19114,1.63,201301170800
19122,2.47,201301170800
19360,1.03,201301170800
19443,0.7,201301170800
19481,2.05,201301170800
19611,2.64,201301170800
19612,2.14,201301170800
19618,0.65,201301170800
19633,1.3,201301170800
19678,2.31,201301170800
19878,0.52,201301170800
19913,2.37,201301170800
20113,1.69,201301170800
20114,1.71,201301170800
20116,0.87,201301170800
20170,2.7,201301170800
20363,2.11,201301170800
20387,2.67,201301170800
20396,0.85,201301170800
20436,2.99,201301170800
20616,2.93,201301170800
20621,1.22,201301170800
20628,1.67,201301170800
20651,2.47,201301170800
20671,2.56,201301170800
20682,0.74,201301170800
20864,1.09,201301170800
20882,2.71,201301170800
20931,1.97,201301170800
20995,2.72,201301170800
21115,2.47,201301170800
21118,0.92,201301170800
21201,0.88,201301170800
21373,1.17,201301170800
21377,1.71,201301170800
21392,2.33,201301170800
21407,1.01,201301170800
21428,0.97,201301170800
21448,2.25,201301170800
21617,1.89,201301170800
21619,2.85,201301170800
21639,2.51,201301170800
21658,0.91,201301170800
21663,1.66,201301170800
21701,1.27,201301170800
21721,0.91,201301170800
21868,1.61,201301170800
21871,0.64,201301170800
21999,2.75,201301170800
22126,2.08,201301170800
22133,1.21,201301170800
22174,2.19,201301170800
22176,2.38,201301170800
22205,0.82,201301170800
22368,0.63,201301170800
22395,2.61,201301170800
22419,1.36,201301170800
22420,2.23,201301170800
22421,1.76,201301170800
22422,2.26,201301170800
22619,1.99,201301170800
22630,1.98,201301170800
22634,2.62,201301170800
22671,0.68,201301170800
22673,1.43,201301170800
22700,1.68,201301170800
22751,2.62,201301170800
22768,1.37,201301170800
22869,0.62,201301170800
22877,1.11,201301170800
22928,2.6,201301170800
22940,0.57,201301170800
22955,2.73,201301170800
22963,2.63,201301170800
22966,2.12,201301170800
23120,1.98,201301170800
23124,0.57,201301170800
23125,2.01,201301170800
23131,2.53,201301170800
23138,1.85,201301170800
23169,1.9,201301170800
23194,1.33,201301170800
23216,2.8,201301170800
23370,1.01,201301170800
23371,0.98,201301170800
23379,2.91,201301170800
23386,2.01,201301170800
23388,2.36,201301170800
23427,2.5,201301170800
23621,2.16,201301170800
23627,2.12,201301170800
23635,0.69,201301170800
23641,2.01,201301170800
23662,0.8,201301170800
23669,0.63,201301170800
23690,1.05,201301170800
23744,2.1,201301170800
23750,2.47,201301170800
23872,1.5,201301170800
23873,1.57,201301170800
23875,1.35,201301170800
23881,2.27,201301170800
23894,2.57,201301170800
23896,1.19,201301170800
23907,0.65,201301170800
23925,1.28,201301170800
23973,0.98,201301170800
24005,2.58,201301170800
24009,0.66,201301170800
24032,2.7,201301170800
24122,2.2,201301170800
24123,2.92,201301170800
24149,1.63,201301170800
24247,1.19,201301170800
24251,2.6,201301170800
24265,2.3,201301170800
24266,1.66,201301170800
24373,2.7,201301170800
24374,2.07,201301170800
24380,1.38,201301170800
24381,1.28,201301170800
24383,1.79,201301170800
24387,2.67,201301170800
24402,1.88,201301170800
24405,2.1,201301170800
24423,1.87,201301170800
24623,1.93,201301170800
24626,1.04,201301170800
24643,2.33,201301170800
24732,0.73,201301170800
24734,1.19,201301170800
24739,0.97,201301170800
24774,0.54,201301170800
24775,1.92,201301170800
24781,1.4,201301170800
24837,1.75,201301170800
24874,1.49,201301170800
24877,2.03,201301170800
24879,1.94,201301170800
24880,1.31,201301170800
24895,1.71,201301170800
24920,2.79,201301170800
24990,2.23,201301170800
24991,0.96,201301170800
24993,2.36,201301170800
25124,1.82,201301170800
25125,3.0,201301170800
25126,2.1,201301170800
25129,2.9,201301170800
25130,0.84,201301170800
25132,2.18,201301170800
25136,1.61,201301170800
25138,2.93,201301170800
25141,1.19,201301170800
25179,1.98,201301170800
25187,0.53,201301170800
25375,0.99,201301170800
25376,2.14,201301170800
25377,2.26,201301170800
25379,2.09,201301170800
25385,0.95,201301170800
25395,2.42,201301170800
25400,0.99,201301170800
25405,2.99,201301170800
25412,0.71,201301170800
25427,2.34,201301170800
25626,1.41,201301170800
25627,0.91,201301170800
25628,0.78,201301170800
25629,1.82,201301170800
25632,1.04,201301170800
25633,0.55,201301170800
25642,0.61,201301170800
25715,1.27,201301170800
25747,1.14,201301170800
25763,1.49,201301170800
25876,2.58,201301170800
25877,1.58,201301170800
25878,1.05,201301170800
25881,2.43,201301170800
25882,1.43,201301170800
25886,2.07,201301170800
25888,2.06,201301170800
25926,1.97,201301170800
25997,1.37,201301170800
26005,1.75,201301170800
26035,1.95,201301170800
26127,2.84,201301170800
26129,2.17,201301170800
26130,0.97,201301170800
26133,2.65,201301170800
26135,2.19,201301170800
26136,0.78,201301170800
26138,1.34,201301170800
26139,0.86,201301170800
26141,2.1,201301170800
26148,2.54,201301170800
26168,2.46,201301170800
26378,1.44,201301170800
26379,0.93,201301170800
26380,2.51,201301170800
26381,2.15,201301170800
26382,1.74,201301170800
26383,0.93,201301170800
26385,2.46,201301170800
26386,1.55,201301170800
26387,0.65,201301170800
26389,1.05,201301170800
26391,1.89,201301170800
26392,1.72,201301170800
26393,1.76,201301170800
26396,1.94,201301170800
26403,1.32,201301170800
26408,2.89,201301170800
26427,1.73,201301170800
26450,0.69,201301170800
26492,1.04,201301170800
26546,1.43,201301170800
26563,0.66,201301170800
26564,0.57,201301170800
26628,0.92,201301170800
26629,1.89,201301170800
26630,0.59,201301170800
26631,1.97,201301170800
26633,2.09,201301170800
26634,1.18,201301170800
26656,1.4,201301170800
26674,0.58,201301170800
26708,2.72,201301170800
26752,0.92,201301170800
26754,1.3,201301170800
26755,1.63,201301170800
26782,2.72,201301170800
26846,1.78,201301170800
26879,2.74,201301170800
26880,0.68,201301170800
26881,1.23,201301170800
26882,1.54,201301170800
26883,1.24,201301170800
26884,2.82,201301170800
26885,2.1,201301170800
26886,1.43,201301170800
26887,1.55,201301170800
26889,1.98,201301170800
26890,0.51,201301170800
26891,0.86,201301170800
26892,2.44,201301170800
26893,0.84,201301170800
26894,1.72,201301170800
26895,0.96,201301170800
26897,2.87,201301170800
26905,1.76,201301170800
26938,0.71,201301170800
26964,2.14,201301170800
27006,2.71,201301170800
27042,2.54,201301170800
27098,2.03,201301170800
27130,2.03,201301170800
27131,1.68,201301170800
27132,0.95,201301170800
27133,2.17,201301170800
27134,0.83,201301170800
27135,0.51,201301170800
27136,0.88,201301170800
27137,1.35,201301170800
27138,2.95,201301170800
27142,0.57,201301170800
27143,2.92,201301170800
27145,0.79,201301170800
27148,2.88,201301170800
27149,1.03,201301170800
27152,0.57,201301170800
27155,2.75,201301170800
27175,2.4,201301170800
27209,2.55,201301170800
27247,2.62,201301170800
27381,2.69,201301170800
27382,0.72,201301170800
27383,2.23,201301170800
27384,2.81,201301170800
27386,2.69,201301170800
27387,1.13,201301170800
27388,2.45,201301170800
27389,1.67,201301170800
27390,1.54,201301170800
27392,0.91,201301170800
27395,2.08,201301170800
27404,1.09,201301170800
27415,0.86,201301170800
27427,1.14,201301170800
27489,2.18,201301170800
27494,2.54,201301170800
27498,0.71,201301170800
27518,0.96,201301170800
27632,1.59,201301170800
27633,1.62,201301170800
27634,2.58,201301170800
27635,2.89,201301170800
27636,2.7,201301170800
27637,0.83,201301170800
27638,1.95,201301170800
27639,1.02,201301170800
27640,2.76,201301170800
27642,0.9,201301170800
27643,1.62,201301170800
27645,2.87,201301170800
27646,0.61,201301170800
27647,1.48,201301170800
27649,1.31,201301170800
27654,1.01,201301170800
27763,1.01,201301170800
27764,2.58,201301170800
27796,1.71,201301170800
27797,1.83,201301170800
27883,2.72,201301170800
27884,0.5,201301170800
27885,1.84,201301170800
27886,2.35,201301170800
27887,0.96,201301170800
27888,2.1,201301170800
27889,2.61,201301170800
27890,0.78,201301170800
27891,0.74,201301170800
27892,2.57,201301170800
27894,2.37,201301170800
27895,2.31,201301170800
27897,2.05,201301170800
27902,2.87,201301170800
27908,1.5,201301170800
27911,2.22,201301170800
27930,0.64,201301170800
27971,0.7,201301170800
28004,0.92,201301170800
28015,0.89,201301170800
28049,2.29,201301170800
28102,1.71,201301170800
28134,0.85,201301170800
28135,2.33,201301170800
28136,1.21,201301170800
28137,0.79,201301170800
28138,1.09,201301170800
28139,0.81,201301170800
28140,1.52,201301170800
28142,2.41,201301170800
28143,2.44,201301170800
28144,2.39,201301170800
28146,1.64,201301170800
28154,2.46,201301170800
28156,2.2,201301170800
28216,0.91,201301170800
28239,0.74,201301170800
28384,1.21,201301170800
28385,2.17,201301170800
28386,1.43,201301170800
28387,1.31,201301170800
28388,2.63,201301170800
28389,2.51,201301170800
28390,2.25,201301170800
28391,1.81,201301170800
28392,1.52,201301170800
28393,1.62,201301170800
28394,1.81,201301170800
28396,2.26,201301170800
28397,2.21,201301170800
28400,1.7,201301170800
28401,1.74,201301170800
28405,1.82,201301170800
28427,2.83,201301170800
28467,2.23,201301170800
28496,0.61,201301170800
28497,1.68,201301170800
28519,1.38,201301170800
28535,2.89,201301170800
28539,1.48,201301170800
28545,2.95,201301170800
28557,1.77,201301170800
28635,1.02,201301170800
28636,2.02,201301170800
28637,2.34,201301170800
28638,2.55,201301170800
28639,2.21,201301170800
28640,0.87,201301170800
28641,1.12,201301170800
28642,1.72,201301170800
28643,1.17,201301170800
28644,0.76,201301170800
28645,0.55,201301170800
28646,1.47,201301170800
28649,1.51,201301170800
28658,1.66,201301170800
28667,2.58,201301170800
28675,1.95,201301170800
28751,0.78,201301170800
28753,0.96,201301170800
28754,1.5,201301170800
28788,0.76,201301170800
28812,2.98,201301170800
28823,0.83,201301170800
28886,2.84,201301170800
28887,2.17,201301170800
28888,1.02,201301170800
28889,0.96,201301170800
28890,0.99,201301170800
28891,1.37,201301170800
28892,2.44,201301170800
28893,0.95,201301170800
28894,1.45,201301170800
28895,2.95,201301170800
28896,1.23,201301170800
28897,1.22,201301170800
28899,1.45,201301170800
28900,2.06,201301170800
28901,0.99,201301170800
28902,0.65,201301170800
28905,2.78,201301170800
28912,1.57,201301170800
28960,2.2,201301170800
28969,2.75,201301170800
29004,0.7,201301170800
29012,2.88,201301170800
29026,2.14,201301170800
29068,2.04,201301170800
29076,2.96,201301170800
29088,2.59,201301170800
29094,2.46,201301170800
29136,2.01,201301170800
29137,2.85,201301170800
29138,1.7,201301170800
29139,1.46,201301170800
29140,2.34,201301170800
29141,1.66,201301170800
29142,2.97,201301170800
29143,1.58,201301170800
29144,2.04,201301170800
29146,2.8,201301170800
29147,1.02,201301170800
29148,2.73,201301170800
29149,0.92,201301170800
29151,2.75,201301170800
29158,2.05,201301170800
29165,0.99,201301170800
29171,1.12,201301170800
29190,1.94,201301170800
29247,1.75,201301170800
29387,2.15,201301170800
29388,1.61,201301170800
29389,0.59,201301170800
29390,1.29,201301170800
29391,0.52,201301170800
29392,1.65,201301170800
29393,1.4,201301170800
29394,0.95,201301170800
29395,1.55,201301170800
29396,2.91,201301170800
29397,1.34,201301170800
29398,0.59,201301170800
29399,1.46,201301170800
29401,2.84,201301170800
29402,1.35,201301170800
29403,2.54,201301170800
29405,0.99,201301170800
29409,1.87,201301170800
29425,0.82,201301170800
29429,1.79,201301170800
29495,2.54,201301170800
29498,2.81,201301170800
29533,2.78,201301170800
29556,0.55,201301170800
29638,2.12,201301170800
29639,2.46,201301170800
29640,2.24,201301170800
29641,2.3,201301170800
29642,2.1,201301170800
29643,2.37,201301170800
29644,1.05,201301170800
29645,1.92,201301170800
29648,2.25,201301170800
29649,1.12,201301170800
29650,0.61,201301170800
29654,1.97,201301170800
29663,2.0,201301170800
29670,1.65,201301170800
29710,2.75,201301170800
29730,1.23,201301170800
29733,2.54,201301170800
29736,2.12,201301170800
29766,2.71,201301170800
29891,2.1,201301170800
29892,1.53,201301170800
29893,1.73,201301170800
29894,0.51,201301170800
29895,2.5,201301170800
29896,1.37,201301170800
29897,2.36,201301170800
29898,1.15,201301170800
29900,2.48,201301170800
29903,0.73,201301170800
29906,2.07,201301170800
29909,2.21,201301170800
29912,0.74,201301170800
29917,2.36,201301170800
29925,2.28,201301170800
29966,2.87,201301170800
30021,0.92,201301170800
30026,0.64,201301170800
30036,2.24,201301170800
30142,1.49,201301170800
30143,1.72,201301170800
30144,2.23,201301170800
30145,2.61,201301170800
30146,2.81,201301170800
30147,0.83,201301170800
30148,1.14,201301170800
30152,2.19,201301170800
30154,2.92,201301170800
30157,2.4,201301170800
30158,2.04,201301170800
30181,1.01,201301170800
30242,2.86,201301170800
30243,1.33,201301170800
30244,2.48,201301170800
30261,2.47,201301170800
30300,0.5,201301170800
30322,2.26,201301170800
30393,1.11,201301170800
30394,2.44,201301170800
30395,2.59,201301170800
30396,1.58,201301170800
30397,1.82,201301170800
30398,0.65,201301170800
30400,1.94,201301170800
30401,1.39,201301170800
30403,2.84,201301170800
30407,1.41,201301170800
30410,1.7,201301170800
30420,2.32,201301170800
30430,0.55,201301170800
30434,1.51,201301170800
30439,1.26,201301170800
30481,0.95,201301170800
30489,0.61,201301170800
30494,2.42,201301170800
30495,1.73,201301170800
30496,0.84,201301170800
30645,1.36,201301170800
30646,0.55,201301170800
30647,1.94,201301170800
30648,0.91,201301170800
30649,1.58,201301170800
30650,0.71,201301170800
30651,0.67,201301170800
30652,2.94,201301170800
30653,0.95,201301170800
30654,0.89,201301170800
30661,2.95,201301170800
30664,2.24,201301170800
30666,1.34,201301170800
30669,2.14,201301170800
30673,1.18,201301170800
30683,2.85,201301170800
30745,0.6,201301170800
30750,1.2,201301170800
30777,2.87,201301170800
30780,1.22,201301170800
30812,2.45,201301170800
30897,2.06,201301170800
30898,0.63,201301170800
30899,2.37,201301170800
30900,2.44,201301170800
30901,1.3,201301170800
30902,1.41,201301170800
30903,2.49,201301170800
30904,1.22,201301170800
30908,1.22,201301170800
30909,1.4,201301170800
30912,2.19,201301170800
30913,0.95,201301170800
30928,1.06,201301170800
30953,2.48,201301170800
30979,1.4,201301170800
30994,1.38,201301170800
30995,1.42,201301170800
31027,2.64,201301170800
31028,2.65,201301170800
31029,1.87,201301170800
31082,0.82,201301170800
31148,1.49,201301170800
31149,1.53,201301170800
31150,2.15,201301170800
31151,1.33,201301170800
31152,1.94,201301170800
31156,2.52,201301170800
31157,1.33,201301170800
31161,1.37,201301170800
31166,2.64,201301170800
31172,2.96,201301170800
31274,1.73,201301170800
31281,2.69,201301170800
31369,2.62,201301170800
31398,1.34,201301170800
31401,2.45,201301170800
31407,0.63,201301170800
31408,1.61,201301170800
31409,1.57,201301170800
31410,1.73,201301170800
31413,1.85,201301170800
31419,1.42,201301170800
31427,0.96,201301170800
31457,0.82,201301170800
31466,1.84,201301170800
31651,2.61,201301170800
31652,1.2,201301170800
31656,1.69,201301170800
31660,1.94,201301170800
31663,1.52,201301170800
31666,0.91,201301170800
31675,1.98,201301170800
31738,1.67,201301170800
31754,2.81,201301170800
31782,1.3,201301170800
31903,1.68,201301170800
31904,0.66,201301170800
31905,2.81,201301170800
31906,1.89,201301170800
31908,2.17,201301170800
31912,2.87,201301170800
31921,1.68,201301170800
31928,2.19,201301170800
31949,2.11,201301170800
32028,0.83,201301170800
32032,1.05,201301170800
32045,2.98,201301170800
32150,2.52,201301170800
32155,0.9,201301170800
32157,0.9,201301170800
32161,1.81,201301170800
32162,1.95,201301170800
32167,2.84,201301170800
32169,1.31,201301170800
32175,1.4,201301170800
32182,1.26,201301170800
32185,0.97,201301170800
32195,1.31,201301170800
32235,2.91,201301170800
32404,2.37,201301170800
32405,1.41,201301170800
32410,0.73,201301170800
32411,0.73,201301170800
32415,2.49,201301170800
32449,1.09,201301170800
32490,1.79,201301170800
32558,1.56,201301170800
32622,2.39,201301170800
32656,2.53,201301170800
32658,1.45,201301170800
32660,1.82,201301170800
32662,1.83,201301170800
32668,1.39,201301170800
32682,0.73,201301170800
32697,1.63,201301170800
32712,2.67,201301170800
32729,2.14,201301170800
32739,1.93,201301170800
32742,1.85,201301170800
32744,1.13,201301170800
32802,2.2,201301170800
32834,2.24,201301170800
32905,1.94,201301170800
32907,2.51,201301170800
32912,2.1,201301170800
32916,0.9,201301170800
32922,1.56,201301170800
32924,2.9,201301170800
32926,0.79,201301170800
32929,2.31,201301170800
32977,2.51,201301170800
32978,2.12,201301170800
33154,0.87,201301170800
33158,0.79,201301170800
33160,1.14,201301170800
33165,1.53,201301170800
33170,2.03,201301170800
33186,1.6,201301170800
33286,1.06,201301170800
33405,2.06,201301170800
33409,0.62,201301170800
33412,2.22,201301170800
33418,1.38,201301170800
33420,1.67,201301170800
33424,2.58,201301170800
33435,2.34,201301170800
33442,1.99,201301170800
33519,0.67,201301170800
33594,1.35,201301170800
33656,1.52,201301170800
33659,1.66,201301170800
33662,0.74,201301170800
33664,2.89,201301170800
33666,2.65,201301170800
33669,1.85,201301170800
33673,2.03,201301170800
33675,1.42,201301170800
33694,0.53,201301170800
33724,2.73,201301170800
33742,2.0,201301170800
33812,1.81,201301170800
33909,2.2,201301170800
33911,2.86,201301170800
33912,1.2,201301170800
33913,1.77,201301170800
33922,2.56,201301170800
33923,1.08,201301170800
33924,2.14,201301170800
33931,1.29,201301170800
33935,1.94,201301170800
33986,2.61,201301170800
34013,2.63,201301170800
34160,0.94,201301170800
34161,0.59,201301170800
34162,1.75,201301170800
34163,1.55,201301170800
34167,2.29,201301170800
34190,1.59,201301170800
34211,2.49,201301170800
34303,1.32,201301170800
34380,2.57,201301170800
34407,2.47,201301170800
34413,1.0,201301170800
34423,1.04,201301170800
34424,1.9,201301170800
34427,2.08,201301170800
34430,2.7,201301170800
34437,2.03,201301170800
34440,0.94,201301170800
34486,1.53,201301170800
34495,2.19,201301170800
34510,0.69,201301170800
34520,2.23,201301170800
34528,2.88,201301170800
34563,2.26,201301170800
34662,1.08,201301170800
34667,1.16,201301170800
34668,0.83,201301170800
34670,1.93,201301170800
34672,2.47,201301170800
34673,2.89,201301170800
34676,1.01,201301170800
34679,0.86,201301170800
34682,0.64,201301170800
34695,0.59,201301170800
34710,0.84,201301170800
34714,1.96,201301170800
34720,1.3,201301170800
34882,1.7,201301170800
34913,2.48,201301170800
34914,1.31,201301170800
34915,1.77,201301170800
34924,0.62,201301170800
34925,2.18,201301170800
34934,2.73,201301170800
34939,0.84,201301170800
34959,1.62,201301170800
34990,1.18,201301170800
35102,2.03,201301170800
35164,0.53,201301170800
35166,0.88,201301170800
35173,0.56,201301170800
35178,2.96,201301170800
35183,2.88,201301170800
35185,0.51,201301170800
35187,1.39,201301170800
35193,0.52,201301170800
35203,0.69,201301170800
35218,1.8,201301170800
35237,2.45,201301170800
35244,0.85,201301170800
35249,2.77,201301170800
35295,0.77,201301170800
35368,0.84,201301170800
35410,2.71,201301170800
35414,2.67,201301170800
35415,0.69,201301170800
35417,0.99,201301170800
35421,1.15,201301170800
35440,1.01,201301170800
35455,1.47,201301170800
35492,2.12,201301170800
35515,1.01,201301170800
35665,1.97,201301170800
35675,1.2,201301170800
35683,2.09,201301170800
35686,2.18,201301170800
35700,1.21,201301170800
35745,2.08,201301170800
35755,1.92,201301170800
35769,0.55,201301170800
35916,1.05,201301170800
35917,1.6,201301170800
35918,0.66,201301170800
35919,1.33,201301170800
35921,1.49,201301170800
35929,0.83,201301170800
35931,2.49,201301170800
35941,1.85,201301170800
35944,1.01,201301170800
35971,2.7,201301170800
35981,1.65,201301170800
35992,1.53,201301170800
35994,2.48,201301170800
36067,0.51,201301170800
36162,2.84,201301170800
36167,1.05,201301170800
36169,1.76,201301170800
36170,0.56,201301170800
36173,2.66,201301170800
36176,2.65,201301170800
36177,0.94,201301170800
36205,2.74,201301170800
36237,1.93,201301170800
36245,1.91,201301170800
36246,0.92,201301170800
36293,1.55,201301170800
36311,2.8,201301170800
36417,2.26,201301170800
36420,0.86,201301170800
36421,2.41,201301170800
36441,1.09,201301170800
36448,2.99,201301170800
36494,2.28,201301170800
36498,1.25,201301170800
36502,1.82,201301170800
36510,1.78,201301170800
36513,2.55,201301170800
36519,0.62,201301170800
36524,1.13,201301170800
36576,2.11,201301170800
36668,1.94,201301170800
36673,2.92,201301170800
36675,2.25,201301170800
36677,2.59,201301170800
36679,0.96,201301170800
36682,1.49,201301170800
36688,1.69,201301170800
36690,1.34,201301170800
36711,2.04,201301170800
36717,1.1,201301170800
36758,2.85,201301170800
36889,1.66,201301170800
36915,0.72,201301170800
36918,2.62,201301170800
36933,1.37,201301170800
36934,1.62,201301170800
36953,0.94,201301170800
36959,2.91,201301170800
36996,2.66,201301170800
36999,1.79,201301170800
37001,2.78,201301170800
37167,1.52,201301170800
37168,2.5,201301170800
37169,2.58,201301170800
37172,1.31,201301170800
37176,0.55,201301170800
37178,1.41,201301170800
37179,0.66,201301170800
37182,2.72,201301170800
37192,1.57,201301170800
37200,2.08,201301170800
37206,0.71,201301170800
37232,2.91,201301170800
37239,1.24,201301170800
37270,1.62,201301170800
37298,2.73,201301170800
37304,1.09,201301170800
37419,0.73,201301170800
37421,1.38,201301170800
37423,1.28,201301170800
37425,0.87,201301170800
37446,0.55,201301170800
37454,1.38,201301170800
37477,1.04,201301170800
37487,0.5,201301170800
37501,1.39,201301170800
37503,2.1,201301170800
37513,2.21,201301170800
37523,1.41,201301170800
37562,0.86,201301170800
37609,0.68,201301170800
37642,1.22,201301170800
37643,2.74,201301170800
37670,1.71,201301170800
37671,2.06,201301170800
37672,1.2,201301170800
37676,0.98,201301170800
37688,2.29,201301170800
37689,1.04,201301170800
37690,1.7,201301170800
37695,2.18,201301170800
37701,1.74,201301170800
37710,2.3,201301170800
37711,1.81,201301170800
37754,2.36,201301170800
37874,0.75,201301170800
37891,2.46,201301170800
37893,1.83,201301170800
37894,2.16,201301170800
37926,1.13,201301170800
37928,1.68,201301170800
37929,2.79,201301170800
37932,2.23,201301170800
37936,1.36,201301170800
37943,2.97,201301170800
37952,1.64,201301170800
37962,0.71,201301170800
37968,2.27,201301170800
38003,0.66,201301170800
38060,2.37,201301170800
38145,1.46,201301170800
38172,1.12,201301170800
38173,1.84,201301170800
38178,2.55,201301170800
38200,1.75,201301170800
38204,1.45,201301170800
38209,1.2,201301170800
38215,0.83,201301170800
38220,1.23,201301170800
38225,2.59,201301170800
38228,2.49,201301170800
38230,2.93,201301170800
38243,1.35,201301170800
38247,2.17,201301170800
38255,0.6,201301170800
38263,2.56,201301170800
38268,0.61,201301170800
38272,1.78,201301170800
38367,1.81,201301170800
38381,0.74,201301170800
38423,1.16,201301170800
38425,1.58,201301170800
38426,2.12,201301170800
38431,2.7,201301170800
38440,0.51,201301170800
38479,1.42,201301170800
38481,2.62,201301170800
38483,2.96,201301170800
38488,2.24,201301170800
38490,1.44,201301170800
38498,0.61,201301170800
38499,1.75,201301170800
38500,0.52,201301170800
38505,1.07,201301170800
38506,2.46,201301170800
38508,2.33,201301170800
38517,1.52,201301170800
38534,2.74,201301170800
38648,0.56,201301170800
38674,0.63,201301170800
38676,1.29,201301170800
38679,2.72,201301170800
38684,2.29,201301170800
38693,1.73,201301170800
38697,2.35,201301170800
38716,0.75,201301170800
38722,0.87,201301170800
38736,0.88,201301170800
38738,2.8,201301170800
38752,0.8,201301170800
38753,0.87,201301170800
38758,1.3,201301170800
38760,0.52,201301170800
38761,2.77,201301170800
38762,2.76,201301170800
38766,1.93,201301170800
38769,2.67,201301170800
38778,2.98,201301170800
38812,1.72,201301170800
38939,1.57,201301170800
38953,2.99,201301170800
38958,0.73,201301170800
38967,1.31,201301170800
39006,2.14,201301170800
39008,2.64,201301170800
39010,0.69,201301170800
39011,2.86,201301170800
39017,2.07,201301170800
39113,2.16,201301170800
39148,1.6,201301170800
39149,2.12,201301170800
39176,0.93,201301170800
39178,2.59,201301170800
39191,1.39,201301170800
39201,2.41,201301170800
39230,1.81,201301170800
39236,1.25,201301170800
39246,1.48,201301170800
39252,2.52,201301170800
39255,2.7,201301170800
39260,1.12,201301170800
39262,0.59,201301170800
39263,2.91,201301170800
39268,1.49,201301170800
39269,1.77,201301170800
39271,1.78,201301170800
39274,1.99,201301170800
39275,1.64,201301170800
39375,0.93,201301170800
39391,2.16,201301170800
39427,1.99,201301170800
39428,1.48,201301170800
39430,0.98,201301170800
39433,1.37,201301170800
39446,1.67,201301170800
39457,0.58,201301170800
39514,1.43,201301170800
39515,1.23,201301170800
39516,2.99,201301170800
39517,2.53,201301170800
39535,1.7,201301170800
39554,0.56,201301170800
39559,1.39,201301170800
39631,1.49,201301170800
39632,1.44,201301170800
39633,2.46,201301170800
39652,1.1,201301170800
39683,2.33,201301170800
39687,2.3,201301170800
39706,2.13,201301170800
39710,2.67,201301170800
39722,1.99,201301170800
39731,1.63,201301170800
39750,0.62,201301170800
39755,0.85,201301170800
39759,0.72,201301170800
39762,2.72,201301170800
39764,1.39,201301170800
39765,1.13,201301170800
39766,0.93,201301170800
39767,1.05,201301170800
39769,0.93,201301170800
39772,2.36,201301170800
39776,1.62,201301170800
39777,2.05,201301170800
39790,2.52,201301170800
39791,0.96,201301170800
39796,2.54,201301170800
39832,2.31,201301170800
39883,0.85,201301170800
39930,0.99,201301170800
39932,1.86,201301170800
39941,1.36,201301170800
39948,0.5,201301170800
39969,0.99,201301170800
40018,2.5,201301170800
40031,2.21,201301170800
40133,1.46,201301170800
40180,1.52,201301170800
40188,0.86,201301170800
40196,1.98,201301170800
40242,2.54,201301170800
40246,2.0,201301170800
40259,2.53,201301170800
40264,2.24,201301170800
40267,1.85,201301170800
40268,2.37,201301170800
40270,1.68,201301170800
40276,2.11,201301170800
40286,0.58,201301170800
40295,1.48,201301170800
40431,1.17,201301170800
40432,1.19,201301170800
40442,0.55,201301170800
40447,1.45,201301170800
40448,2.39,201301170800
40451,2.23,201301170800
40457,2.14,201301170800
40500,2.19,201301170800
40512,1.16,201301170800
40518,0.64,201301170800
40519,1.03,201301170800
40522,1.56,201301170800
40524,2.76,201301170800
40525,1.0,201301170800
40532,1.69,201301170800
40560,1.59,201301170800
40566,0.66,201301170800
40633,1.93,201301170800
40687,0.96,201301170800
40713,2.26,201301170800
40719,2.38,201301170800
40732,1.0,201301170800
40733,2.22,201301170800
40766,1.36,201301170800
40810,0.77,201301170800
40894,2.45,201301170800
40933,2.83,201301170800
40936,2.86,201301170800
40939,2.37,201301170800
40954,1.71,201301170800
40982,1.17,201301170800
41021,1.93,201301170800
41024,0.65,201301170800
41061,1.08,201301170800
41145,1.84,201301170800
41157,2.34,201301170800
41183,2.96,201301170800
41200,1.53,201301170800
41262,1.56,201301170800
41265,1.52,201301170800
41270,2.96,201301170800
41277,2.23,201301170800
41318,1.48,201301170800
41401,1.59,201301170800
41407,0.55,201301170800
41437,1.85,201301170800
41459,1.66,201301170800
41465,2.16,201301170800
41469,0.6,201301170800
41508,1.93,201301170800
41520,0.82,201301170800
41522,1.83,201301170800
41526,1.53,201301170800
41532,2.84,201301170800
41558,2.39,201301170800
41635,1.64,201301170800
41653,1.19,201301170800
41658,2.68,201301170800
41692,1.3,201301170800
41696,1.49,201301170800
41764,1.73,201301170800
41772,2.93,201301170800
41893,1.26,201301170800
41904,2.21,201301170800
41905,2.82,201301170800
41936,2.53,201301170800
41941,2.14,201301170800
41958,1.22,201301170800
41990,2.18,201301170800
42023,1.62,201301170800
42026,0.87,201301170800
42029,1.7,201301170800
42074,1.09,201301170800
42085,0.66,201301170800
42095,1.6,201301170800
42147,1.31,201301170800
42160,2.05,201301170800
42200,0.9,201301170800
42213,0.52,201301170800
42267,1.68,201301170800
42271,1.38,201301170800
42274,0.96,201301170800
42283,2.82,201301170800
42291,1.92,201301170800
42342,2.36,201301170800
42411,0.54,201301170800
42438,1.77,201301170800
42454,2.76,201301170800
42471,1.36,201301170800
42478,2.82,201301170800
42487,1.49,201301170800
42503,1.33,201301170800
42514,1.72,201301170800
42521,1.29,201301170800
42533,0.52,201301170800
42644,2.35,201301170800
42661,1.1,201301170800
42695,0.8,201301170800
42744,1.58,201301170800
42750,1.55,201301170800
42846,2.36,201301170800
42905,1.0,201301170800
42912,2.36,201301170800
42939,2.09,201301170800
42940,2.71,201301170800
42944,2.86,201301170800
42949,2.37,201301170800
43011,1.37,201301170800
43021,1.6,201301170800
43030,1.06,201301170800
43151,1.92,201301170800
43160,2.75,201301170800
43162,0.5,201301170800
43213,1.9,201301170800
43220,0.56,201301170800
43261,1.8,201301170800
43412,2.61,201301170800
43413,1.24,201301170800
43440,1.91,201301170800
43443,2.53,201301170800
43449,1.72,201301170800
43483,2.86,201301170800
43484,2.91,201301170800
43494,2.5,201301170800
43518,1.98,201301170800
43523,2.46,201301170800
43526,1.73,201301170800
43530,2.51,201301170800
43571,2.31,201301170800
43642,1.91,201301170800
43662,0.71,201301170800
43738,1.82,201301170800
43760,2.77,201301170800
43779,2.53,201301170800
43914,0.81,201301170800
43957,1.06,201301170800
43980,1.08,201301170800
43984,1.19,201301170800
43992,1.55,201301170800
43995,2.5,201301170800
44002,1.96,201301170800
44039,1.65,201301170800
44194,1.0,201301170800
44197,0.63,201301170800
44204,1.74,201301170800
44215,1.33,201301170800
44226,1.61,201301170800
44247,1.82,201301170800
44255,0.71,201301170800
44282,1.68,201301170800
44284,2.11,201301170800
44356,1.01,201301170800
44470,1.79,201301170800
44486,0.93,201301170800
44503,2.34,201301170800
44504,1.28,201301170800
44510,2.57,201301170800
44517,2.58,201301170800
44534,2.79,201301170800
44578,2.19,201301170800
44666,1.05,201301170800
44694,1.94,201301170800
44697,0.86,201301170800
44716,1.03,201301170800
44724,1.53,201301170800
44743,2.44,201301170800
44755,1.08,201301170800
44756,1.36,201301170800
44757,0.66,201301170800
44758,2.02,201301170800
44786,2.25,201301170800
44787,2.6,201301170800
44911,0.89,201301170800
44963,2.26,201301170800
45005,1.97,201301170800
45006,1.6,201301170800
45007,1.43,201301170800
45008,0.64,201301170800
45039,2.45,201301170800
45114,1.25,201301170800
45168,2.58,201301170800
45200,2.39,201301170800
45203,1.41,201301170800
45208,1.62,201301170800
45237,2.98,201301170800
45254,2.16,201301170800
45256,1.84,201301170800
45258,0.63,201301170800
45261,2.65,201301170800
45265,0.77,201301170800
45266,1.09,201301170800
45401,1.55,201301170800
45479,0.85,201301170800
45502,1.07,201301170800
45507,1.88,201301170800
45509,0.91,201301170800
45526,0.78,201301170800
45538,2.64,201301170800
45582,2.46,201301170800
45661,1.9,201301170800
45701,1.88,201301170800
45703,1.95,201301170800
45716,1.34,201301170800
45720,1.48,201301170800
45725,0.78,201301170800
45735,1.21,201301170800
45747,1.88,201301170800
45766,1.48,201301170800
45793,2.4,201301170800
45795,1.16,201301170800
45919,0.95,201301170800
45948,2.45,201301170800
46008,1.14,201301170800
46036,0.7,201301170800
46041,2.49,201301170800
46052,2.76,201301170800
46074,1.33,201301170800
46145,2.26,201301170800
46202,1.23,201301170800
46209,1.78,201301170800
46242,1.53,201301170800
46265,1.73,201301170800
46372,0.94,201301170800
46384,0.67,201301170800
46455,1.5,201301170800
46508,1.96,201301170800
46523,0.77,201301170800
46538,0.83,201301170800
46565,1.35,201301170800
46574,2.86,201301170800
46626,1.43,201301170800
46700,2.23,201301170800
46738,2.58,201301170800
46770,0.98,201301170800
46778,1.36,201301170800
46787,1.86,201301170800
46803,2.88,201301170800
46954,1.58,201301170800
46964,0.95,201301170800
46972,2.17,201301170800
46976,2.89,201301170800
46981,2.76,201301170800
47011,1.39,201301170800
47015,2.79,201301170800
47047,1.55,201301170800
47253,2.53,201301170800
47288,0.66,201301170800
47295,0.94,201301170800
47342,2.83,201301170800
47454,2.65,201301170800
47535,2.2,201301170800
47543,0.71,201301170800
47705,0.52,201301170800
47709,2.08,201301170800
47711,1.8,201301170800
47758,1.26,201301170800
47806,2.25,201301170800
47889,0.83,201301170800
47926,2.65,201301170800
47968,2.73,201301170800
47972,1.12,201301170800
47977,1.13,201301170800
47982,2.26,201301170800
48032,1.83,201301170800
48209,0.82,201301170800
48239,2.05,201301170800
48244,0.9,201301170800
48278,2.72,201301170800
48420,0.73,201301170800
48427,2.5,201301170800
48499,0.89,201301170800
48503,0.7,201301170800
48552,1.02,201301170800
48584,1.08,201301170800
48713,1.41,201301170800
48759,1.08,201301170800
48848,2.1,201301170800
48898,2.38,201301170800
49017,1.34,201301170800
49049,0.76,201301170800
49229,2.38,201301170800
49241,2.86,201301170800
49472,2.81,201301170800
49483,1.22,201301170800
49542,1.32,201301170800
49555,1.75,201301170800
49679,1.8,201301170800
49750,2.72,201301170800
49760,2.57,201301170800
49777,2.35,201301170800
49968,0.7,201301170800
50053,2.56,201301170800
50103,2.04,201301170800
50180,1.73,201301170800
50285,1.57,201301170800
50430,2.06,201301170800
50470,2.7,201301170800
50494,2.97,201301170800
50511,2.91,201301170800
50549,2.96,201301170800
50680,0.96,201301170800
50682,2.49,201301170800
50731,2.24,201301170800
50812,0.75,201301170800
50872,1.39,201301170800
51029,2.05,201301170800
51046,1.89,201301170800
51053,2.33,201301170800
51056,2.23,201301170800
51162,2.22,201301170800
51177,2.84,201301170800
51182,2.37,201301170800
51228,1.91,201301170800
51258,0.63,201301170800
51430,2.06,201301170800
51431,1.52,201301170800
51432,0.93,201301170800
51520,0.66,201301170800
51681,2.81,201301170800
51682,1.09,201301170800
51725,2.35,201301170800
51790,1.58,201301170800
51832,0.88,201301170800
51857,0.97,201301170800
51931,2.57,201301170800
51932,2.51,201301170800
51986,0.94,201301170800
52003,2.69,201301170800
52182,0.55,201301170800
52244,1.19,201301170800
52259,1.43,201301170800
52280,1.41,201301170800
52319,2.75,201301170800
52473,1.59,201301170800
52518,2.45,201301170800
52631,2.94,201301170800
52679,1.01,201301170800
52729,2.5,201301170800
52811,1.87,201301170800
52983,2.35,201301170800
52988,2.23,201301170800
52993,2.74,201301170800
53000,1.8,201301170800
53016,0.56,201301170800
53027,1.87,201301170800
53072,2.67,201301170800
53090,1.98,201301170800
53177,1.84,201301170800
53178,1.31,201301170800
53381,2.88,201301170800
53427,2.46,201301170800
53429,1.01,201301170800
53761,2.82,201301170800
53774,1.17,201301170800
53797,2.79,201301170800
53810,2.5,201301170800
53822,2.16,201301170800
53864,1.2,201301170800
53927,0.79,201301170800
54038,2.05,201301170800
54071,0.78,201301170800
54234,2.88,201301170800
54281,2.29,201301170800
54284,0.61,201301170800
54327,2.02,201301170800
54334,2.02,201301170800
54349,1.12,201301170800
54427,2.25,201301170800
54503,2.72,201301170800
54510,0.54,201301170800
54520,2.03,201301170800
54550,2.78,201301170800
54578,1.13,201301170800
54678,2.38,201301170800
54828,0.67,201301170800
54983,1.94,201301170800
54996,2.12,201301170800
55070,0.63,201301170800
55329,1.32,201301170800
55331,1.6,201301170800
55535,2.32,201301170800
55633,0.88,201301170800
55680,2.59,201301170800
55761,0.54,201301170800
55831,2.84,201301170800
55832,0.92,201301170800
55838,1.0,201301170800
55845,1.4,201301170800
56106,2.81,201301170800
56493,1.29,201301170800
56571,1.68,201301170800
56586,2.17,201301170800
56587,1.86,201301170800
56591,0.88,201301170800
56738,1.54,201301170800
56835,0.99,201301170800
56882,0.95,201301170800
56887,1.31,201301170800
56888,0.94,201301170800
56933,2.33,201301170800
56934,2.73,201301170800
57042,0.77,201301170800
57062,1.85,201301170800
57189,1.37,201301170800
57261,1.83,201301170800
57329,2.86,201301170800
57342,1.49,201301170800
57376,2.51,201301170800
57378,1.49,201301170800
57380,1.47,201301170800
57397,2.01,201301170800
57440,1.34,201301170800
57495,1.64,201301170800
57523,1.37,201301170800
57555,1.51,201301170800
57597,1.68,201301170800
57613,1.5,201301170800
57615,0.85,201301170800
57628,2.11,201301170800
57631,1.99,201301170800
57823,2.41,201301170800
57837,1.43,201301170800
57851,0.94,201301170800
57852,2.58,201301170800
57906,0.57,201301170800
58179,1.96,201301170800
58251,2.82,201301170800
58421,2.65,201301170800
58511,2.02,201301170800
58632,2.02,201301170800
58744,2.56,201301170800
58802,1.88,201301170800
58814,2.68,201301170800
58879,2.46,201301170800
58892,0.84,201301170800
59010,0.54,201301170800
59043,2.57,201301170800
59104,0.92,201301170800
59125,2.42,201301170800
59134,2.34,201301170800
59285,2.5,201301170800
59329,1.36,201301170800
59555,2.44,201301170800
59635,2.92,201301170800
59745,0.97,201301170800
59927,2.2,201301170800
59941,0.92,201301170800
60008,2.07,201301170800
60011,2.78,201301170800
60114,2.88,201301170800
60141,1.25,201301170800
60147,2.91,201301170800
60331,0.64,201301170800
60344,2.52,201301170800
60350,1.39,201301170800
60578,1.16,201301170800
60593,1.51,201301170800
60613,1.82,201301170800
60630,2.65,201301170800
60635,1.04,201301170800
60649,1.21,201301170800
60750,0.54,201301170800
60774,1.98,201301170800
60819,2.06,201301170800
60880,2.45,201301170800
60888,1.66,201301170800
61062,1.77,201301170800
61110,0.86,201301170800
61263,1.69,201301170800
61343,1.71,201301170800
61591,2.79,201301170800
61597,2.98,201301170800
61654,0.86,201301170800
61818,1.84,201301170800
62077,1.95,201301170800
62104,1.93,201301170800
62135,2.58,201301170800
62140,2.17,201301170800
62252,1.02,201301170800
62558,2.37,201301170800
62589,2.89,201301170800
62757,1.41,201301170800
62772,2.08,201301170800
62850,2.01,201301170800
62926,2.36,201301170800
62948,0.76,201301170800
63044,2.01,201301170800
63153,1.58,201301170800
63383,1.09,201301170800
63397,1.69,201301170800
63398,0.65,201301170800
63407,1.14,201301170800
63574,1.12,201301170800
63586,2.2,201301170800
63816,1.7,201301170800
64102,2.33,201301170800
64150,2.75,201301170800
64200,1.33,201301170800
64515,2.74,201301170800
64529,1.53,201301170800
64573,2.69,201301170800
64581,1.08,201301170800
64815,0.62,201301170800
64915,1.88,201301170800
65059,2.27,201301170800
65144,0.95,201301170800
65320,2.4,201301170800
65375,1.52,201301170800
65454,1.1,201301170800
65528,2.31,201301170800
65607,0.53,201301170800
65774,2.8,201301170800
65838,2.15,201301170800
66068,1.83,201301170800
66084,2.55,201301170800
66151,0.84,201301170800
66353,1.53,201301170800
66538,0.66,201301170800
66575,1.66,201301170800
66637,0.66,201301170800
66827,2.01,201301170800
66870,1.11,201301170800
67110,2.7,201301170800
67207,2.8,201301170800
67335,2.76,201301170800
67385,2.8,201301170800
67599,2.44,201301170800
67601,2.94,201301170800
67602,0.63,201301170800
67698,1.44,201301170800
67824,1.69,201301170800
67842,2.39,201301170800
67854,2.05,201301170800
67855,1.23,201301170800
67918,1.62,201301170800
68103,2.34,201301170800
68104,0.86,201301170800
68110,1.44,201301170800
68111,0.96,201301170800
68349,2.52,201301170800
68354,2.29,201301170800
68356,1.98,201301170800
68454,0.96,201301170800
68455,1.91,201301170800
68587,2.55,201301170800
68857,2.92,201301170800
68858,2.79,201301170800
68897,1.71,201301170800
68924,2.0,201301170800
68930,2.26,201301170800
69106,1.64,201301170800
69190,2.54,201301170800
69206,0.98,201301170800
69359,2.26,201301170800
69371,2.15,201301170800
69455,1.9,201301170800
69582,1.75,201301170800
69613,1.78,201301170800
69676,2.51,201301170800
70115,1.56,201301170800
70132,2.39,201301170800
70181,2.34,201301170800
70342,1.81,201301170800
70352,1.07,201301170800
70360,2.34,201301170800
70374,2.06,201301170800
70440,1.75,201301170800
70462,0.62,201301170800
70619,2.61,201301170800
70659,1.79,201301170800
70715,2.94,201301170800
70903,2.57,201301170800
70934,1.89,201301170800
70961,2.57,201301170800
71122,1.1,201301170800
71187,1.24,201301170800
71399,2.0,201301170800
71601,2.47,201301170800
71629,2.53,201301170800
71888,1.79,201301170800
71961,1.99,201301170800
71964,1.08,201301170800
72201,1.32,201301170800
72218,0.99,201301170800
72345,1.54,201301170800
72367,1.52,201301170800
72407,0.8,201301170800
72416,1.54,201301170800
72706,0.68,201301170800
72894,2.55,201301170800
73104,2.85,201301170800
73135,0.78,201301170800
73211,2.06,201301170800
73223,1.87,201301170800
73451,1.17,201301170800
73460,1.0,201301170800
73461,2.05,201301170800
73557,0.51,201301170800
73669,1.87,201301170800
74158,2.63,201301170800
74216,0.65,201301170800
74388,1.53,201301170800
74396,1.65,201301170800
74466,1.33,201301170800
74467,2.16,201301170800
74638,2.14,201301170800
74677,2.33,201301170800
74678,2.82,201301170800
74711,1.76,201301170800
74721,2.42,201301170800
74962,2.66,201301170800
74968,2.46,201301170800
74973,0.93,201301170800
75224,1.77,201301170800
75329,2.19,201301170800
75386,2.38,201301170800
75424,2.04,201301170800
75436,2.44,201301170800
75475,2.87,201301170800
75619,2.36,201301170800
75721,1.58,201301170800
75722,1.3,201301170800
75724,1.96,201301170800
75725,1.89,201301170800
75726,0.68,201301170800
75727,1.23,201301170800
75974,1.01,201301170800
75975,1.58,201301170800
76133,1.13,201301170800
76227,0.62,201301170800
76393,1.47,201301170800
76473,2.72,201301170800
76477,2.85,201301170800
76654,2.42,201301170800
76728,0.88,201301170800
76959,1.92,201301170800
77169,2.82,201301170800
77230,2.68,201301170800
77381,2.28,201301170800
77458,2.76,201301170800
77641,2.55,201301170800
77942,0.87,201301170800
77981,1.93,201301170800
78205,2.15,201301170800
78418,2.05,201301170800
78654,2.86,201301170800
78733,1.35,201301170800
78881,2.0,201301170800
78896,1.55,201301170800
78909,2.42,201301170800
78983,1.04,201301170800
79234,1.23,201301170800
79379,2.88,201301170800
79394,1.55,201301170800
79484,1.75,201301170800
79712,2.94,201301170800
79911,0.71,201301170800
79915,2.58,201301170800
80160,1.73,201301170800
80161,2.91,201301170800
80193,2.19,201301170800
80352,2.44,201301170800
80397,0.84,201301170800
80406,1.97,201301170800
80411,1.27,201301170800
80412,2.68,201301170800
80413,2.28,201301170800
80420,0.73,201301170800
80485,2.47,201301170800
80635,1.0,201301170800
80659,2.75,201301170800
80663,1.06,201301170800
80664,2.0,201301170800
80703,0.97,201301170800
80877,1.75,201301170800
80916,1.7,201301170800
81163,1.98,201301170800
81164,1.09,201301170800
81354,2.18,201301170800
81363,2.28,201301170800
81390,1.32,201301170800
81625,0.87,201301170800
81651,1.48,201301170800
81899,0.87,201301170800
82135,1.85,201301170800
82168,0.9,201301170800
82169,1.24,201301170800
82237,1.35,201301170800
82613,1.96,201301170800
82622,0.57,201301170800
82664,2.6,201301170800
82892,1.3,201301170800
82951,2.58,201301170800
83410,2.12,201301170800
83489,2.68,201301170800
83735,2.02,201301170800
83865,2.61,201301170800
84123,2.27,201301170800
84179,0.55,201301170800
84207,2.88,201301170800
84212,2.52,201301170800
84221,2.38,201301170800
84366,1.53,201301170800
84689,0.82,201301170800
84712,0.53,201301170800
84902,1.77,201301170800
85474,2.98,201301170800
85487,1.95,201301170800
85620,2.05,201301170800
85705,1.57,201301170800
85715,1.88,201301170800
85738,1.71,201301170800
86440,2.83,201301170800
86622,2.72,201301170800
86623,2.84,201301170800
86672,1.81,201301170800
86873,1.84,201301170800
86895,2.78,201301170800
87121,0.55,201301170800
87227,1.08,201301170800
87460,1.79,201301170800
87690,0.88,201301170800
87873,2.68,201301170800
88242,2.34,201301170800
88463,2.02,201301170800
89120,1.45,201301170800
89152,2.84,201301170800
89175,0.9,201301170800
89198,1.54,201301170800
89615,0.97,201301170800
89625,1.95,201301170800
90116,2.18,201301170800
90183,1.62,201301170800
90497,2.4,201301170800
90699,1.9,201301170800
90719,1.14,201301170800
91200,2.35,201301170800
91432,2.08,201301170800
91434,2.84,201301170800
91684,2.91,201301170800
91713,1.22,201301170800
91744,1.31,201301170800
92233,2.46,201301170800
93205,1.64,201301170800
93244,0.81,201301170800
93252,2.99,201301170800
93463,2.77,201301170800
93675,2.64,201301170800
93944,1.55,201301170800
94431,1.16,201301170800
94710,1.62,201301170800
94755,1.3,201301170800
94997,1.07,201301170800
95000,2.7,201301170800
95707,1.96,201301170800
95949,2.84,201301170800
95998,1.4,201301170800
96188,1.15,201301170800
96225,1.46,201301170800
96249,1.74,201301170800
96468,0.87,201301170800
96486,2.18,201301170800
96718,1.26,201301170800
96972,1.26,201301170800
96995,0.7,201301170800
97251,0.6,201301170800
97440,1.1,201301170800
97471,2.61,201301170800
97969,2.57,201301170800
97990,2.04,201301170800
98224,2.86,201301170800
98229,1.8,201301170800
98450,0.6,201301170800
98475,0.75,201301170800
98739,1.78,201301170800
99256,2.67,201301170800
99468,2.4,201301170800
99730,2.1,201301170800
101215,1.25,201301170800
101911,2.45,201301170800
101912,1.79,201301170800
101989,1.76,201301170800
102999,2.27,201301170800
103242,2.88,201301170800
103431,2.96,201301170800
104177,2.59,201301170800
104221,0.54,201301170800
104239,1.28,201301170800
104701,1.93,201301170800
104984,0.83,201301170800
105196,1.91,201301170800
105219,1.51,201301170800
105460,1.16,201301170800
105461,0.87,201301170800
105481,2.15,201301170800
105489,2.4,201301170800
105709,1.12,201301170800
105710,2.61,201301170800
105711,1.99,201301170800
105712,2.0,201301170800
105713,2.78,201301170800
105715,1.63,201301170800
105726,1.8,201301170800
105727,2.09,201301170800
105736,2.98,201301170800
105960,0.63,201301170800
105961,1.15,201301170800
105962,2.96,201301170800
105963,1.45,201301170800
105964,2.98,201301170800
105975,0.81,201301170800
106195,1.99,201301170800
106213,1.08,201301170800
106214,1.59,201301170800
106215,2.88,201301170800
106221,0.83,201301170800
106231,2.72,201301170800
106232,0.94,201301170800
106234,1.12,201301170800
106235,1.84,201301170800
106237,2.11,201301170800
106446,2.32,201301170800
106447,1.24,201301170800
106462,2.77,201301170800
106463,1.1,201301170800
106465,2.23,201301170800
106466,1.94,201301170800
106467,1.39,201301170800
106480,1.65,201301170800
106712,2.11,201301170800
106717,0.59,201301170800
106718,2.74,201301170800
106741,1.7,201301170800
106958,2.57,201301170800
106964,2.36,201301170800
106965,2.1,201301170800
106966,1.02,201301170800
106967,0.56,201301170800
106971,2.35,201301170800
106983,0.58,201301170800
106997,2.09,201301170800
107200,2.88,201301170800
107212,1.71,201301170800
107219,2.55,201301170800
107240,0.72,201301170800
107460,2.86,201301170800
107465,0.93,201301170800
107466,1.2,201301170800
107468,2.29,201301170800
107491,1.66,201301170800
107711,1.38,201301170800
107725,2.83,201301170800
107726,2.76,201301170800
107954,1.37,201301170800
107966,1.68,201301170800
107971,1.11,201301170800
107979,2.1,201301170800
107993,1.71,201301170800
108205,2.8,201301170800
108211,0.51,201301170800
108214,1.82,201301170800
108215,2.74,201301170800
108217,2.33,201301170800
108219,1.93,201301170800
108220,2.49,201301170800
108222,1.17,201301170800
108225,1.91,201301170800
108230,2.8,201301170800
108454,1.45,201301170800
108463,2.71,201301170800
108499,0.7,201301170800
108717,1.62,201301170800
108722,1.35,201301170800
108724,2.76,201301170800
108733,1.52,201301170800
108968,1.95,201301170800
108975,2.64,201301170800
108984,1.18,201301170800
108985,1.08,201301170800
109216,0.97,201301170800
109219,2.27,201301170800
109222,2.19,201301170800
109227,2.39,201301170800
109231,2.8,201301170800
109236,1.14,201301170800
109245,0.8,201301170800
109473,1.29,201301170800
109487,1.96,201301170800
109494,1.03,201301170800
109495,2.92,201301170800
109496,0.85,201301170800
109497,1.96,201301170800
109742,0.78,201301170800
109744,1.29,201301170800
109748,2.24,201301170800
109750,1.44,201301170800
109980,0.89,201301170800
109991,2.18,201301170800
109994,0.98,201301170800
109998,1.68,201301170800
110001,1.78,201301170800
110243,1.62,201301170800
110247,0.67,201301170800
110249,1.57,201301170800
110251,2.35,201301170800
110253,1.01,201301170800
110254,0.53,201301170800
