cell,mobility,dtg
1610,2.74,201301300000
1846,1.89,201301300000
1851,0.52,201301300000
1853,2.8,201301300000
1856,1.97,201301300000
1857,0.89,201301300000
2103,2.8,201301300000
2105,0.64,201301300000
2106,1.06,201301300000
2107,2.99,201301300000
2114,0.71,201301300000
2342,1.93,201301300000
2347,0.7,201301300000
2351,1.07,201301300000
2354,2.19,201301300000
2357,0.56,201301300000
2372,1.39,201301300000
2374,0.92,201301300000
2591,2.66,201301300000
2595,1.74,201301300000
2605,2.69,201301300000
2611,1.65,201301300000
2615,2.88,201301300000
2620,2.51,201301300000
2627,0.82,201301300000
2839,2.39,201301300000
2847,2.05,201301300000
3086,0.85,201301300000
3094,2.39,201301300000
3100,1.11,201301300000
3124,1.58,201301300000
3128,0.97,201301300000
3334,1.51,201301300000
3337,1.57,201301300000
3375,1.92,201301300000
3614,1.61,201301300000
3619,0.84,201301300000
3632,0.68,201301300000
3635,2.28,201301300000
3830,1.88,201301300000
3831,2.89,201301300000
3833,0.9,201301300000
3837,1.64,201301300000
3845,0.96,201301300000
3856,0.98,201301300000
3860,2.3,201301300000
3865,1.93,201301300000
4078,0.72,201301300000
4081,1.63,201301300000
4137,0.54,201301300000
4141,2.41,201301300000
4142,2.68,201301300000
4328,2.92,201301300000
4329,1.02,201301300000
4341,2.19,201301300000
4345,0.51,201301300000
4348,1.68,201301300000
4354,2.79,201301300000
4372,0.65,201301300000
4577,2.02,201301300000
4578,2.1,201301300000
4580,1.93,201301300000
4582,2.57,201301300000
4605,0.96,201301300000
4608,2.26,201301300000
4631,2.22,201301300000
4636,2.21,201301300000
4637,2.78,201301300000
4829,2.07,201301300000
4830,2.28,201301300000
4831,1.96,201301300000
4834,1.42,201301300000
4837,0.8,201301300000
4852,1.22,201301300000
4863,0.53,201301300000
4868,1.14,201301300000
4890,0.68,201301300000
4891,1.43,201301300000
5078,2.77,201301300000
5081,1.46,201301300000
5084,1.57,201301300000
5127,2.17,201301300000
5153,2.28,201301300000
5327,2.35,201301300000
5329,1.16,201301300000
5333,0.57,201301300000
5334,2.96,201301300000
5339,1.57,201301300000
5369,2.92,201301300000
5402,1.28,201301300000
5410,2.12,201301300000
5577,2.96,201301300000
5581,2.32,201301300000
5592,0.63,201301300000
5612,2.44,201301300000
5623,1.6,201301300000
5876,2.59,201301300000
5893,1.49,201301300000
5898,2.83,201301300000
6078,0.8,201301300000
6118,2.55,201301300000
6136,1.19,201301300000
6158,1.84,201301300000
6159,0.56,201301300000
6333,2.52,201301300000
6353,0.56,201301300000
6365,2.74,201301300000
6366,2.16,201301300000
6414,0.77,201301300000
6588,0.77,201301300000
6609,1.24,201301300000
6635,2.73,201301300000
6668,2.36,201301300000
6841,2.72,201301300000
6849,1.1,201301300000
6896,1.26,201301300000
6924,2.73,201301300000
6928,1.17,201301300000
6935,0.64,201301300000
6939,1.74,201301300000
7077,2.01,201301300000
7078,2.97,201301300000
7085,2.31,201301300000
7088,0.67,201301300000
7113,1.23,201301300000
7114,1.6,201301300000
7129,2.45,201301300000
7133,2.95,201301300000
7165,2.77,201301300000
7192,2.45,201301300000
7354,2.41,201301300000
7375,1.14,201301300000
7379,1.5,201301300000
7401,0.89,201301300000
7410,2.28,201301300000
7436,2.43,201301300000
7584,2.45,201301300000
7646,0.81,201301300000
7849,2.62,201301300000
7871,2.96,201301300000
7927,2.42,201301300000
7948,2.42,201301300000
8080,1.69,201301300000
8170,1.65,201301300000
8182,2.92,201301300000
8195,0.86,201301300000
8342,1.83,201301300000
8582,1.17,201301300000
8602,1.39,201301300000
8609,0.78,201301300000
8638,2.41,201301300000
8656,2.93,201301300000
8830,0.58,201301300000
8839,2.29,201301300000
8876,1.06,201301300000
8897,1.69,201301300000
8912,1.16,201301300000
8918,0.83,201301300000
8929,1.22,201301300000
8940,2.87,201301300000
8954,1.99,201301300000
9140,0.78,201301300000
9333,1.03,201301300000
9468,2.22,201301300000
9473,2.09,201301300000
9589,0.91,201301300000
9601,1.49,201301300000
9607,0.77,201301300000
9658,2.95,201301300000
9724,1.06,201301300000
9833,1.54,201301300000
10084,2.32,201301300000
10089,0.83,201301300000
10096,2.54,201301300000
10144,2.85,201301300000
10170,1.07,201301300000
10181,1.96,201301300000
10189,0.67,201301300000
10201,1.18,201301300000
10334,1.82,201301300000
10335,1.56,201301300000
10383,1.55,201301300000
10414,0.99,201301300000
10444,1.88,201301300000
10458,2.28,201301300000
10477,2.24,201301300000
10586,1.46,201301300000
10601,1.44,201301300000
10609,0.53,201301300000
10616,0.73,201301300000
10633,1.47,201301300000
10655,2.84,201301300000
10665,0.72,201301300000
10681,0.8,201301300000
10717,2.91,201301300000
10835,2.5,201301300000
10837,1.11,201301300000
10847,1.87,201301300000
10903,1.37,201301300000
10911,1.98,201301300000
10918,1.26,201301300000
10973,2.3,201301300000
11087,0.81,201301300000
11092,1.78,201301300000
11128,1.21,201301300000
11222,1.14,201301300000
11223,1.22,201301300000
11225,1.9,201301300000
11238,0.9,201301300000
11361,2.11,201301300000
11393,2.96,201301300000
11424,1.69,201301300000
11601,0.84,201301300000
11682,1.71,201301300000
11704,0.8,201301300000
11858,0.54,201301300000
11884,0.8,201301300000
11901,2.04,201301300000
11946,1.72,201301300000
11960,1.36,201301300000
11972,0.97,201301300000
12089,2.42,201301300000
12090,1.17,201301300000
12096,1.5,201301300000
12120,0.97,201301300000
12157,2.69,201301300000
12230,2.09,201301300000
12383,2.82,201301300000
12431,2.53,201301300000
12601,0.66,201301300000
12625,0.94,201301300000
12632,2.22,201301300000
12842,2.78,201301300000
12875,0.85,201301300000
12901,1.07,201301300000
12913,1.25,201301300000
12933,2.12,201301300000
12934,0.9,201301300000
12985,2.66,201301300000
13099,1.17,201301300000
13114,1.0,201301300000
13150,2.85,201301300000
13175,0.54,201301300000
13183,0.89,201301300000
13222,1.78,201301300000
13358,2.21,201301300000
13444,1.68,201301300000
13455,2.12,201301300000
13456,2.38,201301300000
13670,1.22,201301300000
13694,0.6,201301300000
13845,1.54,201301300000
13849,2.42,201301300000
14011,2.6,201301300000
14095,2.08,201301300000
14133,2.29,201301300000
14161,1.66,201301300000
14167,2.11,201301300000
14184,1.73,201301300000
14241,1.98,201301300000
14255,2.89,201301300000
14349,2.88,201301300000
14350,0.67,201301300000
14375,2.41,201301300000
14452,1.85,201301300000
14475,1.82,201301300000
14620,0.84,201301300000
14673,2.35,201301300000
14745,2.31,201301300000
14859,1.93,201301300000
14936,2.9,201301300000
14995,2.32,201301300000
15097,1.7,201301300000
15098,2.05,201301300000
15246,0.95,201301300000
15349,1.51,201301300000
15440,1.92,201301300000
15600,0.84,201301300000
15656,2.09,201301300000
15672,1.43,201301300000
15699,2.06,201301300000
15714,0.58,201301300000
15725,1.19,201301300000
15744,0.87,201301300000
15849,0.99,201301300000
15850,2.1,201301300000
15851,0.61,201301300000
15853,1.52,201301300000
15871,1.12,201301300000
16100,2.4,201301300000
16105,0.84,201301300000
16114,2.57,201301300000
16171,1.13,201301300000
16184,2.12,201301300000
16400,1.71,201301300000
16414,1.82,201301300000
16601,2.71,201301300000
16604,2.87,201301300000
16625,0.72,201301300000
16670,2.58,201301300000
16853,2.83,201301300000
16868,2.23,201301300000
16932,0.61,201301300000
17232,1.1,201301300000
17355,0.52,201301300000
17358,1.57,201301300000
17367,2.59,201301300000
17635,1.63,201301300000
17673,1.39,201301300000
17681,1.34,201301300000
17884,1.39,201301300000
17984,2.88,201301300000
18108,0.91,201301300000
18115,1.56,201301300000
18118,2.96,201301300000
18123,2.44,201301300000
18139,2.53,201301300000
18154,1.83,201301300000
18160,0.92,201301300000
18177,1.92,201301300000
18185,1.49,201301300000
18383,2.29,201301300000
18404,2.82,201301300000
18427,2.56,201301300000
18466,2.34,201301300000
18616,0.78,201301300000
18629,0.93,201301300000
18861,1.35,201301300000
18866,2.93,201301300000
18925,0.75,201301300000
19110,2.47,201301300000
19112,0.5,201301300000
19114,2.69,201301300000
19122,1.79,201301300000
19360,1.28,201301300000
19443,1.12,201301300000
19481,1.85,201301300000
19611,1.28,201301300000
19612,1.76,201301300000
19618,2.02,201301300000
19633,1.18,201301300000
19678,2.18,201301300000
19878,2.19,201301300000
19913,1.86,201301300000
20113,1.67,201301300000
20114,2.48,201301300000
20116,1.76,201301300000
20170,2.78,201301300000
20363,1.98,201301300000
20387,1.46,201301300000
20396,1.34,201301300000
20436,1.13,201301300000
20616,1.1,201301300000
20621,0.68,201301300000
20628,2.29,201301300000
20651,1.23,201301300000
20671,1.25,201301300000
20682,2.25,201301300000
20864,2.87,201301300000
20882,0.93,201301300000
20931,1.41,201301300000
20995,0.85,201301300000
21115,2.26,201301300000
21118,1.44,201301300000
21201,1.57,201301300000
21373,1.96,201301300000
21377,1.08,201301300000
21392,1.88,201301300000
21407,1.06,201301300000
21428,0.73,201301300000
21448,1.76,201301300000
21617,0.58,201301300000
21619,2.81,201301300000
21639,2.5,201301300000
21658,1.03,201301300000
21663,0.54,201301300000
21701,1.0,201301300000
21721,1.76,201301300000
21868,1.27,201301300000
21871,0.55,201301300000
21999,0.68,201301300000
22126,2.33,201301300000
22133,2.28,201301300000
22174,1.79,201301300000
22176,2.37,201301300000
22205,0.77,201301300000
22368,1.56,201301300000
22395,1.03,201301300000
22419,0.93,201301300000
22420,2.84,201301300000
22421,1.15,201301300000
22422,2.67,201301300000
22619,2.05,201301300000
22630,2.28,201301300000
22634,1.6,201301300000
22671,0.51,201301300000
22673,1.77,201301300000
22700,1.72,201301300000
22751,1.53,201301300000
22768,1.39,201301300000
22869,2.19,201301300000
22877,1.66,201301300000
22928,1.22,201301300000
22940,1.51,201301300000
22955,0.88,201301300000
22963,2.85,201301300000
22966,1.19,201301300000
23120,0.56,201301300000
23124,1.07,201301300000
23125,1.35,201301300000
23131,0.77,201301300000
23138,0.77,201301300000
23169,1.54,201301300000
23194,2.23,201301300000
23216,1.5,201301300000
23370,2.01,201301300000
23371,2.62,201301300000
23379,2.44,201301300000
23386,1.18,201301300000
23388,1.5,201301300000
23427,1.92,201301300000
23621,0.54,201301300000
23627,1.04,201301300000
23635,1.85,201301300000
23641,2.81,201301300000
23662,1.88,201301300000
23669,2.91,201301300000
23690,0.83,201301300000
23744,1.56,201301300000
23750,1.0,201301300000
23872,2.01,201301300000
23873,0.69,201301300000
23875,0.84,201301300000
23881,0.95,201301300000
23894,1.96,201301300000
23896,2.34,201301300000
23907,0.77,201301300000
23925,1.03,201301300000
23973,1.61,201301300000
24005,2.05,201301300000
24009,2.51,201301300000
24032,2.18,201301300000
24122,1.69,201301300000
24123,0.9,201301300000
24149,2.6,201301300000
24247,2.9,201301300000
24251,2.45,201301300000
24265,2.75,201301300000
24266,1.41,201301300000
24373,2.42,201301300000
24374,2.04,201301300000
24380,1.12,201301300000
24381,2.52,201301300000
24383,2.81,201301300000
24387,2.19,201301300000
24402,2.13,201301300000
24405,1.69,201301300000
24423,1.54,201301300000
24623,0.88,201301300000
24626,1.62,201301300000
24643,1.27,201301300000
24732,0.64,201301300000
24734,1.64,201301300000
24739,1.64,201301300000
24774,1.35,201301300000
24775,2.09,201301300000
24781,1.38,201301300000
24837,1.41,201301300000
24874,1.6,201301300000
24877,2.99,201301300000
24879,0.95,201301300000
24880,2.32,201301300000
24895,1.77,201301300000
24920,2.28,201301300000
24990,2.05,201301300000
24991,2.41,201301300000
24993,2.21,201301300000
25124,1.48,201301300000
25125,2.34,201301300000
25126,0.71,201301300000
25129,0.62,201301300000
25130,2.58,201301300000
25132,2.01,201301300000
25136,2.02,201301300000
25138,0.74,201301300000
25141,1.32,201301300000
25179,1.29,201301300000
25187,2.22,201301300000
25375,2.77,201301300000
25376,2.68,201301300000
25377,2.82,201301300000
25379,2.64,201301300000
25385,0.87,201301300000
25395,2.4,201301300000
25400,1.37,201301300000
25405,1.66,201301300000
25412,1.83,201301300000
25427,1.97,201301300000
25626,1.98,201301300000
25627,1.14,201301300000
25628,2.41,201301300000
25629,1.99,201301300000
25632,2.28,201301300000
25633,2.54,201301300000
25642,1.42,201301300000
25715,1.72,201301300000
25747,1.21,201301300000
25763,1.35,201301300000
25876,1.72,201301300000
25877,1.91,201301300000
25878,1.32,201301300000
25881,1.49,201301300000
25882,2.17,201301300000
25886,2.26,201301300000
25888,1.28,201301300000
25926,1.13,201301300000
25997,2.15,201301300000
26005,1.3,201301300000
26035,1.39,201301300000
26127,1.56,201301300000
26129,2.93,201301300000
26130,1.26,201301300000
26133,2.84,201301300000
26135,1.61,201301300000
26136,1.53,201301300000
26138,2.75,201301300000
26139,2.64,201301300000
26141,2.96,201301300000
26148,0.53,201301300000
26168,2.98,201301300000
26378,1.72,201301300000
26379,0.79,201301300000
26380,2.82,201301300000
26381,2.82,201301300000
26382,2.7,201301300000
26383,2.19,201301300000
26385,0.57,201301300000
26386,1.58,201301300000
26387,0.56,201301300000
26389,1.89,201301300000
26391,0.91,201301300000
26392,2.21,201301300000
26393,2.96,201301300000
26396,0.95,201301300000
26403,0.66,201301300000
26408,0.55,201301300000
26427,2.46,201301300000
26450,2.4,201301300000
26492,1.04,201301300000
26546,2.78,201301300000
26563,2.25,201301300000
26564,1.3,201301300000
26628,2.31,201301300000
26629,2.47,201301300000
26630,0.9,201301300000
26631,2.73,201301300000
26633,1.66,201301300000
26634,0.53,201301300000
26656,2.29,201301300000
26674,2.89,201301300000
26708,1.61,201301300000
26752,0.58,201301300000
26754,1.94,201301300000
26755,2.63,201301300000
26782,0.79,201301300000
26846,1.99,201301300000
26879,2.01,201301300000
26880,2.31,201301300000
26881,0.67,201301300000
26882,2.24,201301300000
26883,2.49,201301300000
26884,1.42,201301300000
26885,1.77,201301300000
26886,1.47,201301300000
26887,0.83,201301300000
26889,0.97,201301300000
26890,1.44,201301300000
26891,2.57,201301300000
26892,2.54,201301300000
26893,0.54,201301300000
26894,1.81,201301300000
26895,2.9,201301300000
26897,1.59,201301300000
26905,0.59,201301300000
26938,0.72,201301300000
26964,0.78,201301300000
27006,1.02,201301300000
27042,0.58,201301300000
27098,0.62,201301300000
27130,2.56,201301300000
27131,0.55,201301300000
27132,0.98,201301300000
27133,2.18,201301300000
27134,1.93,201301300000
27135,2.15,201301300000
27136,1.56,201301300000
27137,1.5,201301300000
27138,1.4,201301300000
27142,0.86,201301300000
27143,1.51,201301300000
27145,1.76,201301300000
27148,2.71,201301300000
27149,2.27,201301300000
27152,0.74,201301300000
27155,1.8,201301300000
27175,1.18,201301300000
27209,1.39,201301300000
27247,1.7,201301300000
27381,1.68,201301300000
27382,2.67,201301300000
27383,2.98,201301300000
27384,2.78,201301300000
27386,1.36,201301300000
27387,2.78,201301300000
27388,0.88,201301300000
27389,2.93,201301300000
27390,2.83,201301300000
27392,0.64,201301300000
27395,1.59,201301300000
27404,0.61,201301300000
27415,0.91,201301300000
27427,1.7,201301300000
27489,2.53,201301300000
27494,2.51,201301300000
27498,2.42,201301300000
27518,2.22,201301300000
27632,1.17,201301300000
27633,1.73,201301300000
27634,2.47,201301300000
27635,2.22,201301300000
27636,2.91,201301300000
27637,1.38,201301300000
27638,2.75,201301300000
27639,1.52,201301300000
27640,2.79,201301300000
27642,1.33,201301300000
27643,2.39,201301300000
27645,0.58,201301300000
27646,0.51,201301300000
27647,1.18,201301300000
27649,0.56,201301300000
27654,1.92,201301300000
27763,1.2,201301300000
27764,2.04,201301300000
27796,2.02,201301300000
27797,0.55,201301300000
27883,2.02,201301300000
27884,2.35,201301300000
27885,0.59,201301300000
27886,1.59,201301300000
27887,1.57,201301300000
27888,1.15,201301300000
27889,0.61,201301300000
27890,0.59,201301300000
27891,1.75,201301300000
27892,1.9,201301300000
27894,2.37,201301300000
27895,2.57,201301300000
27897,0.54,201301300000
27902,2.68,201301300000
27908,1.68,201301300000
27911,2.99,201301300000
27930,1.43,201301300000
27971,1.41,201301300000
28004,1.71,201301300000
28015,2.69,201301300000
28049,1.14,201301300000
28102,1.15,201301300000
28134,2.18,201301300000
28135,0.58,201301300000
28136,1.88,201301300000
28137,2.96,201301300000
28138,2.93,201301300000
28139,0.89,201301300000
28140,2.0,201301300000
28142,1.41,201301300000
28143,1.98,201301300000
28144,2.75,201301300000
28146,2.51,201301300000
28154,2.72,201301300000
28156,1.57,201301300000
28216,1.78,201301300000
28239,1.48,201301300000
28384,2.64,201301300000
28385,2.87,201301300000
28386,0.75,201301300000
28387,2.57,201301300000
28388,0.5,201301300000
28389,2.79,201301300000
28390,0.87,201301300000
28391,1.22,201301300000
28392,2.65,201301300000
28393,0.74,201301300000
28394,2.96,201301300000
28396,2.86,201301300000
28397,2.57,201301300000
28400,2.13,201301300000
28401,1.24,201301300000
28405,1.65,201301300000
28427,2.95,201301300000
28467,1.36,201301300000
28496,1.76,201301300000
28497,0.92,201301300000
28519,1.58,201301300000
28535,2.04,201301300000
28539,0.93,201301300000
28545,2.68,201301300000
28557,0.83,201301300000
28635,2.56,201301300000
28636,0.75,201301300000
28637,0.74,201301300000
28638,2.09,201301300000
28639,2.7,201301300000
28640,1.74,201301300000
28641,1.61,201301300000
28642,0.74,201301300000
28643,1.34,201301300000
28644,1.21,201301300000
28645,2.22,201301300000
28646,0.86,201301300000
28649,1.74,201301300000
28658,0.51,201301300000
28667,2.18,201301300000
28675,2.88,201301300000
28751,0.77,201301300000
28753,1.4,201301300000
28754,1.84,201301300000
28788,1.7,201301300000
28812,2.71,201301300000
28823,0.72,201301300000
28886,2.42,201301300000
28887,1.7,201301300000
28888,1.43,201301300000
28889,1.82,201301300000
28890,2.38,201301300000
28891,0.89,201301300000
28892,2.95,201301300000
28893,2.84,201301300000
28894,2.89,201301300000
28895,1.03,201301300000
28896,1.84,201301300000
28897,2.52,201301300000
28899,2.13,201301300000
28900,1.47,201301300000
28901,2.1,201301300000
28902,2.56,201301300000
28905,2.33,201301300000
28912,2.48,201301300000
28960,0.76,201301300000
28969,2.1,201301300000
29004,0.97,201301300000
29012,0.74,201301300000
29026,0.5,201301300000
29068,1.58,201301300000
29076,0.65,201301300000
29088,0.85,201301300000
29094,0.63,201301300000
29136,0.73,201301300000
29137,1.14,201301300000
29138,1.34,201301300000
29139,0.59,201301300000
29140,1.07,201301300000
29141,2.22,201301300000
29142,2.25,201301300000
29143,1.31,201301300000
29144,1.24,201301300000
29146,2.64,201301300000
29147,2.37,201301300000
29148,1.61,201301300000
29149,1.97,201301300000
29151,1.53,201301300000
29158,2.26,201301300000
29165,1.63,201301300000
29171,1.53,201301300000
29190,1.09,201301300000
29247,0.56,201301300000
29387,2.23,201301300000
29388,1.97,201301300000
29389,1.63,201301300000
29390,2.69,201301300000
29391,0.78,201301300000
29392,2.76,201301300000
29393,0.91,201301300000
29394,2.81,201301300000
29395,2.99,201301300000
29396,2.38,201301300000
29397,1.36,201301300000
29398,1.35,201301300000
29399,1.42,201301300000
29401,0.82,201301300000
29402,2.96,201301300000
29403,2.5,201301300000
29405,2.8,201301300000
29409,2.4,201301300000
29425,2.18,201301300000
29429,2.51,201301300000
29495,1.12,201301300000
29498,0.55,201301300000
29533,2.09,201301300000
29556,2.9,201301300000
29638,2.25,201301300000
29639,1.28,201301300000
29640,1.81,201301300000
29641,1.81,201301300000
29642,0.76,201301300000
29643,1.88,201301300000
29644,1.26,201301300000
29645,1.34,201301300000
29648,1.56,201301300000
29649,2.98,201301300000
29650,1.18,201301300000
29654,1.05,201301300000
29663,1.77,201301300000
29670,1.09,201301300000
29710,0.87,201301300000
29730,1.01,201301300000
29733,1.1,201301300000
29736,0.95,201301300000
29766,1.91,201301300000
29891,2.99,201301300000
29892,2.15,201301300000
29893,2.9,201301300000
29894,1.98,201301300000
29895,1.74,201301300000
29896,1.31,201301300000
29897,1.45,201301300000
29898,2.71,201301300000
29900,1.58,201301300000
29903,2.26,201301300000
29906,2.11,201301300000
29909,0.74,201301300000
29912,2.25,201301300000
29917,1.94,201301300000
29925,1.62,201301300000
29966,1.42,201301300000
30021,0.58,201301300000
30026,1.83,201301300000
30036,1.45,201301300000
30142,1.21,201301300000
30143,0.78,201301300000
30144,2.32,201301300000
30145,1.17,201301300000
30146,1.83,201301300000
30147,2.16,201301300000
30148,0.65,201301300000
30152,2.08,201301300000
30154,2.16,201301300000
30157,0.73,201301300000
30158,1.72,201301300000
30181,1.43,201301300000
30242,1.95,201301300000
30243,1.66,201301300000
30244,1.15,201301300000
30261,1.32,201301300000
30300,1.85,201301300000
30322,0.72,201301300000
30393,1.04,201301300000
30394,0.59,201301300000
30395,1.57,201301300000
30396,0.9,201301300000
30397,0.91,201301300000
30398,1.73,201301300000
30400,2.2,201301300000
30401,2.72,201301300000
30403,0.69,201301300000
30407,1.69,201301300000
30410,1.51,201301300000
30420,0.91,201301300000
30430,1.01,201301300000
30434,2.67,201301300000
30439,1.96,201301300000
30481,2.93,201301300000
30489,0.79,201301300000
30494,2.12,201301300000
30495,2.63,201301300000
30496,1.73,201301300000
30645,1.41,201301300000
30646,0.91,201301300000
30647,2.34,201301300000
30648,0.87,201301300000
30649,0.85,201301300000
30650,2.47,201301300000
30651,1.34,201301300000
30652,1.01,201301300000
30653,2.86,201301300000
30654,2.06,201301300000
30661,1.08,201301300000
30664,1.09,201301300000
30666,2.73,201301300000
30669,1.74,201301300000
30673,2.52,201301300000
30683,2.3,201301300000
30745,0.72,201301300000
30750,2.04,201301300000
30777,1.66,201301300000
30780,0.63,201301300000
30812,2.79,201301300000
30897,2.2,201301300000
30898,1.98,201301300000
30899,0.71,201301300000
30900,1.72,201301300000
30901,2.28,201301300000
30902,1.9,201301300000
30903,0.6,201301300000
30904,2.18,201301300000
30908,1.84,201301300000
30909,1.59,201301300000
30912,2.19,201301300000
30913,1.94,201301300000
30928,2.27,201301300000
30953,0.65,201301300000
30979,1.55,201301300000
30994,2.68,201301300000
30995,2.93,201301300000
31027,1.46,201301300000
31028,2.92,201301300000
31029,2.02,201301300000
31082,2.29,201301300000
31148,0.74,201301300000
31149,1.69,201301300000
31150,2.97,201301300000
31151,1.7,201301300000
31152,0.62,201301300000
31156,2.66,201301300000
31157,1.7,201301300000
31161,1.45,201301300000
31166,2.4,201301300000
31172,1.76,201301300000
31274,2.35,201301300000
31281,2.26,201301300000
31369,0.94,201301300000
31398,2.84,201301300000
31401,1.55,201301300000
31407,2.44,201301300000
31408,1.74,201301300000
31409,2.06,201301300000
31410,1.21,201301300000
31413,1.61,201301300000
31419,2.18,201301300000
31427,2.76,201301300000
31457,2.34,201301300000
31466,2.63,201301300000
31651,2.53,201301300000
31652,1.68,201301300000
31656,1.69,201301300000
31660,1.31,201301300000
31663,2.56,201301300000
31666,2.43,201301300000
31675,1.01,201301300000
31738,1.58,201301300000
31754,2.82,201301300000
31782,2.51,201301300000
31903,2.02,201301300000
31904,1.18,201301300000
31905,2.84,201301300000
31906,1.36,201301300000
31908,0.69,201301300000
31912,2.99,201301300000
31921,1.45,201301300000
31928,0.65,201301300000
31949,1.24,201301300000
32028,2.9,201301300000
32032,0.89,201301300000
32045,0.51,201301300000
32150,1.17,201301300000
32155,2.21,201301300000
32157,0.51,201301300000
32161,2.93,201301300000
32162,2.66,201301300000
32167,1.24,201301300000
32169,2.91,201301300000
32175,2.84,201301300000
32182,1.51,201301300000
32185,1.48,201301300000
32195,1.55,201301300000
32235,2.54,201301300000
32404,2.17,201301300000
32405,2.64,201301300000
32410,0.56,201301300000
32411,0.52,201301300000
32415,1.04,201301300000
32449,1.19,201301300000
32490,2.71,201301300000
32558,1.85,201301300000
32622,2.26,201301300000
32656,1.83,201301300000
32658,1.44,201301300000
32660,0.95,201301300000
32662,2.83,201301300000
32668,2.59,201301300000
32682,1.53,201301300000
32697,1.09,201301300000
32712,1.29,201301300000
32729,1.7,201301300000
32739,1.34,201301300000
32742,1.27,201301300000
32744,1.64,201301300000
32802,2.54,201301300000
32834,2.43,201301300000
32905,2.42,201301300000
32907,1.95,201301300000
32912,0.9,201301300000
32916,0.68,201301300000
32922,2.36,201301300000
32924,1.49,201301300000
32926,2.22,201301300000
32929,2.17,201301300000
32977,0.79,201301300000
32978,0.69,201301300000
33154,1.87,201301300000
33158,1.27,201301300000
33160,2.58,201301300000
33165,1.21,201301300000
33170,1.35,201301300000
33186,2.89,201301300000
33286,0.66,201301300000
33405,1.79,201301300000
33409,1.53,201301300000
33412,1.99,201301300000
33418,0.83,201301300000
33420,1.78,201301300000
33424,0.56,201301300000
33435,0.52,201301300000
33442,2.17,201301300000
33519,0.52,201301300000
33594,1.19,201301300000
33656,1.42,201301300000
33659,2.61,201301300000
33662,1.23,201301300000
33664,0.54,201301300000
33666,1.17,201301300000
33669,2.28,201301300000
33673,2.06,201301300000
33675,2.4,201301300000
33694,2.46,201301300000
33724,2.58,201301300000
33742,1.68,201301300000
33812,1.1,201301300000
33909,2.13,201301300000
33911,2.72,201301300000
33912,1.33,201301300000
33913,0.7,201301300000
33922,2.68,201301300000
33923,2.59,201301300000
33924,0.66,201301300000
33931,2.68,201301300000
33935,2.12,201301300000
33986,2.59,201301300000
34013,2.61,201301300000
34160,0.73,201301300000
34161,1.09,201301300000
34162,1.71,201301300000
34163,2.18,201301300000
34167,1.21,201301300000
34190,2.32,201301300000
34211,1.01,201301300000
34303,1.69,201301300000
34380,2.77,201301300000
34407,0.97,201301300000
34413,2.94,201301300000
34423,0.84,201301300000
34424,1.12,201301300000
34427,1.97,201301300000
34430,0.86,201301300000
34437,2.32,201301300000
34440,0.71,201301300000
34486,0.82,201301300000
34495,0.98,201301300000
34510,0.52,201301300000
34520,1.16,201301300000
34528,0.62,201301300000
34563,0.66,201301300000
34662,2.29,201301300000
34667,2.75,201301300000
34668,0.71,201301300000
34670,1.18,201301300000
34672,0.77,201301300000
34673,2.08,201301300000
34676,1.73,201301300000
34679,0.82,201301300000
34682,2.68,201301300000
34695,2.58,201301300000
34710,2.83,201301300000
34714,2.23,201301300000
34720,1.27,201301300000
34882,2.14,201301300000
34913,1.28,201301300000
34914,1.11,201301300000
34915,2.27,201301300000
34924,2.21,201301300000
34925,1.52,201301300000
34934,1.95,201301300000
34939,1.39,201301300000
34959,0.63,201301300000
34990,2.73,201301300000
35102,1.27,201301300000
35164,2.89,201301300000
35166,1.55,201301300000
35173,1.08,201301300000
35178,0.77,201301300000
35183,2.15,201301300000
35185,1.46,201301300000
35187,1.99,201301300000
35193,0.64,201301300000
35203,1.34,201301300000
35218,0.51,201301300000
35237,2.32,201301300000
35244,2.03,201301300000
35249,2.19,201301300000
35295,1.16,201301300000
35368,2.27,201301300000
35410,1.24,201301300000
35414,1.31,201301300000
35415,1.1,201301300000
35417,2.54,201301300000
35421,2.04,201301300000
35440,1.7,201301300000
35455,2.21,201301300000
35492,1.92,201301300000
35515,2.39,201301300000
35665,1.51,201301300000
35675,2.18,201301300000
35683,0.99,201301300000
35686,2.32,201301300000
35700,2.92,201301300000
35745,2.37,201301300000
35755,1.98,201301300000
35769,2.92,201301300000
35916,1.96,201301300000
35917,2.97,201301300000
35918,1.11,201301300000
35919,0.63,201301300000
35921,0.57,201301300000
35929,1.33,201301300000
35931,0.57,201301300000
35941,2.33,201301300000
35944,2.02,201301300000
35971,1.88,201301300000
35981,0.7,201301300000
35992,2.56,201301300000
35994,1.06,201301300000
36067,0.78,201301300000
36162,1.27,201301300000
36167,2.67,201301300000
36169,2.64,201301300000
36170,0.93,201301300000
36173,2.5,201301300000
36176,1.3,201301300000
36177,2.73,201301300000
36205,2.24,201301300000
36237,0.74,201301300000
36245,0.84,201301300000
36246,2.98,201301300000
36293,1.23,201301300000
36311,0.65,201301300000
36417,2.62,201301300000
36420,1.06,201301300000
36421,1.51,201301300000
36441,1.89,201301300000
36448,2.84,201301300000
36494,2.38,201301300000
36498,1.47,201301300000
36502,1.67,201301300000
36510,2.97,201301300000
36513,1.53,201301300000
36519,1.25,201301300000
36524,2.55,201301300000
36576,2.2,201301300000
36668,2.77,201301300000
36673,1.66,201301300000
36675,1.72,201301300000
36677,1.56,201301300000
36679,2.2,201301300000
36682,0.94,201301300000
36688,1.18,201301300000
36690,2.9,201301300000
36711,0.93,201301300000
36717,1.94,201301300000
36758,1.32,201301300000
36889,2.56,201301300000
36915,1.33,201301300000
36918,2.74,201301300000
36933,0.67,201301300000
36934,0.96,201301300000
36953,1.65,201301300000
36959,1.71,201301300000
36996,2.31,201301300000
36999,0.7,201301300000
37001,2.93,201301300000
37167,1.71,201301300000
37168,1.64,201301300000
37169,2.39,201301300000
37172,2.92,201301300000
37176,2.66,201301300000
37178,2.84,201301300000
37179,1.78,201301300000
37182,1.07,201301300000
37192,0.87,201301300000
37200,1.96,201301300000
37206,2.35,201301300000
37232,1.73,201301300000
37239,1.34,201301300000
37270,2.07,201301300000
37298,2.28,201301300000
37304,1.46,201301300000
37419,2.28,201301300000
37421,0.68,201301300000
37423,2.02,201301300000
37425,1.76,201301300000
37446,1.06,201301300000
37454,1.26,201301300000
37477,1.94,201301300000
37487,0.63,201301300000
37501,2.1,201301300000
37503,1.24,201301300000
37513,1.47,201301300000
37523,1.52,201301300000
37562,1.77,201301300000
37609,2.14,201301300000
37642,2.64,201301300000
37643,2.65,201301300000
37670,1.18,201301300000
37671,1.13,201301300000
37672,0.84,201301300000
37676,2.74,201301300000
37688,1.14,201301300000
37689,1.58,201301300000
37690,2.47,201301300000
37695,0.85,201301300000
37701,2.31,201301300000
37710,2.88,201301300000
37711,1.92,201301300000
37754,1.95,201301300000
37874,2.84,201301300000
37891,1.73,201301300000
37893,2.9,201301300000
37894,0.98,201301300000
37926,2.29,201301300000
37928,0.77,201301300000
37929,1.2,201301300000
37932,0.57,201301300000
37936,1.33,201301300000
37943,0.96,201301300000
37952,2.0,201301300000
37962,1.66,201301300000
37968,2.09,201301300000
38003,2.84,201301300000
38060,0.75,201301300000
38145,1.5,201301300000
38172,2.9,201301300000
38173,0.98,201301300000
38178,2.13,201301300000
38200,2.28,201301300000
38204,1.62,201301300000
38209,2.47,201301300000
38215,1.94,201301300000
38220,2.01,201301300000
38225,0.78,201301300000
38228,1.81,201301300000
38230,2.83,201301300000
38243,1.65,201301300000
38247,2.74,201301300000
38255,1.18,201301300000
38263,1.38,201301300000
38268,0.95,201301300000
38272,2.19,201301300000
38367,1.89,201301300000
38381,1.33,201301300000
38423,1.1,201301300000
38425,2.18,201301300000
38426,2.99,201301300000
38431,2.72,201301300000
38440,1.58,201301300000
38479,0.89,201301300000
38481,2.79,201301300000
38483,2.45,201301300000
38488,2.17,201301300000
38490,2.92,201301300000
38498,1.57,201301300000
38499,2.93,201301300000
38500,1.76,201301300000
38505,0.89,201301300000
38506,1.44,201301300000
38508,1.19,201301300000
38517,2.13,201301300000
38534,1.49,201301300000
38648,2.35,201301300000
38674,2.98,201301300000
38676,0.73,201301300000
38679,2.19,201301300000
38684,0.85,201301300000
38693,1.47,201301300000
38697,0.5,201301300000
38716,1.14,201301300000
38722,1.36,201301300000
38736,1.94,201301300000
38738,0.92,201301300000
38752,1.57,201301300000
38753,1.13,201301300000
38758,2.61,201301300000
38760,2.43,201301300000
38761,2.42,201301300000
38762,1.12,201301300000
38766,0.71,201301300000
38769,0.94,201301300000
38778,0.95,201301300000
38812,0.81,201301300000
38939,1.92,201301300000
38953,0.67,201301300000
38958,2.2,201301300000
38967,2.17,201301300000
39006,1.39,201301300000
39008,0.79,201301300000
39010,2.15,201301300000
39011,2.79,201301300000
39017,1.23,201301300000
39113,1.53,201301300000
39148,0.6,201301300000
39149,1.48,201301300000
39176,0.79,201301300000
39178,1.69,201301300000
39191,1.59,201301300000
39201,0.52,201301300000
39230,2.81,201301300000
39236,2.36,201301300000
39246,1.97,201301300000
39252,1.1,201301300000
39255,1.71,201301300000
39260,1.24,201301300000
39262,0.88,201301300000
39263,2.81,201301300000
39268,2.03,201301300000
39269,0.64,201301300000
39271,1.75,201301300000
39274,1.79,201301300000
39275,1.96,201301300000
39375,1.37,201301300000
39391,0.65,201301300000
39427,2.13,201301300000
39428,2.91,201301300000
39430,0.74,201301300000
39433,2.13,201301300000
39446,1.67,201301300000
39457,1.28,201301300000
39514,0.8,201301300000
39515,2.47,201301300000
39516,1.24,201301300000
39517,1.68,201301300000
39535,0.53,201301300000
39554,1.5,201301300000
39559,1.37,201301300000
39631,0.72,201301300000
39632,1.02,201301300000
39633,2.28,201301300000
39652,1.05,201301300000
39683,2.3,201301300000
39687,2.34,201301300000
39706,2.5,201301300000
39710,1.98,201301300000
39722,0.9,201301300000
39731,0.7,201301300000
39750,2.95,201301300000
39755,1.96,201301300000
39759,2.64,201301300000
39762,2.84,201301300000
39764,2.54,201301300000
39765,0.79,201301300000
39766,2.82,201301300000
39767,1.1,201301300000
39769,1.29,201301300000
39772,2.45,201301300000
39776,1.42,201301300000
39777,2.03,201301300000
39790,2.83,201301300000
39791,1.68,201301300000
39796,0.91,201301300000
39832,0.52,201301300000
39883,0.92,201301300000
39930,1.86,201301300000
39932,0.61,201301300000
39941,2.82,201301300000
39948,0.88,201301300000
39969,0.86,201301300000
40018,2.22,201301300000
40031,0.72,201301300000
40133,2.6,201301300000
40180,1.43,201301300000
40188,1.85,201301300000
40196,2.89,201301300000
40242,1.38,201301300000
40246,1.58,201301300000
40259,1.35,201301300000
40264,1.47,201301300000
40267,1.13,201301300000
40268,2.81,201301300000
40270,2.85,201301300000
40276,2.23,201301300000
40286,1.98,201301300000
40295,1.66,201301300000
40431,0.92,201301300000
40432,2.04,201301300000
40442,1.88,201301300000
40447,2.31,201301300000
40448,2.51,201301300000
40451,2.52,201301300000
40457,1.07,201301300000
40500,1.29,201301300000
40512,1.4,201301300000
40518,0.7,201301300000
40519,2.2,201301300000
40522,1.03,201301300000
40524,1.47,201301300000
40525,2.6,201301300000
40532,0.84,201301300000
40560,1.35,201301300000
40566,2.85,201301300000
40633,2.01,201301300000
40687,2.32,201301300000
40713,1.49,201301300000
40719,1.09,201301300000
40732,0.7,201301300000
40733,2.89,201301300000
40766,1.41,201301300000
40810,0.6,201301300000
40894,2.41,201301300000
40933,2.69,201301300000
40936,2.42,201301300000
40939,1.31,201301300000
40954,1.95,201301300000
40982,0.89,201301300000
41021,1.06,201301300000
41024,2.99,201301300000
41061,1.14,201301300000
41145,1.87,201301300000
41157,2.19,201301300000
41183,2.8,201301300000
41200,2.59,201301300000
41262,2.15,201301300000
41265,1.49,201301300000
41270,0.61,201301300000
41277,0.57,201301300000
41318,2.29,201301300000
41401,0.51,201301300000
41407,2.02,201301300000
41437,1.9,201301300000
41459,1.02,201301300000
41465,2.59,201301300000
41469,1.03,201301300000
41508,2.92,201301300000
41520,1.14,201301300000
41522,2.42,201301300000
41526,1.63,201301300000
41532,0.56,201301300000
41558,2.01,201301300000
41635,0.94,201301300000
41653,2.99,201301300000
41658,1.98,201301300000
41692,1.74,201301300000
41696,1.28,201301300000
41764,1.92,201301300000
41772,1.24,201301300000
41893,0.75,201301300000
41904,1.57,201301300000
41905,0.73,201301300000
41936,1.31,201301300000
41941,1.92,201301300000
41958,0.9,201301300000
41990,2.95,201301300000
42023,2.77,201301300000
42026,2.18,201301300000
42029,1.1,201301300000
42074,1.8,201301300000
42085,0.89,201301300000
42095,2.9,201301300000
42147,2.02,201301300000
42160,2.58,201301300000
42200,2.77,201301300000
42213,2.33,201301300000
42267,2.15,201301300000
42271,1.34,201301300000
42274,2.1,201301300000
42283,1.84,201301300000
42291,2.9,201301300000
42342,2.12,201301300000
42411,2.92,201301300000
42438,1.61,201301300000
42454,1.23,201301300000
42471,0.83,201301300000
42478,2.73,201301300000
42487,0.73,201301300000
42503,2.02,201301300000
42514,2.14,201301300000
42521,1.13,201301300000
42533,1.49,201301300000
42644,2.24,201301300000
42661,1.56,201301300000
42695,2.97,201301300000
42744,2.44,201301300000
42750,2.66,201301300000
42846,2.0,201301300000
42905,1.76,201301300000
42912,2.0,201301300000
42939,2.67,201301300000
42940,1.48,201301300000
42944,2.93,201301300000
42949,2.8,201301300000
43011,1.2,201301300000
43021,1.33,201301300000
43030,1.8,201301300000
43151,1.34,201301300000
43160,2.84,201301300000
43162,1.92,201301300000
43213,1.28,201301300000
43220,1.71,201301300000
43261,1.28,201301300000
43412,2.84,201301300000
43413,2.24,201301300000
43440,2.92,201301300000
43443,1.94,201301300000
43449,2.19,201301300000
43483,2.67,201301300000
43484,0.72,201301300000
43494,1.89,201301300000
43518,2.95,201301300000
43523,1.4,201301300000
43526,2.0,201301300000
43530,1.32,201301300000
43571,2.44,201301300000
43642,0.83,201301300000
43662,1.88,201301300000
43738,2.01,201301300000
43760,0.63,201301300000
43779,1.47,201301300000
43914,1.04,201301300000
43957,0.63,201301300000
43980,0.87,201301300000
43984,0.64,201301300000
43992,1.42,201301300000
43995,2.19,201301300000
44002,0.81,201301300000
44039,1.54,201301300000
44194,2.24,201301300000
44197,2.0,201301300000
44204,2.56,201301300000
44215,0.71,201301300000
44226,1.26,201301300000
44247,1.24,201301300000
44255,1.84,201301300000
44282,1.48,201301300000
44284,1.78,201301300000
44356,1.89,201301300000
44470,0.7,201301300000
44486,0.86,201301300000
44503,2.79,201301300000
44504,1.4,201301300000
44510,1.55,201301300000
44517,1.33,201301300000
44534,2.77,201301300000
44578,2.74,201301300000
44666,1.67,201301300000
44694,0.74,201301300000
44697,2.33,201301300000
44716,1.07,201301300000
44724,2.19,201301300000
44743,2.05,201301300000
44755,0.67,201301300000
44756,2.31,201301300000
44757,1.75,201301300000
44758,2.82,201301300000
44786,1.58,201301300000
44787,1.48,201301300000
44911,1.55,201301300000
44963,2.23,201301300000
45005,1.7,201301300000
45006,1.46,201301300000
45007,2.33,201301300000
45008,2.53,201301300000
45039,1.53,201301300000
45114,1.05,201301300000
45168,2.45,201301300000
45200,1.05,201301300000
45203,2.14,201301300000
45208,1.52,201301300000
45237,0.53,201301300000
45254,1.29,201301300000
45256,1.19,201301300000
45258,2.38,201301300000
45261,2.5,201301300000
45265,0.92,201301300000
45266,0.81,201301300000
45401,1.59,201301300000
45479,2.89,201301300000
45502,1.34,201301300000
45507,1.96,201301300000
45509,2.1,201301300000
45526,0.75,201301300000
45538,1.12,201301300000
45582,2.93,201301300000
45661,0.79,201301300000
45701,1.22,201301300000
45703,1.3,201301300000
45716,1.29,201301300000
45720,2.56,201301300000
45725,2.8,201301300000
45735,1.16,201301300000
45747,1.64,201301300000
45766,2.08,201301300000
45793,1.43,201301300000
45795,2.85,201301300000
45919,1.52,201301300000
45948,2.0,201301300000
46008,0.56,201301300000
46036,2.74,201301300000
46041,2.65,201301300000
46052,0.9,201301300000
46074,1.0,201301300000
46145,1.63,201301300000
46202,2.87,201301300000
46209,0.88,201301300000
46242,1.5,201301300000
46265,2.43,201301300000
46372,2.7,201301300000
46384,0.77,201301300000
46455,1.74,201301300000
46508,1.76,201301300000
46523,2.54,201301300000
46538,1.05,201301300000
46565,2.96,201301300000
46574,1.01,201301300000
46626,1.0,201301300000
46700,2.91,201301300000
46738,2.14,201301300000
46770,1.1,201301300000
46778,2.22,201301300000
46787,2.26,201301300000
46803,2.82,201301300000
46954,1.23,201301300000
46964,1.58,201301300000
46972,2.75,201301300000
46976,2.17,201301300000
46981,1.84,201301300000
47011,0.54,201301300000
47015,1.26,201301300000
47047,0.63,201301300000
47253,0.99,201301300000
47288,1.82,201301300000
47295,2.52,201301300000
47342,0.78,201301300000
47454,1.52,201301300000
47535,1.75,201301300000
47543,1.48,201301300000
47705,1.93,201301300000
47709,2.76,201301300000
47711,0.51,201301300000
47758,2.77,201301300000
47806,1.12,201301300000
47889,2.93,201301300000
47926,2.5,201301300000
47968,1.69,201301300000
47972,1.97,201301300000
47977,2.2,201301300000
47982,0.59,201301300000
48032,1.48,201301300000
48209,2.03,201301300000
48239,2.94,201301300000
48244,1.37,201301300000
48278,2.11,201301300000
48420,2.65,201301300000
48427,1.78,201301300000
48499,1.79,201301300000
48503,0.77,201301300000
48552,2.62,201301300000
48584,1.67,201301300000
48713,1.45,201301300000
48759,1.08,201301300000
48848,0.73,201301300000
48898,2.26,201301300000
49017,1.34,201301300000
49049,2.27,201301300000
49229,2.98,201301300000
49241,2.5,201301300000
49472,2.12,201301300000
49483,2.13,201301300000
49542,1.76,201301300000
49555,1.43,201301300000
49679,1.16,201301300000
49750,2.99,201301300000
49760,2.88,201301300000
49777,0.55,201301300000
49968,1.19,201301300000
50053,0.52,201301300000
50103,1.28,201301300000
50180,0.97,201301300000
50285,1.61,201301300000
50430,0.79,201301300000
50470,2.09,201301300000
50494,0.98,201301300000
50511,0.98,201301300000
50549,2.46,201301300000
50680,0.85,201301300000
50682,2.03,201301300000
50731,2.78,201301300000
50812,0.59,201301300000
50872,0.7,201301300000
51029,1.86,201301300000
51046,0.97,201301300000
51053,1.9,201301300000
51056,1.94,201301300000
51162,2.82,201301300000
51177,1.25,201301300000
51182,2.31,201301300000
51228,1.61,201301300000
51258,0.62,201301300000
51430,0.68,201301300000
51431,2.94,201301300000
51432,0.67,201301300000
51520,2.8,201301300000
51681,1.63,201301300000
51682,2.48,201301300000
51725,0.53,201301300000
51790,0.73,201301300000
51832,2.49,201301300000
51857,1.18,201301300000
51931,2.88,201301300000
51932,1.41,201301300000
51986,1.52,201301300000
52003,2.46,201301300000
52182,0.85,201301300000
52244,1.93,201301300000
52259,2.85,201301300000
52280,1.05,201301300000
52319,0.75,201301300000
52473,2.17,201301300000
52518,1.32,201301300000
52631,1.93,201301300000
52679,2.54,201301300000
52729,1.99,201301300000
52811,2.72,201301300000
52983,2.1,201301300000
52988,1.47,201301300000
52993,1.61,201301300000
53000,2.73,201301300000
53016,2.29,201301300000
53027,1.29,201301300000
53072,1.23,201301300000
53090,0.7,201301300000
53177,2.82,201301300000
53178,1.54,201301300000
53381,2.09,201301300000
53427,0.62,201301300000
53429,2.05,201301300000
53761,1.95,201301300000
53774,1.63,201301300000
53797,1.02,201301300000
53810,2.71,201301300000
53822,1.93,201301300000
53864,1.35,201301300000
53927,0.65,201301300000
54038,0.85,201301300000
54071,1.97,201301300000
54234,2.93,201301300000
54281,0.96,201301300000
54284,1.82,201301300000
54327,1.78,201301300000
54334,2.89,201301300000
54349,1.21,201301300000
54427,2.19,201301300000
54503,0.63,201301300000
54510,1.9,201301300000
54520,1.59,201301300000
54550,2.26,201301300000
54578,1.02,201301300000
54678,0.69,201301300000
54828,1.59,201301300000
54983,2.36,201301300000
54996,2.59,201301300000
55070,1.39,201301300000
55329,1.93,201301300000
55331,1.44,201301300000
55535,2.83,201301300000
55633,2.28,201301300000
55680,1.28,201301300000
55761,1.09,201301300000
55831,1.8,201301300000
55832,1.03,201301300000
55838,2.47,201301300000
55845,1.63,201301300000
56106,0.76,201301300000
56493,2.24,201301300000
56571,2.8,201301300000
56586,1.49,201301300000
56587,0.6,201301300000
56591,1.84,201301300000
56738,2.14,201301300000
56835,0.78,201301300000
56882,1.5,201301300000
56887,2.88,201301300000
56888,0.88,201301300000
56933,1.1,201301300000
56934,2.65,201301300000
57042,2.51,201301300000
57062,2.27,201301300000
57189,2.6,201301300000
57261,1.9,201301300000
57329,0.9,201301300000
57342,1.86,201301300000
57376,2.81,201301300000
57378,0.98,201301300000
57380,0.75,201301300000
57397,1.68,201301300000
57440,2.35,201301300000
57495,0.77,201301300000
57523,1.76,201301300000
57555,0.9,201301300000
57597,2.3,201301300000
57613,2.95,201301300000
57615,1.0,201301300000
57628,0.95,201301300000
57631,1.83,201301300000
57823,1.95,201301300000
57837,2.0,201301300000
57851,2.49,201301300000
57852,1.89,201301300000
57906,0.66,201301300000
58179,1.28,201301300000
58251,0.87,201301300000
58421,0.85,201301300000
58511,0.58,201301300000
58632,1.23,201301300000
58744,1.43,201301300000
58802,0.59,201301300000
58814,0.55,201301300000
58879,2.43,201301300000
58892,0.99,201301300000
59010,1.0,201301300000
59043,2.55,201301300000
59104,1.51,201301300000
59125,1.18,201301300000
59134,1.68,201301300000
59285,1.37,201301300000
59329,1.2,201301300000
59555,0.64,201301300000
59635,1.4,201301300000
59745,2.15,201301300000
59927,2.76,201301300000
59941,1.0,201301300000
60008,2.46,201301300000
60011,1.9,201301300000
60114,0.64,201301300000
60141,2.66,201301300000
60147,2.39,201301300000
60331,0.69,201301300000
60344,0.9,201301300000
60350,1.57,201301300000
60578,1.48,201301300000
60593,2.12,201301300000
60613,1.18,201301300000
60630,2.06,201301300000
60635,1.08,201301300000
60649,1.06,201301300000
60750,1.39,201301300000
60774,2.06,201301300000
60819,1.47,201301300000
60880,2.65,201301300000
60888,1.04,201301300000
61062,2.34,201301300000
61110,1.71,201301300000
61263,1.01,201301300000
61343,2.8,201301300000
61591,1.43,201301300000
61597,1.67,201301300000
61654,1.85,201301300000
61818,1.32,201301300000
62077,2.69,201301300000
62104,1.31,201301300000
62135,1.42,201301300000
62140,2.54,201301300000
62252,1.07,201301300000
62558,2.59,201301300000
62589,2.26,201301300000
62757,0.51,201301300000
62772,1.05,201301300000
62850,0.89,201301300000
62926,1.95,201301300000
62948,2.6,201301300000
63044,2.46,201301300000
63153,2.18,201301300000
63383,1.63,201301300000
63397,1.66,201301300000
63398,2.32,201301300000
63407,0.79,201301300000
63574,2.92,201301300000
63586,0.63,201301300000
63816,2.05,201301300000
64102,2.71,201301300000
64150,1.2,201301300000
64200,2.01,201301300000
64515,0.89,201301300000
64529,0.76,201301300000
64573,2.69,201301300000
64581,2.51,201301300000
64815,2.23,201301300000
64915,0.75,201301300000
65059,2.85,201301300000
65144,0.62,201301300000
65320,0.93,201301300000
65375,2.53,201301300000
65454,1.13,201301300000
65528,1.93,201301300000
65607,2.78,201301300000
65774,2.25,201301300000
65838,1.02,201301300000
66068,0.84,201301300000
66084,1.51,201301300000
66151,2.16,201301300000
66353,0.99,201301300000
66538,1.43,201301300000
66575,2.89,201301300000
66637,0.72,201301300000
66827,0.61,201301300000
66870,2.66,201301300000
67110,2.22,201301300000
67207,0.61,201301300000
67335,1.85,201301300000
67385,0.79,201301300000
67599,1.15,201301300000
67601,1.57,201301300000
67602,0.93,201301300000
67698,1.41,201301300000
67824,2.73,201301300000
67842,0.94,201301300000
67854,1.59,201301300000
67855,1.95,201301300000
67918,2.3,201301300000
68103,2.39,201301300000
68104,0.79,201301300000
68110,0.87,201301300000
68111,2.56,201301300000
68349,1.36,201301300000
68354,2.92,201301300000
68356,2.9,201301300000
68454,1.05,201301300000
68455,1.11,201301300000
68587,2.74,201301300000
68857,0.56,201301300000
68858,0.69,201301300000
68897,0.65,201301300000
68924,2.46,201301300000
68930,1.83,201301300000
69106,2.13,201301300000
69190,1.16,201301300000
69206,0.72,201301300000
69359,0.85,201301300000
69371,2.02,201301300000
69455,1.63,201301300000
69582,2.18,201301300000
69613,2.34,201301300000
69676,2.22,201301300000
70115,0.81,201301300000
70132,1.79,201301300000
70181,1.6,201301300000
70342,1.45,201301300000
70352,0.94,201301300000
70360,2.42,201301300000
70374,1.72,201301300000
70440,2.66,201301300000
70462,2.89,201301300000
70619,2.78,201301300000
70659,2.33,201301300000
70715,0.68,201301300000
70903,2.19,201301300000
70934,2.96,201301300000
70961,0.72,201301300000
71122,0.76,201301300000
71187,2.83,201301300000
71399,2.85,201301300000
71601,2.12,201301300000
71629,1.55,201301300000
71888,1.28,201301300000
71961,2.23,201301300000
71964,2.98,201301300000
72201,2.95,201301300000
72218,1.08,201301300000
72345,0.71,201301300000
72367,2.24,201301300000
72407,1.16,201301300000
72416,0.97,201301300000
72706,1.09,201301300000
72894,1.28,201301300000
73104,0.6,201301300000
73135,1.16,201301300000
73211,2.02,201301300000
73223,1.87,201301300000
73451,0.55,201301300000
73460,2.87,201301300000
73461,2.68,201301300000
73557,2.93,201301300000
73669,1.32,201301300000
74158,0.93,201301300000
74216,1.46,201301300000
74388,1.79,201301300000
74396,2.62,201301300000
74466,0.82,201301300000
74467,1.59,201301300000
74638,0.5,201301300000
74677,0.8,201301300000
74678,2.05,201301300000
74711,0.62,201301300000
74721,2.87,201301300000
74962,1.89,201301300000
74968,2.06,201301300000
74973,2.61,201301300000
75224,1.51,201301300000
75329,0.86,201301300000
75386,1.33,201301300000
75424,0.55,201301300000
75436,1.2,201301300000
75475,1.4,201301300000
75619,1.53,201301300000
75721,1.5,201301300000
75722,2.32,201301300000
75724,1.78,201301300000
75725,2.69,201301300000
75726,1.66,201301300000
75727,2.29,201301300000
75974,1.97,201301300000
75975,2.19,201301300000
76133,1.64,201301300000
76227,2.13,201301300000
76393,1.52,201301300000
76473,1.16,201301300000
76477,1.27,201301300000
76654,1.59,201301300000
76728,2.19,201301300000
76959,2.17,201301300000
77169,1.97,201301300000
77230,0.58,201301300000
77381,2.53,201301300000
77458,0.68,201301300000
77641,2.82,201301300000
77942,1.43,201301300000
77981,1.83,201301300000
78205,2.01,201301300000
78418,1.4,201301300000
78654,0.78,201301300000
78733,2.2,201301300000
78881,0.8,201301300000
78896,1.53,201301300000
78909,2.18,201301300000
78983,2.11,201301300000
79234,2.45,201301300000
79379,1.92,201301300000
79394,2.98,201301300000
79484,1.99,201301300000
79712,1.36,201301300000
79911,1.28,201301300000
79915,1.05,201301300000
80160,0.92,201301300000
80161,1.54,201301300000
80193,2.92,201301300000
80352,2.67,201301300000
80397,1.09,201301300000
80406,1.85,201301300000
80411,1.88,201301300000
80412,1.2,201301300000
80413,2.49,201301300000
80420,2.99,201301300000
80485,2.33,201301300000
80635,1.28,201301300000
80659,1.37,201301300000
80663,1.16,201301300000
80664,2.76,201301300000
80703,1.1,201301300000
80877,2.48,201301300000
80916,2.33,201301300000
81163,0.99,201301300000
81164,2.07,201301300000
81354,2.78,201301300000
81363,0.95,201301300000
81390,1.44,201301300000
81625,1.7,201301300000
81651,2.48,201301300000
81899,1.62,201301300000
82135,2.24,201301300000
82168,2.4,201301300000
82169,2.07,201301300000
82237,2.6,201301300000
82613,0.93,201301300000
82622,1.21,201301300000
82664,1.85,201301300000
82892,0.64,201301300000
82951,2.71,201301300000
83410,0.54,201301300000
83489,2.74,201301300000
83735,2.76,201301300000
83865,2.56,201301300000
84123,2.21,201301300000
84179,2.39,201301300000
84207,2.54,201301300000
84212,2.42,201301300000
84221,1.52,201301300000
84366,2.71,201301300000
84689,1.67,201301300000
84712,2.13,201301300000
84902,2.61,201301300000
85474,1.65,201301300000
85487,1.44,201301300000
85620,2.93,201301300000
85705,2.18,201301300000
85715,0.54,201301300000
85738,1.45,201301300000
86440,0.58,201301300000
86622,1.38,201301300000
86623,1.52,201301300000
86672,2.67,201301300000
86873,2.15,201301300000
86895,1.57,201301300000
87121,2.06,201301300000
87227,1.26,201301300000
87460,1.15,201301300000
87690,2.41,201301300000
87873,0.85,201301300000
88242,2.28,201301300000
88463,0.77,201301300000
89120,1.26,201301300000
89152,1.79,201301300000
89175,1.29,201301300000
89198,1.41,201301300000
89615,1.34,201301300000
89625,1.84,201301300000
90116,1.04,201301300000
90183,1.92,201301300000
90497,1.0,201301300000
90699,1.02,201301300000
90719,2.24,201301300000
91200,1.26,201301300000
91432,1.87,201301300000
91434,2.18,201301300000
91684,0.7,201301300000
91713,1.8,201301300000
91744,1.65,201301300000
92233,0.62,201301300000
93205,2.82,201301300000
93244,1.86,201301300000
93252,2.12,201301300000
93463,2.03,201301300000
93675,2.43,201301300000
93944,2.68,201301300000
94431,1.98,201301300000
94710,2.02,201301300000
94755,2.49,201301300000
94997,2.77,201301300000
95000,0.6,201301300000
95707,2.72,201301300000
95949,2.62,201301300000
95998,1.98,201301300000
96188,0.77,201301300000
96225,1.83,201301300000
96249,1.02,201301300000
96468,1.18,201301300000
96486,2.61,201301300000
96718,2.64,201301300000
96972,1.57,201301300000
96995,2.66,201301300000
97251,1.29,201301300000
97440,2.51,201301300000
97471,1.19,201301300000
97969,2.2,201301300000
97990,0.66,201301300000
98224,2.92,201301300000
98229,2.34,201301300000
98450,1.45,201301300000
98475,2.72,201301300000
98739,1.22,201301300000
99256,1.88,201301300000
99468,1.58,201301300000
99730,1.91,201301300000
101215,2.71,201301300000
101911,2.62,201301300000
101912,2.54,201301300000
101989,1.39,201301300000
102999,1.35,201301300000
103242,2.33,201301300000
103431,1.63,201301300000
104177,0.86,201301300000
104221,2.28,201301300000
104239,2.8,201301300000
104701,1.47,201301300000
104984,0.55,201301300000
105196,1.96,201301300000
105219,1.67,201301300000
105460,0.82,201301300000
105461,2.67,201301300000
105481,2.42,201301300000
105489,2.83,201301300000
105709,1.64,201301300000
105710,0.74,201301300000
105711,1.44,201301300000
105712,2.32,201301300000
105713,0.86,201301300000
105715,2.02,201301300000
105726,1.5,201301300000
105727,0.57,201301300000
105736,1.21,201301300000
105960,2.07,201301300000
105961,1.8,201301300000
105962,2.7,201301300000
105963,1.42,201301300000
105964,1.25,201301300000
105975,2.15,201301300000
106195,1.23,201301300000
106213,0.94,201301300000
106214,1.66,201301300000
106215,1.99,201301300000
106221,1.65,201301300000
106231,1.81,201301300000
106232,0.81,201301300000
106234,1.66,201301300000
106235,1.45,201301300000
106237,2.94,201301300000
106446,0.87,201301300000
106447,1.55,201301300000
106462,2.36,201301300000
106463,2.1,201301300000
106465,0.76,201301300000
106466,2.68,201301300000
106467,1.48,201301300000
106480,2.54,201301300000
106712,2.62,201301300000
106717,1.46,201301300000
106718,1.16,201301300000
106741,2.49,201301300000
106958,1.98,201301300000
106964,2.55,201301300000
106965,2.54,201301300000
106966,2.76,201301300000
106967,1.14,201301300000
106971,1.78,201301300000
106983,2.95,201301300000
106997,1.61,201301300000
107200,2.91,201301300000
107212,0.74,201301300000
107219,1.59,201301300000
107240,2.0,201301300000
107460,1.26,201301300000
107465,2.92,201301300000
107466,2.47,201301300000
107468,2.36,201301300000
107491,2.08,201301300000
107711,1.34,201301300000
107725,1.25,201301300000
107726,1.83,201301300000
107954,0.51,201301300000
107966,0.83,201301300000
107971,2.84,201301300000
107979,2.67,201301300000
107993,2.71,201301300000
108205,0.95,201301300000
108211,1.26,201301300000
108214,1.43,201301300000
108215,2.87,201301300000
108217,1.83,201301300000
108219,0.57,201301300000
108220,1.64,201301300000
108222,2.89,201301300000
108225,2.36,201301300000
108230,2.79,201301300000
108454,1.72,201301300000
108463,0.76,201301300000
108499,2.26,201301300000
108717,1.14,201301300000
108722,0.66,201301300000
108724,1.28,201301300000
108733,1.26,201301300000
108968,2.62,201301300000
108975,1.01,201301300000
108984,2.34,201301300000
108985,1.58,201301300000
109216,1.39,201301300000
109219,2.25,201301300000
109222,2.88,201301300000
109227,2.09,201301300000
109231,1.77,201301300000
109236,0.81,201301300000
109245,2.13,201301300000
109473,2.41,201301300000
109487,1.33,201301300000
109494,0.54,201301300000
109495,1.92,201301300000
109496,1.87,201301300000
109497,0.51,201301300000
109742,1.48,201301300000
109744,2.02,201301300000
109748,2.15,201301300000
109750,2.78,201301300000
109980,1.69,201301300000
109991,2.35,201301300000
109994,2.61,201301300000
109998,2.15,201301300000
110001,0.72,201301300000
110243,1.28,201301300000
110247,2.08,201301300000
110249,1.86,201301300000
110251,0.75,201301300000
110253,2.22,201301300000
110254,2.8,201301300000
