cell,mobility,dtg
1610,0.62,201301150800
1846,0.78,201301150800
1851,1.21,201301150800
1853,0.52,201301150800
1856,0.55,201301150800
1857,1.71,201301150800
2103,1.95,201301150800
2105,1.43,201301150800
2106,1.98,201301150800
2107,1.1,201301150800
2114,2.19,201301150800
2342,1.33,201301150800
2347,1.42,201301150800
2351,1.85,201301150800
2354,0.92,201301150800
2357,2.15,201301150800
2372,1.34,201301150800
2374,3.0,201301150800
2591,2.65,201301150800
2595,2.0,201301150800
2605,2.01,201301150800
2611,1.59,201301150800
2615,1.12,201301150800
2620,2.7,201301150800
2627,2.65,201301150800
2839,1.11,201301150800
2847,2.99,201301150800
3086,2.87,201301150800
3094,0.61,201301150800
3100,0.87,201301150800
3124,0.99,201301150800
3128,2.13,201301150800
3334,0.55,201301150800
3337,1.55,201301150800
3375,1.69,201301150800
3614,1.53,201301150800
3619,2.88,201301150800
3632,0.96,201301150800
3635,2.64,201301150800
3830,2.58,201301150800
3831,2.0,201301150800
3833,2.96,201301150800
3837,1.29,201301150800
3845,1.92,201301150800
3856,1.74,201301150800
3860,2.93,201301150800
3865,1.78,201301150800
4078,1.83,201301150800
4081,2.88,201301150800
4137,1.85,201301150800
4141,0.97,201301150800
4142,1.01,201301150800
4328,0.97,201301150800
4329,2.74,201301150800
4341,0.52,201301150800
4345,2.08,201301150800
4348,2.21,201301150800
4354,0.8,201301150800
4372,1.01,201301150800
4577,1.64,201301150800
4578,1.22,201301150800
4580,1.61,201301150800
4582,1.73,201301150800
4605,1.28,201301150800
4608,1.66,201301150800
4631,2.88,201301150800
4636,1.17,201301150800
4637,1.21,201301150800
4829,2.82,201301150800
4830,1.61,201301150800
4831,2.88,201301150800
4834,1.6,201301150800
4837,2.65,201301150800
4852,0.51,201301150800
4863,2.89,201301150800
4868,1.21,201301150800
4890,2.81,201301150800
4891,1.75,201301150800
5078,2.59,201301150800
5081,2.96,201301150800
5084,2.53,201301150800
5127,2.39,201301150800
5153,1.86,201301150800
5327,1.25,201301150800
5329,2.99,201301150800
5333,0.79,201301150800
5334,2.21,201301150800
5339,1.83,201301150800
5369,1.76,201301150800
5402,0.51,201301150800
5410,0.98,201301150800
5577,1.35,201301150800
5581,1.95,201301150800
5592,1.32,201301150800
5612,1.61,201301150800
5623,2.21,201301150800
5876,2.68,201301150800
5893,2.51,201301150800
5898,1.49,201301150800
6078,0.55,201301150800
6118,1.36,201301150800
6136,1.36,201301150800
6158,0.55,201301150800
6159,1.81,201301150800
6333,2.45,201301150800
6353,2.54,201301150800
6365,1.8,201301150800
6366,0.71,201301150800
6414,2.07,201301150800
6588,1.34,201301150800
6609,1.02,201301150800
6635,2.55,201301150800
6668,0.78,201301150800
6841,2.36,201301150800
6849,1.97,201301150800
6896,2.4,201301150800
6924,1.27,201301150800
6928,0.94,201301150800
6935,1.13,201301150800
6939,2.81,201301150800
7077,2.83,201301150800
7078,2.22,201301150800
7085,2.18,201301150800
7088,1.36,201301150800
7113,2.13,201301150800
7114,1.72,201301150800
7129,1.11,201301150800
7133,0.95,201301150800
7165,1.67,201301150800
7192,1.62,201301150800
7354,0.86,201301150800
7375,2.15,201301150800
7379,2.14,201301150800
7401,0.58,201301150800
7410,0.59,201301150800
7436,1.49,201301150800
7584,2.42,201301150800
7646,2.46,201301150800
7849,1.78,201301150800
7871,2.6,201301150800
7927,0.67,201301150800
7948,0.66,201301150800
8080,0.99,201301150800
8170,1.85,201301150800
8182,1.12,201301150800
8195,2.2,201301150800
8342,2.86,201301150800
8582,2.66,201301150800
8602,1.38,201301150800
8609,1.62,201301150800
8638,1.31,201301150800
8656,2.25,201301150800
8830,1.6,201301150800
8839,1.7,201301150800
8876,0.7,201301150800
8897,1.98,201301150800
8912,2.8,201301150800
8918,2.14,201301150800
8929,2.7,201301150800
8940,1.72,201301150800
8954,2.65,201301150800
9140,1.27,201301150800
9333,2.74,201301150800
9468,0.59,201301150800
9473,2.54,201301150800
9589,2.66,201301150800
9601,1.8,201301150800
9607,2.15,201301150800
9658,0.74,201301150800
9724,3.0,201301150800
9833,1.68,201301150800
10084,1.8,201301150800
10089,2.07,201301150800
10096,0.66,201301150800
10144,0.52,201301150800
10170,2.52,201301150800
10181,2.84,201301150800
10189,2.48,201301150800
10201,2.26,201301150800
10334,0.53,201301150800
10335,2.14,201301150800
10383,1.75,201301150800
10414,1.89,201301150800
10444,1.37,201301150800
10458,1.51,201301150800
10477,0.89,201301150800
10586,1.67,201301150800
10601,0.55,201301150800
10609,1.22,201301150800
10616,0.83,201301150800
10633,1.78,201301150800
10655,1.69,201301150800
10665,1.96,201301150800
10681,2.65,201301150800
10717,2.7,201301150800
10835,0.72,201301150800
10837,2.12,201301150800
10847,1.99,201301150800
10903,1.29,201301150800
10911,1.68,201301150800
10918,2.7,201301150800
10973,2.4,201301150800
11087,2.83,201301150800
11092,0.82,201301150800
11128,2.02,201301150800
11222,1.54,201301150800
11223,1.1,201301150800
11225,0.92,201301150800
11238,2.98,201301150800
11361,1.83,201301150800
11393,0.72,201301150800
11424,0.97,201301150800
11601,1.09,201301150800
11682,2.36,201301150800
11704,2.49,201301150800
11858,1.94,201301150800
11884,2.72,201301150800
11901,1.43,201301150800
11946,0.6,201301150800
11960,2.49,201301150800
11972,0.66,201301150800
12089,0.56,201301150800
12090,1.4,201301150800
12096,1.58,201301150800
12120,1.68,201301150800
12157,0.84,201301150800
12230,0.78,201301150800
12383,0.91,201301150800
12431,2.05,201301150800
12601,2.61,201301150800
12625,2.02,201301150800
12632,2.46,201301150800
12842,1.46,201301150800
12875,0.99,201301150800
12901,1.06,201301150800
12913,1.19,201301150800
12933,0.71,201301150800
12934,0.66,201301150800
12985,2.39,201301150800
13099,0.5,201301150800
13114,0.52,201301150800
13150,2.94,201301150800
13175,1.01,201301150800
13183,1.1,201301150800
13222,2.95,201301150800
13358,2.76,201301150800
13444,1.95,201301150800
13455,2.5,201301150800
13456,0.76,201301150800
13670,1.73,201301150800
13694,2.19,201301150800
13845,1.61,201301150800
13849,2.06,201301150800
14011,0.84,201301150800
14095,1.57,201301150800
14133,0.88,201301150800
14161,0.67,201301150800
14167,2.07,201301150800
14184,0.61,201301150800
14241,2.34,201301150800
14255,1.53,201301150800
14349,1.31,201301150800
14350,2.61,201301150800
14375,2.81,201301150800
14452,2.15,201301150800
14475,2.93,201301150800
14620,2.83,201301150800
14673,1.28,201301150800
14745,0.72,201301150800
14859,1.3,201301150800
14936,1.96,201301150800
14995,1.35,201301150800
15097,2.54,201301150800
15098,0.59,201301150800
15246,2.31,201301150800
15349,0.74,201301150800
15440,0.96,201301150800
15600,0.91,201301150800
15656,0.52,201301150800
15672,1.03,201301150800
15699,1.62,201301150800
15714,1.48,201301150800
15725,2.82,201301150800
15744,2.0,201301150800
15849,0.81,201301150800
15850,2.5,201301150800
15851,1.92,201301150800
15853,1.01,201301150800
15871,1.26,201301150800
16100,1.33,201301150800
16105,1.77,201301150800
16114,1.69,201301150800
16171,1.9,201301150800
16184,2.82,201301150800
16400,0.89,201301150800
16414,0.56,201301150800
16601,0.82,201301150800
16604,0.91,201301150800
16625,2.19,201301150800
16670,2.5,201301150800
16853,2.95,201301150800
16868,2.11,201301150800
16932,2.91,201301150800
17232,1.69,201301150800
17355,2.0,201301150800
17358,0.83,201301150800
17367,0.73,201301150800
17635,2.33,201301150800
17673,1.63,201301150800
17681,2.9,201301150800
17884,1.85,201301150800
17984,2.27,201301150800
18108,1.99,201301150800
18115,1.48,201301150800
18118,2.2,201301150800
18123,2.84,201301150800
18139,0.88,201301150800
18154,0.91,201301150800
18160,0.6,201301150800
18177,1.13,201301150800
18185,0.78,201301150800
18383,2.32,201301150800
18404,0.59,201301150800
18427,0.86,201301150800
18466,0.86,201301150800
18616,0.52,201301150800
18629,1.28,201301150800
18861,2.75,201301150800
18866,0.94,201301150800
18925,1.35,201301150800
19110,0.87,201301150800
19112,0.65,201301150800
19114,2.49,201301150800
19122,1.72,201301150800
19360,2.07,201301150800
19443,2.73,201301150800
19481,2.74,201301150800
19611,2.28,201301150800
19612,2.42,201301150800
19618,1.96,201301150800
19633,1.91,201301150800
19678,2.37,201301150800
19878,2.81,201301150800
19913,1.18,201301150800
20113,2.58,201301150800
20114,1.62,201301150800
20116,1.61,201301150800
20170,1.12,201301150800
20363,2.99,201301150800
20387,1.49,201301150800
20396,1.28,201301150800
20436,0.64,201301150800
20616,2.91,201301150800
20621,2.04,201301150800
20628,0.79,201301150800
20651,2.37,201301150800
20671,2.11,201301150800
20682,2.52,201301150800
20864,2.64,201301150800
20882,2.49,201301150800
20931,2.07,201301150800
20995,1.45,201301150800
21115,1.75,201301150800
21118,1.11,201301150800
21201,1.14,201301150800
21373,1.98,201301150800
21377,2.35,201301150800
21392,0.54,201301150800
21407,2.18,201301150800
21428,1.56,201301150800
21448,2.14,201301150800
21617,0.57,201301150800
21619,0.6,201301150800
21639,1.44,201301150800
21658,2.65,201301150800
21663,1.72,201301150800
21701,0.58,201301150800
21721,2.71,201301150800
21868,0.88,201301150800
21871,1.3,201301150800
21999,0.8,201301150800
22126,1.27,201301150800
22133,2.97,201301150800
22174,1.66,201301150800
22176,1.96,201301150800
22205,1.44,201301150800
22368,1.44,201301150800
22395,1.04,201301150800
22419,0.85,201301150800
22420,1.05,201301150800
22421,1.99,201301150800
22422,2.74,201301150800
22619,1.76,201301150800
22630,1.02,201301150800
22634,3.0,201301150800
22671,1.29,201301150800
22673,0.95,201301150800
22700,2.26,201301150800
22751,2.01,201301150800
22768,0.54,201301150800
22869,1.05,201301150800
22877,1.79,201301150800
22928,2.14,201301150800
22940,0.89,201301150800
22955,2.13,201301150800
22963,1.57,201301150800
22966,1.55,201301150800
23120,1.48,201301150800
23124,1.98,201301150800
23125,2.6,201301150800
23131,2.8,201301150800
23138,1.02,201301150800
23169,1.89,201301150800
23194,1.78,201301150800
23216,1.62,201301150800
23370,2.38,201301150800
23371,1.14,201301150800
23379,0.54,201301150800
23386,2.58,201301150800
23388,2.04,201301150800
23427,0.6,201301150800
23621,2.46,201301150800
23627,1.83,201301150800
23635,1.9,201301150800
23641,1.95,201301150800
23662,1.9,201301150800
23669,2.97,201301150800
23690,0.84,201301150800
23744,2.95,201301150800
23750,2.91,201301150800
23872,2.05,201301150800
23873,0.81,201301150800
23875,1.33,201301150800
23881,1.07,201301150800
23894,1.92,201301150800
23896,2.93,201301150800
23907,1.09,201301150800
23925,1.38,201301150800
23973,0.62,201301150800
24005,2.66,201301150800
24009,1.23,201301150800
24032,1.25,201301150800
24122,1.5,201301150800
24123,2.85,201301150800
24149,0.83,201301150800
24247,2.33,201301150800
24251,2.51,201301150800
24265,0.51,201301150800
24266,0.52,201301150800
24373,1.76,201301150800
24374,1.36,201301150800
24380,2.37,201301150800
24381,0.71,201301150800
24383,1.2,201301150800
24387,1.42,201301150800
24402,1.54,201301150800
24405,1.73,201301150800
24423,2.74,201301150800
24623,2.69,201301150800
24626,2.89,201301150800
24643,0.95,201301150800
24732,2.51,201301150800
24734,2.66,201301150800
24739,1.77,201301150800
24774,1.25,201301150800
24775,0.66,201301150800
24781,2.44,201301150800
24837,1.48,201301150800
24874,2.82,201301150800
24877,0.97,201301150800
24879,1.69,201301150800
24880,1.76,201301150800
24895,0.89,201301150800
24920,1.86,201301150800
24990,0.78,201301150800
24991,0.52,201301150800
24993,1.49,201301150800
25124,2.02,201301150800
25125,2.06,201301150800
25126,0.9,201301150800
25129,2.68,201301150800
25130,2.04,201301150800
25132,0.62,201301150800
25136,0.76,201301150800
25138,2.7,201301150800
25141,1.65,201301150800
25179,1.51,201301150800
25187,2.11,201301150800
25375,0.71,201301150800
25376,1.43,201301150800
25377,2.4,201301150800
25379,1.1,201301150800
25385,2.68,201301150800
25395,1.04,201301150800
25400,1.72,201301150800
25405,0.98,201301150800
25412,2.44,201301150800
25427,0.92,201301150800
25626,2.02,201301150800
25627,1.83,201301150800
25628,2.45,201301150800
25629,0.53,201301150800
25632,1.69,201301150800
25633,1.45,201301150800
25642,1.66,201301150800
25715,2.24,201301150800
25747,1.32,201301150800
25763,2.0,201301150800
25876,1.96,201301150800
25877,2.09,201301150800
25878,2.49,201301150800
25881,2.7,201301150800
25882,1.85,201301150800
25886,1.76,201301150800
25888,1.48,201301150800
25926,1.64,201301150800
25997,1.51,201301150800
26005,0.67,201301150800
26035,1.77,201301150800
26127,2.69,201301150800
26129,2.03,201301150800
26130,1.88,201301150800
26133,0.93,201301150800
26135,1.15,201301150800
26136,1.78,201301150800
26138,1.18,201301150800
26139,2.59,201301150800
26141,2.46,201301150800
26148,0.78,201301150800
26168,2.45,201301150800
26378,1.85,201301150800
26379,0.5,201301150800
26380,0.94,201301150800
26381,1.68,201301150800
26382,0.7,201301150800
26383,2.64,201301150800
26385,1.49,201301150800
26386,2.75,201301150800
26387,1.19,201301150800
26389,2.52,201301150800
26391,1.04,201301150800
26392,1.25,201301150800
26393,2.46,201301150800
26396,2.48,201301150800
26403,0.54,201301150800
26408,1.8,201301150800
26427,2.35,201301150800
26450,2.87,201301150800
26492,1.21,201301150800
26546,2.88,201301150800
26563,2.18,201301150800
26564,2.34,201301150800
26628,1.42,201301150800
26629,0.66,201301150800
26630,0.82,201301150800
26631,1.57,201301150800
26633,1.87,201301150800
26634,1.44,201301150800
26656,2.49,201301150800
26674,0.83,201301150800
26708,2.07,201301150800
26752,1.11,201301150800
26754,1.53,201301150800
26755,2.74,201301150800
26782,1.65,201301150800
26846,0.59,201301150800
26879,1.47,201301150800
26880,2.94,201301150800
26881,2.16,201301150800
26882,2.61,201301150800
26883,2.77,201301150800
26884,1.08,201301150800
26885,1.36,201301150800
26886,2.68,201301150800
26887,0.65,201301150800
26889,2.04,201301150800
26890,2.66,201301150800
26891,2.47,201301150800
26892,2.11,201301150800
26893,1.21,201301150800
26894,1.28,201301150800
26895,1.14,201301150800
26897,2.73,201301150800
26905,2.38,201301150800
26938,2.06,201301150800
26964,1.72,201301150800
27006,0.86,201301150800
27042,1.74,201301150800
27098,1.46,201301150800
27130,2.31,201301150800
27131,2.85,201301150800
27132,1.34,201301150800
27133,2.43,201301150800
27134,1.79,201301150800
27135,2.81,201301150800
27136,1.11,201301150800
27137,1.28,201301150800
27138,1.05,201301150800
27142,0.52,201301150800
27143,2.1,201301150800
27145,1.39,201301150800
27148,0.86,201301150800
27149,0.9,201301150800
27152,2.23,201301150800
27155,2.58,201301150800
27175,0.98,201301150800
27209,0.79,201301150800
27247,0.6,201301150800
27381,2.7,201301150800
27382,0.94,201301150800
27383,1.9,201301150800
27384,1.39,201301150800
27386,2.61,201301150800
27387,2.07,201301150800
27388,1.03,201301150800
27389,1.24,201301150800
27390,2.26,201301150800
27392,0.89,201301150800
27395,2.85,201301150800
27404,2.58,201301150800
27415,1.67,201301150800
27427,2.11,201301150800
27489,1.62,201301150800
27494,2.97,201301150800
27498,1.74,201301150800
27518,0.59,201301150800
27632,1.99,201301150800
27633,2.09,201301150800
27634,0.91,201301150800
27635,1.56,201301150800
27636,0.56,201301150800
27637,0.5,201301150800
27638,1.49,201301150800
27639,1.53,201301150800
27640,2.25,201301150800
27642,2.16,201301150800
27643,1.29,201301150800
27645,1.06,201301150800
27646,0.6,201301150800
27647,1.54,201301150800
27649,1.99,201301150800
27654,0.84,201301150800
27763,0.9,201301150800
27764,2.8,201301150800
27796,1.82,201301150800
27797,2.65,201301150800
27883,2.25,201301150800
27884,2.7,201301150800
27885,0.72,201301150800
27886,0.91,201301150800
27887,1.86,201301150800
27888,2.71,201301150800
27889,1.75,201301150800
27890,1.06,201301150800
27891,2.58,201301150800
27892,0.73,201301150800
27894,1.93,201301150800
27895,1.1,201301150800
27897,0.52,201301150800
27902,2.68,201301150800
27908,0.5,201301150800
27911,0.93,201301150800
27930,1.86,201301150800
27971,2.25,201301150800
28004,0.56,201301150800
28015,2.5,201301150800
28049,1.59,201301150800
28102,2.73,201301150800
28134,0.85,201301150800
28135,1.85,201301150800
28136,1.92,201301150800
28137,0.74,201301150800
28138,2.56,201301150800
28139,1.62,201301150800
28140,0.55,201301150800
28142,0.75,201301150800
28143,0.97,201301150800
28144,1.55,201301150800
28146,1.47,201301150800
28154,2.7,201301150800
28156,2.73,201301150800
28216,1.33,201301150800
28239,1.8,201301150800
28384,1.58,201301150800
28385,2.61,201301150800
28386,1.46,201301150800
28387,1.09,201301150800
28388,1.84,201301150800
28389,1.44,201301150800
28390,1.46,201301150800
28391,1.55,201301150800
28392,2.31,201301150800
28393,0.55,201301150800
28394,0.99,201301150800
28396,2.77,201301150800
28397,2.13,201301150800
28400,1.07,201301150800
28401,2.48,201301150800
28405,1.89,201301150800
28427,2.41,201301150800
28467,2.83,201301150800
28496,2.17,201301150800
28497,1.74,201301150800
28519,2.56,201301150800
28535,1.09,201301150800
28539,2.98,201301150800
28545,1.88,201301150800
28557,0.53,201301150800
28635,0.87,201301150800
28636,0.58,201301150800
28637,0.53,201301150800
28638,1.77,201301150800
28639,2.43,201301150800
28640,0.85,201301150800
28641,0.72,201301150800
28642,1.52,201301150800
28643,2.17,201301150800
28644,2.44,201301150800
28645,0.96,201301150800
28646,0.77,201301150800
28649,0.97,201301150800
28658,1.57,201301150800
28667,1.71,201301150800
28675,2.3,201301150800
28751,1.16,201301150800
28753,1.64,201301150800
28754,2.74,201301150800
28788,2.04,201301150800
28812,2.0,201301150800
28823,2.89,201301150800
28886,1.2,201301150800
28887,2.14,201301150800
28888,1.59,201301150800
28889,2.99,201301150800
28890,0.79,201301150800
28891,1.02,201301150800
28892,0.94,201301150800
28893,1.9,201301150800
28894,2.0,201301150800
28895,2.4,201301150800
28896,1.37,201301150800
28897,0.96,201301150800
28899,1.87,201301150800
28900,2.78,201301150800
28901,1.93,201301150800
28902,0.93,201301150800
28905,1.52,201301150800
28912,1.04,201301150800
28960,2.14,201301150800
28969,0.6,201301150800
29004,2.64,201301150800
29012,2.9,201301150800
29026,1.38,201301150800
29068,0.68,201301150800
29076,2.16,201301150800
29088,2.27,201301150800
29094,2.78,201301150800
29136,1.23,201301150800
29137,0.6,201301150800
29138,2.23,201301150800
29139,2.75,201301150800
29140,2.74,201301150800
29141,2.79,201301150800
29142,0.77,201301150800
29143,2.04,201301150800
29144,1.15,201301150800
29146,0.84,201301150800
29147,2.68,201301150800
29148,2.84,201301150800
29149,2.83,201301150800
29151,0.75,201301150800
29158,1.3,201301150800
29165,1.2,201301150800
29171,1.74,201301150800
29190,0.56,201301150800
29247,1.59,201301150800
29387,1.23,201301150800
29388,1.84,201301150800
29389,1.9,201301150800
29390,2.34,201301150800
29391,0.66,201301150800
29392,2.31,201301150800
29393,2.41,201301150800
29394,1.13,201301150800
29395,2.2,201301150800
29396,0.83,201301150800
29397,1.35,201301150800
29398,2.72,201301150800
29399,2.48,201301150800
29401,2.66,201301150800
29402,1.93,201301150800
29403,2.09,201301150800
29405,1.31,201301150800
29409,2.79,201301150800
29425,2.47,201301150800
29429,1.74,201301150800
29495,2.62,201301150800
29498,0.58,201301150800
29533,2.81,201301150800
29556,2.5,201301150800
29638,1.38,201301150800
29639,2.74,201301150800
29640,0.73,201301150800
29641,1.09,201301150800
29642,0.51,201301150800
29643,2.45,201301150800
29644,0.76,201301150800
29645,2.37,201301150800
29648,0.58,201301150800
29649,1.6,201301150800
29650,1.85,201301150800
29654,2.95,201301150800
29663,2.07,201301150800
29670,1.08,201301150800
29710,1.82,201301150800
29730,1.22,201301150800
29733,1.85,201301150800
29736,2.91,201301150800
29766,2.12,201301150800
29891,2.04,201301150800
29892,2.29,201301150800
29893,1.6,201301150800
29894,0.99,201301150800
29895,0.97,201301150800
29896,2.15,201301150800
29897,0.6,201301150800
29898,1.44,201301150800
29900,2.63,201301150800
29903,2.28,201301150800
29906,2.1,201301150800
29909,2.79,201301150800
29912,1.92,201301150800
29917,1.25,201301150800
29925,1.89,201301150800
29966,0.5,201301150800
30021,2.08,201301150800
30026,1.78,201301150800
30036,1.21,201301150800
30142,1.19,201301150800
30143,0.94,201301150800
30144,2.79,201301150800
30145,0.9,201301150800
30146,1.75,201301150800
30147,2.05,201301150800
30148,2.44,201301150800
30152,1.74,201301150800
30154,1.14,201301150800
30157,1.62,201301150800
30158,2.88,201301150800
30181,2.3,201301150800
30242,1.38,201301150800
30243,2.14,201301150800
30244,2.73,201301150800
30261,0.78,201301150800
30300,2.14,201301150800
30322,1.1,201301150800
30393,1.17,201301150800
30394,2.61,201301150800
30395,2.33,201301150800
30396,2.22,201301150800
30397,0.72,201301150800
30398,2.46,201301150800
30400,1.62,201301150800
30401,2.5,201301150800
30403,1.09,201301150800
30407,2.09,201301150800
30410,1.96,201301150800
30420,2.11,201301150800
30430,2.58,201301150800
30434,2.81,201301150800
30439,2.8,201301150800
30481,1.12,201301150800
30489,1.53,201301150800
30494,0.88,201301150800
30495,0.61,201301150800
30496,2.2,201301150800
30645,1.89,201301150800
30646,2.79,201301150800
30647,0.58,201301150800
30648,1.91,201301150800
30649,1.43,201301150800
30650,2.54,201301150800
30651,1.57,201301150800
30652,1.86,201301150800
30653,2.76,201301150800
30654,1.47,201301150800
30661,2.27,201301150800
30664,1.01,201301150800
30666,1.28,201301150800
30669,1.25,201301150800
30673,2.77,201301150800
30683,0.82,201301150800
30745,1.69,201301150800
30750,2.86,201301150800
30777,1.26,201301150800
30780,1.52,201301150800
30812,1.09,201301150800
30897,1.56,201301150800
30898,1.08,201301150800
30899,1.79,201301150800
30900,0.7,201301150800
30901,1.5,201301150800
30902,2.27,201301150800
30903,2.17,201301150800
30904,2.92,201301150800
30908,1.88,201301150800
30909,2.81,201301150800
30912,1.98,201301150800
30913,2.75,201301150800
30928,1.38,201301150800
30953,1.43,201301150800
30979,2.56,201301150800
30994,0.71,201301150800
30995,0.76,201301150800
31027,2.95,201301150800
31028,0.81,201301150800
31029,0.56,201301150800
31082,1.55,201301150800
31148,2.76,201301150800
31149,2.99,201301150800
31150,1.2,201301150800
31151,1.51,201301150800
31152,1.31,201301150800
31156,0.7,201301150800
31157,2.4,201301150800
31161,1.2,201301150800
31166,1.38,201301150800
31172,0.86,201301150800
31274,2.49,201301150800
31281,0.83,201301150800
31369,1.71,201301150800
31398,2.31,201301150800
31401,0.69,201301150800
31407,2.98,201301150800
31408,1.3,201301150800
31409,1.57,201301150800
31410,2.49,201301150800
31413,1.14,201301150800
31419,2.04,201301150800
31427,1.49,201301150800
31457,2.25,201301150800
31466,0.93,201301150800
31651,1.73,201301150800
31652,2.54,201301150800
31656,0.51,201301150800
31660,2.81,201301150800
31663,2.91,201301150800
31666,2.43,201301150800
31675,2.53,201301150800
31738,1.05,201301150800
31754,2.1,201301150800
31782,1.35,201301150800
31903,1.95,201301150800
31904,2.27,201301150800
31905,1.31,201301150800
31906,1.15,201301150800
31908,2.6,201301150800
31912,1.59,201301150800
31921,0.76,201301150800
31928,0.51,201301150800
31949,0.72,201301150800
32028,0.61,201301150800
32032,2.25,201301150800
32045,2.96,201301150800
32150,2.87,201301150800
32155,2.76,201301150800
32157,2.8,201301150800
32161,2.85,201301150800
32162,2.46,201301150800
32167,1.67,201301150800
32169,2.87,201301150800
32175,2.67,201301150800
32182,2.42,201301150800
32185,2.84,201301150800
32195,1.2,201301150800
32235,2.58,201301150800
32404,1.29,201301150800
32405,0.93,201301150800
32410,1.31,201301150800
32411,1.66,201301150800
32415,2.83,201301150800
32449,0.52,201301150800
32490,2.78,201301150800
32558,1.21,201301150800
32622,1.51,201301150800
32656,1.6,201301150800
32658,0.51,201301150800
32660,2.77,201301150800
32662,0.54,201301150800
32668,1.75,201301150800
32682,2.36,201301150800
32697,0.83,201301150800
32712,1.81,201301150800
32729,1.45,201301150800
32739,2.1,201301150800
32742,1.12,201301150800
32744,2.13,201301150800
32802,0.93,201301150800
32834,1.34,201301150800
32905,2.71,201301150800
32907,1.47,201301150800
32912,1.79,201301150800
32916,1.59,201301150800
32922,1.81,201301150800
32924,1.45,201301150800
32926,2.92,201301150800
32929,0.58,201301150800
32977,2.34,201301150800
32978,0.58,201301150800
33154,2.86,201301150800
33158,2.31,201301150800
33160,1.38,201301150800
33165,1.62,201301150800
33170,2.08,201301150800
33186,2.55,201301150800
33286,0.66,201301150800
33405,0.83,201301150800
33409,2.54,201301150800
33412,1.47,201301150800
33418,0.93,201301150800
33420,0.98,201301150800
33424,2.25,201301150800
33435,1.02,201301150800
33442,1.55,201301150800
33519,2.48,201301150800
33594,2.37,201301150800
33656,2.83,201301150800
33659,2.75,201301150800
33662,2.78,201301150800
33664,1.78,201301150800
33666,2.96,201301150800
33669,2.55,201301150800
33673,2.15,201301150800
33675,1.59,201301150800
33694,2.63,201301150800
33724,2.11,201301150800
33742,2.35,201301150800
33812,2.18,201301150800
33909,0.98,201301150800
33911,0.72,201301150800
33912,1.18,201301150800
33913,2.08,201301150800
33922,2.19,201301150800
33923,2.74,201301150800
33924,1.58,201301150800
33931,2.86,201301150800
33935,2.24,201301150800
33986,2.44,201301150800
34013,1.46,201301150800
34160,1.16,201301150800
34161,2.92,201301150800
34162,0.9,201301150800
34163,0.92,201301150800
34167,1.13,201301150800
34190,0.78,201301150800
34211,0.9,201301150800
34303,2.68,201301150800
34380,1.94,201301150800
34407,1.88,201301150800
34413,1.77,201301150800
34423,0.9,201301150800
34424,1.63,201301150800
34427,0.75,201301150800
34430,2.84,201301150800
34437,2.3,201301150800
34440,2.39,201301150800
34486,1.19,201301150800
34495,1.2,201301150800
34510,1.2,201301150800
34520,1.71,201301150800
34528,2.6,201301150800
34563,1.02,201301150800
34662,0.95,201301150800
34667,1.11,201301150800
34668,2.38,201301150800
34670,0.81,201301150800
34672,1.39,201301150800
34673,1.97,201301150800
34676,1.16,201301150800
34679,1.46,201301150800
34682,0.93,201301150800
34695,2.98,201301150800
34710,2.77,201301150800
34714,2.95,201301150800
34720,1.29,201301150800
34882,2.03,201301150800
34913,0.83,201301150800
34914,1.51,201301150800
34915,2.29,201301150800
34924,2.18,201301150800
34925,1.58,201301150800
34934,2.29,201301150800
34939,2.64,201301150800
34959,2.05,201301150800
34990,2.78,201301150800
35102,1.91,201301150800
35164,1.65,201301150800
35166,1.61,201301150800
35173,2.03,201301150800
35178,2.46,201301150800
35183,2.33,201301150800
35185,1.2,201301150800
35187,2.68,201301150800
35193,1.44,201301150800
35203,1.63,201301150800
35218,1.27,201301150800
35237,2.09,201301150800
35244,2.75,201301150800
35249,1.46,201301150800
35295,2.0,201301150800
35368,2.71,201301150800
35410,1.19,201301150800
35414,0.79,201301150800
35415,2.73,201301150800
35417,1.62,201301150800
35421,0.99,201301150800
35440,0.59,201301150800
35455,0.86,201301150800
35492,1.51,201301150800
35515,2.7,201301150800
35665,2.36,201301150800
35675,2.5,201301150800
35683,2.16,201301150800
35686,2.27,201301150800
35700,0.56,201301150800
35745,2.2,201301150800
35755,1.97,201301150800
35769,1.61,201301150800
35916,0.9,201301150800
35917,0.95,201301150800
35918,1.68,201301150800
35919,1.14,201301150800
35921,1.06,201301150800
35929,0.87,201301150800
35931,1.92,201301150800
35941,0.85,201301150800
35944,2.52,201301150800
35971,0.58,201301150800
35981,1.26,201301150800
35992,1.54,201301150800
35994,2.51,201301150800
36067,0.89,201301150800
36162,2.87,201301150800
36167,0.97,201301150800
36169,2.89,201301150800
36170,1.81,201301150800
36173,1.88,201301150800
36176,0.58,201301150800
36177,1.62,201301150800
36205,2.44,201301150800
36237,0.57,201301150800
36245,1.3,201301150800
36246,0.71,201301150800
36293,2.06,201301150800
36311,1.1,201301150800
36417,2.04,201301150800
36420,1.43,201301150800
36421,2.46,201301150800
36441,1.89,201301150800
36448,2.93,201301150800
36494,2.83,201301150800
36498,1.51,201301150800
36502,2.86,201301150800
36510,2.84,201301150800
36513,1.53,201301150800
36519,2.61,201301150800
36524,2.51,201301150800
36576,2.63,201301150800
36668,0.61,201301150800
36673,0.63,201301150800
36675,0.93,201301150800
36677,2.49,201301150800
36679,0.61,201301150800
36682,2.13,201301150800
36688,1.79,201301150800
36690,1.78,201301150800
36711,2.54,201301150800
36717,0.76,201301150800
36758,2.54,201301150800
36889,1.08,201301150800
36915,2.8,201301150800
36918,1.64,201301150800
36933,1.41,201301150800
36934,2.86,201301150800
36953,2.63,201301150800
36959,2.35,201301150800
36996,2.69,201301150800
36999,1.82,201301150800
37001,0.98,201301150800
37167,2.98,201301150800
37168,1.97,201301150800
37169,0.87,201301150800
37172,2.49,201301150800
37176,0.85,201301150800
37178,0.76,201301150800
37179,1.28,201301150800
37182,0.97,201301150800
37192,1.94,201301150800
37200,2.33,201301150800
37206,2.94,201301150800
37232,0.59,201301150800
37239,2.58,201301150800
37270,1.41,201301150800
37298,2.56,201301150800
37304,1.72,201301150800
37419,1.48,201301150800
37421,0.58,201301150800
37423,2.97,201301150800
37425,2.25,201301150800
37446,2.27,201301150800
37454,2.64,201301150800
37477,1.37,201301150800
37487,1.92,201301150800
37501,1.45,201301150800
37503,0.56,201301150800
37513,2.32,201301150800
37523,1.34,201301150800
37562,0.61,201301150800
37609,2.66,201301150800
37642,0.6,201301150800
37643,1.05,201301150800
37670,2.31,201301150800
37671,1.76,201301150800
37672,2.39,201301150800
37676,0.55,201301150800
37688,2.29,201301150800
37689,0.91,201301150800
37690,2.63,201301150800
37695,2.23,201301150800
37701,1.12,201301150800
37710,1.15,201301150800
37711,1.58,201301150800
37754,2.84,201301150800
37874,0.52,201301150800
37891,0.83,201301150800
37893,2.4,201301150800
37894,1.36,201301150800
37926,2.17,201301150800
37928,0.97,201301150800
37929,1.24,201301150800
37932,1.27,201301150800
37936,0.75,201301150800
37943,1.46,201301150800
37952,1.23,201301150800
37962,2.14,201301150800
37968,1.16,201301150800
38003,2.38,201301150800
38060,2.86,201301150800
38145,2.78,201301150800
38172,1.06,201301150800
38173,2.55,201301150800
38178,2.11,201301150800
38200,0.99,201301150800
38204,2.42,201301150800
38209,1.87,201301150800
38215,1.9,201301150800
38220,1.37,201301150800
38225,2.84,201301150800
38228,0.55,201301150800
38230,2.04,201301150800
38243,2.76,201301150800
38247,1.49,201301150800
38255,1.1,201301150800
38263,0.8,201301150800
38268,1.98,201301150800
38272,0.95,201301150800
38367,2.66,201301150800
38381,1.89,201301150800
38423,2.79,201301150800
38425,1.19,201301150800
38426,1.06,201301150800
38431,1.72,201301150800
38440,2.73,201301150800
38479,1.96,201301150800
38481,0.84,201301150800
38483,0.95,201301150800
38488,2.48,201301150800
38490,2.21,201301150800
38498,1.11,201301150800
38499,2.44,201301150800
38500,2.01,201301150800
38505,2.86,201301150800
38506,2.15,201301150800
38508,1.96,201301150800
38517,1.41,201301150800
38534,1.78,201301150800
38648,2.07,201301150800
38674,0.57,201301150800
38676,1.57,201301150800
38679,0.54,201301150800
38684,2.31,201301150800
38693,1.48,201301150800
38697,2.79,201301150800
38716,1.12,201301150800
38722,1.9,201301150800
38736,0.96,201301150800
38738,0.73,201301150800
38752,2.75,201301150800
38753,2.32,201301150800
38758,1.0,201301150800
38760,0.58,201301150800
38761,1.37,201301150800
38762,0.72,201301150800
38766,0.97,201301150800
38769,2.87,201301150800
38778,0.62,201301150800
38812,1.18,201301150800
38939,1.96,201301150800
38953,1.6,201301150800
38958,2.19,201301150800
38967,0.73,201301150800
39006,1.18,201301150800
39008,2.58,201301150800
39010,2.81,201301150800
39011,2.07,201301150800
39017,2.84,201301150800
39113,0.76,201301150800
39148,2.2,201301150800
39149,1.07,201301150800
39176,1.4,201301150800
39178,0.84,201301150800
39191,1.44,201301150800
39201,1.66,201301150800
39230,0.54,201301150800
39236,0.74,201301150800
39246,0.94,201301150800
39252,1.97,201301150800
39255,2.34,201301150800
39260,1.55,201301150800
39262,1.42,201301150800
39263,2.53,201301150800
39268,1.5,201301150800
39269,2.76,201301150800
39271,2.62,201301150800
39274,2.78,201301150800
39275,0.74,201301150800
39375,2.39,201301150800
39391,2.87,201301150800
39427,0.83,201301150800
39428,2.25,201301150800
39430,1.63,201301150800
39433,2.15,201301150800
39446,1.12,201301150800
39457,0.76,201301150800
39514,2.14,201301150800
39515,0.98,201301150800
39516,2.68,201301150800
39517,2.13,201301150800
39535,2.18,201301150800
39554,2.76,201301150800
39559,1.08,201301150800
39631,2.65,201301150800
39632,0.83,201301150800
39633,2.67,201301150800
39652,1.34,201301150800
39683,0.58,201301150800
39687,1.62,201301150800
39706,1.72,201301150800
39710,0.58,201301150800
39722,0.64,201301150800
39731,1.56,201301150800
39750,1.84,201301150800
39755,2.42,201301150800
39759,2.43,201301150800
39762,2.89,201301150800
39764,1.53,201301150800
39765,2.88,201301150800
39766,0.65,201301150800
39767,1.63,201301150800
39769,2.44,201301150800
39772,1.94,201301150800
39776,1.82,201301150800
39777,1.89,201301150800
39790,0.71,201301150800
39791,1.45,201301150800
39796,2.51,201301150800
39832,0.73,201301150800
39883,2.82,201301150800
39930,1.52,201301150800
39932,0.63,201301150800
39941,2.46,201301150800
39948,2.78,201301150800
39969,2.87,201301150800
40018,1.56,201301150800
40031,1.36,201301150800
40133,2.64,201301150800
40180,1.26,201301150800
40188,1.36,201301150800
40196,2.99,201301150800
40242,0.51,201301150800
40246,2.19,201301150800
40259,2.38,201301150800
40264,1.33,201301150800
40267,0.56,201301150800
40268,0.79,201301150800
40270,1.74,201301150800
40276,1.41,201301150800
40286,1.31,201301150800
40295,2.73,201301150800
40431,2.72,201301150800
40432,2.84,201301150800
40442,2.13,201301150800
40447,0.76,201301150800
40448,0.85,201301150800
40451,1.23,201301150800
40457,2.35,201301150800
40500,0.67,201301150800
40512,2.09,201301150800
40518,1.73,201301150800
40519,0.79,201301150800
40522,2.09,201301150800
40524,0.91,201301150800
40525,1.86,201301150800
40532,2.6,201301150800
40560,1.58,201301150800
40566,1.87,201301150800
40633,1.61,201301150800
40687,2.91,201301150800
40713,0.91,201301150800
40719,1.12,201301150800
40732,0.66,201301150800
40733,1.75,201301150800
40766,1.26,201301150800
40810,2.42,201301150800
40894,0.85,201301150800
40933,2.57,201301150800
40936,1.25,201301150800
40939,1.22,201301150800
40954,2.05,201301150800
40982,2.92,201301150800
41021,2.67,201301150800
41024,0.71,201301150800
41061,2.73,201301150800
41145,2.52,201301150800
41157,2.61,201301150800
41183,1.08,201301150800
41200,1.2,201301150800
41262,2.5,201301150800
41265,1.96,201301150800
41270,0.85,201301150800
41277,0.8,201301150800
41318,2.09,201301150800
41401,0.87,201301150800
41407,2.77,201301150800
41437,0.79,201301150800
41459,2.86,201301150800
41465,2.06,201301150800
41469,1.08,201301150800
41508,1.34,201301150800
41520,1.61,201301150800
41522,0.57,201301150800
41526,1.06,201301150800
41532,2.17,201301150800
41558,2.16,201301150800
41635,2.73,201301150800
41653,2.04,201301150800
41658,0.72,201301150800
41692,1.55,201301150800
41696,2.27,201301150800
41764,1.9,201301150800
41772,1.32,201301150800
41893,2.1,201301150800
41904,0.51,201301150800
41905,0.86,201301150800
41936,2.68,201301150800
41941,2.93,201301150800
41958,2.34,201301150800
41990,2.34,201301150800
42023,2.3,201301150800
42026,2.27,201301150800
42029,2.85,201301150800
42074,2.25,201301150800
42085,0.97,201301150800
42095,1.26,201301150800
42147,1.98,201301150800
42160,2.68,201301150800
42200,1.21,201301150800
42213,2.77,201301150800
42267,2.88,201301150800
42271,0.65,201301150800
42274,1.15,201301150800
42283,1.93,201301150800
42291,2.18,201301150800
42342,2.99,201301150800
42411,1.48,201301150800
42438,1.88,201301150800
42454,2.09,201301150800
42471,2.88,201301150800
42478,1.91,201301150800
42487,2.14,201301150800
42503,2.96,201301150800
42514,1.8,201301150800
42521,1.68,201301150800
42533,1.58,201301150800
42644,0.97,201301150800
42661,2.13,201301150800
42695,1.44,201301150800
42744,1.11,201301150800
42750,0.95,201301150800
42846,1.52,201301150800
42905,2.15,201301150800
42912,2.68,201301150800
42939,3.0,201301150800
42940,0.64,201301150800
42944,2.65,201301150800
42949,0.8,201301150800
43011,2.94,201301150800
43021,0.86,201301150800
43030,2.09,201301150800
43151,0.8,201301150800
43160,2.87,201301150800
43162,2.05,201301150800
43213,2.26,201301150800
43220,1.34,201301150800
43261,1.98,201301150800
43412,0.74,201301150800
43413,0.97,201301150800
43440,1.6,201301150800
43443,1.48,201301150800
43449,1.12,201301150800
43483,2.61,201301150800
43484,2.41,201301150800
43494,2.97,201301150800
43518,2.85,201301150800
43523,1.5,201301150800
43526,1.73,201301150800
43530,0.79,201301150800
43571,1.37,201301150800
43642,2.07,201301150800
43662,0.75,201301150800
43738,1.82,201301150800
43760,0.92,201301150800
43779,1.59,201301150800
43914,2.21,201301150800
43957,2.33,201301150800
43980,1.31,201301150800
43984,2.7,201301150800
43992,1.12,201301150800
43995,1.54,201301150800
44002,2.3,201301150800
44039,1.09,201301150800
44194,2.74,201301150800
44197,0.96,201301150800
44204,3.0,201301150800
44215,2.78,201301150800
44226,2.18,201301150800
44247,2.18,201301150800
44255,0.52,201301150800
44282,0.68,201301150800
44284,1.07,201301150800
44356,1.61,201301150800
44470,2.95,201301150800
44486,2.77,201301150800
44503,2.4,201301150800
44504,1.39,201301150800
44510,1.56,201301150800
44517,1.24,201301150800
44534,2.73,201301150800
44578,1.01,201301150800
44666,1.18,201301150800
44694,2.95,201301150800
44697,0.84,201301150800
44716,2.73,201301150800
44724,2.51,201301150800
44743,2.65,201301150800
44755,2.89,201301150800
44756,2.08,201301150800
44757,2.06,201301150800
44758,2.35,201301150800
44786,1.0,201301150800
44787,2.02,201301150800
44911,2.35,201301150800
44963,0.51,201301150800
45005,1.77,201301150800
45006,2.28,201301150800
45007,2.15,201301150800
45008,2.95,201301150800
45039,2.01,201301150800
45114,0.69,201301150800
45168,1.38,201301150800
45200,1.05,201301150800
45203,0.66,201301150800
45208,2.17,201301150800
45237,2.11,201301150800
45254,2.75,201301150800
45256,2.36,201301150800
45258,2.12,201301150800
45261,2.41,201301150800
45265,0.53,201301150800
45266,1.93,201301150800
45401,1.11,201301150800
45479,0.83,201301150800
45502,0.62,201301150800
45507,0.98,201301150800
45509,2.71,201301150800
45526,2.08,201301150800
45538,1.76,201301150800
45582,2.38,201301150800
45661,0.53,201301150800
45701,2.92,201301150800
45703,2.05,201301150800
45716,0.52,201301150800
45720,2.38,201301150800
45725,0.65,201301150800
45735,1.95,201301150800
45747,2.14,201301150800
45766,1.85,201301150800
45793,0.63,201301150800
45795,2.15,201301150800
45919,0.72,201301150800
45948,1.36,201301150800
46008,1.03,201301150800
46036,2.29,201301150800
46041,1.34,201301150800
46052,1.31,201301150800
46074,2.87,201301150800
46145,0.77,201301150800
46202,1.87,201301150800
46209,2.16,201301150800
46242,2.26,201301150800
46265,0.92,201301150800
46372,0.59,201301150800
46384,2.45,201301150800
46455,2.72,201301150800
46508,2.82,201301150800
46523,2.78,201301150800
46538,1.88,201301150800
46565,1.5,201301150800
46574,2.1,201301150800
46626,2.78,201301150800
46700,2.21,201301150800
46738,1.89,201301150800
46770,1.68,201301150800
46778,1.06,201301150800
46787,1.3,201301150800
46803,1.13,201301150800
46954,2.1,201301150800
46964,1.47,201301150800
46972,2.43,201301150800
46976,2.25,201301150800
46981,1.5,201301150800
47011,2.73,201301150800
47015,1.42,201301150800
47047,2.28,201301150800
47253,2.12,201301150800
47288,2.69,201301150800
47295,1.13,201301150800
47342,1.39,201301150800
47454,1.01,201301150800
47535,2.31,201301150800
47543,2.63,201301150800
47705,2.35,201301150800
47709,2.49,201301150800
47711,2.59,201301150800
47758,2.43,201301150800
47806,0.65,201301150800
47889,2.01,201301150800
47926,1.71,201301150800
47968,0.76,201301150800
47972,1.14,201301150800
47977,0.82,201301150800
47982,1.03,201301150800
48032,0.89,201301150800
48209,0.58,201301150800
48239,2.3,201301150800
48244,1.13,201301150800
48278,0.7,201301150800
48420,1.38,201301150800
48427,2.88,201301150800
48499,0.52,201301150800
48503,1.49,201301150800
48552,1.92,201301150800
48584,1.31,201301150800
48713,2.05,201301150800
48759,1.0,201301150800
48848,1.13,201301150800
48898,1.63,201301150800
49017,2.9,201301150800
49049,0.74,201301150800
49229,2.12,201301150800
49241,2.65,201301150800
49472,1.95,201301150800
49483,1.44,201301150800
49542,2.28,201301150800
49555,1.29,201301150800
49679,2.86,201301150800
49750,0.78,201301150800
49760,2.97,201301150800
49777,2.28,201301150800
49968,1.06,201301150800
50053,1.55,201301150800
50103,0.62,201301150800
50180,1.37,201301150800
50285,2.67,201301150800
50430,2.1,201301150800
50470,1.29,201301150800
50494,0.97,201301150800
50511,0.87,201301150800
50549,0.57,201301150800
50680,1.82,201301150800
50682,1.59,201301150800
50731,2.98,201301150800
50812,2.9,201301150800
50872,1.05,201301150800
51029,0.69,201301150800
51046,1.34,201301150800
51053,2.83,201301150800
51056,1.94,201301150800
51162,2.71,201301150800
51177,1.17,201301150800
51182,0.7,201301150800
51228,1.33,201301150800
51258,2.01,201301150800
51430,2.01,201301150800
51431,1.42,201301150800
51432,2.3,201301150800
51520,0.6,201301150800
51681,2.11,201301150800
51682,1.56,201301150800
51725,2.82,201301150800
51790,2.84,201301150800
51832,0.75,201301150800
51857,1.39,201301150800
51931,2.18,201301150800
51932,2.81,201301150800
51986,1.0,201301150800
52003,2.73,201301150800
52182,2.31,201301150800
52244,3.0,201301150800
52259,2.41,201301150800
52280,1.32,201301150800
52319,1.98,201301150800
52473,2.97,201301150800
52518,0.86,201301150800
52631,0.81,201301150800
52679,1.48,201301150800
52729,1.54,201301150800
52811,1.0,201301150800
52983,1.26,201301150800
52988,1.93,201301150800
52993,2.17,201301150800
53000,2.76,201301150800
53016,2.73,201301150800
53027,2.2,201301150800
53072,0.61,201301150800
53090,1.24,201301150800
53177,1.2,201301150800
53178,0.86,201301150800
53381,2.49,201301150800
53427,1.97,201301150800
53429,1.03,201301150800
53761,2.13,201301150800
53774,2.04,201301150800
53797,2.87,201301150800
53810,1.78,201301150800
53822,2.52,201301150800
53864,1.13,201301150800
53927,0.52,201301150800
54038,1.07,201301150800
54071,0.68,201301150800
54234,1.15,201301150800
54281,2.87,201301150800
54284,1.04,201301150800
54327,0.86,201301150800
54334,2.58,201301150800
54349,1.07,201301150800
54427,1.38,201301150800
54503,1.15,201301150800
54510,2.79,201301150800
54520,1.76,201301150800
54550,1.82,201301150800
54578,2.34,201301150800
54678,1.03,201301150800
54828,2.98,201301150800
54983,1.8,201301150800
54996,2.96,201301150800
55070,2.01,201301150800
55329,1.37,201301150800
55331,2.73,201301150800
55535,1.16,201301150800
55633,2.04,201301150800
55680,1.2,201301150800
55761,1.1,201301150800
55831,0.69,201301150800
55832,1.0,201301150800
55838,2.87,201301150800
55845,0.59,201301150800
56106,1.57,201301150800
56493,1.55,201301150800
56571,2.08,201301150800
56586,1.61,201301150800
56587,2.54,201301150800
56591,2.88,201301150800
56738,2.74,201301150800
56835,2.76,201301150800
56882,0.89,201301150800
56887,1.82,201301150800
56888,1.22,201301150800
56933,0.51,201301150800
56934,2.6,201301150800
57042,1.24,201301150800
57062,1.78,201301150800
57189,1.87,201301150800
57261,1.64,201301150800
57329,1.01,201301150800
57342,1.81,201301150800
57376,0.63,201301150800
57378,1.35,201301150800
57380,1.03,201301150800
57397,1.87,201301150800
57440,2.73,201301150800
57495,2.02,201301150800
57523,0.92,201301150800
57555,0.53,201301150800
57597,1.75,201301150800
57613,2.2,201301150800
57615,2.95,201301150800
57628,2.48,201301150800
57631,1.3,201301150800
57823,0.92,201301150800
57837,1.33,201301150800
57851,0.77,201301150800
57852,0.85,201301150800
57906,1.47,201301150800
58179,2.14,201301150800
58251,1.29,201301150800
58421,2.7,201301150800
58511,0.55,201301150800
58632,0.95,201301150800
58744,1.61,201301150800
58802,1.39,201301150800
58814,0.74,201301150800
58879,1.2,201301150800
58892,1.84,201301150800
59010,2.96,201301150800
59043,2.72,201301150800
59104,2.97,201301150800
59125,0.58,201301150800
59134,2.99,201301150800
59285,2.74,201301150800
59329,2.9,201301150800
59555,2.63,201301150800
59635,1.19,201301150800
59745,2.45,201301150800
59927,2.28,201301150800
59941,2.79,201301150800
60008,1.75,201301150800
60011,1.93,201301150800
60114,2.17,201301150800
60141,0.78,201301150800
60147,2.83,201301150800
60331,0.8,201301150800
60344,1.27,201301150800
60350,1.22,201301150800
60578,1.57,201301150800
60593,0.64,201301150800
60613,1.66,201301150800
60630,1.48,201301150800
60635,2.51,201301150800
60649,2.82,201301150800
60750,1.64,201301150800
60774,0.54,201301150800
60819,0.65,201301150800
60880,1.07,201301150800
60888,1.65,201301150800
61062,0.56,201301150800
61110,1.19,201301150800
61263,2.11,201301150800
61343,2.45,201301150800
61591,0.52,201301150800
61597,1.97,201301150800
61654,0.75,201301150800
61818,2.56,201301150800
62077,2.01,201301150800
62104,1.91,201301150800
62135,2.96,201301150800
62140,2.84,201301150800
62252,0.87,201301150800
62558,2.62,201301150800
62589,2.69,201301150800
62757,1.4,201301150800
62772,2.13,201301150800
62850,2.64,201301150800
62926,2.12,201301150800
62948,2.08,201301150800
63044,2.16,201301150800
63153,2.29,201301150800
63383,1.44,201301150800
63397,2.77,201301150800
63398,2.99,201301150800
63407,1.76,201301150800
63574,2.72,201301150800
63586,1.84,201301150800
63816,0.97,201301150800
64102,1.45,201301150800
64150,1.41,201301150800
64200,1.76,201301150800
64515,2.91,201301150800
64529,2.03,201301150800
64573,2.56,201301150800
64581,1.57,201301150800
64815,0.95,201301150800
64915,1.56,201301150800
65059,0.76,201301150800
65144,1.0,201301150800
65320,1.56,201301150800
65375,1.06,201301150800
65454,1.98,201301150800
65528,1.98,201301150800
65607,2.12,201301150800
65774,2.94,201301150800
65838,2.65,201301150800
66068,2.85,201301150800
66084,1.11,201301150800
66151,1.41,201301150800
66353,0.61,201301150800
66538,2.87,201301150800
66575,2.51,201301150800
66637,1.81,201301150800
66827,0.56,201301150800
66870,1.44,201301150800
67110,1.8,201301150800
67207,1.21,201301150800
67335,2.2,201301150800
67385,2.84,201301150800
67599,2.5,201301150800
67601,0.67,201301150800
67602,0.63,201301150800
67698,1.71,201301150800
67824,0.56,201301150800
67842,1.23,201301150800
67854,1.29,201301150800
67855,0.64,201301150800
67918,0.75,201301150800
68103,2.78,201301150800
68104,1.22,201301150800
68110,2.14,201301150800
68111,2.44,201301150800
68349,0.75,201301150800
68354,2.41,201301150800
68356,0.98,201301150800
68454,2.04,201301150800
68455,2.97,201301150800
68587,1.06,201301150800
68857,2.07,201301150800
68858,1.81,201301150800
68897,0.95,201301150800
68924,2.82,201301150800
68930,1.9,201301150800
69106,1.52,201301150800
69190,1.04,201301150800
69206,2.88,201301150800
69359,2.04,201301150800
69371,2.12,201301150800
69455,2.31,201301150800
69582,0.79,201301150800
69613,1.07,201301150800
69676,2.9,201301150800
70115,1.28,201301150800
70132,0.67,201301150800
70181,0.55,201301150800
70342,1.38,201301150800
70352,2.99,201301150800
70360,2.26,201301150800
70374,2.54,201301150800
70440,1.35,201301150800
70462,1.64,201301150800
70619,1.34,201301150800
70659,1.84,201301150800
70715,1.61,201301150800
70903,2.4,201301150800
70934,1.09,201301150800
70961,2.94,201301150800
71122,0.62,201301150800
71187,0.78,201301150800
71399,0.88,201301150800
71601,2.88,201301150800
71629,1.31,201301150800
71888,2.62,201301150800
71961,2.32,201301150800
71964,1.95,201301150800
72201,2.19,201301150800
72218,0.83,201301150800
72345,1.97,201301150800
72367,2.25,201301150800
72407,0.71,201301150800
72416,2.3,201301150800
72706,1.56,201301150800
72894,2.62,201301150800
73104,2.32,201301150800
73135,2.01,201301150800
73211,2.75,201301150800
73223,1.93,201301150800
73451,1.1,201301150800
73460,1.77,201301150800
73461,1.36,201301150800
73557,1.51,201301150800
73669,2.89,201301150800
74158,0.74,201301150800
74216,0.56,201301150800
74388,0.75,201301150800
74396,1.6,201301150800
74466,1.6,201301150800
74467,2.21,201301150800
74638,2.72,201301150800
74677,0.96,201301150800
74678,2.95,201301150800
74711,1.92,201301150800
74721,2.5,201301150800
74962,2.71,201301150800
74968,0.95,201301150800
74973,1.04,201301150800
75224,1.39,201301150800
75329,0.98,201301150800
75386,2.57,201301150800
75424,1.94,201301150800
75436,2.96,201301150800
75475,0.97,201301150800
75619,2.03,201301150800
75721,0.72,201301150800
75722,2.63,201301150800
75724,1.51,201301150800
75725,2.47,201301150800
75726,0.87,201301150800
75727,0.89,201301150800
75974,2.7,201301150800
75975,0.84,201301150800
76133,2.03,201301150800
76227,2.15,201301150800
76393,1.24,201301150800
76473,1.23,201301150800
76477,1.69,201301150800
76654,1.32,201301150800
76728,2.88,201301150800
76959,2.4,201301150800
77169,0.89,201301150800
77230,2.44,201301150800
77381,2.87,201301150800
77458,2.3,201301150800
77641,2.52,201301150800
77942,2.77,201301150800
77981,1.8,201301150800
78205,1.0,201301150800
78418,2.7,201301150800
78654,2.53,201301150800
78733,2.86,201301150800
78881,0.94,201301150800
78896,2.07,201301150800
78909,2.98,201301150800
78983,2.07,201301150800
79234,0.78,201301150800
79379,1.54,201301150800
79394,0.89,201301150800
79484,2.22,201301150800
79712,2.71,201301150800
79911,1.89,201301150800
79915,0.54,201301150800
80160,2.55,201301150800
80161,2.23,201301150800
80193,0.8,201301150800
80352,2.32,201301150800
80397,2.23,201301150800
80406,2.56,201301150800
80411,0.57,201301150800
80412,1.93,201301150800
80413,0.65,201301150800
80420,1.24,201301150800
80485,2.33,201301150800
80635,0.88,201301150800
80659,0.94,201301150800
80663,1.03,201301150800
80664,0.82,201301150800
80703,0.65,201301150800
80877,1.88,201301150800
80916,1.91,201301150800
81163,2.46,201301150800
81164,2.13,201301150800
81354,2.48,201301150800
81363,2.27,201301150800
81390,0.91,201301150800
81625,0.87,201301150800
81651,2.33,201301150800
81899,2.51,201301150800
82135,0.99,201301150800
82168,2.33,201301150800
82169,2.3,201301150800
82237,1.26,201301150800
82613,0.83,201301150800
82622,2.95,201301150800
82664,1.29,201301150800
82892,1.64,201301150800
82951,0.61,201301150800
83410,2.78,201301150800
83489,0.74,201301150800
83735,0.62,201301150800
83865,1.0,201301150800
84123,0.75,201301150800
84179,2.28,201301150800
84207,2.72,201301150800
84212,1.66,201301150800
84221,0.86,201301150800
84366,2.0,201301150800
84689,1.39,201301150800
84712,0.51,201301150800
84902,2.21,201301150800
85474,1.25,201301150800
85487,1.27,201301150800
85620,1.48,201301150800
85705,1.85,201301150800
85715,2.57,201301150800
85738,2.62,201301150800
86440,2.47,201301150800
86622,2.98,201301150800
86623,2.62,201301150800
86672,1.2,201301150800
86873,1.29,201301150800
86895,2.91,201301150800
87121,1.38,201301150800
87227,1.32,201301150800
87460,1.46,201301150800
87690,2.1,201301150800
87873,0.97,201301150800
88242,0.51,201301150800
88463,2.32,201301150800
89120,2.0,201301150800
89152,1.05,201301150800
89175,2.01,201301150800
89198,0.82,201301150800
89615,2.95,201301150800
89625,1.84,201301150800
90116,2.87,201301150800
90183,0.94,201301150800
90497,1.66,201301150800
90699,1.11,201301150800
90719,2.35,201301150800
91200,0.8,201301150800
91432,2.19,201301150800
91434,0.8,201301150800
91684,2.51,201301150800
91713,2.25,201301150800
91744,2.08,201301150800
92233,1.95,201301150800
93205,0.64,201301150800
93244,1.54,201301150800
93252,2.26,201301150800
93463,1.16,201301150800
93675,0.72,201301150800
93944,1.44,201301150800
94431,2.95,201301150800
94710,2.27,201301150800
94755,2.29,201301150800
94997,2.44,201301150800
95000,2.05,201301150800
95707,1.05,201301150800
95949,1.93,201301150800
95998,1.43,201301150800
96188,1.61,201301150800
96225,1.22,201301150800
96249,1.66,201301150800
96468,2.44,201301150800
96486,1.91,201301150800
96718,0.97,201301150800
96972,0.92,201301150800
96995,0.74,201301150800
97251,2.18,201301150800
97440,1.48,201301150800
97471,2.75,201301150800
97969,0.58,201301150800
97990,2.96,201301150800
98224,0.62,201301150800
98229,1.74,201301150800
98450,0.96,201301150800
98475,2.87,201301150800
98739,2.74,201301150800
99256,2.18,201301150800
99468,1.46,201301150800
99730,1.21,201301150800
101215,1.93,201301150800
101911,1.78,201301150800
101912,2.57,201301150800
101989,2.67,201301150800
102999,1.41,201301150800
103242,0.92,201301150800
103431,1.27,201301150800
104177,2.38,201301150800
104221,0.8,201301150800
104239,1.33,201301150800
104701,0.52,201301150800
104984,1.97,201301150800
105196,1.3,201301150800
105219,1.14,201301150800
105460,1.03,201301150800
105461,1.43,201301150800
105481,1.49,201301150800
105489,1.77,201301150800
105709,2.58,201301150800
105710,1.5,201301150800
105711,1.06,201301150800
105712,1.07,201301150800
105713,0.52,201301150800
105715,0.8,201301150800
105726,1.52,201301150800
105727,0.99,201301150800
105736,2.24,201301150800
105960,1.79,201301150800
105961,1.8,201301150800
105962,1.18,201301150800
105963,1.06,201301150800
105964,2.53,201301150800
105975,1.29,201301150800
106195,2.47,201301150800
106213,1.61,201301150800
106214,0.99,201301150800
106215,1.31,201301150800
106221,2.83,201301150800
106231,1.45,201301150800
106232,1.11,201301150800
106234,1.79,201301150800
106235,2.61,201301150800
106237,2.5,201301150800
106446,2.95,201301150800
106447,0.99,201301150800
106462,1.25,201301150800
106463,2.5,201301150800
106465,0.56,201301150800
106466,2.2,201301150800
106467,2.03,201301150800
106480,0.92,201301150800
106712,2.41,201301150800
106717,1.22,201301150800
106718,1.29,201301150800
106741,1.45,201301150800
106958,2.16,201301150800
106964,1.09,201301150800
106965,1.17,201301150800
106966,1.48,201301150800
106967,1.14,201301150800
106971,1.4,201301150800
106983,0.99,201301150800
106997,1.38,201301150800
107200,1.25,201301150800
107212,2.33,201301150800
107219,1.02,201301150800
107240,0.79,201301150800
107460,1.1,201301150800
107465,1.14,201301150800
107466,1.06,201301150800
107468,1.21,201301150800
107491,2.96,201301150800
107711,1.8,201301150800
107725,0.78,201301150800
107726,2.81,201301150800
107954,1.8,201301150800
107966,2.01,201301150800
107971,1.53,201301150800
107979,0.71,201301150800
107993,2.96,201301150800
108205,2.95,201301150800
108211,0.82,201301150800
108214,1.13,201301150800
108215,1.6,201301150800
108217,1.55,201301150800
108219,2.2,201301150800
108220,1.14,201301150800
108222,2.29,201301150800
108225,0.97,201301150800
108230,1.66,201301150800
108454,1.41,201301150800
108463,1.75,201301150800
108499,0.92,201301150800
108717,1.95,201301150800
108722,1.15,201301150800
108724,1.17,201301150800
108733,2.81,201301150800
108968,1.83,201301150800
108975,1.98,201301150800
108984,2.85,201301150800
108985,1.77,201301150800
109216,2.75,201301150800
109219,1.42,201301150800
109222,1.65,201301150800
109227,2.25,201301150800
109231,1.17,201301150800
109236,2.44,201301150800
109245,1.63,201301150800
109473,0.9,201301150800
109487,2.45,201301150800
109494,2.11,201301150800
109495,1.51,201301150800
109496,2.98,201301150800
109497,1.66,201301150800
109742,2.38,201301150800
109744,1.03,201301150800
109748,2.51,201301150800
109750,1.52,201301150800
109980,1.68,201301150800
109991,1.56,201301150800
109994,1.02,201301150800
109998,1.02,201301150800
110001,2.89,201301150800
110243,2.94,201301150800
110247,1.52,201301150800
110249,2.48,201301150800
110251,1.3,201301150800
110253,2.93,201301150800
110254,1.17,201301150800
