cell,mobility,dtg
1610,2.23,201301261600
1846,2.5,201301261600
1851,1.22,201301261600
1853,1.09,201301261600
1856,2.39,201301261600
1857,1.46,201301261600
2103,0.51,201301261600
2105,2.07,201301261600
2106,1.85,201301261600
2107,2.7,201301261600
2114,2.4,201301261600
2342,1.16,201301261600
2347,2.44,201301261600
2351,2.83,201301261600
2354,2.91,201301261600
2357,2.78,201301261600
2372,1.55,201301261600
2374,1.98,201301261600
2591,2.77,201301261600
2595,2.85,201301261600
2605,2.95,201301261600
2611,2.31,201301261600
2615,2.18,201301261600
2620,0.86,201301261600
2627,0.89,201301261600
2839,0.6,201301261600
2847,1.78,201301261600
3086,1.78,201301261600
3094,2.12,201301261600
3100,2.5,201301261600
3124,0.57,201301261600
3128,0.84,201301261600
3334,2.88,201301261600
3337,1.64,201301261600
3375,2.05,201301261600
3614,2.75,201301261600
3619,1.35,201301261600
3632,0.57,201301261600
3635,1.65,201301261600
3830,1.7,201301261600
3831,1.44,201301261600
3833,0.7,201301261600
3837,1.08,201301261600
3845,0.94,201301261600
3856,2.24,201301261600
3860,2.07,201301261600
3865,1.75,201301261600
4078,1.75,201301261600
4081,1.63,201301261600
4137,0.54,201301261600
4141,0.97,201301261600
4142,2.68,201301261600
4328,1.61,201301261600
4329,1.13,201301261600
4341,2.73,201301261600
4345,2.63,201301261600
4348,1.11,201301261600
4354,2.26,201301261600
4372,0.53,201301261600
4577,0.65,201301261600
4578,2.95,201301261600
4580,1.8,201301261600
4582,2.42,201301261600
4605,2.96,201301261600
4608,2.33,201301261600
4631,2.56,201301261600
4636,1.51,201301261600
4637,0.54,201301261600
4829,2.14,201301261600
4830,0.74,201301261600
4831,0.55,201301261600
4834,2.63,201301261600
4837,1.69,201301261600
4852,2.95,201301261600
4863,2.24,201301261600
4868,0.72,201301261600
4890,0.83,201301261600
4891,1.67,201301261600
5078,0.55,201301261600
5081,1.13,201301261600
5084,0.93,201301261600
5127,1.77,201301261600
5153,1.85,201301261600
5327,1.07,201301261600
5329,2.62,201301261600
5333,2.04,201301261600
5334,2.81,201301261600
5339,0.62,201301261600
5369,1.67,201301261600
5402,2.63,201301261600
5410,0.56,201301261600
5577,1.58,201301261600
5581,1.05,201301261600
5592,2.97,201301261600
5612,0.53,201301261600
5623,0.65,201301261600
5876,0.58,201301261600
5893,1.2,201301261600
5898,2.64,201301261600
6078,0.73,201301261600
6118,0.67,201301261600
6136,1.65,201301261600
6158,1.97,201301261600
6159,0.91,201301261600
6333,1.4,201301261600
6353,2.25,201301261600
6365,1.29,201301261600
6366,0.58,201301261600
6414,2.68,201301261600
6588,2.78,201301261600
6609,1.24,201301261600
6635,1.65,201301261600
6668,1.74,201301261600
6841,0.57,201301261600
6849,2.48,201301261600
6896,1.38,201301261600
6924,0.97,201301261600
6928,1.74,201301261600
6935,1.39,201301261600
6939,2.35,201301261600
7077,1.15,201301261600
7078,1.58,201301261600
7085,1.6,201301261600
7088,1.66,201301261600
7113,0.93,201301261600
7114,1.07,201301261600
7129,2.16,201301261600
7133,2.38,201301261600
7165,2.86,201301261600
7192,2.0,201301261600
7354,2.42,201301261600
7375,1.92,201301261600
7379,1.57,201301261600
7401,1.17,201301261600
7410,1.83,201301261600
7436,0.79,201301261600
7584,1.54,201301261600
7646,1.8,201301261600
7849,1.5,201301261600
7871,2.52,201301261600
7927,2.9,201301261600
7948,0.61,201301261600
8080,2.12,201301261600
8170,1.91,201301261600
8182,2.18,201301261600
8195,2.56,201301261600
8342,1.51,201301261600
8582,0.8,201301261600
8602,0.72,201301261600
8609,1.81,201301261600
8638,0.71,201301261600
8656,0.55,201301261600
8830,1.48,201301261600
8839,1.68,201301261600
8876,2.25,201301261600
8897,2.2,201301261600
8912,2.09,201301261600
8918,2.81,201301261600
8929,1.2,201301261600
8940,1.38,201301261600
8954,1.71,201301261600
9140,1.43,201301261600
9333,2.08,201301261600
9468,1.79,201301261600
9473,2.28,201301261600
9589,2.17,201301261600
9601,2.85,201301261600
9607,2.11,201301261600
9658,1.75,201301261600
9724,1.71,201301261600
9833,2.43,201301261600
10084,1.92,201301261600
10089,0.93,201301261600
10096,2.01,201301261600
10144,2.84,201301261600
10170,2.04,201301261600
10181,2.66,201301261600
10189,1.59,201301261600
10201,1.94,201301261600
10334,0.89,201301261600
10335,1.11,201301261600
10383,0.76,201301261600
10414,1.38,201301261600
10444,1.05,201301261600
10458,1.27,201301261600
10477,1.79,201301261600
10586,1.45,201301261600
10601,1.64,201301261600
10609,2.96,201301261600
10616,1.55,201301261600
10633,1.56,201301261600
10655,1.94,201301261600
10665,0.89,201301261600
10681,1.5,201301261600
10717,2.82,201301261600
10835,1.09,201301261600
10837,2.49,201301261600
10847,1.72,201301261600
10903,2.62,201301261600
10911,2.62,201301261600
10918,1.44,201301261600
10973,2.92,201301261600
11087,0.65,201301261600
11092,2.51,201301261600
11128,2.47,201301261600
11222,2.85,201301261600
11223,1.81,201301261600
11225,2.96,201301261600
11238,1.89,201301261600
11361,2.15,201301261600
11393,1.92,201301261600
11424,2.71,201301261600
11601,1.86,201301261600
11682,2.79,201301261600
11704,1.06,201301261600
11858,1.49,201301261600
11884,1.87,201301261600
11901,2.69,201301261600
11946,1.55,201301261600
11960,2.55,201301261600
11972,1.18,201301261600
12089,1.8,201301261600
12090,0.55,201301261600
12096,1.26,201301261600
12120,2.4,201301261600
12157,2.06,201301261600
12230,1.69,201301261600
12383,1.19,201301261600
12431,1.69,201301261600
12601,1.25,201301261600
12625,0.76,201301261600
12632,1.49,201301261600
12842,2.16,201301261600
12875,1.73,201301261600
12901,0.73,201301261600
12913,2.99,201301261600
12933,2.22,201301261600
12934,1.55,201301261600
12985,1.87,201301261600
13099,0.99,201301261600
13114,0.81,201301261600
13150,1.33,201301261600
13175,1.72,201301261600
13183,1.44,201301261600
13222,2.82,201301261600
13358,0.83,201301261600
13444,2.97,201301261600
13455,1.69,201301261600
13456,1.62,201301261600
13670,0.58,201301261600
13694,2.57,201301261600
13845,2.88,201301261600
13849,2.07,201301261600
14011,2.97,201301261600
14095,1.24,201301261600
14133,1.65,201301261600
14161,1.65,201301261600
14167,0.87,201301261600
14184,1.42,201301261600
14241,0.89,201301261600
14255,2.88,201301261600
14349,2.14,201301261600
14350,1.88,201301261600
14375,1.03,201301261600
14452,1.22,201301261600
14475,1.18,201301261600
14620,0.59,201301261600
14673,2.19,201301261600
14745,0.77,201301261600
14859,2.83,201301261600
14936,1.05,201301261600
14995,0.71,201301261600
15097,1.37,201301261600
15098,2.17,201301261600
15246,1.24,201301261600
15349,1.34,201301261600
15440,2.23,201301261600
15600,0.73,201301261600
15656,1.93,201301261600
15672,1.87,201301261600
15699,0.89,201301261600
15714,2.54,201301261600
15725,2.88,201301261600
15744,2.67,201301261600
15849,2.13,201301261600
15850,2.09,201301261600
15851,1.72,201301261600
15853,1.75,201301261600
15871,2.11,201301261600
16100,1.77,201301261600
16105,0.77,201301261600
16114,0.68,201301261600
16171,0.53,201301261600
16184,2.13,201301261600
16400,0.7,201301261600
16414,2.94,201301261600
16601,1.54,201301261600
16604,2.32,201301261600
16625,0.72,201301261600
16670,2.95,201301261600
16853,1.89,201301261600
16868,0.93,201301261600
16932,1.91,201301261600
17232,1.31,201301261600
17355,2.38,201301261600
17358,1.79,201301261600
17367,1.05,201301261600
17635,1.37,201301261600
17673,1.03,201301261600
17681,0.78,201301261600
17884,2.7,201301261600
17984,0.59,201301261600
18108,2.5,201301261600
18115,2.17,201301261600
18118,2.81,201301261600
18123,2.77,201301261600
18139,1.31,201301261600
18154,1.08,201301261600
18160,2.15,201301261600
18177,1.91,201301261600
18185,0.62,201301261600
18383,1.04,201301261600
18404,1.15,201301261600
18427,2.85,201301261600
18466,2.42,201301261600
18616,2.32,201301261600
18629,1.4,201301261600
18861,2.07,201301261600
18866,2.03,201301261600
18925,2.43,201301261600
19110,0.71,201301261600
19112,1.63,201301261600
19114,1.92,201301261600
19122,1.63,201301261600
19360,0.92,201301261600
19443,1.75,201301261600
19481,2.24,201301261600
19611,2.48,201301261600
19612,0.84,201301261600
19618,0.81,201301261600
19633,2.64,201301261600
19678,2.19,201301261600
19878,1.97,201301261600
19913,1.95,201301261600
20113,2.68,201301261600
20114,0.77,201301261600
20116,0.59,201301261600
20170,1.81,201301261600
20363,1.93,201301261600
20387,2.19,201301261600
20396,2.97,201301261600
20436,0.65,201301261600
20616,1.74,201301261600
20621,1.12,201301261600
20628,0.65,201301261600
20651,1.87,201301261600
20671,2.52,201301261600
20682,1.22,201301261600
20864,2.38,201301261600
20882,2.08,201301261600
20931,1.58,201301261600
20995,1.03,201301261600
21115,1.68,201301261600
21118,2.39,201301261600
21201,2.26,201301261600
21373,1.53,201301261600
21377,1.06,201301261600
21392,0.57,201301261600
21407,2.87,201301261600
21428,2.6,201301261600
21448,0.69,201301261600
21617,0.84,201301261600
21619,1.27,201301261600
21639,1.6,201301261600
21658,2.97,201301261600
21663,1.65,201301261600
21701,2.53,201301261600
21721,0.9,201301261600
21868,2.15,201301261600
21871,0.83,201301261600
21999,2.26,201301261600
22126,2.68,201301261600
22133,1.44,201301261600
22174,2.61,201301261600
22176,2.95,201301261600
22205,1.76,201301261600
22368,1.94,201301261600
22395,0.63,201301261600
22419,0.98,201301261600
22420,1.97,201301261600
22421,1.41,201301261600
22422,2.49,201301261600
22619,1.58,201301261600
22630,1.64,201301261600
22634,0.68,201301261600
22671,2.48,201301261600
22673,2.47,201301261600
22700,0.99,201301261600
22751,1.88,201301261600
22768,0.9,201301261600
22869,2.75,201301261600
22877,1.15,201301261600
22928,1.22,201301261600
22940,0.99,201301261600
22955,2.37,201301261600
22963,1.51,201301261600
22966,1.06,201301261600
23120,1.04,201301261600
23124,2.45,201301261600
23125,1.37,201301261600
23131,1.4,201301261600
23138,2.13,201301261600
23169,1.17,201301261600
23194,1.64,201301261600
23216,0.78,201301261600
23370,2.63,201301261600
23371,0.52,201301261600
23379,0.86,201301261600
23386,1.99,201301261600
23388,1.35,201301261600
23427,2.22,201301261600
23621,2.69,201301261600
23627,1.66,201301261600
23635,2.26,201301261600
23641,1.41,201301261600
23662,0.82,201301261600
23669,1.71,201301261600
23690,0.83,201301261600
23744,1.22,201301261600
23750,0.53,201301261600
23872,1.72,201301261600
23873,2.86,201301261600
23875,1.14,201301261600
23881,2.33,201301261600
23894,1.61,201301261600
23896,2.04,201301261600
23907,2.21,201301261600
23925,2.97,201301261600
23973,2.54,201301261600
24005,1.63,201301261600
24009,1.77,201301261600
24032,1.9,201301261600
24122,0.92,201301261600
24123,1.86,201301261600
24149,2.09,201301261600
24247,2.99,201301261600
24251,2.25,201301261600
24265,0.62,201301261600
24266,1.68,201301261600
24373,1.99,201301261600
24374,2.4,201301261600
24380,2.35,201301261600
24381,2.79,201301261600
24383,0.66,201301261600
24387,0.79,201301261600
24402,2.16,201301261600
24405,2.47,201301261600
24423,2.49,201301261600
24623,2.5,201301261600
24626,1.51,201301261600
24643,1.77,201301261600
24732,2.34,201301261600
24734,1.77,201301261600
24739,0.52,201301261600
24774,2.75,201301261600
24775,2.66,201301261600
24781,2.22,201301261600
24837,0.64,201301261600
24874,2.53,201301261600
24877,0.68,201301261600
24879,1.3,201301261600
24880,2.51,201301261600
24895,1.73,201301261600
24920,1.24,201301261600
24990,2.48,201301261600
24991,2.67,201301261600
24993,1.44,201301261600
25124,1.92,201301261600
25125,0.62,201301261600
25126,1.01,201301261600
25129,2.89,201301261600
25130,0.55,201301261600
25132,0.52,201301261600
25136,1.83,201301261600
25138,2.54,201301261600
25141,0.82,201301261600
25179,1.15,201301261600
25187,2.77,201301261600
25375,2.8,201301261600
25376,0.79,201301261600
25377,0.83,201301261600
25379,1.16,201301261600
25385,1.43,201301261600
25395,2.37,201301261600
25400,1.16,201301261600
25405,0.55,201301261600
25412,2.32,201301261600
25427,0.81,201301261600
25626,2.79,201301261600
25627,0.65,201301261600
25628,1.05,201301261600
25629,2.69,201301261600
25632,2.97,201301261600
25633,1.28,201301261600
25642,0.58,201301261600
25715,0.62,201301261600
25747,2.57,201301261600
25763,1.38,201301261600
25876,2.53,201301261600
25877,1.78,201301261600
25878,2.76,201301261600
25881,1.29,201301261600
25882,1.19,201301261600
25886,2.73,201301261600
25888,2.04,201301261600
25926,0.68,201301261600
25997,1.56,201301261600
26005,2.26,201301261600
26035,2.18,201301261600
26127,2.5,201301261600
26129,0.85,201301261600
26130,1.13,201301261600
26133,0.86,201301261600
26135,1.79,201301261600
26136,1.29,201301261600
26138,2.43,201301261600
26139,2.11,201301261600
26141,1.47,201301261600
26148,0.97,201301261600
26168,1.2,201301261600
26378,2.26,201301261600
26379,1.88,201301261600
26380,1.54,201301261600
26381,0.96,201301261600
26382,1.42,201301261600
26383,2.72,201301261600
26385,2.28,201301261600
26386,2.03,201301261600
26387,0.78,201301261600
26389,1.24,201301261600
26391,1.26,201301261600
26392,1.83,201301261600
26393,2.58,201301261600
26396,0.5,201301261600
26403,0.79,201301261600
26408,2.03,201301261600
26427,0.87,201301261600
26450,2.18,201301261600
26492,2.19,201301261600
26546,2.01,201301261600
26563,1.58,201301261600
26564,0.95,201301261600
26628,2.84,201301261600
26629,2.88,201301261600
26630,2.99,201301261600
26631,1.85,201301261600
26633,1.02,201301261600
26634,2.3,201301261600
26656,2.28,201301261600
26674,1.26,201301261600
26708,2.25,201301261600
26752,2.07,201301261600
26754,1.26,201301261600
26755,1.36,201301261600
26782,1.98,201301261600
26846,2.05,201301261600
26879,1.27,201301261600
26880,1.48,201301261600
26881,1.5,201301261600
26882,1.21,201301261600
26883,0.76,201301261600
26884,1.95,201301261600
26885,1.18,201301261600
26886,1.9,201301261600
26887,2.75,201301261600
26889,1.78,201301261600
26890,0.75,201301261600
26891,0.87,201301261600
26892,1.41,201301261600
26893,1.51,201301261600
26894,1.96,201301261600
26895,2.86,201301261600
26897,1.65,201301261600
26905,3.0,201301261600
26938,2.98,201301261600
26964,1.67,201301261600
27006,1.78,201301261600
27042,0.61,201301261600
27098,0.75,201301261600
27130,1.47,201301261600
27131,1.01,201301261600
27132,2.33,201301261600
27133,2.94,201301261600
27134,0.74,201301261600
27135,2.81,201301261600
27136,1.45,201301261600
27137,0.87,201301261600
27138,2.35,201301261600
27142,1.27,201301261600
27143,0.96,201301261600
27145,1.91,201301261600
27148,2.86,201301261600
27149,1.23,201301261600
27152,1.91,201301261600
27155,0.85,201301261600
27175,2.96,201301261600
27209,2.41,201301261600
27247,0.63,201301261600
27381,0.54,201301261600
27382,0.88,201301261600
27383,1.02,201301261600
27384,1.97,201301261600
27386,2.16,201301261600
27387,1.54,201301261600
27388,2.92,201301261600
27389,1.68,201301261600
27390,1.04,201301261600
27392,1.22,201301261600
27395,0.63,201301261600
27404,2.9,201301261600
27415,0.63,201301261600
27427,1.06,201301261600
27489,2.18,201301261600
27494,0.87,201301261600
27498,2.36,201301261600
27518,1.62,201301261600
27632,1.78,201301261600
27633,0.92,201301261600
27634,1.61,201301261600
27635,1.98,201301261600
27636,2.39,201301261600
27637,2.35,201301261600
27638,2.87,201301261600
27639,0.96,201301261600
27640,0.79,201301261600
27642,1.29,201301261600
27643,2.93,201301261600
27645,2.85,201301261600
27646,1.37,201301261600
27647,2.7,201301261600
27649,2.05,201301261600
27654,2.9,201301261600
27763,2.71,201301261600
27764,2.78,201301261600
27796,2.13,201301261600
27797,1.94,201301261600
27883,2.33,201301261600
27884,1.08,201301261600
27885,1.24,201301261600
27886,1.99,201301261600
27887,2.31,201301261600
27888,1.33,201301261600
27889,0.66,201301261600
27890,1.09,201301261600
27891,1.56,201301261600
27892,1.36,201301261600
27894,2.33,201301261600
27895,2.82,201301261600
27897,2.31,201301261600
27902,2.99,201301261600
27908,2.12,201301261600
27911,0.73,201301261600
27930,1.68,201301261600
27971,0.6,201301261600
28004,1.42,201301261600
28015,1.97,201301261600
28049,2.19,201301261600
28102,2.46,201301261600
28134,1.01,201301261600
28135,2.72,201301261600
28136,1.46,201301261600
28137,1.64,201301261600
28138,2.89,201301261600
28139,0.69,201301261600
28140,2.43,201301261600
28142,2.66,201301261600
28143,2.84,201301261600
28144,1.73,201301261600
28146,0.93,201301261600
28154,2.89,201301261600
28156,2.69,201301261600
28216,1.3,201301261600
28239,1.07,201301261600
28384,1.32,201301261600
28385,2.11,201301261600
28386,2.14,201301261600
28387,1.72,201301261600
28388,1.67,201301261600
28389,1.61,201301261600
28390,1.56,201301261600
28391,0.97,201301261600
28392,1.54,201301261600
28393,1.65,201301261600
28394,2.68,201301261600
28396,2.33,201301261600
28397,0.8,201301261600
28400,2.5,201301261600
28401,2.76,201301261600
28405,2.88,201301261600
28427,1.32,201301261600
28467,1.09,201301261600
28496,2.84,201301261600
28497,1.45,201301261600
28519,1.0,201301261600
28535,0.62,201301261600
28539,2.17,201301261600
28545,2.49,201301261600
28557,0.7,201301261600
28635,2.63,201301261600
28636,1.86,201301261600
28637,2.71,201301261600
28638,1.55,201301261600
28639,1.66,201301261600
28640,0.99,201301261600
28641,0.86,201301261600
28642,1.3,201301261600
28643,1.43,201301261600
28644,0.81,201301261600
28645,0.95,201301261600
28646,2.73,201301261600
28649,0.96,201301261600
28658,1.2,201301261600
28667,2.53,201301261600
28675,1.79,201301261600
28751,1.65,201301261600
28753,1.39,201301261600
28754,1.23,201301261600
28788,1.03,201301261600
28812,2.82,201301261600
28823,1.22,201301261600
28886,2.97,201301261600
28887,2.08,201301261600
28888,2.85,201301261600
28889,1.37,201301261600
28890,1.45,201301261600
28891,2.35,201301261600
28892,2.55,201301261600
28893,2.52,201301261600
28894,1.0,201301261600
28895,1.58,201301261600
28896,0.69,201301261600
28897,2.83,201301261600
28899,0.54,201301261600
28900,1.02,201301261600
28901,2.46,201301261600
28902,2.02,201301261600
28905,1.87,201301261600
28912,1.77,201301261600
28960,0.93,201301261600
28969,0.96,201301261600
29004,1.78,201301261600
29012,2.31,201301261600
29026,1.19,201301261600
29068,2.45,201301261600
29076,2.29,201301261600
29088,1.74,201301261600
29094,2.42,201301261600
29136,0.91,201301261600
29137,1.57,201301261600
29138,1.19,201301261600
29139,2.5,201301261600
29140,0.67,201301261600
29141,1.54,201301261600
29142,2.77,201301261600
29143,0.64,201301261600
29144,2.13,201301261600
29146,1.17,201301261600
29147,1.29,201301261600
29148,2.29,201301261600
29149,1.95,201301261600
29151,2.65,201301261600
29158,0.67,201301261600
29165,2.55,201301261600
29171,0.76,201301261600
29190,0.86,201301261600
29247,2.29,201301261600
29387,2.76,201301261600
29388,1.29,201301261600
29389,2.87,201301261600
29390,1.27,201301261600
29391,2.13,201301261600
29392,1.4,201301261600
29393,1.21,201301261600
29394,2.4,201301261600
29395,1.39,201301261600
29396,2.1,201301261600
29397,1.62,201301261600
29398,0.54,201301261600
29399,1.94,201301261600
29401,2.55,201301261600
29402,1.16,201301261600
29403,1.11,201301261600
29405,1.65,201301261600
29409,0.97,201301261600
29425,3.0,201301261600
29429,1.25,201301261600
29495,2.73,201301261600
29498,2.94,201301261600
29533,1.02,201301261600
29556,1.93,201301261600
29638,2.95,201301261600
29639,1.21,201301261600
29640,2.43,201301261600
29641,1.65,201301261600
29642,2.31,201301261600
29643,2.22,201301261600
29644,0.89,201301261600
29645,2.33,201301261600
29648,2.33,201301261600
29649,2.06,201301261600
29650,1.16,201301261600
29654,0.64,201301261600
29663,1.51,201301261600
29670,0.73,201301261600
29710,0.53,201301261600
29730,2.94,201301261600
29733,2.47,201301261600
29736,1.91,201301261600
29766,1.46,201301261600
29891,2.86,201301261600
29892,2.5,201301261600
29893,0.57,201301261600
29894,0.96,201301261600
29895,1.76,201301261600
29896,0.56,201301261600
29897,0.84,201301261600
29898,1.69,201301261600
29900,1.54,201301261600
29903,0.79,201301261600
29906,2.05,201301261600
29909,2.49,201301261600
29912,1.0,201301261600
29917,1.88,201301261600
29925,1.03,201301261600
29966,0.79,201301261600
30021,2.96,201301261600
30026,2.48,201301261600
30036,2.95,201301261600
30142,2.02,201301261600
30143,1.14,201301261600
30144,0.87,201301261600
30145,0.67,201301261600
30146,2.16,201301261600
30147,0.77,201301261600
30148,1.21,201301261600
30152,1.34,201301261600
30154,1.7,201301261600
30157,0.94,201301261600
30158,1.47,201301261600
30181,2.09,201301261600
30242,1.17,201301261600
30243,1.49,201301261600
30244,2.01,201301261600
30261,2.17,201301261600
30300,1.84,201301261600
30322,2.75,201301261600
30393,0.81,201301261600
30394,2.89,201301261600
30395,2.47,201301261600
30396,2.36,201301261600
30397,0.98,201301261600
30398,2.75,201301261600
30400,2.37,201301261600
30401,0.66,201301261600
30403,2.52,201301261600
30407,1.03,201301261600
30410,2.43,201301261600
30420,1.49,201301261600
30430,2.65,201301261600
30434,2.22,201301261600
30439,0.53,201301261600
30481,2.43,201301261600
30489,1.3,201301261600
30494,0.73,201301261600
30495,2.53,201301261600
30496,0.79,201301261600
30645,2.71,201301261600
30646,1.56,201301261600
30647,1.68,201301261600
30648,1.89,201301261600
30649,2.73,201301261600
30650,2.58,201301261600
30651,1.86,201301261600
30652,1.35,201301261600
30653,2.65,201301261600
30654,1.52,201301261600
30661,1.25,201301261600
30664,0.75,201301261600
30666,1.2,201301261600
30669,2.55,201301261600
30673,1.64,201301261600
30683,1.77,201301261600
30745,2.49,201301261600
30750,1.76,201301261600
30777,2.12,201301261600
30780,2.41,201301261600
30812,2.96,201301261600
30897,1.68,201301261600
30898,2.34,201301261600
30899,1.61,201301261600
30900,0.94,201301261600
30901,2.8,201301261600
30902,2.62,201301261600
30903,2.6,201301261600
30904,2.85,201301261600
30908,1.63,201301261600
30909,2.12,201301261600
30912,1.6,201301261600
30913,1.85,201301261600
30928,1.47,201301261600
30953,2.15,201301261600
30979,2.38,201301261600
30994,2.64,201301261600
30995,0.73,201301261600
31027,1.37,201301261600
31028,2.83,201301261600
31029,1.07,201301261600
31082,2.63,201301261600
31148,1.69,201301261600
31149,1.54,201301261600
31150,0.6,201301261600
31151,1.95,201301261600
31152,1.84,201301261600
31156,0.6,201301261600
31157,2.21,201301261600
31161,2.47,201301261600
31166,0.83,201301261600
31172,1.36,201301261600
31274,1.86,201301261600
31281,0.74,201301261600
31369,1.14,201301261600
31398,1.88,201301261600
31401,2.79,201301261600
31407,2.79,201301261600
31408,1.34,201301261600
31409,1.52,201301261600
31410,1.51,201301261600
31413,2.1,201301261600
31419,2.0,201301261600
31427,0.57,201301261600
31457,2.53,201301261600
31466,2.31,201301261600
31651,1.61,201301261600
31652,2.14,201301261600
31656,2.69,201301261600
31660,1.24,201301261600
31663,2.07,201301261600
31666,2.78,201301261600
31675,1.18,201301261600
31738,2.39,201301261600
31754,1.92,201301261600
31782,1.07,201301261600
31903,2.51,201301261600
31904,1.16,201301261600
31905,1.86,201301261600
31906,2.45,201301261600
31908,2.68,201301261600
31912,1.21,201301261600
31921,2.68,201301261600
31928,2.41,201301261600
31949,0.58,201301261600
32028,1.84,201301261600
32032,2.84,201301261600
32045,1.43,201301261600
32150,0.97,201301261600
32155,0.75,201301261600
32157,2.57,201301261600
32161,0.82,201301261600
32162,2.69,201301261600
32167,2.1,201301261600
32169,2.72,201301261600
32175,2.83,201301261600
32182,1.39,201301261600
32185,2.84,201301261600
32195,2.56,201301261600
32235,2.89,201301261600
32404,2.97,201301261600
32405,1.39,201301261600
32410,2.83,201301261600
32411,2.59,201301261600
32415,1.08,201301261600
32449,2.58,201301261600
32490,2.41,201301261600
32558,0.82,201301261600
32622,1.74,201301261600
32656,2.14,201301261600
32658,2.5,201301261600
32660,1.5,201301261600
32662,2.36,201301261600
32668,1.82,201301261600
32682,0.75,201301261600
32697,0.61,201301261600
32712,1.62,201301261600
32729,2.44,201301261600
32739,1.62,201301261600
32742,2.72,201301261600
32744,1.96,201301261600
32802,0.62,201301261600
32834,1.29,201301261600
32905,2.45,201301261600
32907,1.13,201301261600
32912,2.6,201301261600
32916,0.77,201301261600
32922,1.7,201301261600
32924,2.95,201301261600
32926,1.91,201301261600
32929,2.64,201301261600
32977,0.98,201301261600
32978,1.73,201301261600
33154,2.09,201301261600
33158,1.2,201301261600
33160,1.59,201301261600
33165,2.22,201301261600
33170,1.95,201301261600
33186,1.27,201301261600
33286,1.64,201301261600
33405,1.34,201301261600
33409,0.97,201301261600
33412,2.78,201301261600
33418,2.03,201301261600
33420,1.19,201301261600
33424,2.8,201301261600
33435,1.51,201301261600
33442,2.24,201301261600
33519,1.37,201301261600
33594,1.01,201301261600
33656,1.37,201301261600
33659,1.94,201301261600
33662,2.57,201301261600
33664,1.0,201301261600
33666,2.63,201301261600
33669,0.64,201301261600
33673,1.48,201301261600
33675,2.76,201301261600
33694,3.0,201301261600
33724,1.47,201301261600
33742,0.72,201301261600
33812,0.56,201301261600
33909,0.53,201301261600
33911,2.95,201301261600
33912,2.65,201301261600
33913,1.81,201301261600
33922,2.72,201301261600
33923,2.88,201301261600
33924,1.97,201301261600
33931,2.87,201301261600
33935,1.93,201301261600
33986,2.28,201301261600
34013,2.74,201301261600
34160,1.15,201301261600
34161,0.99,201301261600
34162,0.77,201301261600
34163,1.9,201301261600
34167,0.85,201301261600
34190,2.58,201301261600
34211,1.15,201301261600
34303,1.01,201301261600
34380,1.84,201301261600
34407,0.95,201301261600
34413,1.86,201301261600
34423,1.49,201301261600
34424,2.12,201301261600
34427,0.72,201301261600
34430,2.24,201301261600
34437,2.83,201301261600
34440,2.23,201301261600
34486,2.7,201301261600
34495,1.69,201301261600
34510,1.43,201301261600
34520,0.62,201301261600
34528,0.8,201301261600
34563,2.37,201301261600
34662,1.03,201301261600
34667,2.99,201301261600
34668,1.53,201301261600
34670,1.1,201301261600
34672,1.36,201301261600
34673,2.98,201301261600
34676,1.33,201301261600
34679,1.62,201301261600
34682,1.87,201301261600
34695,1.67,201301261600
34710,1.17,201301261600
34714,0.56,201301261600
34720,0.99,201301261600
34882,2.08,201301261600
34913,1.3,201301261600
34914,0.93,201301261600
34915,0.57,201301261600
34924,0.63,201301261600
34925,0.99,201301261600
34934,0.97,201301261600
34939,2.81,201301261600
34959,1.41,201301261600
34990,2.91,201301261600
35102,2.58,201301261600
35164,1.95,201301261600
35166,2.31,201301261600
35173,2.97,201301261600
35178,1.62,201301261600
35183,2.06,201301261600
35185,2.37,201301261600
35187,0.94,201301261600
35193,2.9,201301261600
35203,2.38,201301261600
35218,0.86,201301261600
35237,2.2,201301261600
35244,0.79,201301261600
35249,0.54,201301261600
35295,2.57,201301261600
35368,2.14,201301261600
35410,2.8,201301261600
35414,0.79,201301261600
35415,0.75,201301261600
35417,0.83,201301261600
35421,0.73,201301261600
35440,0.69,201301261600
35455,2.32,201301261600
35492,0.52,201301261600
35515,2.18,201301261600
35665,1.42,201301261600
35675,1.0,201301261600
35683,2.35,201301261600
35686,2.59,201301261600
35700,2.26,201301261600
35745,1.77,201301261600
35755,0.83,201301261600
35769,1.18,201301261600
35916,1.99,201301261600
35917,2.66,201301261600
35918,2.23,201301261600
35919,0.93,201301261600
35921,1.11,201301261600
35929,0.98,201301261600
35931,1.52,201301261600
35941,2.34,201301261600
35944,2.34,201301261600
35971,1.61,201301261600
35981,0.68,201301261600
35992,1.27,201301261600
35994,1.69,201301261600
36067,2.19,201301261600
36162,0.75,201301261600
36167,1.49,201301261600
36169,0.65,201301261600
36170,1.65,201301261600
36173,1.35,201301261600
36176,1.96,201301261600
36177,2.23,201301261600
36205,2.44,201301261600
36237,2.26,201301261600
36245,1.02,201301261600
36246,0.72,201301261600
36293,2.45,201301261600
36311,0.95,201301261600
36417,1.37,201301261600
36420,2.0,201301261600
36421,0.57,201301261600
36441,2.43,201301261600
36448,0.72,201301261600
36494,2.12,201301261600
36498,1.6,201301261600
36502,1.35,201301261600
36510,1.99,201301261600
36513,2.08,201301261600
36519,2.3,201301261600
36524,2.43,201301261600
36576,1.54,201301261600
36668,2.68,201301261600
36673,1.19,201301261600
36675,2.78,201301261600
36677,1.68,201301261600
36679,1.14,201301261600
36682,2.9,201301261600
36688,2.83,201301261600
36690,1.91,201301261600
36711,1.53,201301261600
36717,2.81,201301261600
36758,1.23,201301261600
36889,1.41,201301261600
36915,1.26,201301261600
36918,2.15,201301261600
36933,1.34,201301261600
36934,2.03,201301261600
36953,2.98,201301261600
36959,2.55,201301261600
36996,0.91,201301261600
36999,2.34,201301261600
37001,2.49,201301261600
37167,0.62,201301261600
37168,0.8,201301261600
37169,2.02,201301261600
37172,0.77,201301261600
37176,1.88,201301261600
37178,0.91,201301261600
37179,0.95,201301261600
37182,2.12,201301261600
37192,1.21,201301261600
37200,1.88,201301261600
37206,0.93,201301261600
37232,0.64,201301261600
37239,0.75,201301261600
37270,2.09,201301261600
37298,2.22,201301261600
37304,2.99,201301261600
37419,2.45,201301261600
37421,1.64,201301261600
37423,2.06,201301261600
37425,1.04,201301261600
37446,1.35,201301261600
37454,2.65,201301261600
37477,1.16,201301261600
37487,1.54,201301261600
37501,1.25,201301261600
37503,2.31,201301261600
37513,2.89,201301261600
37523,1.11,201301261600
37562,2.18,201301261600
37609,2.68,201301261600
37642,2.59,201301261600
37643,0.76,201301261600
37670,2.12,201301261600
37671,1.51,201301261600
37672,0.62,201301261600
37676,2.57,201301261600
37688,0.72,201301261600
37689,2.09,201301261600
37690,1.94,201301261600
37695,1.94,201301261600
37701,0.74,201301261600
37710,1.76,201301261600
37711,1.64,201301261600
37754,0.92,201301261600
37874,2.46,201301261600
37891,0.99,201301261600
37893,2.13,201301261600
37894,1.8,201301261600
37926,1.98,201301261600
37928,1.5,201301261600
37929,1.3,201301261600
37932,2.93,201301261600
37936,1.2,201301261600
37943,1.04,201301261600
37952,2.45,201301261600
37962,0.56,201301261600
37968,2.86,201301261600
38003,1.81,201301261600
38060,2.68,201301261600
38145,1.02,201301261600
38172,1.76,201301261600
38173,2.3,201301261600
38178,2.03,201301261600
38200,0.96,201301261600
38204,1.34,201301261600
38209,1.29,201301261600
38215,2.95,201301261600
38220,1.47,201301261600
38225,2.92,201301261600
38228,2.23,201301261600
38230,0.74,201301261600
38243,2.75,201301261600
38247,2.91,201301261600
38255,2.03,201301261600
38263,2.69,201301261600
38268,1.74,201301261600
38272,1.78,201301261600
38367,2.79,201301261600
38381,1.81,201301261600
38423,2.03,201301261600
38425,2.96,201301261600
38426,2.34,201301261600
38431,2.1,201301261600
38440,1.54,201301261600
38479,1.17,201301261600
38481,0.82,201301261600
38483,2.1,201301261600
38488,2.17,201301261600
38490,1.63,201301261600
38498,1.45,201301261600
38499,2.14,201301261600
38500,1.78,201301261600
38505,1.07,201301261600
38506,2.16,201301261600
38508,1.71,201301261600
38517,1.65,201301261600
38534,0.55,201301261600
38648,1.82,201301261600
38674,1.65,201301261600
38676,0.53,201301261600
38679,2.07,201301261600
38684,2.72,201301261600
38693,1.39,201301261600
38697,1.5,201301261600
38716,2.98,201301261600
38722,1.69,201301261600
38736,0.96,201301261600
38738,1.82,201301261600
38752,1.74,201301261600
38753,2.93,201301261600
38758,1.14,201301261600
38760,1.73,201301261600
38761,2.6,201301261600
38762,2.16,201301261600
38766,0.72,201301261600
38769,2.45,201301261600
38778,0.6,201301261600
38812,2.87,201301261600
38939,2.31,201301261600
38953,2.24,201301261600
38958,1.67,201301261600
38967,1.26,201301261600
39006,1.08,201301261600
39008,1.47,201301261600
39010,1.39,201301261600
39011,0.9,201301261600
39017,2.98,201301261600
39113,1.24,201301261600
39148,0.56,201301261600
39149,1.93,201301261600
39176,1.96,201301261600
39178,1.39,201301261600
39191,0.66,201301261600
39201,2.91,201301261600
39230,2.41,201301261600
39236,0.87,201301261600
39246,2.35,201301261600
39252,2.08,201301261600
39255,1.12,201301261600
39260,2.19,201301261600
39262,0.78,201301261600
39263,1.16,201301261600
39268,2.59,201301261600
39269,0.57,201301261600
39271,2.38,201301261600
39274,0.6,201301261600
39275,1.51,201301261600
39375,2.62,201301261600
39391,2.08,201301261600
39427,1.86,201301261600
39428,1.44,201301261600
39430,2.77,201301261600
39433,1.41,201301261600
39446,1.68,201301261600
39457,1.83,201301261600
39514,2.74,201301261600
39515,1.35,201301261600
39516,2.58,201301261600
39517,1.05,201301261600
39535,1.22,201301261600
39554,1.62,201301261600
39559,1.43,201301261600
39631,1.36,201301261600
39632,2.5,201301261600
39633,1.62,201301261600
39652,0.59,201301261600
39683,2.23,201301261600
39687,1.9,201301261600
39706,1.27,201301261600
39710,2.15,201301261600
39722,2.05,201301261600
39731,1.73,201301261600
39750,1.58,201301261600
39755,1.0,201301261600
39759,2.07,201301261600
39762,1.29,201301261600
39764,1.78,201301261600
39765,1.0,201301261600
39766,0.7,201301261600
39767,2.87,201301261600
39769,1.25,201301261600
39772,1.25,201301261600
39776,1.62,201301261600
39777,0.8,201301261600
39790,2.85,201301261600
39791,2.88,201301261600
39796,2.78,201301261600
39832,2.53,201301261600
39883,2.05,201301261600
39930,1.54,201301261600
39932,1.98,201301261600
39941,2.67,201301261600
39948,2.31,201301261600
39969,2.56,201301261600
40018,2.98,201301261600
40031,0.63,201301261600
40133,1.13,201301261600
40180,1.54,201301261600
40188,2.19,201301261600
40196,2.55,201301261600
40242,1.66,201301261600
40246,1.72,201301261600
40259,2.51,201301261600
40264,1.3,201301261600
40267,2.96,201301261600
40268,2.2,201301261600
40270,0.89,201301261600
40276,0.86,201301261600
40286,1.3,201301261600
40295,2.41,201301261600
40431,1.19,201301261600
40432,2.9,201301261600
40442,2.15,201301261600
40447,0.81,201301261600
40448,1.37,201301261600
40451,1.61,201301261600
40457,1.22,201301261600
40500,2.04,201301261600
40512,1.86,201301261600
40518,0.51,201301261600
40519,1.82,201301261600
40522,1.67,201301261600
40524,0.65,201301261600
40525,1.47,201301261600
40532,1.68,201301261600
40560,1.81,201301261600
40566,2.75,201301261600
40633,1.11,201301261600
40687,1.51,201301261600
40713,0.83,201301261600
40719,2.58,201301261600
40732,2.0,201301261600
40733,2.39,201301261600
40766,1.0,201301261600
40810,2.88,201301261600
40894,1.11,201301261600
40933,1.65,201301261600
40936,1.11,201301261600
40939,1.68,201301261600
40954,2.95,201301261600
40982,2.75,201301261600
41021,2.38,201301261600
41024,2.17,201301261600
41061,1.04,201301261600
41145,2.08,201301261600
41157,2.75,201301261600
41183,1.67,201301261600
41200,2.99,201301261600
41262,2.78,201301261600
41265,2.97,201301261600
41270,1.66,201301261600
41277,0.86,201301261600
41318,2.04,201301261600
41401,0.99,201301261600
41407,1.98,201301261600
41437,2.6,201301261600
41459,2.82,201301261600
41465,2.11,201301261600
41469,1.03,201301261600
41508,1.76,201301261600
41520,1.47,201301261600
41522,2.86,201301261600
41526,1.53,201301261600
41532,1.28,201301261600
41558,0.66,201301261600
41635,0.99,201301261600
41653,2.72,201301261600
41658,2.14,201301261600
41692,2.97,201301261600
41696,2.7,201301261600
41764,2.72,201301261600
41772,1.56,201301261600
41893,0.93,201301261600
41904,1.65,201301261600
41905,2.63,201301261600
41936,2.09,201301261600
41941,0.81,201301261600
41958,2.75,201301261600
41990,2.88,201301261600
42023,2.95,201301261600
42026,2.32,201301261600
42029,0.99,201301261600
42074,0.83,201301261600
42085,2.32,201301261600
42095,0.94,201301261600
42147,2.24,201301261600
42160,2.34,201301261600
42200,1.14,201301261600
42213,2.97,201301261600
42267,1.17,201301261600
42271,1.3,201301261600
42274,2.39,201301261600
42283,0.5,201301261600
42291,1.69,201301261600
42342,2.56,201301261600
42411,1.26,201301261600
42438,1.36,201301261600
42454,2.59,201301261600
42471,2.84,201301261600
42478,1.21,201301261600
42487,2.87,201301261600
42503,1.45,201301261600
42514,2.44,201301261600
42521,0.56,201301261600
42533,2.49,201301261600
42644,0.6,201301261600
42661,0.73,201301261600
42695,2.03,201301261600
42744,2.72,201301261600
42750,2.98,201301261600
42846,0.85,201301261600
42905,2.04,201301261600
42912,1.65,201301261600
42939,2.52,201301261600
42940,2.96,201301261600
42944,2.56,201301261600
42949,1.64,201301261600
43011,0.97,201301261600
43021,2.93,201301261600
43030,2.44,201301261600
43151,1.16,201301261600
43160,0.66,201301261600
43162,1.17,201301261600
43213,1.18,201301261600
43220,2.01,201301261600
43261,0.59,201301261600
43412,1.75,201301261600
43413,2.58,201301261600
43440,1.49,201301261600
43443,0.82,201301261600
43449,1.36,201301261600
43483,2.63,201301261600
43484,2.24,201301261600
43494,1.28,201301261600
43518,0.63,201301261600
43523,1.63,201301261600
43526,1.15,201301261600
43530,2.91,201301261600
43571,2.32,201301261600
43642,0.95,201301261600
43662,1.03,201301261600
43738,2.22,201301261600
43760,1.07,201301261600
43779,2.32,201301261600
43914,2.92,201301261600
43957,1.15,201301261600
43980,2.26,201301261600
43984,1.16,201301261600
43992,1.61,201301261600
43995,1.4,201301261600
44002,2.06,201301261600
44039,1.52,201301261600
44194,0.94,201301261600
44197,1.67,201301261600
44204,1.77,201301261600
44215,0.77,201301261600
44226,1.2,201301261600
44247,1.87,201301261600
44255,0.75,201301261600
44282,1.14,201301261600
44284,0.57,201301261600
44356,0.69,201301261600
44470,2.2,201301261600
44486,0.54,201301261600
44503,0.7,201301261600
44504,1.0,201301261600
44510,0.51,201301261600
44517,1.66,201301261600
44534,1.33,201301261600
44578,2.4,201301261600
44666,2.51,201301261600
44694,1.7,201301261600
44697,0.59,201301261600
44716,1.99,201301261600
44724,1.2,201301261600
44743,1.85,201301261600
44755,1.67,201301261600
44756,2.11,201301261600
44757,0.54,201301261600
44758,0.84,201301261600
44786,2.01,201301261600
44787,2.22,201301261600
44911,2.05,201301261600
44963,0.67,201301261600
45005,2.9,201301261600
45006,1.82,201301261600
45007,0.69,201301261600
45008,2.86,201301261600
45039,2.98,201301261600
45114,1.91,201301261600
45168,1.64,201301261600
45200,0.61,201301261600
45203,2.15,201301261600
45208,0.76,201301261600
45237,1.78,201301261600
45254,0.64,201301261600
45256,0.89,201301261600
45258,2.38,201301261600
45261,1.54,201301261600
45265,2.15,201301261600
45266,0.7,201301261600
45401,0.9,201301261600
45479,0.73,201301261600
45502,2.46,201301261600
45507,2.77,201301261600
45509,1.33,201301261600
45526,2.27,201301261600
45538,0.51,201301261600
45582,1.52,201301261600
45661,2.46,201301261600
45701,2.05,201301261600
45703,2.03,201301261600
45716,2.67,201301261600
45720,1.75,201301261600
45725,2.83,201301261600
45735,1.79,201301261600
45747,2.1,201301261600
45766,2.01,201301261600
45793,2.92,201301261600
45795,1.87,201301261600
45919,2.51,201301261600
45948,0.84,201301261600
46008,2.53,201301261600
46036,1.08,201301261600
46041,2.84,201301261600
46052,2.7,201301261600
46074,0.82,201301261600
46145,0.58,201301261600
46202,1.99,201301261600
46209,1.33,201301261600
46242,1.83,201301261600
46265,2.27,201301261600
46372,1.18,201301261600
46384,1.77,201301261600
46455,0.58,201301261600
46508,1.47,201301261600
46523,2.08,201301261600
46538,1.16,201301261600
46565,2.56,201301261600
46574,1.43,201301261600
46626,0.88,201301261600
46700,0.72,201301261600
46738,2.12,201301261600
46770,1.53,201301261600
46778,1.3,201301261600
46787,2.67,201301261600
46803,2.6,201301261600
46954,0.87,201301261600
46964,2.48,201301261600
46972,0.96,201301261600
46976,2.66,201301261600
46981,2.11,201301261600
47011,2.45,201301261600
47015,1.3,201301261600
47047,1.85,201301261600
47253,2.32,201301261600
47288,0.86,201301261600
47295,1.15,201301261600
47342,0.71,201301261600
47454,1.9,201301261600
47535,1.69,201301261600
47543,2.65,201301261600
47705,1.64,201301261600
47709,2.99,201301261600
47711,1.92,201301261600
47758,2.88,201301261600
47806,0.92,201301261600
47889,1.27,201301261600
47926,1.38,201301261600
47968,2.04,201301261600
47972,2.2,201301261600
47977,1.18,201301261600
47982,1.95,201301261600
48032,1.0,201301261600
48209,1.34,201301261600
48239,0.67,201301261600
48244,2.19,201301261600
48278,2.49,201301261600
48420,2.6,201301261600
48427,1.51,201301261600
48499,0.52,201301261600
48503,2.28,201301261600
48552,0.62,201301261600
48584,1.81,201301261600
48713,1.32,201301261600
48759,2.52,201301261600
48848,2.21,201301261600
48898,1.11,201301261600
49017,1.2,201301261600
49049,0.52,201301261600
49229,1.75,201301261600
49241,1.1,201301261600
49472,2.31,201301261600
49483,1.97,201301261600
49542,2.55,201301261600
49555,2.8,201301261600
49679,0.91,201301261600
49750,1.87,201301261600
49760,2.54,201301261600
49777,1.87,201301261600
49968,2.39,201301261600
50053,1.58,201301261600
50103,1.29,201301261600
50180,2.52,201301261600
50285,1.14,201301261600
50430,2.84,201301261600
50470,1.89,201301261600
50494,1.21,201301261600
50511,0.82,201301261600
50549,2.1,201301261600
50680,1.81,201301261600
50682,1.9,201301261600
50731,1.32,201301261600
50812,2.03,201301261600
50872,2.71,201301261600
51029,0.86,201301261600
51046,2.84,201301261600
51053,1.76,201301261600
51056,1.97,201301261600
51162,2.78,201301261600
51177,1.4,201301261600
51182,0.93,201301261600
51228,2.16,201301261600
51258,2.79,201301261600
51430,1.08,201301261600
51431,2.8,201301261600
51432,2.09,201301261600
51520,2.73,201301261600
51681,0.86,201301261600
51682,1.6,201301261600
51725,2.0,201301261600
51790,2.07,201301261600
51832,1.94,201301261600
51857,2.15,201301261600
51931,1.85,201301261600
51932,1.2,201301261600
51986,1.77,201301261600
52003,2.48,201301261600
52182,2.71,201301261600
52244,0.55,201301261600
52259,2.4,201301261600
52280,2.45,201301261600
52319,1.2,201301261600
52473,2.75,201301261600
52518,1.46,201301261600
52631,0.92,201301261600
52679,2.47,201301261600
52729,1.23,201301261600
52811,2.49,201301261600
52983,1.97,201301261600
52988,2.32,201301261600
52993,1.36,201301261600
53000,0.79,201301261600
53016,0.79,201301261600
53027,0.95,201301261600
53072,1.23,201301261600
53090,1.26,201301261600
53177,1.2,201301261600
53178,0.67,201301261600
53381,2.04,201301261600
53427,2.04,201301261600
53429,2.97,201301261600
53761,1.44,201301261600
53774,1.43,201301261600
53797,1.92,201301261600
53810,2.77,201301261600
53822,1.47,201301261600
53864,1.07,201301261600
53927,2.64,201301261600
54038,2.56,201301261600
54071,2.98,201301261600
54234,1.06,201301261600
54281,1.59,201301261600
54284,1.94,201301261600
54327,2.8,201301261600
54334,2.38,201301261600
54349,3.0,201301261600
54427,2.22,201301261600
54503,1.9,201301261600
54510,2.79,201301261600
54520,2.66,201301261600
54550,1.9,201301261600
54578,2.63,201301261600
54678,0.7,201301261600
54828,2.43,201301261600
54983,1.72,201301261600
54996,2.65,201301261600
55070,2.44,201301261600
55329,2.62,201301261600
55331,1.26,201301261600
55535,1.92,201301261600
55633,1.49,201301261600
55680,1.36,201301261600
55761,2.47,201301261600
55831,1.44,201301261600
55832,1.01,201301261600
55838,2.2,201301261600
55845,2.53,201301261600
56106,2.11,201301261600
56493,1.9,201301261600
56571,0.75,201301261600
56586,1.48,201301261600
56587,2.81,201301261600
56591,1.47,201301261600
56738,0.58,201301261600
56835,2.34,201301261600
56882,2.9,201301261600
56887,0.74,201301261600
56888,1.88,201301261600
56933,1.84,201301261600
56934,2.95,201301261600
57042,2.97,201301261600
57062,0.61,201301261600
57189,2.22,201301261600
57261,1.29,201301261600
57329,0.52,201301261600
57342,0.58,201301261600
57376,2.61,201301261600
57378,1.92,201301261600
57380,0.83,201301261600
57397,1.87,201301261600
57440,2.14,201301261600
57495,2.09,201301261600
57523,1.68,201301261600
57555,2.77,201301261600
57597,2.94,201301261600
57613,2.16,201301261600
57615,2.17,201301261600
57628,2.53,201301261600
57631,1.28,201301261600
57823,0.59,201301261600
57837,0.65,201301261600
57851,1.89,201301261600
57852,1.45,201301261600
57906,0.68,201301261600
58179,1.74,201301261600
58251,2.5,201301261600
58421,1.17,201301261600
58511,1.16,201301261600
58632,0.64,201301261600
58744,2.6,201301261600
58802,2.54,201301261600
58814,1.06,201301261600
58879,1.67,201301261600
58892,1.53,201301261600
59010,2.88,201301261600
59043,2.19,201301261600
59104,2.89,201301261600
59125,1.66,201301261600
59134,0.57,201301261600
59285,1.69,201301261600
59329,2.83,201301261600
59555,2.86,201301261600
59635,0.73,201301261600
59745,1.87,201301261600
59927,2.67,201301261600
59941,2.87,201301261600
60008,2.3,201301261600
60011,1.09,201301261600
60114,2.05,201301261600
60141,0.72,201301261600
60147,1.04,201301261600
60331,1.17,201301261600
60344,1.57,201301261600
60350,0.82,201301261600
60578,2.48,201301261600
60593,2.99,201301261600
60613,2.65,201301261600
60630,2.83,201301261600
60635,2.81,201301261600
60649,2.22,201301261600
60750,0.75,201301261600
60774,1.52,201301261600
60819,1.2,201301261600
60880,1.66,201301261600
60888,0.77,201301261600
61062,2.97,201301261600
61110,1.13,201301261600
61263,1.39,201301261600
61343,2.27,201301261600
61591,1.2,201301261600
61597,0.92,201301261600
61654,2.24,201301261600
61818,1.6,201301261600
62077,2.1,201301261600
62104,0.62,201301261600
62135,1.72,201301261600
62140,2.56,201301261600
62252,2.87,201301261600
62558,2.72,201301261600
62589,0.57,201301261600
62757,2.33,201301261600
62772,2.54,201301261600
62850,1.01,201301261600
62926,1.33,201301261600
62948,1.24,201301261600
63044,1.65,201301261600
63153,0.73,201301261600
63383,1.28,201301261600
63397,2.45,201301261600
63398,2.48,201301261600
63407,2.18,201301261600
63574,1.15,201301261600
63586,2.13,201301261600
63816,0.58,201301261600
64102,0.98,201301261600
64150,1.75,201301261600
64200,1.42,201301261600
64515,0.9,201301261600
64529,2.73,201301261600
64573,0.76,201301261600
64581,2.36,201301261600
64815,1.77,201301261600
64915,1.23,201301261600
65059,1.5,201301261600
65144,2.29,201301261600
65320,0.68,201301261600
65375,2.28,201301261600
65454,1.59,201301261600
65528,0.67,201301261600
65607,2.25,201301261600
65774,1.72,201301261600
65838,1.85,201301261600
66068,1.64,201301261600
66084,1.55,201301261600
66151,0.86,201301261600
66353,1.13,201301261600
66538,2.16,201301261600
66575,1.1,201301261600
66637,2.06,201301261600
66827,2.61,201301261600
66870,2.08,201301261600
67110,0.91,201301261600
67207,1.92,201301261600
67335,2.75,201301261600
67385,0.73,201301261600
67599,2.61,201301261600
67601,2.18,201301261600
67602,0.86,201301261600
67698,1.27,201301261600
67824,2.55,201301261600
67842,2.44,201301261600
67854,2.27,201301261600
67855,0.68,201301261600
67918,0.99,201301261600
68103,2.94,201301261600
68104,1.0,201301261600
68110,1.53,201301261600
68111,2.16,201301261600
68349,0.85,201301261600
68354,2.26,201301261600
68356,1.24,201301261600
68454,2.75,201301261600
68455,2.93,201301261600
68587,2.93,201301261600
68857,2.13,201301261600
68858,1.42,201301261600
68897,1.49,201301261600
68924,1.79,201301261600
68930,1.7,201301261600
69106,2.63,201301261600
69190,0.75,201301261600
69206,2.69,201301261600
69359,2.43,201301261600
69371,1.24,201301261600
69455,2.18,201301261600
69582,1.32,201301261600
69613,2.93,201301261600
69676,1.14,201301261600
70115,1.12,201301261600
70132,1.94,201301261600
70181,0.95,201301261600
70342,1.34,201301261600
70352,2.74,201301261600
70360,0.65,201301261600
70374,1.33,201301261600
70440,2.04,201301261600
70462,1.88,201301261600
70619,1.63,201301261600
70659,2.14,201301261600
70715,0.82,201301261600
70903,1.1,201301261600
70934,1.77,201301261600
70961,1.7,201301261600
71122,2.19,201301261600
71187,0.73,201301261600
71399,2.98,201301261600
71601,1.84,201301261600
71629,0.84,201301261600
71888,1.91,201301261600
71961,0.84,201301261600
71964,1.14,201301261600
72201,1.75,201301261600
72218,1.35,201301261600
72345,0.51,201301261600
72367,0.97,201301261600
72407,2.1,201301261600
72416,1.14,201301261600
72706,1.63,201301261600
72894,0.65,201301261600
73104,2.65,201301261600
73135,2.91,201301261600
73211,2.23,201301261600
73223,1.02,201301261600
73451,1.75,201301261600
73460,0.64,201301261600
73461,1.84,201301261600
73557,0.99,201301261600
73669,0.91,201301261600
74158,2.16,201301261600
74216,1.95,201301261600
74388,1.33,201301261600
74396,1.16,201301261600
74466,1.36,201301261600
74467,1.5,201301261600
74638,1.04,201301261600
74677,1.36,201301261600
74678,2.28,201301261600
74711,2.84,201301261600
74721,1.37,201301261600
74962,0.9,201301261600
74968,1.86,201301261600
74973,2.45,201301261600
75224,2.14,201301261600
75329,0.61,201301261600
75386,2.31,201301261600
75424,1.96,201301261600
75436,2.29,201301261600
75475,1.27,201301261600
75619,1.58,201301261600
75721,0.55,201301261600
75722,1.04,201301261600
75724,2.69,201301261600
75725,2.66,201301261600
75726,1.12,201301261600
75727,1.19,201301261600
75974,1.9,201301261600
75975,2.27,201301261600
76133,0.78,201301261600
76227,2.5,201301261600
76393,2.78,201301261600
76473,2.2,201301261600
76477,0.61,201301261600
76654,3.0,201301261600
76728,2.43,201301261600
76959,2.24,201301261600
77169,2.9,201301261600
77230,0.84,201301261600
77381,2.86,201301261600
77458,1.72,201301261600
77641,1.96,201301261600
77942,0.61,201301261600
77981,2.09,201301261600
78205,0.53,201301261600
78418,2.34,201301261600
78654,1.44,201301261600
78733,0.53,201301261600
78881,1.62,201301261600
78896,1.33,201301261600
78909,1.32,201301261600
78983,0.97,201301261600
79234,2.44,201301261600
79379,2.45,201301261600
79394,0.83,201301261600
79484,0.7,201301261600
79712,2.78,201301261600
79911,0.69,201301261600
79915,1.07,201301261600
80160,1.0,201301261600
80161,1.75,201301261600
80193,0.7,201301261600
80352,0.96,201301261600
80397,2.7,201301261600
80406,0.95,201301261600
80411,1.28,201301261600
80412,2.66,201301261600
80413,1.42,201301261600
80420,1.61,201301261600
80485,1.04,201301261600
80635,1.49,201301261600
80659,2.09,201301261600
80663,0.59,201301261600
80664,1.17,201301261600
80703,0.76,201301261600
80877,1.89,201301261600
80916,0.77,201301261600
81163,1.17,201301261600
81164,2.3,201301261600
81354,2.09,201301261600
81363,1.32,201301261600
81390,2.16,201301261600
81625,2.23,201301261600
81651,1.65,201301261600
81899,2.37,201301261600
82135,1.59,201301261600
82168,2.69,201301261600
82169,2.74,201301261600
82237,0.6,201301261600
82613,2.16,201301261600
82622,1.13,201301261600
82664,1.29,201301261600
82892,2.04,201301261600
82951,1.13,201301261600
83410,2.66,201301261600
83489,0.55,201301261600
83735,2.55,201301261600
83865,1.24,201301261600
84123,2.09,201301261600
84179,1.19,201301261600
84207,0.88,201301261600
84212,2.48,201301261600
84221,2.41,201301261600
84366,1.41,201301261600
84689,1.66,201301261600
84712,2.56,201301261600
84902,0.96,201301261600
85474,0.95,201301261600
85487,2.85,201301261600
85620,1.94,201301261600
85705,2.96,201301261600
85715,1.82,201301261600
85738,1.38,201301261600
86440,1.85,201301261600
86622,1.28,201301261600
86623,2.94,201301261600
86672,2.31,201301261600
86873,0.81,201301261600
86895,0.72,201301261600
87121,0.57,201301261600
87227,1.58,201301261600
87460,2.04,201301261600
87690,1.34,201301261600
87873,0.92,201301261600
88242,2.28,201301261600
88463,0.98,201301261600
89120,2.15,201301261600
89152,0.72,201301261600
89175,1.69,201301261600
89198,2.03,201301261600
89615,1.08,201301261600
89625,2.29,201301261600
90116,2.28,201301261600
90183,1.21,201301261600
90497,1.34,201301261600
90699,2.86,201301261600
90719,2.03,201301261600
91200,2.24,201301261600
91432,0.83,201301261600
91434,2.85,201301261600
91684,0.64,201301261600
91713,1.85,201301261600
91744,1.8,201301261600
92233,2.85,201301261600
93205,2.05,201301261600
93244,2.08,201301261600
93252,1.36,201301261600
93463,2.13,201301261600
93675,2.25,201301261600
93944,2.05,201301261600
94431,2.38,201301261600
94710,0.66,201301261600
94755,1.03,201301261600
94997,1.49,201301261600
95000,1.55,201301261600
95707,2.67,201301261600
95949,1.21,201301261600
95998,1.53,201301261600
96188,1.91,201301261600
96225,1.26,201301261600
96249,2.72,201301261600
96468,2.7,201301261600
96486,0.98,201301261600
96718,1.54,201301261600
96972,1.4,201301261600
96995,2.64,201301261600
97251,1.37,201301261600
97440,1.35,201301261600
97471,0.95,201301261600
97969,0.68,201301261600
97990,0.71,201301261600
98224,1.43,201301261600
98229,1.65,201301261600
98450,1.67,201301261600
98475,0.51,201301261600
98739,0.85,201301261600
99256,2.73,201301261600
99468,1.71,201301261600
99730,2.9,201301261600
101215,1.29,201301261600
101911,2.09,201301261600
101912,2.79,201301261600
101989,2.98,201301261600
102999,2.76,201301261600
103242,1.75,201301261600
103431,2.78,201301261600
104177,1.91,201301261600
104221,0.62,201301261600
104239,2.13,201301261600
104701,2.53,201301261600
104984,2.75,201301261600
105196,2.75,201301261600
105219,0.7,201301261600
105460,2.63,201301261600
105461,2.43,201301261600
105481,2.42,201301261600
105489,0.89,201301261600
105709,2.2,201301261600
105710,2.34,201301261600
105711,1.62,201301261600
105712,2.12,201301261600
105713,1.82,201301261600
105715,0.77,201301261600
105726,2.55,201301261600
105727,1.52,201301261600
105736,1.73,201301261600
105960,2.53,201301261600
105961,2.85,201301261600
105962,2.15,201301261600
105963,1.41,201301261600
105964,2.75,201301261600
105975,0.83,201301261600
106195,1.92,201301261600
106213,2.43,201301261600
106214,1.03,201301261600
106215,0.61,201301261600
106221,2.6,201301261600
106231,2.1,201301261600
106232,2.3,201301261600
106234,2.97,201301261600
106235,0.96,201301261600
106237,1.27,201301261600
106446,2.07,201301261600
106447,1.83,201301261600
106462,2.01,201301261600
106463,1.56,201301261600
106465,2.46,201301261600
106466,2.99,201301261600
106467,1.39,201301261600
106480,0.67,201301261600
106712,2.14,201301261600
106717,1.1,201301261600
106718,2.26,201301261600
106741,2.45,201301261600
106958,1.49,201301261600
106964,2.94,201301261600
106965,0.52,201301261600
106966,2.94,201301261600
106967,0.56,201301261600
106971,0.98,201301261600
106983,1.27,201301261600
106997,0.82,201301261600
107200,2.23,201301261600
107212,2.9,201301261600
107219,1.47,201301261600
107240,0.98,201301261600
107460,2.82,201301261600
107465,1.39,201301261600
107466,1.79,201301261600
107468,2.08,201301261600
107491,2.54,201301261600
107711,2.33,201301261600
107725,0.65,201301261600
107726,1.41,201301261600
107954,1.18,201301261600
107966,2.85,201301261600
107971,0.92,201301261600
107979,2.78,201301261600
107993,2.67,201301261600
108205,1.0,201301261600
108211,1.32,201301261600
108214,1.57,201301261600
108215,2.93,201301261600
108217,0.81,201301261600
108219,1.61,201301261600
108220,1.93,201301261600
108222,2.34,201301261600
108225,2.14,201301261600
108230,0.56,201301261600
108454,2.48,201301261600
108463,2.42,201301261600
108499,1.88,201301261600
108717,0.85,201301261600
108722,2.72,201301261600
108724,2.52,201301261600
108733,1.67,201301261600
108968,0.59,201301261600
108975,2.29,201301261600
108984,2.78,201301261600
108985,0.88,201301261600
109216,1.97,201301261600
109219,1.76,201301261600
109222,1.72,201301261600
109227,0.88,201301261600
109231,1.47,201301261600
109236,2.22,201301261600
109245,1.02,201301261600
109473,2.69,201301261600
109487,0.87,201301261600
109494,1.78,201301261600
109495,2.34,201301261600
109496,1.83,201301261600
109497,2.48,201301261600
109742,2.04,201301261600
109744,0.91,201301261600
109748,0.75,201301261600
109750,1.12,201301261600
109980,2.35,201301261600
109991,2.67,201301261600
109994,1.46,201301261600
109998,2.78,201301261600
110001,1.38,201301261600
110243,0.87,201301261600
110247,0.99,201301261600
110249,0.92,201301261600
110251,1.24,201301261600
110253,1.05,201301261600
110254,0.6,201301261600
