cell,mobility,dtg
1610,1.41,201301260800
1846,2.59,201301260800
1851,1.06,201301260800
1853,1.79,201301260800
1856,1.43,201301260800
1857,1.31,201301260800
2103,1.88,201301260800
2105,1.35,201301260800
2106,0.6,201301260800
2107,1.36,201301260800
2114,2.76,201301260800
2342,1.71,201301260800
2347,2.81,201301260800
2351,1.46,201301260800
2354,0.58,201301260800
2357,2.17,201301260800
2372,1.58,201301260800
2374,2.09,201301260800
2591,1.02,201301260800
2595,0.97,201301260800
2605,2.75,201301260800
2611,1.64,201301260800
2615,1.21,201301260800
2620,2.74,201301260800
2627,1.64,201301260800
2839,0.71,201301260800
2847,2.82,201301260800
3086,2.56,201301260800
3094,2.82,201301260800
3100,0.75,201301260800
3124,1.58,201301260800
3128,1.31,201301260800
3334,2.86,201301260800
3337,2.56,201301260800
3375,1.16,201301260800
3614,1.97,201301260800
3619,1.5,201301260800
3632,1.79,201301260800
3635,2.96,201301260800
3830,0.67,201301260800
3831,1.54,201301260800
3833,1.36,201301260800
3837,1.36,201301260800
3845,2.14,201301260800
3856,1.36,201301260800
3860,0.79,201301260800
3865,2.64,201301260800
4078,2.5,201301260800
4081,1.07,201301260800
4137,2.89,201301260800
4141,2.91,201301260800
4142,0.79,201301260800
4328,2.75,201301260800
4329,2.28,201301260800
4341,2.8,201301260800
4345,1.46,201301260800
4348,2.5,201301260800
4354,2.1,201301260800
4372,2.63,201301260800
4577,2.73,201301260800
4578,1.82,201301260800
4580,2.13,201301260800
4582,2.89,201301260800
4605,2.98,201301260800
4608,1.33,201301260800
4631,1.31,201301260800
4636,1.56,201301260800
4637,2.24,201301260800
4829,1.5,201301260800
4830,1.88,201301260800
4831,1.19,201301260800
4834,2.77,201301260800
4837,1.61,201301260800
4852,2.25,201301260800
4863,2.13,201301260800
4868,2.34,201301260800
4890,2.31,201301260800
4891,2.89,201301260800
5078,0.6,201301260800
5081,1.03,201301260800
5084,2.29,201301260800
5127,0.88,201301260800
5153,0.87,201301260800
5327,1.63,201301260800
5329,2.14,201301260800
5333,2.02,201301260800
5334,1.34,201301260800
5339,2.64,201301260800
5369,0.91,201301260800
5402,1.38,201301260800
5410,2.18,201301260800
5577,1.86,201301260800
5581,0.94,201301260800
5592,2.59,201301260800
5612,1.53,201301260800
5623,1.44,201301260800
5876,0.65,201301260800
5893,2.8,201301260800
5898,0.67,201301260800
6078,1.54,201301260800
6118,1.72,201301260800
6136,3.0,201301260800
6158,1.86,201301260800
6159,0.93,201301260800
6333,2.63,201301260800
6353,0.96,201301260800
6365,1.59,201301260800
6366,2.42,201301260800
6414,2.73,201301260800
6588,2.5,201301260800
6609,2.82,201301260800
6635,2.52,201301260800
6668,1.0,201301260800
6841,2.28,201301260800
6849,1.62,201301260800
6896,1.71,201301260800
6924,2.25,201301260800
6928,1.28,201301260800
6935,2.08,201301260800
6939,1.25,201301260800
7077,0.8,201301260800
7078,0.82,201301260800
7085,2.74,201301260800
7088,2.56,201301260800
7113,0.85,201301260800
7114,1.83,201301260800
7129,2.59,201301260800
7133,0.94,201301260800
7165,1.61,201301260800
7192,2.88,201301260800
7354,2.52,201301260800
7375,1.54,201301260800
7379,1.76,201301260800
7401,2.61,201301260800
7410,0.81,201301260800
7436,1.47,201301260800
7584,0.98,201301260800
7646,1.44,201301260800
7849,1.96,201301260800
7871,1.38,201301260800
7927,1.18,201301260800
7948,2.84,201301260800
8080,2.35,201301260800
8170,1.62,201301260800
8182,1.27,201301260800
8195,0.88,201301260800
8342,1.5,201301260800
8582,0.68,201301260800
8602,1.89,201301260800
8609,1.91,201301260800
8638,2.09,201301260800
8656,2.31,201301260800
8830,1.21,201301260800
8839,2.02,201301260800
8876,2.69,201301260800
8897,2.72,201301260800
8912,2.62,201301260800
8918,1.82,201301260800
8929,2.82,201301260800
8940,2.04,201301260800
8954,2.92,201301260800
9140,2.59,201301260800
9333,1.7,201301260800
9468,1.61,201301260800
9473,2.17,201301260800
9589,1.62,201301260800
9601,1.12,201301260800
9607,2.78,201301260800
9658,0.57,201301260800
9724,2.77,201301260800
9833,1.76,201301260800
10084,1.17,201301260800
10089,2.77,201301260800
10096,2.25,201301260800
10144,1.66,201301260800
10170,1.62,201301260800
10181,1.82,201301260800
10189,2.43,201301260800
10201,2.94,201301260800
10334,1.89,201301260800
10335,2.87,201301260800
10383,2.08,201301260800
10414,2.83,201301260800
10444,1.82,201301260800
10458,1.55,201301260800
10477,2.77,201301260800
10586,1.17,201301260800
10601,1.69,201301260800
10609,2.01,201301260800
10616,2.66,201301260800
10633,0.78,201301260800
10655,2.64,201301260800
10665,1.15,201301260800
10681,0.88,201301260800
10717,2.65,201301260800
10835,1.15,201301260800
10837,2.97,201301260800
10847,0.53,201301260800
10903,1.95,201301260800
10911,2.38,201301260800
10918,2.01,201301260800
10973,2.7,201301260800
11087,0.95,201301260800
11092,1.52,201301260800
11128,0.74,201301260800
11222,2.16,201301260800
11223,2.46,201301260800
11225,1.85,201301260800
11238,1.58,201301260800
11361,1.45,201301260800
11393,1.34,201301260800
11424,2.2,201301260800
11601,1.24,201301260800
11682,0.71,201301260800
11704,2.28,201301260800
11858,2.69,201301260800
11884,0.88,201301260800
11901,1.46,201301260800
11946,1.36,201301260800
11960,1.76,201301260800
11972,2.76,201301260800
12089,0.51,201301260800
12090,1.88,201301260800
12096,0.94,201301260800
12120,0.67,201301260800
12157,1.93,201301260800
12230,2.94,201301260800
12383,1.96,201301260800
12431,1.82,201301260800
12601,1.06,201301260800
12625,2.39,201301260800
12632,2.66,201301260800
12842,0.87,201301260800
12875,2.55,201301260800
12901,1.95,201301260800
12913,0.92,201301260800
12933,1.32,201301260800
12934,2.82,201301260800
12985,2.9,201301260800
13099,2.42,201301260800
13114,2.42,201301260800
13150,1.19,201301260800
13175,2.18,201301260800
13183,1.98,201301260800
13222,2.36,201301260800
13358,0.72,201301260800
13444,0.86,201301260800
13455,0.53,201301260800
13456,1.79,201301260800
13670,2.69,201301260800
13694,0.98,201301260800
13845,2.86,201301260800
13849,3.0,201301260800
14011,1.43,201301260800
14095,1.38,201301260800
14133,2.7,201301260800
14161,1.98,201301260800
14167,2.31,201301260800
14184,1.54,201301260800
14241,1.64,201301260800
14255,2.36,201301260800
14349,2.36,201301260800
14350,1.83,201301260800
14375,2.04,201301260800
14452,1.14,201301260800
14475,0.69,201301260800
14620,1.0,201301260800
14673,0.9,201301260800
14745,0.92,201301260800
14859,2.33,201301260800
14936,2.34,201301260800
14995,1.52,201301260800
15097,2.46,201301260800
15098,2.94,201301260800
15246,2.48,201301260800
15349,2.95,201301260800
15440,2.04,201301260800
15600,2.87,201301260800
15656,1.35,201301260800
15672,2.12,201301260800
15699,2.96,201301260800
15714,2.73,201301260800
15725,1.19,201301260800
15744,2.15,201301260800
15849,2.38,201301260800
15850,1.05,201301260800
15851,1.2,201301260800
15853,1.96,201301260800
15871,2.37,201301260800
16100,1.42,201301260800
16105,1.24,201301260800
16114,0.68,201301260800
16171,2.25,201301260800
16184,0.72,201301260800
16400,1.85,201301260800
16414,2.08,201301260800
16601,2.03,201301260800
16604,2.05,201301260800
16625,2.22,201301260800
16670,1.7,201301260800
16853,2.38,201301260800
16868,2.64,201301260800
16932,1.14,201301260800
17232,2.64,201301260800
17355,0.67,201301260800
17358,1.36,201301260800
17367,2.13,201301260800
17635,0.56,201301260800
17673,1.22,201301260800
17681,0.71,201301260800
17884,1.14,201301260800
17984,1.49,201301260800
18108,2.18,201301260800
18115,2.38,201301260800
18118,0.63,201301260800
18123,0.87,201301260800
18139,1.01,201301260800
18154,1.85,201301260800
18160,0.57,201301260800
18177,1.43,201301260800
18185,2.49,201301260800
18383,1.68,201301260800
18404,1.12,201301260800
18427,1.72,201301260800
18466,1.45,201301260800
18616,0.95,201301260800
18629,2.46,201301260800
18861,1.22,201301260800
18866,2.2,201301260800
18925,0.84,201301260800
19110,0.54,201301260800
19112,0.65,201301260800
19114,0.88,201301260800
19122,2.95,201301260800
19360,2.41,201301260800
19443,2.7,201301260800
19481,2.72,201301260800
19611,0.92,201301260800
19612,1.89,201301260800
19618,2.7,201301260800
19633,2.82,201301260800
19678,1.25,201301260800
19878,1.99,201301260800
19913,2.84,201301260800
20113,1.39,201301260800
20114,2.95,201301260800
20116,1.4,201301260800
20170,1.07,201301260800
20363,2.91,201301260800
20387,1.21,201301260800
20396,2.3,201301260800
20436,1.22,201301260800
20616,2.25,201301260800
20621,2.76,201301260800
20628,1.33,201301260800
20651,2.21,201301260800
20671,2.48,201301260800
20682,1.23,201301260800
20864,1.57,201301260800
20882,2.27,201301260800
20931,2.54,201301260800
20995,2.56,201301260800
21115,1.08,201301260800
21118,1.3,201301260800
21201,0.8,201301260800
21373,2.83,201301260800
21377,1.07,201301260800
21392,1.97,201301260800
21407,0.69,201301260800
21428,0.73,201301260800
21448,2.96,201301260800
21617,0.97,201301260800
21619,2.09,201301260800
21639,1.37,201301260800
21658,1.58,201301260800
21663,2.12,201301260800
21701,2.86,201301260800
21721,1.92,201301260800
21868,0.86,201301260800
21871,1.69,201301260800
21999,2.87,201301260800
22126,0.94,201301260800
22133,0.51,201301260800
22174,1.59,201301260800
22176,2.96,201301260800
22205,0.51,201301260800
22368,1.21,201301260800
22395,1.93,201301260800
22419,2.98,201301260800
22420,2.43,201301260800
22421,0.83,201301260800
22422,2.41,201301260800
22619,0.79,201301260800
22630,1.56,201301260800
22634,2.2,201301260800
22671,2.85,201301260800
22673,2.93,201301260800
22700,1.89,201301260800
22751,0.56,201301260800
22768,1.13,201301260800
22869,1.43,201301260800
22877,0.87,201301260800
22928,2.92,201301260800
22940,0.99,201301260800
22955,2.32,201301260800
22963,1.9,201301260800
22966,2.15,201301260800
23120,1.01,201301260800
23124,1.18,201301260800
23125,1.07,201301260800
23131,2.63,201301260800
23138,1.71,201301260800
23169,1.59,201301260800
23194,1.74,201301260800
23216,2.29,201301260800
23370,2.7,201301260800
23371,1.9,201301260800
23379,0.79,201301260800
23386,1.69,201301260800
23388,2.73,201301260800
23427,2.56,201301260800
23621,2.1,201301260800
23627,2.77,201301260800
23635,2.97,201301260800
23641,2.86,201301260800
23662,0.57,201301260800
23669,2.96,201301260800
23690,1.84,201301260800
23744,0.7,201301260800
23750,1.76,201301260800
23872,2.48,201301260800
23873,1.8,201301260800
23875,2.16,201301260800
23881,0.81,201301260800
23894,2.06,201301260800
23896,1.16,201301260800
23907,2.29,201301260800
23925,1.34,201301260800
23973,1.51,201301260800
24005,1.81,201301260800
24009,1.65,201301260800
24032,1.62,201301260800
24122,2.17,201301260800
24123,2.15,201301260800
24149,1.57,201301260800
24247,2.9,201301260800
24251,0.82,201301260800
24265,2.0,201301260800
24266,2.15,201301260800
24373,2.09,201301260800
24374,2.64,201301260800
24380,0.53,201301260800
24381,1.81,201301260800
24383,2.81,201301260800
24387,1.49,201301260800
24402,2.62,201301260800
24405,2.97,201301260800
24423,1.48,201301260800
24623,1.81,201301260800
24626,2.7,201301260800
24643,1.87,201301260800
24732,2.95,201301260800
24734,2.78,201301260800
24739,1.54,201301260800
24774,1.83,201301260800
24775,2.21,201301260800
24781,2.19,201301260800
24837,0.9,201301260800
24874,2.88,201301260800
24877,0.88,201301260800
24879,1.71,201301260800
24880,1.82,201301260800
24895,2.03,201301260800
24920,1.41,201301260800
24990,1.22,201301260800
24991,2.42,201301260800
24993,2.0,201301260800
25124,1.61,201301260800
25125,1.3,201301260800
25126,2.74,201301260800
25129,2.06,201301260800
25130,1.43,201301260800
25132,2.99,201301260800
25136,2.27,201301260800
25138,2.39,201301260800
25141,0.54,201301260800
25179,1.17,201301260800
25187,2.48,201301260800
25375,2.03,201301260800
25376,0.63,201301260800
25377,1.22,201301260800
25379,1.69,201301260800
25385,2.64,201301260800
25395,0.87,201301260800
25400,2.66,201301260800
25405,1.82,201301260800
25412,2.54,201301260800
25427,0.55,201301260800
25626,1.66,201301260800
25627,0.69,201301260800
25628,1.65,201301260800
25629,1.54,201301260800
25632,2.92,201301260800
25633,2.62,201301260800
25642,2.79,201301260800
25715,1.79,201301260800
25747,2.18,201301260800
25763,2.94,201301260800
25876,2.88,201301260800
25877,1.01,201301260800
25878,0.61,201301260800
25881,2.94,201301260800
25882,0.51,201301260800
25886,2.01,201301260800
25888,0.65,201301260800
25926,2.07,201301260800
25997,0.74,201301260800
26005,0.52,201301260800
26035,1.51,201301260800
26127,1.37,201301260800
26129,0.79,201301260800
26130,2.61,201301260800
26133,0.72,201301260800
26135,2.72,201301260800
26136,0.59,201301260800
26138,2.11,201301260800
26139,2.48,201301260800
26141,2.15,201301260800
26148,1.79,201301260800
26168,2.56,201301260800
26378,1.99,201301260800
26379,1.09,201301260800
26380,1.32,201301260800
26381,1.13,201301260800
26382,2.52,201301260800
26383,1.66,201301260800
26385,2.03,201301260800
26386,2.27,201301260800
26387,1.25,201301260800
26389,1.51,201301260800
26391,2.65,201301260800
26392,2.97,201301260800
26393,0.73,201301260800
26396,1.35,201301260800
26403,1.17,201301260800
26408,1.55,201301260800
26427,1.31,201301260800
26450,1.03,201301260800
26492,2.37,201301260800
26546,0.64,201301260800
26563,1.31,201301260800
26564,2.15,201301260800
26628,2.42,201301260800
26629,2.79,201301260800
26630,1.22,201301260800
26631,1.74,201301260800
26633,2.9,201301260800
26634,1.29,201301260800
26656,2.44,201301260800
26674,1.44,201301260800
26708,0.55,201301260800
26752,0.63,201301260800
26754,2.73,201301260800
26755,1.73,201301260800
26782,0.52,201301260800
26846,2.38,201301260800
26879,1.87,201301260800
26880,1.69,201301260800
26881,0.79,201301260800
26882,1.96,201301260800
26883,1.63,201301260800
26884,1.91,201301260800
26885,1.87,201301260800
26886,2.05,201301260800
26887,2.45,201301260800
26889,0.79,201301260800
26890,2.6,201301260800
26891,1.24,201301260800
26892,1.62,201301260800
26893,2.63,201301260800
26894,2.81,201301260800
26895,1.22,201301260800
26897,2.8,201301260800
26905,2.84,201301260800
26938,2.41,201301260800
26964,1.96,201301260800
27006,0.88,201301260800
27042,3.0,201301260800
27098,1.44,201301260800
27130,0.8,201301260800
27131,0.65,201301260800
27132,1.43,201301260800
27133,1.24,201301260800
27134,2.86,201301260800
27135,0.59,201301260800
27136,1.81,201301260800
27137,0.99,201301260800
27138,1.25,201301260800
27142,1.49,201301260800
27143,0.58,201301260800
27145,2.9,201301260800
27148,1.37,201301260800
27149,2.15,201301260800
27152,1.0,201301260800
27155,1.8,201301260800
27175,2.86,201301260800
27209,2.52,201301260800
27247,0.54,201301260800
27381,2.38,201301260800
27382,1.57,201301260800
27383,0.92,201301260800
27384,1.38,201301260800
27386,1.73,201301260800
27387,1.02,201301260800
27388,0.81,201301260800
27389,2.99,201301260800
27390,0.88,201301260800
27392,2.06,201301260800
27395,2.21,201301260800
27404,0.83,201301260800
27415,1.11,201301260800
27427,1.62,201301260800
27489,2.09,201301260800
27494,1.6,201301260800
27498,0.55,201301260800
27518,1.09,201301260800
27632,0.59,201301260800
27633,2.01,201301260800
27634,2.43,201301260800
27635,2.62,201301260800
27636,0.78,201301260800
27637,2.68,201301260800
27638,0.74,201301260800
27639,2.08,201301260800
27640,1.88,201301260800
27642,2.31,201301260800
27643,1.63,201301260800
27645,2.89,201301260800
27646,2.03,201301260800
27647,2.22,201301260800
27649,2.97,201301260800
27654,2.87,201301260800
27763,2.96,201301260800
27764,1.59,201301260800
27796,2.17,201301260800
27797,1.25,201301260800
27883,1.69,201301260800
27884,2.1,201301260800
27885,0.96,201301260800
27886,1.53,201301260800
27887,1.62,201301260800
27888,2.5,201301260800
27889,1.35,201301260800
27890,2.8,201301260800
27891,0.69,201301260800
27892,0.97,201301260800
27894,0.95,201301260800
27895,1.02,201301260800
27897,2.56,201301260800
27902,1.23,201301260800
27908,2.19,201301260800
27911,2.44,201301260800
27930,2.6,201301260800
27971,2.05,201301260800
28004,1.72,201301260800
28015,1.83,201301260800
28049,0.97,201301260800
28102,1.81,201301260800
28134,2.15,201301260800
28135,2.66,201301260800
28136,0.65,201301260800
28137,1.49,201301260800
28138,1.59,201301260800
28139,2.52,201301260800
28140,1.54,201301260800
28142,2.71,201301260800
28143,0.98,201301260800
28144,1.18,201301260800
28146,0.57,201301260800
28154,1.26,201301260800
28156,2.99,201301260800
28216,0.92,201301260800
28239,2.28,201301260800
28384,0.91,201301260800
28385,1.0,201301260800
28386,2.06,201301260800
28387,1.95,201301260800
28388,2.72,201301260800
28389,1.87,201301260800
28390,1.83,201301260800
28391,2.94,201301260800
28392,0.87,201301260800
28393,2.8,201301260800
28394,2.11,201301260800
28396,1.56,201301260800
28397,2.96,201301260800
28400,2.0,201301260800
28401,1.06,201301260800
28405,1.18,201301260800
28427,2.63,201301260800
28467,2.05,201301260800
28496,0.77,201301260800
28497,2.09,201301260800
28519,0.66,201301260800
28535,2.99,201301260800
28539,2.3,201301260800
28545,2.96,201301260800
28557,2.75,201301260800
28635,1.18,201301260800
28636,2.05,201301260800
28637,2.01,201301260800
28638,2.28,201301260800
28639,0.75,201301260800
28640,2.84,201301260800
28641,1.94,201301260800
28642,1.79,201301260800
28643,1.22,201301260800
28644,1.52,201301260800
28645,0.83,201301260800
28646,1.78,201301260800
28649,1.7,201301260800
28658,2.66,201301260800
28667,2.51,201301260800
28675,0.52,201301260800
28751,1.51,201301260800
28753,1.32,201301260800
28754,2.65,201301260800
28788,0.78,201301260800
28812,2.77,201301260800
28823,0.82,201301260800
28886,1.28,201301260800
28887,0.63,201301260800
28888,1.52,201301260800
28889,0.54,201301260800
28890,2.1,201301260800
28891,1.95,201301260800
28892,1.47,201301260800
28893,0.66,201301260800
28894,2.5,201301260800
28895,1.92,201301260800
28896,0.72,201301260800
28897,0.76,201301260800
28899,2.67,201301260800
28900,2.19,201301260800
28901,2.63,201301260800
28902,2.32,201301260800
28905,2.58,201301260800
28912,0.63,201301260800
28960,2.09,201301260800
28969,1.13,201301260800
29004,1.05,201301260800
29012,2.93,201301260800
29026,0.9,201301260800
29068,0.68,201301260800
29076,1.31,201301260800
29088,1.16,201301260800
29094,1.16,201301260800
29136,2.95,201301260800
29137,1.58,201301260800
29138,2.1,201301260800
29139,2.58,201301260800
29140,2.06,201301260800
29141,2.8,201301260800
29142,2.77,201301260800
29143,0.99,201301260800
29144,2.89,201301260800
29146,1.4,201301260800
29147,0.88,201301260800
29148,1.98,201301260800
29149,2.44,201301260800
29151,1.02,201301260800
29158,1.26,201301260800
29165,1.07,201301260800
29171,0.63,201301260800
29190,0.78,201301260800
29247,1.22,201301260800
29387,2.87,201301260800
29388,2.95,201301260800
29389,1.03,201301260800
29390,0.98,201301260800
29391,0.92,201301260800
29392,2.99,201301260800
29393,0.7,201301260800
29394,0.79,201301260800
29395,1.93,201301260800
29396,1.51,201301260800
29397,2.79,201301260800
29398,1.46,201301260800
29399,2.21,201301260800
29401,2.87,201301260800
29402,1.9,201301260800
29403,2.35,201301260800
29405,1.77,201301260800
29409,1.23,201301260800
29425,2.93,201301260800
29429,2.3,201301260800
29495,2.26,201301260800
29498,2.85,201301260800
29533,0.92,201301260800
29556,1.51,201301260800
29638,2.48,201301260800
29639,1.23,201301260800
29640,2.98,201301260800
29641,2.78,201301260800
29642,2.73,201301260800
29643,1.97,201301260800
29644,0.66,201301260800
29645,1.96,201301260800
29648,1.22,201301260800
29649,1.09,201301260800
29650,2.14,201301260800
29654,2.72,201301260800
29663,2.32,201301260800
29670,2.88,201301260800
29710,1.61,201301260800
29730,0.87,201301260800
29733,1.23,201301260800
29736,2.65,201301260800
29766,1.12,201301260800
29891,0.87,201301260800
29892,2.53,201301260800
29893,2.64,201301260800
29894,2.98,201301260800
29895,1.8,201301260800
29896,1.8,201301260800
29897,1.86,201301260800
29898,1.21,201301260800
29900,1.62,201301260800
29903,2.14,201301260800
29906,0.86,201301260800
29909,1.79,201301260800
29912,1.84,201301260800
29917,2.33,201301260800
29925,0.82,201301260800
29966,0.68,201301260800
30021,0.84,201301260800
30026,1.3,201301260800
30036,2.66,201301260800
30142,1.68,201301260800
30143,1.25,201301260800
30144,1.05,201301260800
30145,0.64,201301260800
30146,1.7,201301260800
30147,1.3,201301260800
30148,1.58,201301260800
30152,1.61,201301260800
30154,1.19,201301260800
30157,2.8,201301260800
30158,0.59,201301260800
30181,2.52,201301260800
30242,2.62,201301260800
30243,2.85,201301260800
30244,2.63,201301260800
30261,0.52,201301260800
30300,0.85,201301260800
30322,1.59,201301260800
30393,1.42,201301260800
30394,1.57,201301260800
30395,2.57,201301260800
30396,2.51,201301260800
30397,1.17,201301260800
30398,1.21,201301260800
30400,1.54,201301260800
30401,1.41,201301260800
30403,2.8,201301260800
30407,1.88,201301260800
30410,0.97,201301260800
30420,1.64,201301260800
30430,2.72,201301260800
30434,0.63,201301260800
30439,1.89,201301260800
30481,2.72,201301260800
30489,0.7,201301260800
30494,2.35,201301260800
30495,0.83,201301260800
30496,1.12,201301260800
30645,2.95,201301260800
30646,2.96,201301260800
30647,0.57,201301260800
30648,0.84,201301260800
30649,1.87,201301260800
30650,1.29,201301260800
30651,0.78,201301260800
30652,1.23,201301260800
30653,1.4,201301260800
30654,0.57,201301260800
30661,1.75,201301260800
30664,0.52,201301260800
30666,0.55,201301260800
30669,2.2,201301260800
30673,0.55,201301260800
30683,2.66,201301260800
30745,0.69,201301260800
30750,1.93,201301260800
30777,1.62,201301260800
30780,0.86,201301260800
30812,2.77,201301260800
30897,2.19,201301260800
30898,1.28,201301260800
30899,2.73,201301260800
30900,2.22,201301260800
30901,2.45,201301260800
30902,2.84,201301260800
30903,1.66,201301260800
30904,2.88,201301260800
30908,2.57,201301260800
30909,1.62,201301260800
30912,1.52,201301260800
30913,2.8,201301260800
30928,1.31,201301260800
30953,1.65,201301260800
30979,2.51,201301260800
30994,2.89,201301260800
30995,1.6,201301260800
31027,1.67,201301260800
31028,1.08,201301260800
31029,0.9,201301260800
31082,2.41,201301260800
31148,0.75,201301260800
31149,1.82,201301260800
31150,0.52,201301260800
31151,2.23,201301260800
31152,0.79,201301260800
31156,0.81,201301260800
31157,2.1,201301260800
31161,0.62,201301260800
31166,2.34,201301260800
31172,2.38,201301260800
31274,1.21,201301260800
31281,2.49,201301260800
31369,1.35,201301260800
31398,0.84,201301260800
31401,2.75,201301260800
31407,1.56,201301260800
31408,2.13,201301260800
31409,0.69,201301260800
31410,1.95,201301260800
31413,2.22,201301260800
31419,0.79,201301260800
31427,2.48,201301260800
31457,1.89,201301260800
31466,2.04,201301260800
31651,0.57,201301260800
31652,2.43,201301260800
31656,2.61,201301260800
31660,2.24,201301260800
31663,1.63,201301260800
31666,2.99,201301260800
31675,1.44,201301260800
31738,0.73,201301260800
31754,2.07,201301260800
31782,1.64,201301260800
31903,0.58,201301260800
31904,1.69,201301260800
31905,1.17,201301260800
31906,1.55,201301260800
31908,1.86,201301260800
31912,1.05,201301260800
31921,2.75,201301260800
31928,1.84,201301260800
31949,2.26,201301260800
32028,1.69,201301260800
32032,2.04,201301260800
32045,1.85,201301260800
32150,2.03,201301260800
32155,2.33,201301260800
32157,1.69,201301260800
32161,1.11,201301260800
32162,0.77,201301260800
32167,2.76,201301260800
32169,1.78,201301260800
32175,1.23,201301260800
32182,2.89,201301260800
32185,2.35,201301260800
32195,2.58,201301260800
32235,1.39,201301260800
32404,0.59,201301260800
32405,2.73,201301260800
32410,2.91,201301260800
32411,1.85,201301260800
32415,1.24,201301260800
32449,1.88,201301260800
32490,0.98,201301260800
32558,2.03,201301260800
32622,2.14,201301260800
32656,0.87,201301260800
32658,2.79,201301260800
32660,2.71,201301260800
32662,2.78,201301260800
32668,1.99,201301260800
32682,2.51,201301260800
32697,1.45,201301260800
32712,0.54,201301260800
32729,2.34,201301260800
32739,0.56,201301260800
32742,1.79,201301260800
32744,0.72,201301260800
32802,1.73,201301260800
32834,2.29,201301260800
32905,1.73,201301260800
32907,1.3,201301260800
32912,2.74,201301260800
32916,0.52,201301260800
32922,0.61,201301260800
32924,2.14,201301260800
32926,0.83,201301260800
32929,1.69,201301260800
32977,1.31,201301260800
32978,1.69,201301260800
33154,1.2,201301260800
33158,2.89,201301260800
33160,1.72,201301260800
33165,2.38,201301260800
33170,2.23,201301260800
33186,2.54,201301260800
33286,2.76,201301260800
33405,1.65,201301260800
33409,0.87,201301260800
33412,1.23,201301260800
33418,0.51,201301260800
33420,2.7,201301260800
33424,0.84,201301260800
33435,1.62,201301260800
33442,1.75,201301260800
33519,1.06,201301260800
33594,0.8,201301260800
33656,2.11,201301260800
33659,2.19,201301260800
33662,2.43,201301260800
33664,1.75,201301260800
33666,0.91,201301260800
33669,1.72,201301260800
33673,2.09,201301260800
33675,1.15,201301260800
33694,2.78,201301260800
33724,2.75,201301260800
33742,1.17,201301260800
33812,1.75,201301260800
33909,2.45,201301260800
33911,0.56,201301260800
33912,0.74,201301260800
33913,0.73,201301260800
33922,1.81,201301260800
33923,1.72,201301260800
33924,2.43,201301260800
33931,1.78,201301260800
33935,1.41,201301260800
33986,1.54,201301260800
34013,0.7,201301260800
34160,0.76,201301260800
34161,2.01,201301260800
34162,1.33,201301260800
34163,1.72,201301260800
34167,2.1,201301260800
34190,2.13,201301260800
34211,1.72,201301260800
34303,2.25,201301260800
34380,1.66,201301260800
34407,1.59,201301260800
34413,1.66,201301260800
34423,2.67,201301260800
34424,2.39,201301260800
34427,2.26,201301260800
34430,2.97,201301260800
34437,1.01,201301260800
34440,0.69,201301260800
34486,1.76,201301260800
34495,2.32,201301260800
34510,2.71,201301260800
34520,2.03,201301260800
34528,0.58,201301260800
34563,0.99,201301260800
34662,0.73,201301260800
34667,1.69,201301260800
34668,1.0,201301260800
34670,1.14,201301260800
34672,2.47,201301260800
34673,2.02,201301260800
34676,1.0,201301260800
34679,2.77,201301260800
34682,2.23,201301260800
34695,2.04,201301260800
34710,0.65,201301260800
34714,2.71,201301260800
34720,1.91,201301260800
34882,1.28,201301260800
34913,2.64,201301260800
34914,1.61,201301260800
34915,2.23,201301260800
34924,1.26,201301260800
34925,1.2,201301260800
34934,2.37,201301260800
34939,2.76,201301260800
34959,1.99,201301260800
34990,1.12,201301260800
35102,2.49,201301260800
35164,1.57,201301260800
35166,2.86,201301260800
35173,1.56,201301260800
35178,2.7,201301260800
35183,2.12,201301260800
35185,0.8,201301260800
35187,1.95,201301260800
35193,2.2,201301260800
35203,1.45,201301260800
35218,1.76,201301260800
35237,1.87,201301260800
35244,2.79,201301260800
35249,2.81,201301260800
35295,1.44,201301260800
35368,1.79,201301260800
35410,2.34,201301260800
35414,0.8,201301260800
35415,2.99,201301260800
35417,0.89,201301260800
35421,1.49,201301260800
35440,1.86,201301260800
35455,1.09,201301260800
35492,2.86,201301260800
35515,2.24,201301260800
35665,1.31,201301260800
35675,0.96,201301260800
35683,2.05,201301260800
35686,1.0,201301260800
35700,1.61,201301260800
35745,2.75,201301260800
35755,1.21,201301260800
35769,2.9,201301260800
35916,1.62,201301260800
35917,1.6,201301260800
35918,2.93,201301260800
35919,0.87,201301260800
35921,1.91,201301260800
35929,0.61,201301260800
35931,1.51,201301260800
35941,1.29,201301260800
35944,1.86,201301260800
35971,2.8,201301260800
35981,2.84,201301260800
35992,1.66,201301260800
35994,2.03,201301260800
36067,2.07,201301260800
36162,1.37,201301260800
36167,1.81,201301260800
36169,1.46,201301260800
36170,1.67,201301260800
36173,0.85,201301260800
36176,0.68,201301260800
36177,1.5,201301260800
36205,2.07,201301260800
36237,1.24,201301260800
36245,2.74,201301260800
36246,0.78,201301260800
36293,0.92,201301260800
36311,0.72,201301260800
36417,0.51,201301260800
36420,2.0,201301260800
36421,0.73,201301260800
36441,2.75,201301260800
36448,1.66,201301260800
36494,2.95,201301260800
36498,1.41,201301260800
36502,2.51,201301260800
36510,2.19,201301260800
36513,1.0,201301260800
36519,0.57,201301260800
36524,1.83,201301260800
36576,0.71,201301260800
36668,0.99,201301260800
36673,2.39,201301260800
36675,2.3,201301260800
36677,1.48,201301260800
36679,1.1,201301260800
36682,0.55,201301260800
36688,1.0,201301260800
36690,1.49,201301260800
36711,0.99,201301260800
36717,1.59,201301260800
36758,2.63,201301260800
36889,1.83,201301260800
36915,1.74,201301260800
36918,2.45,201301260800
36933,1.3,201301260800
36934,2.78,201301260800
36953,2.87,201301260800
36959,2.77,201301260800
36996,0.8,201301260800
36999,1.92,201301260800
37001,1.48,201301260800
37167,1.71,201301260800
37168,2.0,201301260800
37169,1.42,201301260800
37172,0.89,201301260800
37176,1.78,201301260800
37178,0.78,201301260800
37179,1.49,201301260800
37182,2.31,201301260800
37192,1.44,201301260800
37200,2.16,201301260800
37206,2.32,201301260800
37232,2.72,201301260800
37239,0.96,201301260800
37270,2.66,201301260800
37298,1.19,201301260800
37304,1.48,201301260800
37419,3.0,201301260800
37421,2.04,201301260800
37423,2.5,201301260800
37425,1.84,201301260800
37446,2.65,201301260800
37454,0.5,201301260800
37477,1.92,201301260800
37487,2.34,201301260800
37501,2.27,201301260800
37503,1.55,201301260800
37513,2.79,201301260800
37523,2.43,201301260800
37562,2.06,201301260800
37609,2.23,201301260800
37642,1.16,201301260800
37643,1.85,201301260800
37670,1.69,201301260800
37671,0.57,201301260800
37672,0.86,201301260800
37676,1.36,201301260800
37688,2.4,201301260800
37689,0.88,201301260800
37690,2.04,201301260800
37695,1.16,201301260800
37701,1.2,201301260800
37710,2.56,201301260800
37711,2.55,201301260800
37754,2.24,201301260800
37874,0.98,201301260800
37891,0.89,201301260800
37893,2.52,201301260800
37894,2.29,201301260800
37926,2.67,201301260800
37928,0.78,201301260800
37929,2.98,201301260800
37932,1.51,201301260800
37936,2.06,201301260800
37943,1.07,201301260800
37952,0.58,201301260800
37962,1.17,201301260800
37968,2.46,201301260800
38003,1.77,201301260800
38060,2.78,201301260800
38145,1.1,201301260800
38172,1.34,201301260800
38173,0.8,201301260800
38178,2.37,201301260800
38200,1.07,201301260800
38204,1.54,201301260800
38209,1.38,201301260800
38215,0.63,201301260800
38220,1.17,201301260800
38225,1.34,201301260800
38228,2.48,201301260800
38230,2.19,201301260800
38243,2.06,201301260800
38247,0.71,201301260800
38255,0.54,201301260800
38263,2.22,201301260800
38268,2.76,201301260800
38272,1.46,201301260800
38367,2.62,201301260800
38381,0.87,201301260800
38423,2.75,201301260800
38425,1.16,201301260800
38426,1.25,201301260800
38431,2.8,201301260800
38440,1.27,201301260800
38479,2.77,201301260800
38481,2.09,201301260800
38483,2.52,201301260800
38488,0.71,201301260800
38490,1.8,201301260800
38498,2.88,201301260800
38499,2.94,201301260800
38500,0.83,201301260800
38505,1.03,201301260800
38506,1.77,201301260800
38508,2.02,201301260800
38517,1.72,201301260800
38534,2.36,201301260800
38648,2.05,201301260800
38674,2.94,201301260800
38676,2.32,201301260800
38679,2.1,201301260800
38684,1.46,201301260800
38693,1.62,201301260800
38697,2.46,201301260800
38716,1.44,201301260800
38722,0.85,201301260800
38736,0.96,201301260800
38738,1.23,201301260800
38752,2.49,201301260800
38753,1.47,201301260800
38758,2.45,201301260800
38760,1.28,201301260800
38761,2.22,201301260800
38762,1.36,201301260800
38766,0.58,201301260800
38769,0.73,201301260800
38778,1.24,201301260800
38812,0.77,201301260800
38939,2.84,201301260800
38953,1.79,201301260800
38958,0.77,201301260800
38967,2.75,201301260800
39006,0.81,201301260800
39008,1.91,201301260800
39010,2.66,201301260800
39011,0.86,201301260800
39017,0.53,201301260800
39113,2.82,201301260800
39148,0.62,201301260800
39149,0.8,201301260800
39176,2.34,201301260800
39178,2.64,201301260800
39191,2.72,201301260800
39201,2.53,201301260800
39230,0.76,201301260800
39236,1.02,201301260800
39246,0.78,201301260800
39252,0.65,201301260800
39255,1.31,201301260800
39260,1.33,201301260800
39262,1.19,201301260800
39263,1.98,201301260800
39268,2.5,201301260800
39269,2.05,201301260800
39271,1.27,201301260800
39274,1.13,201301260800
39275,1.61,201301260800
39375,2.48,201301260800
39391,0.84,201301260800
39427,2.27,201301260800
39428,1.75,201301260800
39430,0.9,201301260800
39433,0.56,201301260800
39446,2.58,201301260800
39457,1.26,201301260800
39514,1.32,201301260800
39515,1.15,201301260800
39516,1.9,201301260800
39517,1.77,201301260800
39535,0.87,201301260800
39554,1.49,201301260800
39559,0.57,201301260800
39631,0.97,201301260800
39632,1.49,201301260800
39633,1.34,201301260800
39652,2.12,201301260800
39683,2.19,201301260800
39687,1.82,201301260800
39706,0.84,201301260800
39710,0.98,201301260800
39722,2.24,201301260800
39731,2.83,201301260800
39750,2.26,201301260800
39755,2.27,201301260800
39759,1.84,201301260800
39762,0.93,201301260800
39764,1.35,201301260800
39765,1.98,201301260800
39766,2.65,201301260800
39767,0.97,201301260800
39769,1.0,201301260800
39772,0.98,201301260800
39776,2.86,201301260800
39777,2.03,201301260800
39790,1.4,201301260800
39791,2.19,201301260800
39796,1.33,201301260800
39832,1.61,201301260800
39883,0.92,201301260800
39930,2.62,201301260800
39932,2.24,201301260800
39941,1.2,201301260800
39948,1.64,201301260800
39969,2.89,201301260800
40018,1.49,201301260800
40031,2.39,201301260800
40133,0.69,201301260800
40180,1.85,201301260800
40188,2.28,201301260800
40196,0.71,201301260800
40242,1.52,201301260800
40246,2.75,201301260800
40259,2.01,201301260800
40264,0.96,201301260800
40267,1.09,201301260800
40268,2.97,201301260800
40270,2.29,201301260800
40276,2.2,201301260800
40286,0.9,201301260800
40295,2.3,201301260800
40431,1.01,201301260800
40432,2.14,201301260800
40442,1.63,201301260800
40447,1.9,201301260800
40448,1.63,201301260800
40451,2.57,201301260800
40457,2.45,201301260800
40500,2.25,201301260800
40512,1.49,201301260800
40518,2.98,201301260800
40519,1.26,201301260800
40522,2.45,201301260800
40524,1.79,201301260800
40525,2.0,201301260800
40532,1.01,201301260800
40560,1.75,201301260800
40566,2.6,201301260800
40633,1.13,201301260800
40687,2.97,201301260800
40713,0.93,201301260800
40719,0.94,201301260800
40732,2.78,201301260800
40733,2.81,201301260800
40766,0.97,201301260800
40810,2.51,201301260800
40894,2.48,201301260800
40933,1.45,201301260800
40936,2.96,201301260800
40939,1.05,201301260800
40954,1.57,201301260800
40982,1.25,201301260800
41021,2.8,201301260800
41024,2.56,201301260800
41061,1.13,201301260800
41145,0.56,201301260800
41157,2.13,201301260800
41183,1.02,201301260800
41200,0.91,201301260800
41262,1.2,201301260800
41265,1.17,201301260800
41270,0.82,201301260800
41277,2.56,201301260800
41318,3.0,201301260800
41401,2.48,201301260800
41407,2.28,201301260800
41437,2.87,201301260800
41459,0.76,201301260800
41465,2.97,201301260800
41469,0.85,201301260800
41508,1.72,201301260800
41520,2.69,201301260800
41522,2.84,201301260800
41526,2.87,201301260800
41532,1.53,201301260800
41558,1.89,201301260800
41635,0.87,201301260800
41653,2.39,201301260800
41658,1.68,201301260800
41692,1.47,201301260800
41696,1.7,201301260800
41764,0.62,201301260800
41772,2.13,201301260800
41893,2.27,201301260800
41904,0.56,201301260800
41905,1.19,201301260800
41936,2.06,201301260800
41941,2.27,201301260800
41958,2.34,201301260800
41990,2.6,201301260800
42023,1.94,201301260800
42026,1.22,201301260800
42029,2.18,201301260800
42074,1.96,201301260800
42085,2.13,201301260800
42095,1.15,201301260800
42147,2.36,201301260800
42160,0.93,201301260800
42200,1.03,201301260800
42213,0.83,201301260800
42267,1.31,201301260800
42271,2.77,201301260800
42274,1.69,201301260800
42283,1.79,201301260800
42291,0.87,201301260800
42342,1.89,201301260800
42411,2.01,201301260800
42438,0.72,201301260800
42454,0.58,201301260800
42471,1.93,201301260800
42478,1.93,201301260800
42487,1.74,201301260800
42503,0.84,201301260800
42514,0.87,201301260800
42521,1.1,201301260800
42533,2.99,201301260800
42644,1.59,201301260800
42661,1.95,201301260800
42695,2.49,201301260800
42744,0.79,201301260800
42750,2.0,201301260800
42846,1.56,201301260800
42905,2.67,201301260800
42912,0.89,201301260800
42939,0.88,201301260800
42940,2.44,201301260800
42944,1.95,201301260800
42949,1.44,201301260800
43011,2.8,201301260800
43021,0.94,201301260800
43030,1.76,201301260800
43151,0.68,201301260800
43160,2.54,201301260800
43162,2.74,201301260800
43213,2.39,201301260800
43220,1.54,201301260800
43261,1.33,201301260800
43412,2.97,201301260800
43413,2.64,201301260800
43440,2.98,201301260800
43443,2.99,201301260800
43449,1.76,201301260800
43483,0.88,201301260800
43484,1.92,201301260800
43494,2.39,201301260800
43518,1.0,201301260800
43523,2.33,201301260800
43526,0.91,201301260800
43530,0.94,201301260800
43571,0.7,201301260800
43642,1.93,201301260800
43662,2.02,201301260800
43738,1.1,201301260800
43760,2.02,201301260800
43779,2.35,201301260800
43914,1.56,201301260800
43957,2.52,201301260800
43980,2.33,201301260800
43984,1.1,201301260800
43992,1.58,201301260800
43995,2.83,201301260800
44002,1.01,201301260800
44039,1.79,201301260800
44194,2.66,201301260800
44197,2.76,201301260800
44204,2.95,201301260800
44215,0.79,201301260800
44226,1.57,201301260800
44247,1.68,201301260800
44255,2.44,201301260800
44282,0.96,201301260800
44284,1.46,201301260800
44356,1.79,201301260800
44470,2.17,201301260800
44486,0.53,201301260800
44503,0.95,201301260800
44504,1.45,201301260800
44510,1.72,201301260800
44517,0.75,201301260800
44534,2.16,201301260800
44578,2.22,201301260800
44666,1.54,201301260800
44694,0.83,201301260800
44697,2.45,201301260800
44716,0.73,201301260800
44724,0.79,201301260800
44743,1.7,201301260800
44755,2.12,201301260800
44756,1.74,201301260800
44757,2.33,201301260800
44758,0.96,201301260800
44786,2.46,201301260800
44787,2.41,201301260800
44911,1.71,201301260800
44963,0.71,201301260800
45005,1.03,201301260800
45006,2.52,201301260800
45007,1.85,201301260800
45008,1.94,201301260800
45039,2.41,201301260800
45114,1.92,201301260800
45168,2.51,201301260800
45200,1.75,201301260800
45203,1.79,201301260800
45208,2.05,201301260800
45237,2.33,201301260800
45254,1.72,201301260800
45256,0.88,201301260800
45258,1.36,201301260800
45261,2.26,201301260800
45265,1.08,201301260800
45266,1.99,201301260800
45401,2.57,201301260800
45479,2.62,201301260800
45502,1.67,201301260800
45507,2.89,201301260800
45509,2.35,201301260800
45526,2.61,201301260800
45538,1.6,201301260800
45582,1.12,201301260800
45661,1.81,201301260800
45701,1.45,201301260800
45703,0.73,201301260800
45716,2.49,201301260800
45720,1.82,201301260800
45725,1.03,201301260800
45735,2.23,201301260800
45747,2.02,201301260800
45766,2.03,201301260800
45793,1.12,201301260800
45795,2.6,201301260800
45919,1.51,201301260800
45948,0.84,201301260800
46008,2.69,201301260800
46036,2.53,201301260800
46041,2.65,201301260800
46052,0.98,201301260800
46074,2.64,201301260800
46145,1.18,201301260800
46202,0.58,201301260800
46209,1.15,201301260800
46242,1.73,201301260800
46265,2.27,201301260800
46372,0.88,201301260800
46384,0.58,201301260800
46455,1.37,201301260800
46508,2.1,201301260800
46523,2.27,201301260800
46538,2.4,201301260800
46565,1.73,201301260800
46574,0.72,201301260800
46626,2.27,201301260800
46700,2.99,201301260800
46738,2.14,201301260800
46770,2.58,201301260800
46778,1.97,201301260800
46787,1.99,201301260800
46803,1.68,201301260800
46954,0.6,201301260800
46964,0.6,201301260800
46972,2.86,201301260800
46976,2.7,201301260800
46981,2.34,201301260800
47011,1.66,201301260800
47015,2.21,201301260800
47047,1.68,201301260800
47253,1.27,201301260800
47288,2.47,201301260800
47295,0.71,201301260800
47342,2.42,201301260800
47454,1.58,201301260800
47535,1.85,201301260800
47543,1.64,201301260800
47705,0.58,201301260800
47709,0.52,201301260800
47711,2.21,201301260800
47758,0.94,201301260800
47806,1.57,201301260800
47889,2.15,201301260800
47926,2.62,201301260800
47968,0.93,201301260800
47972,2.61,201301260800
47977,1.59,201301260800
47982,1.21,201301260800
48032,1.98,201301260800
48209,1.42,201301260800
48239,1.84,201301260800
48244,1.27,201301260800
48278,1.81,201301260800
48420,0.75,201301260800
48427,1.15,201301260800
48499,1.83,201301260800
48503,2.42,201301260800
48552,1.4,201301260800
48584,2.21,201301260800
48713,0.8,201301260800
48759,1.36,201301260800
48848,2.7,201301260800
48898,2.99,201301260800
49017,2.62,201301260800
49049,1.27,201301260800
49229,0.98,201301260800
49241,1.65,201301260800
49472,0.58,201301260800
49483,1.34,201301260800
49542,2.03,201301260800
49555,2.03,201301260800
49679,0.82,201301260800
49750,2.82,201301260800
49760,2.07,201301260800
49777,0.96,201301260800
49968,2.55,201301260800
50053,2.11,201301260800
50103,1.18,201301260800
50180,2.77,201301260800
50285,2.77,201301260800
50430,2.64,201301260800
50470,2.78,201301260800
50494,0.61,201301260800
50511,1.46,201301260800
50549,1.37,201301260800
50680,1.7,201301260800
50682,0.97,201301260800
50731,1.91,201301260800
50812,0.78,201301260800
50872,2.46,201301260800
51029,1.7,201301260800
51046,2.83,201301260800
51053,1.27,201301260800
51056,2.32,201301260800
51162,1.64,201301260800
51177,0.85,201301260800
51182,2.5,201301260800
51228,0.95,201301260800
51258,1.14,201301260800
51430,1.13,201301260800
51431,1.28,201301260800
51432,1.53,201301260800
51520,0.93,201301260800
51681,1.27,201301260800
51682,2.99,201301260800
51725,2.17,201301260800
51790,1.53,201301260800
51832,1.68,201301260800
51857,1.42,201301260800
51931,2.62,201301260800
51932,1.0,201301260800
51986,1.49,201301260800
52003,2.4,201301260800
52182,0.84,201301260800
52244,1.02,201301260800
52259,2.17,201301260800
52280,1.97,201301260800
52319,1.76,201301260800
52473,2.49,201301260800
52518,2.14,201301260800
52631,0.59,201301260800
52679,1.75,201301260800
52729,0.73,201301260800
52811,1.11,201301260800
52983,1.8,201301260800
52988,2.54,201301260800
52993,2.98,201301260800
53000,0.94,201301260800
53016,2.35,201301260800
53027,0.66,201301260800
53072,2.79,201301260800
53090,2.22,201301260800
53177,2.76,201301260800
53178,2.47,201301260800
53381,1.9,201301260800
53427,2.3,201301260800
53429,2.94,201301260800
53761,2.14,201301260800
53774,2.42,201301260800
53797,2.85,201301260800
53810,1.1,201301260800
53822,1.16,201301260800
53864,0.62,201301260800
53927,0.79,201301260800
54038,2.04,201301260800
54071,2.36,201301260800
54234,0.67,201301260800
54281,1.91,201301260800
54284,1.82,201301260800
54327,1.49,201301260800
54334,2.14,201301260800
54349,1.34,201301260800
54427,2.03,201301260800
54503,2.4,201301260800
54510,2.46,201301260800
54520,1.79,201301260800
54550,2.75,201301260800
54578,2.12,201301260800
54678,1.9,201301260800
54828,0.87,201301260800
54983,0.89,201301260800
54996,1.76,201301260800
55070,2.21,201301260800
55329,0.81,201301260800
55331,2.59,201301260800
55535,1.65,201301260800
55633,2.34,201301260800
55680,1.03,201301260800
55761,2.95,201301260800
55831,2.71,201301260800
55832,1.78,201301260800
55838,0.62,201301260800
55845,2.33,201301260800
56106,1.17,201301260800
56493,2.01,201301260800
56571,2.66,201301260800
56586,0.51,201301260800
56587,2.95,201301260800
56591,1.54,201301260800
56738,2.71,201301260800
56835,2.36,201301260800
56882,1.15,201301260800
56887,1.57,201301260800
56888,2.34,201301260800
56933,1.92,201301260800
56934,2.42,201301260800
57042,1.76,201301260800
57062,1.1,201301260800
57189,2.09,201301260800
57261,1.44,201301260800
57329,1.1,201301260800
57342,1.72,201301260800
57376,1.26,201301260800
57378,1.24,201301260800
57380,0.75,201301260800
57397,2.05,201301260800
57440,1.55,201301260800
57495,2.61,201301260800
57523,2.83,201301260800
57555,1.86,201301260800
57597,1.26,201301260800
57613,2.68,201301260800
57615,1.74,201301260800
57628,1.04,201301260800
57631,2.21,201301260800
57823,2.83,201301260800
57837,1.77,201301260800
57851,0.97,201301260800
57852,2.28,201301260800
57906,1.97,201301260800
58179,2.89,201301260800
58251,1.19,201301260800
58421,0.79,201301260800
58511,2.65,201301260800
58632,0.95,201301260800
58744,1.68,201301260800
58802,2.69,201301260800
58814,1.08,201301260800
58879,2.42,201301260800
58892,1.19,201301260800
59010,2.72,201301260800
59043,2.57,201301260800
59104,2.39,201301260800
59125,1.66,201301260800
59134,1.6,201301260800
59285,0.78,201301260800
59329,2.24,201301260800
59555,2.21,201301260800
59635,2.47,201301260800
59745,2.11,201301260800
59927,2.4,201301260800
59941,1.17,201301260800
60008,1.28,201301260800
60011,1.36,201301260800
60114,1.61,201301260800
60141,1.98,201301260800
60147,1.4,201301260800
60331,2.36,201301260800
60344,2.29,201301260800
60350,1.5,201301260800
60578,2.55,201301260800
60593,1.61,201301260800
60613,1.32,201301260800
60630,2.3,201301260800
60635,2.81,201301260800
60649,0.74,201301260800
60750,1.42,201301260800
60774,1.65,201301260800
60819,1.04,201301260800
60880,0.54,201301260800
60888,1.69,201301260800
61062,2.3,201301260800
61110,2.57,201301260800
61263,1.49,201301260800
61343,0.53,201301260800
61591,2.66,201301260800
61597,1.75,201301260800
61654,1.32,201301260800
61818,2.69,201301260800
62077,2.15,201301260800
62104,2.76,201301260800
62135,1.13,201301260800
62140,1.28,201301260800
62252,0.54,201301260800
62558,2.35,201301260800
62589,2.0,201301260800
62757,0.73,201301260800
62772,1.7,201301260800
62850,1.06,201301260800
62926,2.12,201301260800
62948,2.32,201301260800
63044,1.41,201301260800
63153,0.74,201301260800
63383,1.7,201301260800
63397,1.47,201301260800
63398,1.56,201301260800
63407,1.84,201301260800
63574,1.78,201301260800
63586,2.28,201301260800
63816,0.74,201301260800
64102,2.16,201301260800
64150,0.87,201301260800
64200,0.71,201301260800
64515,1.03,201301260800
64529,2.51,201301260800
64573,1.26,201301260800
64581,1.01,201301260800
64815,1.58,201301260800
64915,1.11,201301260800
65059,1.84,201301260800
65144,1.49,201301260800
65320,2.59,201301260800
65375,2.19,201301260800
65454,1.88,201301260800
65528,2.18,201301260800
65607,2.03,201301260800
65774,1.01,201301260800
65838,0.67,201301260800
66068,2.36,201301260800
66084,1.66,201301260800
66151,2.08,201301260800
66353,1.72,201301260800
66538,0.88,201301260800
66575,1.52,201301260800
66637,2.5,201301260800
66827,1.74,201301260800
66870,1.73,201301260800
67110,1.29,201301260800
67207,1.66,201301260800
67335,1.24,201301260800
67385,2.39,201301260800
67599,2.58,201301260800
67601,1.57,201301260800
67602,2.89,201301260800
67698,0.91,201301260800
67824,2.07,201301260800
67842,2.58,201301260800
67854,1.42,201301260800
67855,1.29,201301260800
67918,1.51,201301260800
68103,2.31,201301260800
68104,2.68,201301260800
68110,1.41,201301260800
68111,1.33,201301260800
68349,2.31,201301260800
68354,2.69,201301260800
68356,0.69,201301260800
68454,2.11,201301260800
68455,1.72,201301260800
68587,2.78,201301260800
68857,0.59,201301260800
68858,0.9,201301260800
68897,0.53,201301260800
68924,1.76,201301260800
68930,1.94,201301260800
69106,2.38,201301260800
69190,1.02,201301260800
69206,2.16,201301260800
69359,0.97,201301260800
69371,2.93,201301260800
69455,1.19,201301260800
69582,1.19,201301260800
69613,1.65,201301260800
69676,2.82,201301260800
70115,2.47,201301260800
70132,2.16,201301260800
70181,2.17,201301260800
70342,1.39,201301260800
70352,1.49,201301260800
70360,2.33,201301260800
70374,2.85,201301260800
70440,2.65,201301260800
70462,1.2,201301260800
70619,2.22,201301260800
70659,0.65,201301260800
70715,1.23,201301260800
70903,2.16,201301260800
70934,1.07,201301260800
70961,0.66,201301260800
71122,2.59,201301260800
71187,1.35,201301260800
71399,0.52,201301260800
71601,1.88,201301260800
71629,1.72,201301260800
71888,1.44,201301260800
71961,2.73,201301260800
71964,1.69,201301260800
72201,1.92,201301260800
72218,1.68,201301260800
72345,1.96,201301260800
72367,2.26,201301260800
72407,1.57,201301260800
72416,1.52,201301260800
72706,1.25,201301260800
72894,0.95,201301260800
73104,1.62,201301260800
73135,0.62,201301260800
73211,1.4,201301260800
73223,1.94,201301260800
73451,2.67,201301260800
73460,1.7,201301260800
73461,2.16,201301260800
73557,1.16,201301260800
73669,2.3,201301260800
74158,1.43,201301260800
74216,1.65,201301260800
74388,0.56,201301260800
74396,1.66,201301260800
74466,0.82,201301260800
74467,0.58,201301260800
74638,3.0,201301260800
74677,0.97,201301260800
74678,1.68,201301260800
74711,2.77,201301260800
74721,1.45,201301260800
74962,1.49,201301260800
74968,2.66,201301260800
74973,1.71,201301260800
75224,1.71,201301260800
75329,1.31,201301260800
75386,2.67,201301260800
75424,1.62,201301260800
75436,0.72,201301260800
75475,0.68,201301260800
75619,2.8,201301260800
75721,2.44,201301260800
75722,0.79,201301260800
75724,0.74,201301260800
75725,2.38,201301260800
75726,2.82,201301260800
75727,1.45,201301260800
75974,1.3,201301260800
75975,2.76,201301260800
76133,0.77,201301260800
76227,0.88,201301260800
76393,2.81,201301260800
76473,1.83,201301260800
76477,1.01,201301260800
76654,2.42,201301260800
76728,0.78,201301260800
76959,0.73,201301260800
77169,2.73,201301260800
77230,2.34,201301260800
77381,2.95,201301260800
77458,1.65,201301260800
77641,2.46,201301260800
77942,1.32,201301260800
77981,1.33,201301260800
78205,0.91,201301260800
78418,1.2,201301260800
78654,1.44,201301260800
78733,1.87,201301260800
78881,0.9,201301260800
78896,1.9,201301260800
78909,2.93,201301260800
78983,1.75,201301260800
79234,1.1,201301260800
79379,2.75,201301260800
79394,1.53,201301260800
79484,1.39,201301260800
79712,1.56,201301260800
79911,2.8,201301260800
79915,0.75,201301260800
80160,0.64,201301260800
80161,1.21,201301260800
80193,0.99,201301260800
80352,1.23,201301260800
80397,2.98,201301260800
80406,2.29,201301260800
80411,1.15,201301260800
80412,1.02,201301260800
80413,2.67,201301260800
80420,2.31,201301260800
80485,1.01,201301260800
80635,2.71,201301260800
80659,1.28,201301260800
80663,1.0,201301260800
80664,2.9,201301260800
80703,2.99,201301260800
80877,0.74,201301260800
80916,1.64,201301260800
81163,1.32,201301260800
81164,2.23,201301260800
81354,1.44,201301260800
81363,1.58,201301260800
81390,2.49,201301260800
81625,2.35,201301260800
81651,1.54,201301260800
81899,2.58,201301260800
82135,1.59,201301260800
82168,2.25,201301260800
82169,2.65,201301260800
82237,2.28,201301260800
82613,2.82,201301260800
82622,2.1,201301260800
82664,0.91,201301260800
82892,1.72,201301260800
82951,1.63,201301260800
83410,1.24,201301260800
83489,2.32,201301260800
83735,1.02,201301260800
83865,2.88,201301260800
84123,2.63,201301260800
84179,2.91,201301260800
84207,1.17,201301260800
84212,2.82,201301260800
84221,1.59,201301260800
84366,0.66,201301260800
84689,0.61,201301260800
84712,2.92,201301260800
84902,1.04,201301260800
85474,2.1,201301260800
85487,2.1,201301260800
85620,1.25,201301260800
85705,1.67,201301260800
85715,1.77,201301260800
85738,2.33,201301260800
86440,2.13,201301260800
86622,1.16,201301260800
86623,0.87,201301260800
86672,1.75,201301260800
86873,2.75,201301260800
86895,2.62,201301260800
87121,1.22,201301260800
87227,2.23,201301260800
87460,1.77,201301260800
87690,1.69,201301260800
87873,1.6,201301260800
88242,1.1,201301260800
88463,0.79,201301260800
89120,2.49,201301260800
89152,1.27,201301260800
89175,1.83,201301260800
89198,0.95,201301260800
89615,1.92,201301260800
89625,2.06,201301260800
90116,1.15,201301260800
90183,1.18,201301260800
90497,2.91,201301260800
90699,1.87,201301260800
90719,1.32,201301260800
91200,1.28,201301260800
91432,1.25,201301260800
91434,2.78,201301260800
91684,2.14,201301260800
91713,2.08,201301260800
91744,1.34,201301260800
92233,0.6,201301260800
93205,2.48,201301260800
93244,2.36,201301260800
93252,1.8,201301260800
93463,0.85,201301260800
93675,2.76,201301260800
93944,2.22,201301260800
94431,1.32,201301260800
94710,1.11,201301260800
94755,1.68,201301260800
94997,0.69,201301260800
95000,1.75,201301260800
95707,2.83,201301260800
95949,1.01,201301260800
95998,1.9,201301260800
96188,2.04,201301260800
96225,2.41,201301260800
96249,2.75,201301260800
96468,1.94,201301260800
96486,2.7,201301260800
96718,1.67,201301260800
96972,1.39,201301260800
96995,2.12,201301260800
97251,0.86,201301260800
97440,1.42,201301260800
97471,0.6,201301260800
97969,2.21,201301260800
97990,2.45,201301260800
98224,2.8,201301260800
98229,2.07,201301260800
98450,2.83,201301260800
98475,1.83,201301260800
98739,2.93,201301260800
99256,1.85,201301260800
99468,2.52,201301260800
99730,2.09,201301260800
101215,1.61,201301260800
101911,2.39,201301260800
101912,2.22,201301260800
101989,1.81,201301260800
102999,1.6,201301260800
103242,1.18,201301260800
103431,2.34,201301260800
104177,2.31,201301260800
104221,2.75,201301260800
104239,2.9,201301260800
104701,0.73,201301260800
104984,2.22,201301260800
105196,0.95,201301260800
105219,1.05,201301260800
105460,2.51,201301260800
105461,0.59,201301260800
105481,1.69,201301260800
105489,2.37,201301260800
105709,2.51,201301260800
105710,2.33,201301260800
105711,1.16,201301260800
105712,1.98,201301260800
105713,2.93,201301260800
105715,1.62,201301260800
105726,2.51,201301260800
105727,2.32,201301260800
105736,2.71,201301260800
105960,1.24,201301260800
105961,1.41,201301260800
105962,1.84,201301260800
105963,2.61,201301260800
105964,1.4,201301260800
105975,1.43,201301260800
106195,2.18,201301260800
106213,1.9,201301260800
106214,1.96,201301260800
106215,1.96,201301260800
106221,1.73,201301260800
106231,2.85,201301260800
106232,0.99,201301260800
106234,2.16,201301260800
106235,0.94,201301260800
106237,2.79,201301260800
106446,0.68,201301260800
106447,2.85,201301260800
106462,1.18,201301260800
106463,2.2,201301260800
106465,0.53,201301260800
106466,1.21,201301260800
106467,2.86,201301260800
106480,1.87,201301260800
106712,2.94,201301260800
106717,1.44,201301260800
106718,1.9,201301260800
106741,2.57,201301260800
106958,2.93,201301260800
106964,2.49,201301260800
106965,1.57,201301260800
106966,1.06,201301260800
106967,2.75,201301260800
106971,2.9,201301260800
106983,1.71,201301260800
106997,2.36,201301260800
107200,1.1,201301260800
107212,2.23,201301260800
107219,2.62,201301260800
107240,2.66,201301260800
107460,2.85,201301260800
107465,2.35,201301260800
107466,1.75,201301260800
107468,2.44,201301260800
107491,1.0,201301260800
107711,2.96,201301260800
107725,1.06,201301260800
107726,2.06,201301260800
107954,1.0,201301260800
107966,0.8,201301260800
107971,2.78,201301260800
107979,2.48,201301260800
107993,2.75,201301260800
108205,1.02,201301260800
108211,2.23,201301260800
108214,2.02,201301260800
108215,2.09,201301260800
108217,0.87,201301260800
108219,2.41,201301260800
108220,2.97,201301260800
108222,1.37,201301260800
108225,1.82,201301260800
108230,2.8,201301260800
108454,2.91,201301260800
108463,0.97,201301260800
108499,1.88,201301260800
108717,1.9,201301260800
108722,2.59,201301260800
108724,2.25,201301260800
108733,2.31,201301260800
108968,0.85,201301260800
108975,0.98,201301260800
108984,2.79,201301260800
108985,2.88,201301260800
109216,2.37,201301260800
109219,1.79,201301260800
109222,1.65,201301260800
109227,1.09,201301260800
109231,1.93,201301260800
109236,2.37,201301260800
109245,0.99,201301260800
109473,0.67,201301260800
109487,1.69,201301260800
109494,2.34,201301260800
109495,2.05,201301260800
109496,0.71,201301260800
109497,1.83,201301260800
109742,1.78,201301260800
109744,1.66,201301260800
109748,1.04,201301260800
109750,2.59,201301260800
109980,1.6,201301260800
109991,1.88,201301260800
109994,2.39,201301260800
109998,2.06,201301260800
110001,2.34,201301260800
110243,1.5,201301260800
110247,1.02,201301260800
110249,0.53,201301260800
110251,2.26,201301260800
110253,1.41,201301260800
110254,2.49,201301260800
