cell,mobility,dtg
1610,1.75,201301230800
1846,2.77,201301230800
1851,0.78,201301230800
1853,1.44,201301230800
1856,2.11,201301230800
1857,1.58,201301230800
2103,1.75,201301230800
2105,1.81,201301230800
2106,1.48,201301230800
2107,1.82,201301230800
2114,1.18,201301230800
2342,1.61,201301230800
2347,1.25,201301230800
2351,1.97,201301230800
2354,1.53,201301230800
2357,2.9,201301230800
2372,2.35,201301230800
2374,0.92,201301230800
2591,1.86,201301230800
2595,2.46,201301230800
2605,1.78,201301230800
2611,2.91,201301230800
2615,2.46,201301230800
2620,2.04,201301230800
2627,2.81,201301230800
2839,2.73,201301230800
2847,1.73,201301230800
3086,1.57,201301230800
3094,1.09,201301230800
3100,0.8,201301230800
3124,0.91,201301230800
3128,0.75,201301230800
3334,0.59,201301230800
3337,2.29,201301230800
3375,0.87,201301230800
3614,1.29,201301230800
3619,1.61,201301230800
3632,2.39,201301230800
3635,1.87,201301230800
3830,0.61,201301230800
3831,2.31,201301230800
3833,0.78,201301230800
3837,1.81,201301230800
3845,1.42,201301230800
3856,2.23,201301230800
3860,2.1,201301230800
3865,2.14,201301230800
4078,1.1,201301230800
4081,2.2,201301230800
4137,1.3,201301230800
4141,2.58,201301230800
4142,0.56,201301230800
4328,2.07,201301230800
4329,2.53,201301230800
4341,0.85,201301230800
4345,2.93,201301230800
4348,1.8,201301230800
4354,1.28,201301230800
4372,0.79,201301230800
4577,1.03,201301230800
4578,0.83,201301230800
4580,1.18,201301230800
4582,0.73,201301230800
4605,2.54,201301230800
4608,2.63,201301230800
4631,2.16,201301230800
4636,2.22,201301230800
4637,1.7,201301230800
4829,1.06,201301230800
4830,2.52,201301230800
4831,1.54,201301230800
4834,1.9,201301230800
4837,1.85,201301230800
4852,1.89,201301230800
4863,1.9,201301230800
4868,1.22,201301230800
4890,2.77,201301230800
4891,1.65,201301230800
5078,2.82,201301230800
5081,2.19,201301230800
5084,1.62,201301230800
5127,2.01,201301230800
5153,0.87,201301230800
5327,2.46,201301230800
5329,0.67,201301230800
5333,2.09,201301230800
5334,1.82,201301230800
5339,2.12,201301230800
5369,2.0,201301230800
5402,1.21,201301230800
5410,0.51,201301230800
5577,1.33,201301230800
5581,0.75,201301230800
5592,2.99,201301230800
5612,1.71,201301230800
5623,1.26,201301230800
5876,1.12,201301230800
5893,2.16,201301230800
5898,0.8,201301230800
6078,1.2,201301230800
6118,1.27,201301230800
6136,0.66,201301230800
6158,2.95,201301230800
6159,1.45,201301230800
6333,1.33,201301230800
6353,2.5,201301230800
6365,0.77,201301230800
6366,1.49,201301230800
6414,2.05,201301230800
6588,2.22,201301230800
6609,2.36,201301230800
6635,2.74,201301230800
6668,1.48,201301230800
6841,1.15,201301230800
6849,2.96,201301230800
6896,2.51,201301230800
6924,1.69,201301230800
6928,1.78,201301230800
6935,1.76,201301230800
6939,2.55,201301230800
7077,2.25,201301230800
7078,2.9,201301230800
7085,1.86,201301230800
7088,2.96,201301230800
7113,2.44,201301230800
7114,1.87,201301230800
7129,1.81,201301230800
7133,2.4,201301230800
7165,1.08,201301230800
7192,1.4,201301230800
7354,1.79,201301230800
7375,2.31,201301230800
7379,2.26,201301230800
7401,2.0,201301230800
7410,0.76,201301230800
7436,0.51,201301230800
7584,2.2,201301230800
7646,1.12,201301230800
7849,2.39,201301230800
7871,2.11,201301230800
7927,0.57,201301230800
7948,2.34,201301230800
8080,2.93,201301230800
8170,1.06,201301230800
8182,1.05,201301230800
8195,2.19,201301230800
8342,1.36,201301230800
8582,1.76,201301230800
8602,1.68,201301230800
8609,0.75,201301230800
8638,2.78,201301230800
8656,2.91,201301230800
8830,2.75,201301230800
8839,0.93,201301230800
8876,1.96,201301230800
8897,1.51,201301230800
8912,2.49,201301230800
8918,1.39,201301230800
8929,0.89,201301230800
8940,2.75,201301230800
8954,2.57,201301230800
9140,1.47,201301230800
9333,2.94,201301230800
9468,0.93,201301230800
9473,1.24,201301230800
9589,2.99,201301230800
9601,1.78,201301230800
9607,2.72,201301230800
9658,2.02,201301230800
9724,2.64,201301230800
9833,1.49,201301230800
10084,0.52,201301230800
10089,1.22,201301230800
10096,2.45,201301230800
10144,1.61,201301230800
10170,2.69,201301230800
10181,2.28,201301230800
10189,0.83,201301230800
10201,0.95,201301230800
10334,2.08,201301230800
10335,1.76,201301230800
10383,1.55,201301230800
10414,0.58,201301230800
10444,1.35,201301230800
10458,0.55,201301230800
10477,2.56,201301230800
10586,1.24,201301230800
10601,0.84,201301230800
10609,1.4,201301230800
10616,1.75,201301230800
10633,2.27,201301230800
10655,2.76,201301230800
10665,0.55,201301230800
10681,1.47,201301230800
10717,2.78,201301230800
10835,2.45,201301230800
10837,0.79,201301230800
10847,2.29,201301230800
10903,1.08,201301230800
10911,0.56,201301230800
10918,2.0,201301230800
10973,1.64,201301230800
11087,1.46,201301230800
11092,1.47,201301230800
11128,1.01,201301230800
11222,2.26,201301230800
11223,1.44,201301230800
11225,0.98,201301230800
11238,1.91,201301230800
11361,2.02,201301230800
11393,0.98,201301230800
11424,1.84,201301230800
11601,2.69,201301230800
11682,1.93,201301230800
11704,2.96,201301230800
11858,2.88,201301230800
11884,2.58,201301230800
11901,1.11,201301230800
11946,1.24,201301230800
11960,1.04,201301230800
11972,0.6,201301230800
12089,1.38,201301230800
12090,2.65,201301230800
12096,2.24,201301230800
12120,2.32,201301230800
12157,0.51,201301230800
12230,2.52,201301230800
12383,2.29,201301230800
12431,1.68,201301230800
12601,0.88,201301230800
12625,2.72,201301230800
12632,2.26,201301230800
12842,1.0,201301230800
12875,2.43,201301230800
12901,2.33,201301230800
12913,2.54,201301230800
12933,1.43,201301230800
12934,2.94,201301230800
12985,2.57,201301230800
13099,1.23,201301230800
13114,1.24,201301230800
13150,2.19,201301230800
13175,2.68,201301230800
13183,1.78,201301230800
13222,1.03,201301230800
13358,1.78,201301230800
13444,1.08,201301230800
13455,2.68,201301230800
13456,1.0,201301230800
13670,2.45,201301230800
13694,2.45,201301230800
13845,0.53,201301230800
13849,2.71,201301230800
14011,1.02,201301230800
14095,1.86,201301230800
14133,2.35,201301230800
14161,2.11,201301230800
14167,2.58,201301230800
14184,1.83,201301230800
14241,2.56,201301230800
14255,1.3,201301230800
14349,2.76,201301230800
14350,2.29,201301230800
14375,0.93,201301230800
14452,2.53,201301230800
14475,2.04,201301230800
14620,2.61,201301230800
14673,1.08,201301230800
14745,2.05,201301230800
14859,1.72,201301230800
14936,2.62,201301230800
14995,2.46,201301230800
15097,2.56,201301230800
15098,2.5,201301230800
15246,2.45,201301230800
15349,0.78,201301230800
15440,0.63,201301230800
15600,2.75,201301230800
15656,2.03,201301230800
15672,2.58,201301230800
15699,1.5,201301230800
15714,2.16,201301230800
15725,0.96,201301230800
15744,0.87,201301230800
15849,0.71,201301230800
15850,1.89,201301230800
15851,2.49,201301230800
15853,0.6,201301230800
15871,2.05,201301230800
16100,2.04,201301230800
16105,1.69,201301230800
16114,1.32,201301230800
16171,2.41,201301230800
16184,2.15,201301230800
16400,0.69,201301230800
16414,0.53,201301230800
16601,1.16,201301230800
16604,2.88,201301230800
16625,1.85,201301230800
16670,0.61,201301230800
16853,1.48,201301230800
16868,0.65,201301230800
16932,1.19,201301230800
17232,0.98,201301230800
17355,1.91,201301230800
17358,1.15,201301230800
17367,2.85,201301230800
17635,2.38,201301230800
17673,1.78,201301230800
17681,2.17,201301230800
17884,1.21,201301230800
17984,2.95,201301230800
18108,2.61,201301230800
18115,1.82,201301230800
18118,1.3,201301230800
18123,2.4,201301230800
18139,1.69,201301230800
18154,1.56,201301230800
18160,1.13,201301230800
18177,2.62,201301230800
18185,1.45,201301230800
18383,1.21,201301230800
18404,0.92,201301230800
18427,1.07,201301230800
18466,0.6,201301230800
18616,1.27,201301230800
18629,0.89,201301230800
18861,2.58,201301230800
18866,2.64,201301230800
18925,0.5,201301230800
19110,0.71,201301230800
19112,2.51,201301230800
19114,1.27,201301230800
19122,1.56,201301230800
19360,1.82,201301230800
19443,1.44,201301230800
19481,0.72,201301230800
19611,2.24,201301230800
19612,0.72,201301230800
19618,1.17,201301230800
19633,2.38,201301230800
19678,2.53,201301230800
19878,1.75,201301230800
19913,1.43,201301230800
20113,2.86,201301230800
20114,1.69,201301230800
20116,1.7,201301230800
20170,1.73,201301230800
20363,1.5,201301230800
20387,2.32,201301230800
20396,1.16,201301230800
20436,1.09,201301230800
20616,1.22,201301230800
20621,0.75,201301230800
20628,2.88,201301230800
20651,2.01,201301230800
20671,1.2,201301230800
20682,2.46,201301230800
20864,1.13,201301230800
20882,1.12,201301230800
20931,0.72,201301230800
20995,1.2,201301230800
21115,2.67,201301230800
21118,2.69,201301230800
21201,2.14,201301230800
21373,1.57,201301230800
21377,1.32,201301230800
21392,2.53,201301230800
21407,2.97,201301230800
21428,0.95,201301230800
21448,1.52,201301230800
21617,1.25,201301230800
21619,2.84,201301230800
21639,1.12,201301230800
21658,0.83,201301230800
21663,2.58,201301230800
21701,1.23,201301230800
21721,2.06,201301230800
21868,2.78,201301230800
21871,2.55,201301230800
21999,2.56,201301230800
22126,1.56,201301230800
22133,1.11,201301230800
22174,1.03,201301230800
22176,1.69,201301230800
22205,2.32,201301230800
22368,2.13,201301230800
22395,2.19,201301230800
22419,2.16,201301230800
22420,1.43,201301230800
22421,2.81,201301230800
22422,1.24,201301230800
22619,2.09,201301230800
22630,1.2,201301230800
22634,1.13,201301230800
22671,1.42,201301230800
22673,2.53,201301230800
22700,2.27,201301230800
22751,1.83,201301230800
22768,2.36,201301230800
22869,1.65,201301230800
22877,1.5,201301230800
22928,0.56,201301230800
22940,1.81,201301230800
22955,2.05,201301230800
22963,0.65,201301230800
22966,2.94,201301230800
23120,1.82,201301230800
23124,1.19,201301230800
23125,2.31,201301230800
23131,0.82,201301230800
23138,2.11,201301230800
23169,2.73,201301230800
23194,2.46,201301230800
23216,3.0,201301230800
23370,1.51,201301230800
23371,2.54,201301230800
23379,2.42,201301230800
23386,2.6,201301230800
23388,0.88,201301230800
23427,0.72,201301230800
23621,0.55,201301230800
23627,1.58,201301230800
23635,2.96,201301230800
23641,1.27,201301230800
23662,0.52,201301230800
23669,2.73,201301230800
23690,2.14,201301230800
23744,0.92,201301230800
23750,1.93,201301230800
23872,0.56,201301230800
23873,2.42,201301230800
23875,0.63,201301230800
23881,2.69,201301230800
23894,1.12,201301230800
23896,1.2,201301230800
23907,1.08,201301230800
23925,2.09,201301230800
23973,2.79,201301230800
24005,1.11,201301230800
24009,2.16,201301230800
24032,1.62,201301230800
24122,2.48,201301230800
24123,1.15,201301230800
24149,0.83,201301230800
24247,2.01,201301230800
24251,0.96,201301230800
24265,1.39,201301230800
24266,1.85,201301230800
24373,1.24,201301230800
24374,2.23,201301230800
24380,2.27,201301230800
24381,1.88,201301230800
24383,1.55,201301230800
24387,2.35,201301230800
24402,0.98,201301230800
24405,1.69,201301230800
24423,2.1,201301230800
24623,0.58,201301230800
24626,2.7,201301230800
24643,2.33,201301230800
24732,2.02,201301230800
24734,0.55,201301230800
24739,2.02,201301230800
24774,1.35,201301230800
24775,0.96,201301230800
24781,2.61,201301230800
24837,1.47,201301230800
24874,1.08,201301230800
24877,2.41,201301230800
24879,1.53,201301230800
24880,1.99,201301230800
24895,1.84,201301230800
24920,2.94,201301230800
24990,2.41,201301230800
24991,2.43,201301230800
24993,1.03,201301230800
25124,2.38,201301230800
25125,2.18,201301230800
25126,0.54,201301230800
25129,1.35,201301230800
25130,1.27,201301230800
25132,1.39,201301230800
25136,2.73,201301230800
25138,2.7,201301230800
25141,2.11,201301230800
25179,1.07,201301230800
25187,1.56,201301230800
25375,2.96,201301230800
25376,1.93,201301230800
25377,1.0,201301230800
25379,0.98,201301230800
25385,1.35,201301230800
25395,1.31,201301230800
25400,2.03,201301230800
25405,1.41,201301230800
25412,0.77,201301230800
25427,0.85,201301230800
25626,2.89,201301230800
25627,1.08,201301230800
25628,2.84,201301230800
25629,1.39,201301230800
25632,0.84,201301230800
25633,1.12,201301230800
25642,1.12,201301230800
25715,2.91,201301230800
25747,1.49,201301230800
25763,2.45,201301230800
25876,2.02,201301230800
25877,1.84,201301230800
25878,1.62,201301230800
25881,1.31,201301230800
25882,2.51,201301230800
25886,1.96,201301230800
25888,2.9,201301230800
25926,2.28,201301230800
25997,1.0,201301230800
26005,1.14,201301230800
26035,2.38,201301230800
26127,2.06,201301230800
26129,0.6,201301230800
26130,2.09,201301230800
26133,0.67,201301230800
26135,1.13,201301230800
26136,2.19,201301230800
26138,1.09,201301230800
26139,1.24,201301230800
26141,2.25,201301230800
26148,1.18,201301230800
26168,1.63,201301230800
26378,1.54,201301230800
26379,1.21,201301230800
26380,0.56,201301230800
26381,2.82,201301230800
26382,1.78,201301230800
26383,0.61,201301230800
26385,1.62,201301230800
26386,0.91,201301230800
26387,1.81,201301230800
26389,0.64,201301230800
26391,1.36,201301230800
26392,2.72,201301230800
26393,1.85,201301230800
26396,1.91,201301230800
26403,0.55,201301230800
26408,2.89,201301230800
26427,1.06,201301230800
26450,2.35,201301230800
26492,2.7,201301230800
26546,1.0,201301230800
26563,0.92,201301230800
26564,1.72,201301230800
26628,1.92,201301230800
26629,0.75,201301230800
26630,1.44,201301230800
26631,1.67,201301230800
26633,1.39,201301230800
26634,0.81,201301230800
26656,1.94,201301230800
26674,1.99,201301230800
26708,0.95,201301230800
26752,1.26,201301230800
26754,1.83,201301230800
26755,2.56,201301230800
26782,0.61,201301230800
26846,2.06,201301230800
26879,2.07,201301230800
26880,2.27,201301230800
26881,1.09,201301230800
26882,2.73,201301230800
26883,0.56,201301230800
26884,1.79,201301230800
26885,0.56,201301230800
26886,1.55,201301230800
26887,1.71,201301230800
26889,2.52,201301230800
26890,2.27,201301230800
26891,1.57,201301230800
26892,1.53,201301230800
26893,2.11,201301230800
26894,1.01,201301230800
26895,2.77,201301230800
26897,1.64,201301230800
26905,1.78,201301230800
26938,1.63,201301230800
26964,1.21,201301230800
27006,1.98,201301230800
27042,2.22,201301230800
27098,0.7,201301230800
27130,2.16,201301230800
27131,2.7,201301230800
27132,1.22,201301230800
27133,1.36,201301230800
27134,1.02,201301230800
27135,2.32,201301230800
27136,2.64,201301230800
27137,2.53,201301230800
27138,1.67,201301230800
27142,2.68,201301230800
27143,1.14,201301230800
27145,2.47,201301230800
27148,2.83,201301230800
27149,2.13,201301230800
27152,2.77,201301230800
27155,1.68,201301230800
27175,1.22,201301230800
27209,1.09,201301230800
27247,2.97,201301230800
27381,1.6,201301230800
27382,1.33,201301230800
27383,1.11,201301230800
27384,0.59,201301230800
27386,1.24,201301230800
27387,2.46,201301230800
27388,0.54,201301230800
27389,1.84,201301230800
27390,0.67,201301230800
27392,2.09,201301230800
27395,1.3,201301230800
27404,2.35,201301230800
27415,2.28,201301230800
27427,2.45,201301230800
27489,0.56,201301230800
27494,2.43,201301230800
27498,2.21,201301230800
27518,1.17,201301230800
27632,2.28,201301230800
27633,0.51,201301230800
27634,2.99,201301230800
27635,1.59,201301230800
27636,1.14,201301230800
27637,1.33,201301230800
27638,1.69,201301230800
27639,0.7,201301230800
27640,0.82,201301230800
27642,2.37,201301230800
27643,0.99,201301230800
27645,1.94,201301230800
27646,2.13,201301230800
27647,1.76,201301230800
27649,0.73,201301230800
27654,1.42,201301230800
27763,2.78,201301230800
27764,2.77,201301230800
27796,0.85,201301230800
27797,2.67,201301230800
27883,1.17,201301230800
27884,1.21,201301230800
27885,1.51,201301230800
27886,2.54,201301230800
27887,1.33,201301230800
27888,2.35,201301230800
27889,0.9,201301230800
27890,2.28,201301230800
27891,0.86,201301230800
27892,0.96,201301230800
27894,1.46,201301230800
27895,1.78,201301230800
27897,2.13,201301230800
27902,2.0,201301230800
27908,1.43,201301230800
27911,1.24,201301230800
27930,1.73,201301230800
27971,2.96,201301230800
28004,1.62,201301230800
28015,2.83,201301230800
28049,1.38,201301230800
28102,2.95,201301230800
28134,2.55,201301230800
28135,2.16,201301230800
28136,1.36,201301230800
28137,1.71,201301230800
28138,2.54,201301230800
28139,1.18,201301230800
28140,2.63,201301230800
28142,2.49,201301230800
28143,1.15,201301230800
28144,2.76,201301230800
28146,1.23,201301230800
28154,0.56,201301230800
28156,1.58,201301230800
28216,2.18,201301230800
28239,2.42,201301230800
28384,1.91,201301230800
28385,1.13,201301230800
28386,1.4,201301230800
28387,1.54,201301230800
28388,1.09,201301230800
28389,1.48,201301230800
28390,2.44,201301230800
28391,1.66,201301230800
28392,2.69,201301230800
28393,2.18,201301230800
28394,2.78,201301230800
28396,1.87,201301230800
28397,1.74,201301230800
28400,0.68,201301230800
28401,1.08,201301230800
28405,2.7,201301230800
28427,0.7,201301230800
28467,1.51,201301230800
28496,1.49,201301230800
28497,0.6,201301230800
28519,0.81,201301230800
28535,1.29,201301230800
28539,2.83,201301230800
28545,1.41,201301230800
28557,1.82,201301230800
28635,2.87,201301230800
28636,2.92,201301230800
28637,1.96,201301230800
28638,1.73,201301230800
28639,1.48,201301230800
28640,1.56,201301230800
28641,1.93,201301230800
28642,2.65,201301230800
28643,2.29,201301230800
28644,1.09,201301230800
28645,2.33,201301230800
28646,0.75,201301230800
28649,2.06,201301230800
28658,2.53,201301230800
28667,2.2,201301230800
28675,0.83,201301230800
28751,2.34,201301230800
28753,2.53,201301230800
28754,2.25,201301230800
28788,1.73,201301230800
28812,2.61,201301230800
28823,2.41,201301230800
28886,2.18,201301230800
28887,2.18,201301230800
28888,1.68,201301230800
28889,2.94,201301230800
28890,2.64,201301230800
28891,0.71,201301230800
28892,2.27,201301230800
28893,0.68,201301230800
28894,2.87,201301230800
28895,1.47,201301230800
28896,2.78,201301230800
28897,2.9,201301230800
28899,0.94,201301230800
28900,1.4,201301230800
28901,1.99,201301230800
28902,1.76,201301230800
28905,2.11,201301230800
28912,1.05,201301230800
28960,2.21,201301230800
28969,0.64,201301230800
29004,1.84,201301230800
29012,0.64,201301230800
29026,0.59,201301230800
29068,1.56,201301230800
29076,2.15,201301230800
29088,1.05,201301230800
29094,1.8,201301230800
29136,2.61,201301230800
29137,2.12,201301230800
29138,2.86,201301230800
29139,2.98,201301230800
29140,0.54,201301230800
29141,2.57,201301230800
29142,2.94,201301230800
29143,0.85,201301230800
29144,1.16,201301230800
29146,1.73,201301230800
29147,0.61,201301230800
29148,0.94,201301230800
29149,2.77,201301230800
29151,2.92,201301230800
29158,0.6,201301230800
29165,1.73,201301230800
29171,0.99,201301230800
29190,1.03,201301230800
29247,2.42,201301230800
29387,2.22,201301230800
29388,2.12,201301230800
29389,0.54,201301230800
29390,1.64,201301230800
29391,2.83,201301230800
29392,1.08,201301230800
29393,1.5,201301230800
29394,0.53,201301230800
29395,1.0,201301230800
29396,0.55,201301230800
29397,2.69,201301230800
29398,1.89,201301230800
29399,1.5,201301230800
29401,0.97,201301230800
29402,2.22,201301230800
29403,2.21,201301230800
29405,2.09,201301230800
29409,2.93,201301230800
29425,0.81,201301230800
29429,1.9,201301230800
29495,2.38,201301230800
29498,0.86,201301230800
29533,0.84,201301230800
29556,2.2,201301230800
29638,1.97,201301230800
29639,1.78,201301230800
29640,2.57,201301230800
29641,2.21,201301230800
29642,1.67,201301230800
29643,0.91,201301230800
29644,2.45,201301230800
29645,0.76,201301230800
29648,1.81,201301230800
29649,2.99,201301230800
29650,2.98,201301230800
29654,2.4,201301230800
29663,2.07,201301230800
29670,2.47,201301230800
29710,1.64,201301230800
29730,2.92,201301230800
29733,0.94,201301230800
29736,0.91,201301230800
29766,0.53,201301230800
29891,2.23,201301230800
29892,0.84,201301230800
29893,1.33,201301230800
29894,1.84,201301230800
29895,1.68,201301230800
29896,1.63,201301230800
29897,2.1,201301230800
29898,0.76,201301230800
29900,1.18,201301230800
29903,2.45,201301230800
29906,2.85,201301230800
29909,1.89,201301230800
29912,1.31,201301230800
29917,2.13,201301230800
29925,1.98,201301230800
29966,2.2,201301230800
30021,1.73,201301230800
30026,1.66,201301230800
30036,1.13,201301230800
30142,2.18,201301230800
30143,1.32,201301230800
30144,1.9,201301230800
30145,1.31,201301230800
30146,0.98,201301230800
30147,0.81,201301230800
30148,2.18,201301230800
30152,1.7,201301230800
30154,2.4,201301230800
30157,1.32,201301230800
30158,1.08,201301230800
30181,1.5,201301230800
30242,1.21,201301230800
30243,1.0,201301230800
30244,0.78,201301230800
30261,1.19,201301230800
30300,2.45,201301230800
30322,2.84,201301230800
30393,1.47,201301230800
30394,0.55,201301230800
30395,1.04,201301230800
30396,0.84,201301230800
30397,0.57,201301230800
30398,2.37,201301230800
30400,2.44,201301230800
30401,1.09,201301230800
30403,1.61,201301230800
30407,1.09,201301230800
30410,1.5,201301230800
30420,1.39,201301230800
30430,0.68,201301230800
30434,2.59,201301230800
30439,2.7,201301230800
30481,2.93,201301230800
30489,2.22,201301230800
30494,1.74,201301230800
30495,1.03,201301230800
30496,2.45,201301230800
30645,1.25,201301230800
30646,1.68,201301230800
30647,1.43,201301230800
30648,2.89,201301230800
30649,2.3,201301230800
30650,0.66,201301230800
30651,1.82,201301230800
30652,1.94,201301230800
30653,2.42,201301230800
30654,1.74,201301230800
30661,0.67,201301230800
30664,2.72,201301230800
30666,0.79,201301230800
30669,2.34,201301230800
30673,2.88,201301230800
30683,1.56,201301230800
30745,0.78,201301230800
30750,1.37,201301230800
30777,1.24,201301230800
30780,1.26,201301230800
30812,1.59,201301230800
30897,2.57,201301230800
30898,0.98,201301230800
30899,1.61,201301230800
30900,1.47,201301230800
30901,1.12,201301230800
30902,1.24,201301230800
30903,2.36,201301230800
30904,0.79,201301230800
30908,1.19,201301230800
30909,2.91,201301230800
30912,1.38,201301230800
30913,2.71,201301230800
30928,1.12,201301230800
30953,2.99,201301230800
30979,1.77,201301230800
30994,1.3,201301230800
30995,1.0,201301230800
31027,2.37,201301230800
31028,1.87,201301230800
31029,0.76,201301230800
31082,1.07,201301230800
31148,2.49,201301230800
31149,2.12,201301230800
31150,2.12,201301230800
31151,0.84,201301230800
31152,1.05,201301230800
31156,0.73,201301230800
31157,0.83,201301230800
31161,2.88,201301230800
31166,1.73,201301230800
31172,0.99,201301230800
31274,1.57,201301230800
31281,1.07,201301230800
31369,1.74,201301230800
31398,0.86,201301230800
31401,2.66,201301230800
31407,1.07,201301230800
31408,2.58,201301230800
31409,2.26,201301230800
31410,1.31,201301230800
31413,0.77,201301230800
31419,2.91,201301230800
31427,1.38,201301230800
31457,2.11,201301230800
31466,1.82,201301230800
31651,2.94,201301230800
31652,2.73,201301230800
31656,2.15,201301230800
31660,1.22,201301230800
31663,2.48,201301230800
31666,2.79,201301230800
31675,2.32,201301230800
31738,2.91,201301230800
31754,1.07,201301230800
31782,2.68,201301230800
31903,1.67,201301230800
31904,2.44,201301230800
31905,1.51,201301230800
31906,1.32,201301230800
31908,1.94,201301230800
31912,2.36,201301230800
31921,0.63,201301230800
31928,2.71,201301230800
31949,2.64,201301230800
32028,2.46,201301230800
32032,1.8,201301230800
32045,1.37,201301230800
32150,1.86,201301230800
32155,2.47,201301230800
32157,2.59,201301230800
32161,2.83,201301230800
32162,2.12,201301230800
32167,0.67,201301230800
32169,1.05,201301230800
32175,1.06,201301230800
32182,1.62,201301230800
32185,0.55,201301230800
32195,0.82,201301230800
32235,0.84,201301230800
32404,1.14,201301230800
32405,2.9,201301230800
32410,0.65,201301230800
32411,2.14,201301230800
32415,1.94,201301230800
32449,0.82,201301230800
32490,0.96,201301230800
32558,2.51,201301230800
32622,1.61,201301230800
32656,2.18,201301230800
32658,1.73,201301230800
32660,0.65,201301230800
32662,0.93,201301230800
32668,1.95,201301230800
32682,2.05,201301230800
32697,2.29,201301230800
32712,0.73,201301230800
32729,2.33,201301230800
32739,1.74,201301230800
32742,0.6,201301230800
32744,1.14,201301230800
32802,2.84,201301230800
32834,1.42,201301230800
32905,2.46,201301230800
32907,2.18,201301230800
32912,2.67,201301230800
32916,1.55,201301230800
32922,0.69,201301230800
32924,2.59,201301230800
32926,2.84,201301230800
32929,2.4,201301230800
32977,1.05,201301230800
32978,0.83,201301230800
33154,2.64,201301230800
33158,0.68,201301230800
33160,2.77,201301230800
33165,1.7,201301230800
33170,1.02,201301230800
33186,2.59,201301230800
33286,2.07,201301230800
33405,2.19,201301230800
33409,0.84,201301230800
33412,0.7,201301230800
33418,1.42,201301230800
33420,0.56,201301230800
33424,1.36,201301230800
33435,1.83,201301230800
33442,0.88,201301230800
33519,2.09,201301230800
33594,0.94,201301230800
33656,2.5,201301230800
33659,2.84,201301230800
33662,0.71,201301230800
33664,1.85,201301230800
33666,2.68,201301230800
33669,2.46,201301230800
33673,2.02,201301230800
33675,0.8,201301230800
33694,0.62,201301230800
33724,1.56,201301230800
33742,0.96,201301230800
33812,1.7,201301230800
33909,0.54,201301230800
33911,2.56,201301230800
33912,2.51,201301230800
33913,2.46,201301230800
33922,1.54,201301230800
33923,2.55,201301230800
33924,0.63,201301230800
33931,2.27,201301230800
33935,2.61,201301230800
33986,0.69,201301230800
34013,1.02,201301230800
34160,2.67,201301230800
34161,1.47,201301230800
34162,0.88,201301230800
34163,2.53,201301230800
34167,2.13,201301230800
34190,1.64,201301230800
34211,2.57,201301230800
34303,0.62,201301230800
34380,1.21,201301230800
34407,1.89,201301230800
34413,1.7,201301230800
34423,1.95,201301230800
34424,1.89,201301230800
34427,2.62,201301230800
34430,2.9,201301230800
34437,2.86,201301230800
34440,1.49,201301230800
34486,0.69,201301230800
34495,0.9,201301230800
34510,2.48,201301230800
34520,1.49,201301230800
34528,2.93,201301230800
34563,2.1,201301230800
34662,1.09,201301230800
34667,0.95,201301230800
34668,1.69,201301230800
34670,2.47,201301230800
34672,0.7,201301230800
34673,2.76,201301230800
34676,2.51,201301230800
34679,2.58,201301230800
34682,1.8,201301230800
34695,1.64,201301230800
34710,1.65,201301230800
34714,1.78,201301230800
34720,2.97,201301230800
34882,1.56,201301230800
34913,2.71,201301230800
34914,2.62,201301230800
34915,2.39,201301230800
34924,2.53,201301230800
34925,1.84,201301230800
34934,1.93,201301230800
34939,1.97,201301230800
34959,1.9,201301230800
34990,2.12,201301230800
35102,0.55,201301230800
35164,2.68,201301230800
35166,2.71,201301230800
35173,1.35,201301230800
35178,2.74,201301230800
35183,2.65,201301230800
35185,1.06,201301230800
35187,0.5,201301230800
35193,1.87,201301230800
35203,2.07,201301230800
35218,1.16,201301230800
35237,2.34,201301230800
35244,2.0,201301230800
35249,1.93,201301230800
35295,2.53,201301230800
35368,1.91,201301230800
35410,1.35,201301230800
35414,1.92,201301230800
35415,1.42,201301230800
35417,0.99,201301230800
35421,0.68,201301230800
35440,1.88,201301230800
35455,2.55,201301230800
35492,2.14,201301230800
35515,1.91,201301230800
35665,2.15,201301230800
35675,2.76,201301230800
35683,2.62,201301230800
35686,2.88,201301230800
35700,1.96,201301230800
35745,1.79,201301230800
35755,1.0,201301230800
35769,2.28,201301230800
35916,2.69,201301230800
35917,0.57,201301230800
35918,2.19,201301230800
35919,2.43,201301230800
35921,0.66,201301230800
35929,1.81,201301230800
35931,2.63,201301230800
35941,1.34,201301230800
35944,0.96,201301230800
35971,1.38,201301230800
35981,1.36,201301230800
35992,0.71,201301230800
35994,2.82,201301230800
36067,0.94,201301230800
36162,2.6,201301230800
36167,1.74,201301230800
36169,1.94,201301230800
36170,1.42,201301230800
36173,2.49,201301230800
36176,1.68,201301230800
36177,2.13,201301230800
36205,0.6,201301230800
36237,2.47,201301230800
36245,2.37,201301230800
36246,1.78,201301230800
36293,2.56,201301230800
36311,2.63,201301230800
36417,2.24,201301230800
36420,0.5,201301230800
36421,1.28,201301230800
36441,2.86,201301230800
36448,0.87,201301230800
36494,2.02,201301230800
36498,2.98,201301230800
36502,0.62,201301230800
36510,0.87,201301230800
36513,1.93,201301230800
36519,0.54,201301230800
36524,0.8,201301230800
36576,2.89,201301230800
36668,2.59,201301230800
36673,1.95,201301230800
36675,1.07,201301230800
36677,1.48,201301230800
36679,1.65,201301230800
36682,1.02,201301230800
36688,0.6,201301230800
36690,0.52,201301230800
36711,1.61,201301230800
36717,2.05,201301230800
36758,0.73,201301230800
36889,0.83,201301230800
36915,2.72,201301230800
36918,2.11,201301230800
36933,1.9,201301230800
36934,2.58,201301230800
36953,1.86,201301230800
36959,2.5,201301230800
36996,1.53,201301230800
36999,2.63,201301230800
37001,0.71,201301230800
37167,2.19,201301230800
37168,2.99,201301230800
37169,1.06,201301230800
37172,2.98,201301230800
37176,2.27,201301230800
37178,0.6,201301230800
37179,1.85,201301230800
37182,1.48,201301230800
37192,0.93,201301230800
37200,2.63,201301230800
37206,2.66,201301230800
37232,1.37,201301230800
37239,1.24,201301230800
37270,2.09,201301230800
37298,1.42,201301230800
37304,1.9,201301230800
37419,1.05,201301230800
37421,2.47,201301230800
37423,1.05,201301230800
37425,1.32,201301230800
37446,2.09,201301230800
37454,2.52,201301230800
37477,1.32,201301230800
37487,2.55,201301230800
37501,2.93,201301230800
37503,2.68,201301230800
37513,0.67,201301230800
37523,2.7,201301230800
37562,1.2,201301230800
37609,2.68,201301230800
37642,1.94,201301230800
37643,2.44,201301230800
37670,2.83,201301230800
37671,1.72,201301230800
37672,1.72,201301230800
37676,2.08,201301230800
37688,2.97,201301230800
37689,2.06,201301230800
37690,1.25,201301230800
37695,0.89,201301230800
37701,1.57,201301230800
37710,1.35,201301230800
37711,2.06,201301230800
37754,1.66,201301230800
37874,1.02,201301230800
37891,0.56,201301230800
37893,0.65,201301230800
37894,2.17,201301230800
37926,1.05,201301230800
37928,2.33,201301230800
37929,1.19,201301230800
37932,1.62,201301230800
37936,0.98,201301230800
37943,1.47,201301230800
37952,1.67,201301230800
37962,1.77,201301230800
37968,2.53,201301230800
38003,2.87,201301230800
38060,2.52,201301230800
38145,2.69,201301230800
38172,1.25,201301230800
38173,1.5,201301230800
38178,1.52,201301230800
38200,2.77,201301230800
38204,0.95,201301230800
38209,3.0,201301230800
38215,2.57,201301230800
38220,1.98,201301230800
38225,1.0,201301230800
38228,1.95,201301230800
38230,1.26,201301230800
38243,2.69,201301230800
38247,2.66,201301230800
38255,2.67,201301230800
38263,2.82,201301230800
38268,2.3,201301230800
38272,2.29,201301230800
38367,0.99,201301230800
38381,1.96,201301230800
38423,2.34,201301230800
38425,1.97,201301230800
38426,2.95,201301230800
38431,1.18,201301230800
38440,0.76,201301230800
38479,1.6,201301230800
38481,1.32,201301230800
38483,1.36,201301230800
38488,1.11,201301230800
38490,2.67,201301230800
38498,0.97,201301230800
38499,0.68,201301230800
38500,2.44,201301230800
38505,1.88,201301230800
38506,2.5,201301230800
38508,2.63,201301230800
38517,2.41,201301230800
38534,0.65,201301230800
38648,1.85,201301230800
38674,1.04,201301230800
38676,1.1,201301230800
38679,2.63,201301230800
38684,1.43,201301230800
38693,0.71,201301230800
38697,2.98,201301230800
38716,1.5,201301230800
38722,1.4,201301230800
38736,2.94,201301230800
38738,1.66,201301230800
38752,2.74,201301230800
38753,2.79,201301230800
38758,1.62,201301230800
38760,1.24,201301230800
38761,2.36,201301230800
38762,1.42,201301230800
38766,0.58,201301230800
38769,2.12,201301230800
38778,2.16,201301230800
38812,1.44,201301230800
38939,2.14,201301230800
38953,2.41,201301230800
38958,0.86,201301230800
38967,1.54,201301230800
39006,1.07,201301230800
39008,2.43,201301230800
39010,1.12,201301230800
39011,0.7,201301230800
39017,1.34,201301230800
39113,2.14,201301230800
39148,2.49,201301230800
39149,1.14,201301230800
39176,0.92,201301230800
39178,0.7,201301230800
39191,1.32,201301230800
39201,2.64,201301230800
39230,0.73,201301230800
39236,1.3,201301230800
39246,1.21,201301230800
39252,2.17,201301230800
39255,2.93,201301230800
39260,2.31,201301230800
39262,1.99,201301230800
39263,2.3,201301230800
39268,2.25,201301230800
39269,0.58,201301230800
39271,0.89,201301230800
39274,2.74,201301230800
39275,2.54,201301230800
39375,2.0,201301230800
39391,1.13,201301230800
39427,2.65,201301230800
39428,2.49,201301230800
39430,1.87,201301230800
39433,2.42,201301230800
39446,1.8,201301230800
39457,1.79,201301230800
39514,2.82,201301230800
39515,1.94,201301230800
39516,2.59,201301230800
39517,1.46,201301230800
39535,2.65,201301230800
39554,1.06,201301230800
39559,1.77,201301230800
39631,1.37,201301230800
39632,2.02,201301230800
39633,1.95,201301230800
39652,0.53,201301230800
39683,2.55,201301230800
39687,1.27,201301230800
39706,0.54,201301230800
39710,0.79,201301230800
39722,2.83,201301230800
39731,2.02,201301230800
39750,1.68,201301230800
39755,2.42,201301230800
39759,0.6,201301230800
39762,1.72,201301230800
39764,1.4,201301230800
39765,1.1,201301230800
39766,1.06,201301230800
39767,2.6,201301230800
39769,2.55,201301230800
39772,1.72,201301230800
39776,1.98,201301230800
39777,2.94,201301230800
39790,2.79,201301230800
39791,2.33,201301230800
39796,0.68,201301230800
39832,1.14,201301230800
39883,2.2,201301230800
39930,2.61,201301230800
39932,0.71,201301230800
39941,0.69,201301230800
39948,2.23,201301230800
39969,2.42,201301230800
40018,1.53,201301230800
40031,0.95,201301230800
40133,2.87,201301230800
40180,2.56,201301230800
40188,1.3,201301230800
40196,2.65,201301230800
40242,2.3,201301230800
40246,2.33,201301230800
40259,1.03,201301230800
40264,1.16,201301230800
40267,0.96,201301230800
40268,0.5,201301230800
40270,1.25,201301230800
40276,1.17,201301230800
40286,2.56,201301230800
40295,2.32,201301230800
40431,1.61,201301230800
40432,0.82,201301230800
40442,1.51,201301230800
40447,0.6,201301230800
40448,1.18,201301230800
40451,2.07,201301230800
40457,1.01,201301230800
40500,2.0,201301230800
40512,1.43,201301230800
40518,0.51,201301230800
40519,0.96,201301230800
40522,1.95,201301230800
40524,0.97,201301230800
40525,1.25,201301230800
40532,2.47,201301230800
40560,1.14,201301230800
40566,1.95,201301230800
40633,1.29,201301230800
40687,2.74,201301230800
40713,2.45,201301230800
40719,1.02,201301230800
40732,2.98,201301230800
40733,1.55,201301230800
40766,1.76,201301230800
40810,2.78,201301230800
40894,0.53,201301230800
40933,0.8,201301230800
40936,2.91,201301230800
40939,1.44,201301230800
40954,2.15,201301230800
40982,2.28,201301230800
41021,2.9,201301230800
41024,1.21,201301230800
41061,2.39,201301230800
41145,2.32,201301230800
41157,2.45,201301230800
41183,2.98,201301230800
41200,2.24,201301230800
41262,1.95,201301230800
41265,1.52,201301230800
41270,1.57,201301230800
41277,0.75,201301230800
41318,1.58,201301230800
41401,0.64,201301230800
41407,0.9,201301230800
41437,1.72,201301230800
41459,2.79,201301230800
41465,1.64,201301230800
41469,2.42,201301230800
41508,1.57,201301230800
41520,1.8,201301230800
41522,0.9,201301230800
41526,1.9,201301230800
41532,2.28,201301230800
41558,1.15,201301230800
41635,2.94,201301230800
41653,2.03,201301230800
41658,1.54,201301230800
41692,1.85,201301230800
41696,2.12,201301230800
41764,1.64,201301230800
41772,1.23,201301230800
41893,1.7,201301230800
41904,0.8,201301230800
41905,1.3,201301230800
41936,2.11,201301230800
41941,2.98,201301230800
41958,0.68,201301230800
41990,0.58,201301230800
42023,1.09,201301230800
42026,2.31,201301230800
42029,1.8,201301230800
42074,2.85,201301230800
42085,2.83,201301230800
42095,0.65,201301230800
42147,1.77,201301230800
42160,2.73,201301230800
42200,1.95,201301230800
42213,0.53,201301230800
42267,2.18,201301230800
42271,2.73,201301230800
42274,2.54,201301230800
42283,1.73,201301230800
42291,2.91,201301230800
42342,1.0,201301230800
42411,1.61,201301230800
42438,2.35,201301230800
42454,2.96,201301230800
42471,1.84,201301230800
42478,2.98,201301230800
42487,1.38,201301230800
42503,1.62,201301230800
42514,2.58,201301230800
42521,2.97,201301230800
42533,0.99,201301230800
42644,2.09,201301230800
42661,1.0,201301230800
42695,0.71,201301230800
42744,1.28,201301230800
42750,2.0,201301230800
42846,2.99,201301230800
42905,2.58,201301230800
42912,0.86,201301230800
42939,1.11,201301230800
42940,1.28,201301230800
42944,1.04,201301230800
42949,2.86,201301230800
43011,1.42,201301230800
43021,0.56,201301230800
43030,0.57,201301230800
43151,1.21,201301230800
43160,1.4,201301230800
43162,1.48,201301230800
43213,2.05,201301230800
43220,2.07,201301230800
43261,1.52,201301230800
43412,0.61,201301230800
43413,1.67,201301230800
43440,1.16,201301230800
43443,0.88,201301230800
43449,1.09,201301230800
43483,1.8,201301230800
43484,2.44,201301230800
43494,2.35,201301230800
43518,0.77,201301230800
43523,0.83,201301230800
43526,2.62,201301230800
43530,0.52,201301230800
43571,0.64,201301230800
43642,2.43,201301230800
43662,1.3,201301230800
43738,0.84,201301230800
43760,0.93,201301230800
43779,1.77,201301230800
43914,0.58,201301230800
43957,1.67,201301230800
43980,1.39,201301230800
43984,2.06,201301230800
43992,1.53,201301230800
43995,2.92,201301230800
44002,1.57,201301230800
44039,1.61,201301230800
44194,1.81,201301230800
44197,0.5,201301230800
44204,1.95,201301230800
44215,0.8,201301230800
44226,2.02,201301230800
44247,2.23,201301230800
44255,1.09,201301230800
44282,0.86,201301230800
44284,1.51,201301230800
44356,1.79,201301230800
44470,2.85,201301230800
44486,2.22,201301230800
44503,0.87,201301230800
44504,1.54,201301230800
44510,2.5,201301230800
44517,1.14,201301230800
44534,1.51,201301230800
44578,0.63,201301230800
44666,1.13,201301230800
44694,0.75,201301230800
44697,2.49,201301230800
44716,2.05,201301230800
44724,1.4,201301230800
44743,1.17,201301230800
44755,0.74,201301230800
44756,1.64,201301230800
44757,2.56,201301230800
44758,2.37,201301230800
44786,1.61,201301230800
44787,2.63,201301230800
44911,1.49,201301230800
44963,2.93,201301230800
45005,1.62,201301230800
45006,1.22,201301230800
45007,0.6,201301230800
45008,1.03,201301230800
45039,1.26,201301230800
45114,1.78,201301230800
45168,1.11,201301230800
45200,2.5,201301230800
45203,0.58,201301230800
45208,1.23,201301230800
45237,0.93,201301230800
45254,0.56,201301230800
45256,2.0,201301230800
45258,1.26,201301230800
45261,2.01,201301230800
45265,0.88,201301230800
45266,2.04,201301230800
45401,2.79,201301230800
45479,2.68,201301230800
45502,0.95,201301230800
45507,1.28,201301230800
45509,1.37,201301230800
45526,1.67,201301230800
45538,2.98,201301230800
45582,1.32,201301230800
45661,1.65,201301230800
45701,2.1,201301230800
45703,1.01,201301230800
45716,1.45,201301230800
45720,2.22,201301230800
45725,1.34,201301230800
45735,2.56,201301230800
45747,2.73,201301230800
45766,2.02,201301230800
45793,0.82,201301230800
45795,0.92,201301230800
45919,0.91,201301230800
45948,0.97,201301230800
46008,1.94,201301230800
46036,2.83,201301230800
46041,2.54,201301230800
46052,2.5,201301230800
46074,2.55,201301230800
46145,1.14,201301230800
46202,2.17,201301230800
46209,0.8,201301230800
46242,1.61,201301230800
46265,1.56,201301230800
46372,2.0,201301230800
46384,0.9,201301230800
46455,0.71,201301230800
46508,2.5,201301230800
46523,0.91,201301230800
46538,2.95,201301230800
46565,1.3,201301230800
46574,2.93,201301230800
46626,2.29,201301230800
46700,1.53,201301230800
46738,1.1,201301230800
46770,1.5,201301230800
46778,1.52,201301230800
46787,1.37,201301230800
46803,1.6,201301230800
46954,0.62,201301230800
46964,0.74,201301230800
46972,0.76,201301230800
46976,2.23,201301230800
46981,2.11,201301230800
47011,2.03,201301230800
47015,2.75,201301230800
47047,1.09,201301230800
47253,1.61,201301230800
47288,2.36,201301230800
47295,1.48,201301230800
47342,2.51,201301230800
47454,2.25,201301230800
47535,0.79,201301230800
47543,2.01,201301230800
47705,1.93,201301230800
47709,2.59,201301230800
47711,2.41,201301230800
47758,0.92,201301230800
47806,2.24,201301230800
47889,2.08,201301230800
47926,1.18,201301230800
47968,2.87,201301230800
47972,1.5,201301230800
47977,2.93,201301230800
47982,2.01,201301230800
48032,0.83,201301230800
48209,1.02,201301230800
48239,2.39,201301230800
48244,2.26,201301230800
48278,1.32,201301230800
48420,0.85,201301230800
48427,2.34,201301230800
48499,1.3,201301230800
48503,2.06,201301230800
48552,1.03,201301230800
48584,2.19,201301230800
48713,1.0,201301230800
48759,1.27,201301230800
48848,2.17,201301230800
48898,2.07,201301230800
49017,0.99,201301230800
49049,1.91,201301230800
49229,0.8,201301230800
49241,2.29,201301230800
49472,1.15,201301230800
49483,2.82,201301230800
49542,1.64,201301230800
49555,2.47,201301230800
49679,1.35,201301230800
49750,0.57,201301230800
49760,2.3,201301230800
49777,1.16,201301230800
49968,2.83,201301230800
50053,0.7,201301230800
50103,1.72,201301230800
50180,2.31,201301230800
50285,1.28,201301230800
50430,1.82,201301230800
50470,2.15,201301230800
50494,1.85,201301230800
50511,1.27,201301230800
50549,2.5,201301230800
50680,1.43,201301230800
50682,2.99,201301230800
50731,2.19,201301230800
50812,2.08,201301230800
50872,1.3,201301230800
51029,1.65,201301230800
51046,1.05,201301230800
51053,1.25,201301230800
51056,1.97,201301230800
51162,1.57,201301230800
51177,2.8,201301230800
51182,1.71,201301230800
51228,1.2,201301230800
51258,2.1,201301230800
51430,1.14,201301230800
51431,1.18,201301230800
51432,0.99,201301230800
51520,2.51,201301230800
51681,1.36,201301230800
51682,1.26,201301230800
51725,1.88,201301230800
51790,2.18,201301230800
51832,1.73,201301230800
51857,2.51,201301230800
51931,0.86,201301230800
51932,0.69,201301230800
51986,1.96,201301230800
52003,2.75,201301230800
52182,2.96,201301230800
52244,1.56,201301230800
52259,1.13,201301230800
52280,2.68,201301230800
52319,0.62,201301230800
52473,1.46,201301230800
52518,2.24,201301230800
52631,1.31,201301230800
52679,1.8,201301230800
52729,2.15,201301230800
52811,0.68,201301230800
52983,2.61,201301230800
52988,2.42,201301230800
52993,1.36,201301230800
53000,2.5,201301230800
53016,1.88,201301230800
53027,2.52,201301230800
53072,0.81,201301230800
53090,1.45,201301230800
53177,2.11,201301230800
53178,1.87,201301230800
53381,1.37,201301230800
53427,2.66,201301230800
53429,2.56,201301230800
53761,1.96,201301230800
53774,0.59,201301230800
53797,1.62,201301230800
53810,1.65,201301230800
53822,2.33,201301230800
53864,1.58,201301230800
53927,2.27,201301230800
54038,0.54,201301230800
54071,2.27,201301230800
54234,1.38,201301230800
54281,2.08,201301230800
54284,1.9,201301230800
54327,2.17,201301230800
54334,1.68,201301230800
54349,0.62,201301230800
54427,1.65,201301230800
54503,1.47,201301230800
54510,2.18,201301230800
54520,1.25,201301230800
54550,2.05,201301230800
54578,1.6,201301230800
54678,1.69,201301230800
54828,1.62,201301230800
54983,1.32,201301230800
54996,1.15,201301230800
55070,0.77,201301230800
55329,2.8,201301230800
55331,0.79,201301230800
55535,1.49,201301230800
55633,1.21,201301230800
55680,1.11,201301230800
55761,1.72,201301230800
55831,1.02,201301230800
55832,1.16,201301230800
55838,1.68,201301230800
55845,1.88,201301230800
56106,0.81,201301230800
56493,2.02,201301230800
56571,0.95,201301230800
56586,1.51,201301230800
56587,1.34,201301230800
56591,0.99,201301230800
56738,2.98,201301230800
56835,2.48,201301230800
56882,1.96,201301230800
56887,0.55,201301230800
56888,1.61,201301230800
56933,0.97,201301230800
56934,1.27,201301230800
57042,2.45,201301230800
57062,0.97,201301230800
57189,1.93,201301230800
57261,0.98,201301230800
57329,0.62,201301230800
57342,0.81,201301230800
57376,2.91,201301230800
57378,1.72,201301230800
57380,2.65,201301230800
57397,0.6,201301230800
57440,2.85,201301230800
57495,0.89,201301230800
57523,2.94,201301230800
57555,0.73,201301230800
57597,0.87,201301230800
57613,2.32,201301230800
57615,2.53,201301230800
57628,0.9,201301230800
57631,2.28,201301230800
57823,2.97,201301230800
57837,2.55,201301230800
57851,2.32,201301230800
57852,1.66,201301230800
57906,2.15,201301230800
58179,0.66,201301230800
58251,2.95,201301230800
58421,1.29,201301230800
58511,2.31,201301230800
58632,2.56,201301230800
58744,1.68,201301230800
58802,2.53,201301230800
58814,1.58,201301230800
58879,1.44,201301230800
58892,1.99,201301230800
59010,2.19,201301230800
59043,1.29,201301230800
59104,1.69,201301230800
59125,1.43,201301230800
59134,2.38,201301230800
59285,2.83,201301230800
59329,1.38,201301230800
59555,2.37,201301230800
59635,0.77,201301230800
59745,1.44,201301230800
59927,2.52,201301230800
59941,2.16,201301230800
60008,2.05,201301230800
60011,2.67,201301230800
60114,1.2,201301230800
60141,2.36,201301230800
60147,2.15,201301230800
60331,2.94,201301230800
60344,2.71,201301230800
60350,0.94,201301230800
60578,1.47,201301230800
60593,1.92,201301230800
60613,2.22,201301230800
60630,0.9,201301230800
60635,1.09,201301230800
60649,1.1,201301230800
60750,1.89,201301230800
60774,0.54,201301230800
60819,1.11,201301230800
60880,1.98,201301230800
60888,1.89,201301230800
61062,1.94,201301230800
61110,1.9,201301230800
61263,1.1,201301230800
61343,2.62,201301230800
61591,2.19,201301230800
61597,1.85,201301230800
61654,0.9,201301230800
61818,1.28,201301230800
62077,1.64,201301230800
62104,2.49,201301230800
62135,2.08,201301230800
62140,2.77,201301230800
62252,2.38,201301230800
62558,1.33,201301230800
62589,0.73,201301230800
62757,1.03,201301230800
62772,2.24,201301230800
62850,1.54,201301230800
62926,1.82,201301230800
62948,2.21,201301230800
63044,2.57,201301230800
63153,0.84,201301230800
63383,1.99,201301230800
63397,1.98,201301230800
63398,0.89,201301230800
63407,1.96,201301230800
63574,0.7,201301230800
63586,1.02,201301230800
63816,2.91,201301230800
64102,2.94,201301230800
64150,1.83,201301230800
64200,2.67,201301230800
64515,2.49,201301230800
64529,0.58,201301230800
64573,0.79,201301230800
64581,1.1,201301230800
64815,1.53,201301230800
64915,2.86,201301230800
65059,2.37,201301230800
65144,0.68,201301230800
65320,2.44,201301230800
65375,2.37,201301230800
65454,1.03,201301230800
65528,1.75,201301230800
65607,1.79,201301230800
65774,1.97,201301230800
65838,1.38,201301230800
66068,0.57,201301230800
66084,1.24,201301230800
66151,1.69,201301230800
66353,0.76,201301230800
66538,2.69,201301230800
66575,2.28,201301230800
66637,0.81,201301230800
66827,1.11,201301230800
66870,2.81,201301230800
67110,0.59,201301230800
67207,2.06,201301230800
67335,2.04,201301230800
67385,1.71,201301230800
67599,0.92,201301230800
67601,2.42,201301230800
67602,2.96,201301230800
67698,0.7,201301230800
67824,1.16,201301230800
67842,2.41,201301230800
67854,1.89,201301230800
67855,2.49,201301230800
67918,1.11,201301230800
68103,0.66,201301230800
68104,1.15,201301230800
68110,1.5,201301230800
68111,2.87,201301230800
68349,1.1,201301230800
68354,0.6,201301230800
68356,1.64,201301230800
68454,1.08,201301230800
68455,0.77,201301230800
68587,1.67,201301230800
68857,2.68,201301230800
68858,2.31,201301230800
68897,2.37,201301230800
68924,2.39,201301230800
68930,0.77,201301230800
69106,0.68,201301230800
69190,2.4,201301230800
69206,1.97,201301230800
69359,1.61,201301230800
69371,2.79,201301230800
69455,1.83,201301230800
69582,2.13,201301230800
69613,1.97,201301230800
69676,1.1,201301230800
70115,0.7,201301230800
70132,2.32,201301230800
70181,1.7,201301230800
70342,0.66,201301230800
70352,0.85,201301230800
70360,1.78,201301230800
70374,1.7,201301230800
70440,2.37,201301230800
70462,0.8,201301230800
70619,1.68,201301230800
70659,1.79,201301230800
70715,2.6,201301230800
70903,0.55,201301230800
70934,2.61,201301230800
70961,0.86,201301230800
71122,1.56,201301230800
71187,0.84,201301230800
71399,0.82,201301230800
71601,2.76,201301230800
71629,0.52,201301230800
71888,2.41,201301230800
71961,1.37,201301230800
71964,0.69,201301230800
72201,2.22,201301230800
72218,0.59,201301230800
72345,2.06,201301230800
72367,2.38,201301230800
72407,2.02,201301230800
72416,0.77,201301230800
72706,2.66,201301230800
72894,1.84,201301230800
73104,1.93,201301230800
73135,1.88,201301230800
73211,1.98,201301230800
73223,1.73,201301230800
73451,2.41,201301230800
73460,2.91,201301230800
73461,2.99,201301230800
73557,2.43,201301230800
73669,1.85,201301230800
74158,2.56,201301230800
74216,1.51,201301230800
74388,2.15,201301230800
74396,0.73,201301230800
74466,2.77,201301230800
74467,2.34,201301230800
74638,2.17,201301230800
74677,2.57,201301230800
74678,0.64,201301230800
74711,1.04,201301230800
74721,0.71,201301230800
74962,0.89,201301230800
74968,2.93,201301230800
74973,2.03,201301230800
75224,2.16,201301230800
75329,1.28,201301230800
75386,0.79,201301230800
75424,1.95,201301230800
75436,1.64,201301230800
75475,2.42,201301230800
75619,1.83,201301230800
75721,1.98,201301230800
75722,1.49,201301230800
75724,1.03,201301230800
75725,1.79,201301230800
75726,2.38,201301230800
75727,0.83,201301230800
75974,1.23,201301230800
75975,2.71,201301230800
76133,1.27,201301230800
76227,2.39,201301230800
76393,2.82,201301230800
76473,2.39,201301230800
76477,0.91,201301230800
76654,2.19,201301230800
76728,2.71,201301230800
76959,2.13,201301230800
77169,1.31,201301230800
77230,1.14,201301230800
77381,1.93,201301230800
77458,1.23,201301230800
77641,3.0,201301230800
77942,2.08,201301230800
77981,1.39,201301230800
78205,1.78,201301230800
78418,2.64,201301230800
78654,1.15,201301230800
78733,1.23,201301230800
78881,1.7,201301230800
78896,2.33,201301230800
78909,1.62,201301230800
78983,1.27,201301230800
79234,1.6,201301230800
79379,0.55,201301230800
79394,1.0,201301230800
79484,1.73,201301230800
79712,0.81,201301230800
79911,1.28,201301230800
79915,0.66,201301230800
80160,2.99,201301230800
80161,1.4,201301230800
80193,1.4,201301230800
80352,2.05,201301230800
80397,2.09,201301230800
80406,2.17,201301230800
80411,1.2,201301230800
80412,2.88,201301230800
80413,0.93,201301230800
80420,2.13,201301230800
80485,0.9,201301230800
80635,2.31,201301230800
80659,1.83,201301230800
80663,2.48,201301230800
80664,0.87,201301230800
80703,2.53,201301230800
80877,2.87,201301230800
80916,1.65,201301230800
81163,1.29,201301230800
81164,0.94,201301230800
81354,1.02,201301230800
81363,2.26,201301230800
81390,1.21,201301230800
81625,2.29,201301230800
81651,1.95,201301230800
81899,1.19,201301230800
82135,1.11,201301230800
82168,2.65,201301230800
82169,1.02,201301230800
82237,2.39,201301230800
82613,2.91,201301230800
82622,1.13,201301230800
82664,2.74,201301230800
82892,2.86,201301230800
82951,1.3,201301230800
83410,2.97,201301230800
83489,1.28,201301230800
83735,2.28,201301230800
83865,2.04,201301230800
84123,1.03,201301230800
84179,1.22,201301230800
84207,1.66,201301230800
84212,1.21,201301230800
84221,1.8,201301230800
84366,2.07,201301230800
84689,0.92,201301230800
84712,2.5,201301230800
84902,2.15,201301230800
85474,2.54,201301230800
85487,1.31,201301230800
85620,0.78,201301230800
85705,1.95,201301230800
85715,1.78,201301230800
85738,1.99,201301230800
86440,1.11,201301230800
86622,1.35,201301230800
86623,1.94,201301230800
86672,2.44,201301230800
86873,0.54,201301230800
86895,2.12,201301230800
87121,2.16,201301230800
87227,2.7,201301230800
87460,2.99,201301230800
87690,2.65,201301230800
87873,2.47,201301230800
88242,1.13,201301230800
88463,1.38,201301230800
89120,1.45,201301230800
89152,0.55,201301230800
89175,2.48,201301230800
89198,1.09,201301230800
89615,2.38,201301230800
89625,1.27,201301230800
90116,1.88,201301230800
90183,2.99,201301230800
90497,2.97,201301230800
90699,2.59,201301230800
90719,2.96,201301230800
91200,2.31,201301230800
91432,1.61,201301230800
91434,1.64,201301230800
91684,1.15,201301230800
91713,1.8,201301230800
91744,1.27,201301230800
92233,1.68,201301230800
93205,0.98,201301230800
93244,1.26,201301230800
93252,0.76,201301230800
93463,2.21,201301230800
93675,1.54,201301230800
93944,1.06,201301230800
94431,2.01,201301230800
94710,1.4,201301230800
94755,2.35,201301230800
94997,2.75,201301230800
95000,1.43,201301230800
95707,1.56,201301230800
95949,1.42,201301230800
95998,2.21,201301230800
96188,2.8,201301230800
96225,1.1,201301230800
96249,2.34,201301230800
96468,1.34,201301230800
96486,0.58,201301230800
96718,1.72,201301230800
96972,2.46,201301230800
96995,2.56,201301230800
97251,2.54,201301230800
97440,2.66,201301230800
97471,1.36,201301230800
97969,1.13,201301230800
97990,2.77,201301230800
98224,2.24,201301230800
98229,1.7,201301230800
98450,2.26,201301230800
98475,0.94,201301230800
98739,0.98,201301230800
99256,1.47,201301230800
99468,2.51,201301230800
99730,0.67,201301230800
101215,2.59,201301230800
101911,2.98,201301230800
101912,2.08,201301230800
101989,2.13,201301230800
102999,1.19,201301230800
103242,0.57,201301230800
103431,0.64,201301230800
104177,0.81,201301230800
104221,1.82,201301230800
104239,2.79,201301230800
104701,2.71,201301230800
104984,0.7,201301230800
105196,2.37,201301230800
105219,2.08,201301230800
105460,1.38,201301230800
105461,1.46,201301230800
105481,2.78,201301230800
105489,1.55,201301230800
105709,1.97,201301230800
105710,2.67,201301230800
105711,2.27,201301230800
105712,0.79,201301230800
105713,2.75,201301230800
105715,2.07,201301230800
105726,0.98,201301230800
105727,1.65,201301230800
105736,2.24,201301230800
105960,2.66,201301230800
105961,2.16,201301230800
105962,0.69,201301230800
105963,1.0,201301230800
105964,2.06,201301230800
105975,2.47,201301230800
106195,1.35,201301230800
106213,2.01,201301230800
106214,1.2,201301230800
106215,2.44,201301230800
106221,0.99,201301230800
106231,1.98,201301230800
106232,0.59,201301230800
106234,1.11,201301230800
106235,1.86,201301230800
106237,2.97,201301230800
106446,2.43,201301230800
106447,1.62,201301230800
106462,1.39,201301230800
106463,2.75,201301230800
106465,2.0,201301230800
106466,1.47,201301230800
106467,1.26,201301230800
106480,1.67,201301230800
106712,2.06,201301230800
106717,1.04,201301230800
106718,1.86,201301230800
106741,0.96,201301230800
106958,2.64,201301230800
106964,1.9,201301230800
106965,1.12,201301230800
106966,2.2,201301230800
106967,0.55,201301230800
106971,0.99,201301230800
106983,2.29,201301230800
106997,2.94,201301230800
107200,2.44,201301230800
107212,2.45,201301230800
107219,2.96,201301230800
107240,1.82,201301230800
107460,1.78,201301230800
107465,2.41,201301230800
107466,0.97,201301230800
107468,0.94,201301230800
107491,0.75,201301230800
107711,2.12,201301230800
107725,2.8,201301230800
107726,1.75,201301230800
107954,2.84,201301230800
107966,1.87,201301230800
107971,2.13,201301230800
107979,1.66,201301230800
107993,2.98,201301230800
108205,2.1,201301230800
108211,1.48,201301230800
108214,0.69,201301230800
108215,1.88,201301230800
108217,1.67,201301230800
108219,2.42,201301230800
108220,0.83,201301230800
108222,2.04,201301230800
108225,2.51,201301230800
108230,1.21,201301230800
108454,0.79,201301230800
108463,1.75,201301230800
108499,0.55,201301230800
108717,2.76,201301230800
108722,2.06,201301230800
108724,2.08,201301230800
108733,1.39,201301230800
108968,1.26,201301230800
108975,1.54,201301230800
108984,2.44,201301230800
108985,0.99,201301230800
109216,2.29,201301230800
109219,1.37,201301230800
109222,1.19,201301230800
109227,1.3,201301230800
109231,0.92,201301230800
109236,2.56,201301230800
109245,2.31,201301230800
109473,2.12,201301230800
109487,2.07,201301230800
109494,2.23,201301230800
109495,1.98,201301230800
109496,1.83,201301230800
109497,1.12,201301230800
109742,1.99,201301230800
109744,1.03,201301230800
109748,2.08,201301230800
109750,1.17,201301230800
109980,1.69,201301230800
109991,1.12,201301230800
109994,2.11,201301230800
109998,1.44,201301230800
110001,2.3,201301230800
110243,1.43,201301230800
110247,1.91,201301230800
110249,2.04,201301230800
110251,1.98,201301230800
110253,2.4,201301230800
110254,2.73,201301230800
