cell,mobility,dtg
1610,2.18,201301191600
1846,2.24,201301191600
1851,1.83,201301191600
1853,2.99,201301191600
1856,1.59,201301191600
1857,1.82,201301191600
2103,2.41,201301191600
2105,1.63,201301191600
2106,0.95,201301191600
2107,1.8,201301191600
2114,1.32,201301191600
2342,1.02,201301191600
2347,2.48,201301191600
2351,2.16,201301191600
2354,2.08,201301191600
2357,1.53,201301191600
2372,2.32,201301191600
2374,2.43,201301191600
2591,2.37,201301191600
2595,1.55,201301191600
2605,0.75,201301191600
2611,1.47,201301191600
2615,1.85,201301191600
2620,1.63,201301191600
2627,2.05,201301191600
2839,2.89,201301191600
2847,2.05,201301191600
3086,2.67,201301191600
3094,2.12,201301191600
3100,2.72,201301191600
3124,1.6,201301191600
3128,2.9,201301191600
3334,2.76,201301191600
3337,2.26,201301191600
3375,2.2,201301191600
3614,2.49,201301191600
3619,1.18,201301191600
3632,0.85,201301191600
3635,2.33,201301191600
3830,0.98,201301191600
3831,1.95,201301191600
3833,1.67,201301191600
3837,0.85,201301191600
3845,1.71,201301191600
3856,0.83,201301191600
3860,2.93,201301191600
3865,2.26,201301191600
4078,1.03,201301191600
4081,0.72,201301191600
4137,1.23,201301191600
4141,1.2,201301191600
4142,0.96,201301191600
4328,1.43,201301191600
4329,2.54,201301191600
4341,2.36,201301191600
4345,2.85,201301191600
4348,2.28,201301191600
4354,1.77,201301191600
4372,2.53,201301191600
4577,1.56,201301191600
4578,1.7,201301191600
4580,2.83,201301191600
4582,0.56,201301191600
4605,0.58,201301191600
4608,1.99,201301191600
4631,0.65,201301191600
4636,1.18,201301191600
4637,2.89,201301191600
4829,2.68,201301191600
4830,1.71,201301191600
4831,1.71,201301191600
4834,2.36,201301191600
4837,0.53,201301191600
4852,1.93,201301191600
4863,2.32,201301191600
4868,0.98,201301191600
4890,1.39,201301191600
4891,1.18,201301191600
5078,2.04,201301191600
5081,1.79,201301191600
5084,2.76,201301191600
5127,2.12,201301191600
5153,2.02,201301191600
5327,0.99,201301191600
5329,2.05,201301191600
5333,1.07,201301191600
5334,1.02,201301191600
5339,2.2,201301191600
5369,2.74,201301191600
5402,2.93,201301191600
5410,0.62,201301191600
5577,1.0,201301191600
5581,1.56,201301191600
5592,1.98,201301191600
5612,1.17,201301191600
5623,1.73,201301191600
5876,2.59,201301191600
5893,1.77,201301191600
5898,1.63,201301191600
6078,0.89,201301191600
6118,2.71,201301191600
6136,1.41,201301191600
6158,2.65,201301191600
6159,1.72,201301191600
6333,2.25,201301191600
6353,1.98,201301191600
6365,2.95,201301191600
6366,0.76,201301191600
6414,1.66,201301191600
6588,1.73,201301191600
6609,2.98,201301191600
6635,2.0,201301191600
6668,2.93,201301191600
6841,0.66,201301191600
6849,2.27,201301191600
6896,2.15,201301191600
6924,2.41,201301191600
6928,1.59,201301191600
6935,0.96,201301191600
6939,1.07,201301191600
7077,1.81,201301191600
7078,2.44,201301191600
7085,2.64,201301191600
7088,2.45,201301191600
7113,0.71,201301191600
7114,2.81,201301191600
7129,2.66,201301191600
7133,0.62,201301191600
7165,1.41,201301191600
7192,1.1,201301191600
7354,0.8,201301191600
7375,2.59,201301191600
7379,1.32,201301191600
7401,0.56,201301191600
7410,2.22,201301191600
7436,2.55,201301191600
7584,1.11,201301191600
7646,2.5,201301191600
7849,2.24,201301191600
7871,0.72,201301191600
7927,2.83,201301191600
7948,2.02,201301191600
8080,0.51,201301191600
8170,0.76,201301191600
8182,1.06,201301191600
8195,1.65,201301191600
8342,2.01,201301191600
8582,0.84,201301191600
8602,2.08,201301191600
8609,2.1,201301191600
8638,0.9,201301191600
8656,1.89,201301191600
8830,1.07,201301191600
8839,1.87,201301191600
8876,1.26,201301191600
8897,2.08,201301191600
8912,0.93,201301191600
8918,0.83,201301191600
8929,2.35,201301191600
8940,2.74,201301191600
8954,2.02,201301191600
9140,2.61,201301191600
9333,2.74,201301191600
9468,1.52,201301191600
9473,2.12,201301191600
9589,1.21,201301191600
9601,2.28,201301191600
9607,2.57,201301191600
9658,1.26,201301191600
9724,0.95,201301191600
9833,2.91,201301191600
10084,0.63,201301191600
10089,1.13,201301191600
10096,1.81,201301191600
10144,2.07,201301191600
10170,1.46,201301191600
10181,1.57,201301191600
10189,1.45,201301191600
10201,1.17,201301191600
10334,0.6,201301191600
10335,2.2,201301191600
10383,2.97,201301191600
10414,2.43,201301191600
10444,1.46,201301191600
10458,1.51,201301191600
10477,1.22,201301191600
10586,1.37,201301191600
10601,1.48,201301191600
10609,2.93,201301191600
10616,0.91,201301191600
10633,2.28,201301191600
10655,2.41,201301191600
10665,1.66,201301191600
10681,2.8,201301191600
10717,2.61,201301191600
10835,1.97,201301191600
10837,1.46,201301191600
10847,2.2,201301191600
10903,2.93,201301191600
10911,1.77,201301191600
10918,2.79,201301191600
10973,2.65,201301191600
11087,0.95,201301191600
11092,1.71,201301191600
11128,0.61,201301191600
11222,0.74,201301191600
11223,0.85,201301191600
11225,0.7,201301191600
11238,0.79,201301191600
11361,1.19,201301191600
11393,1.37,201301191600
11424,1.32,201301191600
11601,2.85,201301191600
11682,2.02,201301191600
11704,0.55,201301191600
11858,0.59,201301191600
11884,2.1,201301191600
11901,2.11,201301191600
11946,2.48,201301191600
11960,2.58,201301191600
11972,0.73,201301191600
12089,1.91,201301191600
12090,1.86,201301191600
12096,1.95,201301191600
12120,2.81,201301191600
12157,2.16,201301191600
12230,2.13,201301191600
12383,1.55,201301191600
12431,1.23,201301191600
12601,1.42,201301191600
12625,1.41,201301191600
12632,1.22,201301191600
12842,2.6,201301191600
12875,2.23,201301191600
12901,2.03,201301191600
12913,1.74,201301191600
12933,1.85,201301191600
12934,1.43,201301191600
12985,0.83,201301191600
13099,1.44,201301191600
13114,2.26,201301191600
13150,0.79,201301191600
13175,1.13,201301191600
13183,0.76,201301191600
13222,0.88,201301191600
13358,2.56,201301191600
13444,2.62,201301191600
13455,1.91,201301191600
13456,0.73,201301191600
13670,2.46,201301191600
13694,1.02,201301191600
13845,2.09,201301191600
13849,0.99,201301191600
14011,0.74,201301191600
14095,2.86,201301191600
14133,2.69,201301191600
14161,1.79,201301191600
14167,1.84,201301191600
14184,1.83,201301191600
14241,0.89,201301191600
14255,2.56,201301191600
14349,1.56,201301191600
14350,1.44,201301191600
14375,2.84,201301191600
14452,0.99,201301191600
14475,0.82,201301191600
14620,2.76,201301191600
14673,1.77,201301191600
14745,1.02,201301191600
14859,1.23,201301191600
14936,2.42,201301191600
14995,2.52,201301191600
15097,1.06,201301191600
15098,0.87,201301191600
15246,2.37,201301191600
15349,0.96,201301191600
15440,2.28,201301191600
15600,1.47,201301191600
15656,2.38,201301191600
15672,1.77,201301191600
15699,1.67,201301191600
15714,2.74,201301191600
15725,1.31,201301191600
15744,2.09,201301191600
15849,1.27,201301191600
15850,2.2,201301191600
15851,2.49,201301191600
15853,1.89,201301191600
15871,0.63,201301191600
16100,2.52,201301191600
16105,2.32,201301191600
16114,2.87,201301191600
16171,2.67,201301191600
16184,2.8,201301191600
16400,0.84,201301191600
16414,0.6,201301191600
16601,2.74,201301191600
16604,0.86,201301191600
16625,1.85,201301191600
16670,1.9,201301191600
16853,0.85,201301191600
16868,2.46,201301191600
16932,1.25,201301191600
17232,1.38,201301191600
17355,0.94,201301191600
17358,1.56,201301191600
17367,0.71,201301191600
17635,1.51,201301191600
17673,0.64,201301191600
17681,2.38,201301191600
17884,2.07,201301191600
17984,0.98,201301191600
18108,2.92,201301191600
18115,2.84,201301191600
18118,1.76,201301191600
18123,2.49,201301191600
18139,2.2,201301191600
18154,2.81,201301191600
18160,0.7,201301191600
18177,0.73,201301191600
18185,0.62,201301191600
18383,0.85,201301191600
18404,0.59,201301191600
18427,1.97,201301191600
18466,0.79,201301191600
18616,1.84,201301191600
18629,2.32,201301191600
18861,2.85,201301191600
18866,0.92,201301191600
18925,0.83,201301191600
19110,1.38,201301191600
19112,2.6,201301191600
19114,1.5,201301191600
19122,1.54,201301191600
19360,2.2,201301191600
19443,2.09,201301191600
19481,1.19,201301191600
19611,1.33,201301191600
19612,2.95,201301191600
19618,0.78,201301191600
19633,2.85,201301191600
19678,2.62,201301191600
19878,2.26,201301191600
19913,1.03,201301191600
20113,1.09,201301191600
20114,1.5,201301191600
20116,2.47,201301191600
20170,2.06,201301191600
20363,1.45,201301191600
20387,2.9,201301191600
20396,2.57,201301191600
20436,0.62,201301191600
20616,2.68,201301191600
20621,2.64,201301191600
20628,1.15,201301191600
20651,1.72,201301191600
20671,1.18,201301191600
20682,0.92,201301191600
20864,1.98,201301191600
20882,1.24,201301191600
20931,1.05,201301191600
20995,2.88,201301191600
21115,1.83,201301191600
21118,0.54,201301191600
21201,2.55,201301191600
21373,2.42,201301191600
21377,1.56,201301191600
21392,1.23,201301191600
21407,2.2,201301191600
21428,1.33,201301191600
21448,1.81,201301191600
21617,1.7,201301191600
21619,0.66,201301191600
21639,2.19,201301191600
21658,1.2,201301191600
21663,1.11,201301191600
21701,1.9,201301191600
21721,2.89,201301191600
21868,1.65,201301191600
21871,0.87,201301191600
21999,1.67,201301191600
22126,2.72,201301191600
22133,2.67,201301191600
22174,1.74,201301191600
22176,2.33,201301191600
22205,1.31,201301191600
22368,2.9,201301191600
22395,0.91,201301191600
22419,2.34,201301191600
22420,1.95,201301191600
22421,2.12,201301191600
22422,2.96,201301191600
22619,2.69,201301191600
22630,1.16,201301191600
22634,1.54,201301191600
22671,1.01,201301191600
22673,1.96,201301191600
22700,0.89,201301191600
22751,2.69,201301191600
22768,2.72,201301191600
22869,1.4,201301191600
22877,0.75,201301191600
22928,1.91,201301191600
22940,1.2,201301191600
22955,1.51,201301191600
22963,1.95,201301191600
22966,2.07,201301191600
23120,0.9,201301191600
23124,1.53,201301191600
23125,1.34,201301191600
23131,1.17,201301191600
23138,1.2,201301191600
23169,0.56,201301191600
23194,1.46,201301191600
23216,2.22,201301191600
23370,0.92,201301191600
23371,2.81,201301191600
23379,2.86,201301191600
23386,2.39,201301191600
23388,2.84,201301191600
23427,2.02,201301191600
23621,2.69,201301191600
23627,0.65,201301191600
23635,2.39,201301191600
23641,1.89,201301191600
23662,2.27,201301191600
23669,2.58,201301191600
23690,1.81,201301191600
23744,1.58,201301191600
23750,0.76,201301191600
23872,1.34,201301191600
23873,2.97,201301191600
23875,0.86,201301191600
23881,1.05,201301191600
23894,2.47,201301191600
23896,1.86,201301191600
23907,1.53,201301191600
23925,2.5,201301191600
23973,2.47,201301191600
24005,1.61,201301191600
24009,1.03,201301191600
24032,0.81,201301191600
24122,2.75,201301191600
24123,2.26,201301191600
24149,1.68,201301191600
24247,2.14,201301191600
24251,0.51,201301191600
24265,2.15,201301191600
24266,1.5,201301191600
24373,1.17,201301191600
24374,2.44,201301191600
24380,1.43,201301191600
24381,2.14,201301191600
24383,2.46,201301191600
24387,1.37,201301191600
24402,2.04,201301191600
24405,2.86,201301191600
24423,1.26,201301191600
24623,2.25,201301191600
24626,2.92,201301191600
24643,2.91,201301191600
24732,1.11,201301191600
24734,1.14,201301191600
24739,2.32,201301191600
24774,2.32,201301191600
24775,1.46,201301191600
24781,2.13,201301191600
24837,0.53,201301191600
24874,1.22,201301191600
24877,1.26,201301191600
24879,0.65,201301191600
24880,2.07,201301191600
24895,2.7,201301191600
24920,2.5,201301191600
24990,2.35,201301191600
24991,1.08,201301191600
24993,0.56,201301191600
25124,0.97,201301191600
25125,0.65,201301191600
25126,2.79,201301191600
25129,1.18,201301191600
25130,2.7,201301191600
25132,1.28,201301191600
25136,2.37,201301191600
25138,2.25,201301191600
25141,0.71,201301191600
25179,1.46,201301191600
25187,1.04,201301191600
25375,2.06,201301191600
25376,0.66,201301191600
25377,2.63,201301191600
25379,2.33,201301191600
25385,0.74,201301191600
25395,1.11,201301191600
25400,0.75,201301191600
25405,1.3,201301191600
25412,0.83,201301191600
25427,0.69,201301191600
25626,0.58,201301191600
25627,2.23,201301191600
25628,0.64,201301191600
25629,2.2,201301191600
25632,1.1,201301191600
25633,1.9,201301191600
25642,2.18,201301191600
25715,2.05,201301191600
25747,2.19,201301191600
25763,0.77,201301191600
25876,2.16,201301191600
25877,1.43,201301191600
25878,0.64,201301191600
25881,2.46,201301191600
25882,2.54,201301191600
25886,1.9,201301191600
25888,1.04,201301191600
25926,1.4,201301191600
25997,1.4,201301191600
26005,1.17,201301191600
26035,0.76,201301191600
26127,1.72,201301191600
26129,1.55,201301191600
26130,0.93,201301191600
26133,2.43,201301191600
26135,1.08,201301191600
26136,2.56,201301191600
26138,2.29,201301191600
26139,0.91,201301191600
26141,1.93,201301191600
26148,2.0,201301191600
26168,2.6,201301191600
26378,1.83,201301191600
26379,2.41,201301191600
26380,0.95,201301191600
26381,1.69,201301191600
26382,1.04,201301191600
26383,1.52,201301191600
26385,2.06,201301191600
26386,1.57,201301191600
26387,1.05,201301191600
26389,2.4,201301191600
26391,2.94,201301191600
26392,0.5,201301191600
26393,2.47,201301191600
26396,1.68,201301191600
26403,1.77,201301191600
26408,1.16,201301191600
26427,2.1,201301191600
26450,2.43,201301191600
26492,0.56,201301191600
26546,2.38,201301191600
26563,0.76,201301191600
26564,2.91,201301191600
26628,2.38,201301191600
26629,2.87,201301191600
26630,2.35,201301191600
26631,2.94,201301191600
26633,1.96,201301191600
26634,2.26,201301191600
26656,1.26,201301191600
26674,1.52,201301191600
26708,2.85,201301191600
26752,1.01,201301191600
26754,2.53,201301191600
26755,0.69,201301191600
26782,1.83,201301191600
26846,2.95,201301191600
26879,1.61,201301191600
26880,1.22,201301191600
26881,2.52,201301191600
26882,2.11,201301191600
26883,1.08,201301191600
26884,0.88,201301191600
26885,1.46,201301191600
26886,0.67,201301191600
26887,1.74,201301191600
26889,1.46,201301191600
26890,0.89,201301191600
26891,2.1,201301191600
26892,2.42,201301191600
26893,1.14,201301191600
26894,2.59,201301191600
26895,1.42,201301191600
26897,0.82,201301191600
26905,2.85,201301191600
26938,0.59,201301191600
26964,1.77,201301191600
27006,0.51,201301191600
27042,1.88,201301191600
27098,0.64,201301191600
27130,1.42,201301191600
27131,1.8,201301191600
27132,2.87,201301191600
27133,2.03,201301191600
27134,1.41,201301191600
27135,0.52,201301191600
27136,2.5,201301191600
27137,2.24,201301191600
27138,2.22,201301191600
27142,1.52,201301191600
27143,0.88,201301191600
27145,1.14,201301191600
27148,2.89,201301191600
27149,0.94,201301191600
27152,2.86,201301191600
27155,2.83,201301191600
27175,2.82,201301191600
27209,2.06,201301191600
27247,1.73,201301191600
27381,0.91,201301191600
27382,1.25,201301191600
27383,0.71,201301191600
27384,1.74,201301191600
27386,1.86,201301191600
27387,0.54,201301191600
27388,2.85,201301191600
27389,1.96,201301191600
27390,0.59,201301191600
27392,1.05,201301191600
27395,2.81,201301191600
27404,0.64,201301191600
27415,0.73,201301191600
27427,2.94,201301191600
27489,1.76,201301191600
27494,1.3,201301191600
27498,2.33,201301191600
27518,2.43,201301191600
27632,1.7,201301191600
27633,2.59,201301191600
27634,2.79,201301191600
27635,1.18,201301191600
27636,0.78,201301191600
27637,1.47,201301191600
27638,0.9,201301191600
27639,1.38,201301191600
27640,2.21,201301191600
27642,1.11,201301191600
27643,2.07,201301191600
27645,1.79,201301191600
27646,1.89,201301191600
27647,1.51,201301191600
27649,0.64,201301191600
27654,1.89,201301191600
27763,2.96,201301191600
27764,0.51,201301191600
27796,1.75,201301191600
27797,1.15,201301191600
27883,1.66,201301191600
27884,2.87,201301191600
27885,1.47,201301191600
27886,1.61,201301191600
27887,2.72,201301191600
27888,1.02,201301191600
27889,2.2,201301191600
27890,1.47,201301191600
27891,1.58,201301191600
27892,1.88,201301191600
27894,0.97,201301191600
27895,2.12,201301191600
27897,1.45,201301191600
27902,2.86,201301191600
27908,1.04,201301191600
27911,1.77,201301191600
27930,1.72,201301191600
27971,2.55,201301191600
28004,1.78,201301191600
28015,0.95,201301191600
28049,2.26,201301191600
28102,1.86,201301191600
28134,2.64,201301191600
28135,1.55,201301191600
28136,1.02,201301191600
28137,2.64,201301191600
28138,2.38,201301191600
28139,0.56,201301191600
28140,1.09,201301191600
28142,1.63,201301191600
28143,1.5,201301191600
28144,2.32,201301191600
28146,1.91,201301191600
28154,2.78,201301191600
28156,2.47,201301191600
28216,0.99,201301191600
28239,1.55,201301191600
28384,2.02,201301191600
28385,2.85,201301191600
28386,2.91,201301191600
28387,2.62,201301191600
28388,2.19,201301191600
28389,2.8,201301191600
28390,0.95,201301191600
28391,1.71,201301191600
28392,2.38,201301191600
28393,1.16,201301191600
28394,1.7,201301191600
28396,0.94,201301191600
28397,2.47,201301191600
28400,2.49,201301191600
28401,1.36,201301191600
28405,2.58,201301191600
28427,2.0,201301191600
28467,1.86,201301191600
28496,2.85,201301191600
28497,1.81,201301191600
28519,1.26,201301191600
28535,2.69,201301191600
28539,1.17,201301191600
28545,1.86,201301191600
28557,0.57,201301191600
28635,2.93,201301191600
28636,0.88,201301191600
28637,2.74,201301191600
28638,1.02,201301191600
28639,2.46,201301191600
28640,2.5,201301191600
28641,2.13,201301191600
28642,0.84,201301191600
28643,1.89,201301191600
28644,2.65,201301191600
28645,1.02,201301191600
28646,1.56,201301191600
28649,2.74,201301191600
28658,1.63,201301191600
28667,1.19,201301191600
28675,1.16,201301191600
28751,0.63,201301191600
28753,1.56,201301191600
28754,1.42,201301191600
28788,1.51,201301191600
28812,1.64,201301191600
28823,2.32,201301191600
28886,1.19,201301191600
28887,2.79,201301191600
28888,1.13,201301191600
28889,0.52,201301191600
28890,1.47,201301191600
28891,2.02,201301191600
28892,2.49,201301191600
28893,1.01,201301191600
28894,1.82,201301191600
28895,2.02,201301191600
28896,2.14,201301191600
28897,2.98,201301191600
28899,2.75,201301191600
28900,1.92,201301191600
28901,1.28,201301191600
28902,2.16,201301191600
28905,2.66,201301191600
28912,1.82,201301191600
28960,1.84,201301191600
28969,2.71,201301191600
29004,2.66,201301191600
29012,1.38,201301191600
29026,2.52,201301191600
29068,1.52,201301191600
29076,2.09,201301191600
29088,1.63,201301191600
29094,0.69,201301191600
29136,1.98,201301191600
29137,0.71,201301191600
29138,2.98,201301191600
29139,0.89,201301191600
29140,1.0,201301191600
29141,2.15,201301191600
29142,2.37,201301191600
29143,2.3,201301191600
29144,1.14,201301191600
29146,2.87,201301191600
29147,2.41,201301191600
29148,1.41,201301191600
29149,2.56,201301191600
29151,2.21,201301191600
29158,2.36,201301191600
29165,1.93,201301191600
29171,0.57,201301191600
29190,2.63,201301191600
29247,2.05,201301191600
29387,1.94,201301191600
29388,0.82,201301191600
29389,1.82,201301191600
29390,2.47,201301191600
29391,1.13,201301191600
29392,1.15,201301191600
29393,2.37,201301191600
29394,2.17,201301191600
29395,2.05,201301191600
29396,1.93,201301191600
29397,2.97,201301191600
29398,2.8,201301191600
29399,1.96,201301191600
29401,0.93,201301191600
29402,1.71,201301191600
29403,2.13,201301191600
29405,1.44,201301191600
29409,2.99,201301191600
29425,1.58,201301191600
29429,0.8,201301191600
29495,2.64,201301191600
29498,1.83,201301191600
29533,2.38,201301191600
29556,2.42,201301191600
29638,1.31,201301191600
29639,1.92,201301191600
29640,2.08,201301191600
29641,1.31,201301191600
29642,1.69,201301191600
29643,2.78,201301191600
29644,0.51,201301191600
29645,1.74,201301191600
29648,1.74,201301191600
29649,2.62,201301191600
29650,1.44,201301191600
29654,2.11,201301191600
29663,1.23,201301191600
29670,1.69,201301191600
29710,2.9,201301191600
29730,2.62,201301191600
29733,2.78,201301191600
29736,2.66,201301191600
29766,1.02,201301191600
29891,1.74,201301191600
29892,2.0,201301191600
29893,2.12,201301191600
29894,2.06,201301191600
29895,0.67,201301191600
29896,1.85,201301191600
29897,1.68,201301191600
29898,2.93,201301191600
29900,2.75,201301191600
29903,1.37,201301191600
29906,2.38,201301191600
29909,2.01,201301191600
29912,1.75,201301191600
29917,2.92,201301191600
29925,1.73,201301191600
29966,2.66,201301191600
30021,2.31,201301191600
30026,0.86,201301191600
30036,1.59,201301191600
30142,1.95,201301191600
30143,1.84,201301191600
30144,0.88,201301191600
30145,0.73,201301191600
30146,1.03,201301191600
30147,1.26,201301191600
30148,2.12,201301191600
30152,1.45,201301191600
30154,1.99,201301191600
30157,1.16,201301191600
30158,0.72,201301191600
30181,0.65,201301191600
30242,1.97,201301191600
30243,2.93,201301191600
30244,1.72,201301191600
30261,0.96,201301191600
30300,1.16,201301191600
30322,2.1,201301191600
30393,1.7,201301191600
30394,2.21,201301191600
30395,0.64,201301191600
30396,2.34,201301191600
30397,1.62,201301191600
30398,2.34,201301191600
30400,0.7,201301191600
30401,2.04,201301191600
30403,1.42,201301191600
30407,0.66,201301191600
30410,2.1,201301191600
30420,1.82,201301191600
30430,0.96,201301191600
30434,1.7,201301191600
30439,0.69,201301191600
30481,2.86,201301191600
30489,1.37,201301191600
30494,0.9,201301191600
30495,2.92,201301191600
30496,1.44,201301191600
30645,1.91,201301191600
30646,1.96,201301191600
30647,0.8,201301191600
30648,1.2,201301191600
30649,1.9,201301191600
30650,2.16,201301191600
30651,1.23,201301191600
30652,0.59,201301191600
30653,1.81,201301191600
30654,2.9,201301191600
30661,2.07,201301191600
30664,1.94,201301191600
30666,2.48,201301191600
30669,2.63,201301191600
30673,1.05,201301191600
30683,2.56,201301191600
30745,2.65,201301191600
30750,1.77,201301191600
30777,1.41,201301191600
30780,1.85,201301191600
30812,1.66,201301191600
30897,2.14,201301191600
30898,2.67,201301191600
30899,1.87,201301191600
30900,1.84,201301191600
30901,1.54,201301191600
30902,2.66,201301191600
30903,2.33,201301191600
30904,0.98,201301191600
30908,0.75,201301191600
30909,1.82,201301191600
30912,1.34,201301191600
30913,2.45,201301191600
30928,0.96,201301191600
30953,2.5,201301191600
30979,1.85,201301191600
30994,2.5,201301191600
30995,2.57,201301191600
31027,0.84,201301191600
31028,2.52,201301191600
31029,0.72,201301191600
31082,1.07,201301191600
31148,2.96,201301191600
31149,1.63,201301191600
31150,2.88,201301191600
31151,2.86,201301191600
31152,2.78,201301191600
31156,2.1,201301191600
31157,1.35,201301191600
31161,2.25,201301191600
31166,0.84,201301191600
31172,1.68,201301191600
31274,2.75,201301191600
31281,0.74,201301191600
31369,2.86,201301191600
31398,2.85,201301191600
31401,1.63,201301191600
31407,1.03,201301191600
31408,0.56,201301191600
31409,2.57,201301191600
31410,2.12,201301191600
31413,2.61,201301191600
31419,0.76,201301191600
31427,2.42,201301191600
31457,1.72,201301191600
31466,2.45,201301191600
31651,1.76,201301191600
31652,2.95,201301191600
31656,2.43,201301191600
31660,2.28,201301191600
31663,1.38,201301191600
31666,2.72,201301191600
31675,1.82,201301191600
31738,2.42,201301191600
31754,0.87,201301191600
31782,2.01,201301191600
31903,1.92,201301191600
31904,1.26,201301191600
31905,1.68,201301191600
31906,1.27,201301191600
31908,1.89,201301191600
31912,2.06,201301191600
31921,0.51,201301191600
31928,1.72,201301191600
31949,1.07,201301191600
32028,0.62,201301191600
32032,0.88,201301191600
32045,1.67,201301191600
32150,2.79,201301191600
32155,2.25,201301191600
32157,2.27,201301191600
32161,2.84,201301191600
32162,1.4,201301191600
32167,2.34,201301191600
32169,2.34,201301191600
32175,1.0,201301191600
32182,2.13,201301191600
32185,2.71,201301191600
32195,1.8,201301191600
32235,1.48,201301191600
32404,1.48,201301191600
32405,0.78,201301191600
32410,1.99,201301191600
32411,2.25,201301191600
32415,2.12,201301191600
32449,2.1,201301191600
32490,0.65,201301191600
32558,1.12,201301191600
32622,1.85,201301191600
32656,2.15,201301191600
32658,0.98,201301191600
32660,2.11,201301191600
32662,0.8,201301191600
32668,2.87,201301191600
32682,2.3,201301191600
32697,2.57,201301191600
32712,0.6,201301191600
32729,2.4,201301191600
32739,2.81,201301191600
32742,1.95,201301191600
32744,0.56,201301191600
32802,2.2,201301191600
32834,1.52,201301191600
32905,1.22,201301191600
32907,2.08,201301191600
32912,0.79,201301191600
32916,0.69,201301191600
32922,1.08,201301191600
32924,2.61,201301191600
32926,0.95,201301191600
32929,2.64,201301191600
32977,1.65,201301191600
32978,1.97,201301191600
33154,0.85,201301191600
33158,2.17,201301191600
33160,1.6,201301191600
33165,1.87,201301191600
33170,1.2,201301191600
33186,2.97,201301191600
33286,1.09,201301191600
33405,2.83,201301191600
33409,0.67,201301191600
33412,0.76,201301191600
33418,2.63,201301191600
33420,0.83,201301191600
33424,1.94,201301191600
33435,1.71,201301191600
33442,2.87,201301191600
33519,2.38,201301191600
33594,1.12,201301191600
33656,2.75,201301191600
33659,2.68,201301191600
33662,0.78,201301191600
33664,1.42,201301191600
33666,2.79,201301191600
33669,2.61,201301191600
33673,1.07,201301191600
33675,1.73,201301191600
33694,2.17,201301191600
33724,2.61,201301191600
33742,1.76,201301191600
33812,2.12,201301191600
33909,2.49,201301191600
33911,1.29,201301191600
33912,2.42,201301191600
33913,2.95,201301191600
33922,2.81,201301191600
33923,2.34,201301191600
33924,0.66,201301191600
33931,0.52,201301191600
33935,2.75,201301191600
33986,1.66,201301191600
34013,0.91,201301191600
34160,1.01,201301191600
34161,1.75,201301191600
34162,1.66,201301191600
34163,1.26,201301191600
34167,1.25,201301191600
34190,1.36,201301191600
34211,0.77,201301191600
34303,0.63,201301191600
34380,2.76,201301191600
34407,1.33,201301191600
34413,2.69,201301191600
34423,1.55,201301191600
34424,2.61,201301191600
34427,1.24,201301191600
34430,2.79,201301191600
34437,2.08,201301191600
34440,1.34,201301191600
34486,2.84,201301191600
34495,2.03,201301191600
34510,1.56,201301191600
34520,2.49,201301191600
34528,1.56,201301191600
34563,1.29,201301191600
34662,2.44,201301191600
34667,1.99,201301191600
34668,1.46,201301191600
34670,1.52,201301191600
34672,1.28,201301191600
34673,1.11,201301191600
34676,2.04,201301191600
34679,2.51,201301191600
34682,1.85,201301191600
34695,0.75,201301191600
34710,1.07,201301191600
34714,2.89,201301191600
34720,2.97,201301191600
34882,1.2,201301191600
34913,1.61,201301191600
34914,0.7,201301191600
34915,2.18,201301191600
34924,2.01,201301191600
34925,2.75,201301191600
34934,1.13,201301191600
34939,0.59,201301191600
34959,2.88,201301191600
34990,2.56,201301191600
35102,0.97,201301191600
35164,0.85,201301191600
35166,0.67,201301191600
35173,1.52,201301191600
35178,1.6,201301191600
35183,2.32,201301191600
35185,2.71,201301191600
35187,1.69,201301191600
35193,0.78,201301191600
35203,1.76,201301191600
35218,2.12,201301191600
35237,0.98,201301191600
35244,2.9,201301191600
35249,2.74,201301191600
35295,1.21,201301191600
35368,1.07,201301191600
35410,1.93,201301191600
35414,1.47,201301191600
35415,2.9,201301191600
35417,2.82,201301191600
35421,1.18,201301191600
35440,0.54,201301191600
35455,0.73,201301191600
35492,1.5,201301191600
35515,1.09,201301191600
35665,1.2,201301191600
35675,1.1,201301191600
35683,0.84,201301191600
35686,1.0,201301191600
35700,2.41,201301191600
35745,2.72,201301191600
35755,1.43,201301191600
35769,0.63,201301191600
35916,1.88,201301191600
35917,2.14,201301191600
35918,1.89,201301191600
35919,0.59,201301191600
35921,2.73,201301191600
35929,0.68,201301191600
35931,1.05,201301191600
35941,0.8,201301191600
35944,1.56,201301191600
35971,1.54,201301191600
35981,2.33,201301191600
35992,2.23,201301191600
35994,2.96,201301191600
36067,1.63,201301191600
36162,1.34,201301191600
36167,2.8,201301191600
36169,2.67,201301191600
36170,0.7,201301191600
36173,2.08,201301191600
36176,2.76,201301191600
36177,1.81,201301191600
36205,1.0,201301191600
36237,1.21,201301191600
36245,2.08,201301191600
36246,1.39,201301191600
36293,0.74,201301191600
36311,1.85,201301191600
36417,1.94,201301191600
36420,2.19,201301191600
36421,0.54,201301191600
36441,0.97,201301191600
36448,1.44,201301191600
36494,1.3,201301191600
36498,0.86,201301191600
36502,1.63,201301191600
36510,2.1,201301191600
36513,0.62,201301191600
36519,0.87,201301191600
36524,2.37,201301191600
36576,2.79,201301191600
36668,1.8,201301191600
36673,1.98,201301191600
36675,0.69,201301191600
36677,2.72,201301191600
36679,2.61,201301191600
36682,2.68,201301191600
36688,0.93,201301191600
36690,0.82,201301191600
36711,2.9,201301191600
36717,2.09,201301191600
36758,2.28,201301191600
36889,1.15,201301191600
36915,1.46,201301191600
36918,1.23,201301191600
36933,1.07,201301191600
36934,0.81,201301191600
36953,1.61,201301191600
36959,2.38,201301191600
36996,1.77,201301191600
36999,2.08,201301191600
37001,1.93,201301191600
37167,2.41,201301191600
37168,1.53,201301191600
37169,1.2,201301191600
37172,1.92,201301191600
37176,1.12,201301191600
37178,1.64,201301191600
37179,1.73,201301191600
37182,2.62,201301191600
37192,1.82,201301191600
37200,2.08,201301191600
37206,2.97,201301191600
37232,2.11,201301191600
37239,0.93,201301191600
37270,0.68,201301191600
37298,1.67,201301191600
37304,1.32,201301191600
37419,2.27,201301191600
37421,2.67,201301191600
37423,1.64,201301191600
37425,1.7,201301191600
37446,0.83,201301191600
37454,1.35,201301191600
37477,2.02,201301191600
37487,1.11,201301191600
37501,2.61,201301191600
37503,1.28,201301191600
37513,1.6,201301191600
37523,1.65,201301191600
37562,1.46,201301191600
37609,2.43,201301191600
37642,1.92,201301191600
37643,1.03,201301191600
37670,2.35,201301191600
37671,2.3,201301191600
37672,1.07,201301191600
37676,2.76,201301191600
37688,2.69,201301191600
37689,2.77,201301191600
37690,2.88,201301191600
37695,0.74,201301191600
37701,1.28,201301191600
37710,1.64,201301191600
37711,2.35,201301191600
37754,1.44,201301191600
37874,0.7,201301191600
37891,2.49,201301191600
37893,0.7,201301191600
37894,0.63,201301191600
37926,0.8,201301191600
37928,1.34,201301191600
37929,1.77,201301191600
37932,2.33,201301191600
37936,2.43,201301191600
37943,1.18,201301191600
37952,2.32,201301191600
37962,0.78,201301191600
37968,2.04,201301191600
38003,1.01,201301191600
38060,0.74,201301191600
38145,2.79,201301191600
38172,1.34,201301191600
38173,1.62,201301191600
38178,0.61,201301191600
38200,0.68,201301191600
38204,0.61,201301191600
38209,2.82,201301191600
38215,1.34,201301191600
38220,2.95,201301191600
38225,0.89,201301191600
38228,1.9,201301191600
38230,1.49,201301191600
38243,2.62,201301191600
38247,1.43,201301191600
38255,1.28,201301191600
38263,2.63,201301191600
38268,0.79,201301191600
38272,2.69,201301191600
38367,1.06,201301191600
38381,0.94,201301191600
38423,2.87,201301191600
38425,2.73,201301191600
38426,1.95,201301191600
38431,1.86,201301191600
38440,2.73,201301191600
38479,2.02,201301191600
38481,0.52,201301191600
38483,0.69,201301191600
38488,0.51,201301191600
38490,0.99,201301191600
38498,0.8,201301191600
38499,2.41,201301191600
38500,1.71,201301191600
38505,1.71,201301191600
38506,2.53,201301191600
38508,2.68,201301191600
38517,2.36,201301191600
38534,2.76,201301191600
38648,2.0,201301191600
38674,0.75,201301191600
38676,1.86,201301191600
38679,1.76,201301191600
38684,1.45,201301191600
38693,2.64,201301191600
38697,1.04,201301191600
38716,1.12,201301191600
38722,1.64,201301191600
38736,1.91,201301191600
38738,2.37,201301191600
38752,1.94,201301191600
38753,2.52,201301191600
38758,0.78,201301191600
38760,2.85,201301191600
38761,2.36,201301191600
38762,1.24,201301191600
38766,1.03,201301191600
38769,2.65,201301191600
38778,1.2,201301191600
38812,1.44,201301191600
38939,2.62,201301191600
38953,0.59,201301191600
38958,1.35,201301191600
38967,0.8,201301191600
39006,0.84,201301191600
39008,2.08,201301191600
39010,2.16,201301191600
39011,1.51,201301191600
39017,1.43,201301191600
39113,0.67,201301191600
39148,2.76,201301191600
39149,2.28,201301191600
39176,1.65,201301191600
39178,1.55,201301191600
39191,1.65,201301191600
39201,1.39,201301191600
39230,1.27,201301191600
39236,1.4,201301191600
39246,0.78,201301191600
39252,0.72,201301191600
39255,1.77,201301191600
39260,2.44,201301191600
39262,0.63,201301191600
39263,2.98,201301191600
39268,2.59,201301191600
39269,2.53,201301191600
39271,1.45,201301191600
39274,2.15,201301191600
39275,2.11,201301191600
39375,1.67,201301191600
39391,2.58,201301191600
39427,0.94,201301191600
39428,1.12,201301191600
39430,1.04,201301191600
39433,2.85,201301191600
39446,2.87,201301191600
39457,2.77,201301191600
39514,0.94,201301191600
39515,2.21,201301191600
39516,0.68,201301191600
39517,1.72,201301191600
39535,1.45,201301191600
39554,0.68,201301191600
39559,2.08,201301191600
39631,1.94,201301191600
39632,1.86,201301191600
39633,1.4,201301191600
39652,0.71,201301191600
39683,2.7,201301191600
39687,2.61,201301191600
39706,0.61,201301191600
39710,2.35,201301191600
39722,1.03,201301191600
39731,1.62,201301191600
39750,1.67,201301191600
39755,1.75,201301191600
39759,2.47,201301191600
39762,2.79,201301191600
39764,2.77,201301191600
39765,2.95,201301191600
39766,2.61,201301191600
39767,2.86,201301191600
39769,2.34,201301191600
39772,1.45,201301191600
39776,1.71,201301191600
39777,1.92,201301191600
39790,0.52,201301191600
39791,1.39,201301191600
39796,1.04,201301191600
39832,1.42,201301191600
39883,1.48,201301191600
39930,2.19,201301191600
39932,0.86,201301191600
39941,2.3,201301191600
39948,1.63,201301191600
39969,2.82,201301191600
40018,1.03,201301191600
40031,2.0,201301191600
40133,1.98,201301191600
40180,2.21,201301191600
40188,1.4,201301191600
40196,0.94,201301191600
40242,2.09,201301191600
40246,2.38,201301191600
40259,0.76,201301191600
40264,1.01,201301191600
40267,0.98,201301191600
40268,1.26,201301191600
40270,1.43,201301191600
40276,0.53,201301191600
40286,2.88,201301191600
40295,1.77,201301191600
40431,1.74,201301191600
40432,1.54,201301191600
40442,2.16,201301191600
40447,1.16,201301191600
40448,1.07,201301191600
40451,2.18,201301191600
40457,0.63,201301191600
40500,1.53,201301191600
40512,1.58,201301191600
40518,2.74,201301191600
40519,1.12,201301191600
40522,1.94,201301191600
40524,1.44,201301191600
40525,1.67,201301191600
40532,1.66,201301191600
40560,2.3,201301191600
40566,1.2,201301191600
40633,2.81,201301191600
40687,1.31,201301191600
40713,2.66,201301191600
40719,2.41,201301191600
40732,1.72,201301191600
40733,0.83,201301191600
40766,1.0,201301191600
40810,0.6,201301191600
40894,1.64,201301191600
40933,0.58,201301191600
40936,0.8,201301191600
40939,1.14,201301191600
40954,0.51,201301191600
40982,1.01,201301191600
41021,1.21,201301191600
41024,1.82,201301191600
41061,1.88,201301191600
41145,2.81,201301191600
41157,1.47,201301191600
41183,1.54,201301191600
41200,1.91,201301191600
41262,2.48,201301191600
41265,2.44,201301191600
41270,2.95,201301191600
41277,1.39,201301191600
41318,0.75,201301191600
41401,2.24,201301191600
41407,1.39,201301191600
41437,2.11,201301191600
41459,2.55,201301191600
41465,2.1,201301191600
41469,2.41,201301191600
41508,1.9,201301191600
41520,2.35,201301191600
41522,2.52,201301191600
41526,2.2,201301191600
41532,0.72,201301191600
41558,0.88,201301191600
41635,2.12,201301191600
41653,1.01,201301191600
41658,1.59,201301191600
41692,2.04,201301191600
41696,2.29,201301191600
41764,2.23,201301191600
41772,1.36,201301191600
41893,0.76,201301191600
41904,0.65,201301191600
41905,1.23,201301191600
41936,0.94,201301191600
41941,1.18,201301191600
41958,2.44,201301191600
41990,0.86,201301191600
42023,1.4,201301191600
42026,1.51,201301191600
42029,2.26,201301191600
42074,2.17,201301191600
42085,1.76,201301191600
42095,2.39,201301191600
42147,2.18,201301191600
42160,2.0,201301191600
42200,0.62,201301191600
42213,2.77,201301191600
42267,0.78,201301191600
42271,1.79,201301191600
42274,0.77,201301191600
42283,1.08,201301191600
42291,0.67,201301191600
42342,2.04,201301191600
42411,1.04,201301191600
42438,1.66,201301191600
42454,1.63,201301191600
42471,1.81,201301191600
42478,1.31,201301191600
42487,2.69,201301191600
42503,0.52,201301191600
42514,2.22,201301191600
42521,2.63,201301191600
42533,2.16,201301191600
42644,0.8,201301191600
42661,2.52,201301191600
42695,2.73,201301191600
42744,2.28,201301191600
42750,1.73,201301191600
42846,2.91,201301191600
42905,2.82,201301191600
42912,0.95,201301191600
42939,0.98,201301191600
42940,1.87,201301191600
42944,2.01,201301191600
42949,0.59,201301191600
43011,2.33,201301191600
43021,1.51,201301191600
43030,2.19,201301191600
43151,1.42,201301191600
43160,1.4,201301191600
43162,2.43,201301191600
43213,2.61,201301191600
43220,0.86,201301191600
43261,1.0,201301191600
43412,2.18,201301191600
43413,2.76,201301191600
43440,1.74,201301191600
43443,2.32,201301191600
43449,2.21,201301191600
43483,2.59,201301191600
43484,0.84,201301191600
43494,2.6,201301191600
43518,1.93,201301191600
43523,2.16,201301191600
43526,2.48,201301191600
43530,2.17,201301191600
43571,2.81,201301191600
43642,0.57,201301191600
43662,1.39,201301191600
43738,1.33,201301191600
43760,1.82,201301191600
43779,2.31,201301191600
43914,1.49,201301191600
43957,2.37,201301191600
43980,2.41,201301191600
43984,2.21,201301191600
43992,2.33,201301191600
43995,1.86,201301191600
44002,1.07,201301191600
44039,1.75,201301191600
44194,1.49,201301191600
44197,1.8,201301191600
44204,2.12,201301191600
44215,0.92,201301191600
44226,0.92,201301191600
44247,2.62,201301191600
44255,0.6,201301191600
44282,2.72,201301191600
44284,2.27,201301191600
44356,2.4,201301191600
44470,1.44,201301191600
44486,0.67,201301191600
44503,2.47,201301191600
44504,0.74,201301191600
44510,0.91,201301191600
44517,1.38,201301191600
44534,1.74,201301191600
44578,2.16,201301191600
44666,1.8,201301191600
44694,1.15,201301191600
44697,0.53,201301191600
44716,0.99,201301191600
44724,2.11,201301191600
44743,2.84,201301191600
44755,1.12,201301191600
44756,2.74,201301191600
44757,1.3,201301191600
44758,1.09,201301191600
44786,1.5,201301191600
44787,0.63,201301191600
44911,1.42,201301191600
44963,1.58,201301191600
45005,0.8,201301191600
45006,1.54,201301191600
45007,2.36,201301191600
45008,0.58,201301191600
45039,2.4,201301191600
45114,1.66,201301191600
45168,1.5,201301191600
45200,1.14,201301191600
45203,1.66,201301191600
45208,2.92,201301191600
45237,2.97,201301191600
45254,0.89,201301191600
45256,1.38,201301191600
45258,1.72,201301191600
45261,1.2,201301191600
45265,2.34,201301191600
45266,1.62,201301191600
45401,0.55,201301191600
45479,0.91,201301191600
45502,2.37,201301191600
45507,2.53,201301191600
45509,0.82,201301191600
45526,0.67,201301191600
45538,2.31,201301191600
45582,2.07,201301191600
45661,2.86,201301191600
45701,2.36,201301191600
45703,1.91,201301191600
45716,0.64,201301191600
45720,2.23,201301191600
45725,1.38,201301191600
45735,0.66,201301191600
45747,1.06,201301191600
45766,2.1,201301191600
45793,2.2,201301191600
45795,2.23,201301191600
45919,2.27,201301191600
45948,2.5,201301191600
46008,2.33,201301191600
46036,1.91,201301191600
46041,1.03,201301191600
46052,2.57,201301191600
46074,2.25,201301191600
46145,0.6,201301191600
46202,1.28,201301191600
46209,1.58,201301191600
46242,1.76,201301191600
46265,2.74,201301191600
46372,2.86,201301191600
46384,0.74,201301191600
46455,1.4,201301191600
46508,1.94,201301191600
46523,0.82,201301191600
46538,2.33,201301191600
46565,0.59,201301191600
46574,2.61,201301191600
46626,0.92,201301191600
46700,2.53,201301191600
46738,2.38,201301191600
46770,1.23,201301191600
46778,1.98,201301191600
46787,1.75,201301191600
46803,0.78,201301191600
46954,2.87,201301191600
46964,1.97,201301191600
46972,2.55,201301191600
46976,2.6,201301191600
46981,1.65,201301191600
47011,2.73,201301191600
47015,2.46,201301191600
47047,1.25,201301191600
47253,2.54,201301191600
47288,2.17,201301191600
47295,2.61,201301191600
47342,1.3,201301191600
47454,0.78,201301191600
47535,0.87,201301191600
47543,2.11,201301191600
47705,1.13,201301191600
47709,2.16,201301191600
47711,2.49,201301191600
47758,0.89,201301191600
47806,2.33,201301191600
47889,2.43,201301191600
47926,1.0,201301191600
47968,2.1,201301191600
47972,2.93,201301191600
47977,0.97,201301191600
47982,0.96,201301191600
48032,1.46,201301191600
48209,1.0,201301191600
48239,1.34,201301191600
48244,1.98,201301191600
48278,2.23,201301191600
48420,2.23,201301191600
48427,2.92,201301191600
48499,1.19,201301191600
48503,2.35,201301191600
48552,0.93,201301191600
48584,2.89,201301191600
48713,1.25,201301191600
48759,2.45,201301191600
48848,2.05,201301191600
48898,2.49,201301191600
49017,0.68,201301191600
49049,0.78,201301191600
49229,1.96,201301191600
49241,1.55,201301191600
49472,2.46,201301191600
49483,1.5,201301191600
49542,1.8,201301191600
49555,2.52,201301191600
49679,2.67,201301191600
49750,0.92,201301191600
49760,2.66,201301191600
49777,2.53,201301191600
49968,2.22,201301191600
50053,2.72,201301191600
50103,1.58,201301191600
50180,2.77,201301191600
50285,1.27,201301191600
50430,1.3,201301191600
50470,1.57,201301191600
50494,0.95,201301191600
50511,1.07,201301191600
50549,2.0,201301191600
50680,2.45,201301191600
50682,1.5,201301191600
50731,2.78,201301191600
50812,1.35,201301191600
50872,2.18,201301191600
51029,2.04,201301191600
51046,0.97,201301191600
51053,2.1,201301191600
51056,2.88,201301191600
51162,2.07,201301191600
51177,2.1,201301191600
51182,2.22,201301191600
51228,2.29,201301191600
51258,1.23,201301191600
51430,1.17,201301191600
51431,1.11,201301191600
51432,2.5,201301191600
51520,2.65,201301191600
51681,1.33,201301191600
51682,2.07,201301191600
51725,1.9,201301191600
51790,2.47,201301191600
51832,0.97,201301191600
51857,0.99,201301191600
51931,1.24,201301191600
51932,2.21,201301191600
51986,1.51,201301191600
52003,0.78,201301191600
52182,0.83,201301191600
52244,2.1,201301191600
52259,1.99,201301191600
52280,2.79,201301191600
52319,2.89,201301191600
52473,1.91,201301191600
52518,1.35,201301191600
52631,2.56,201301191600
52679,2.36,201301191600
52729,0.51,201301191600
52811,0.74,201301191600
52983,1.43,201301191600
52988,2.15,201301191600
52993,1.98,201301191600
53000,2.82,201301191600
53016,1.46,201301191600
53027,2.72,201301191600
53072,2.24,201301191600
53090,2.1,201301191600
53177,2.51,201301191600
53178,2.01,201301191600
53381,0.68,201301191600
53427,0.57,201301191600
53429,2.4,201301191600
53761,0.83,201301191600
53774,2.98,201301191600
53797,1.74,201301191600
53810,1.4,201301191600
53822,2.8,201301191600
53864,2.88,201301191600
53927,1.43,201301191600
54038,2.81,201301191600
54071,0.91,201301191600
54234,0.77,201301191600
54281,0.53,201301191600
54284,2.67,201301191600
54327,2.41,201301191600
54334,2.73,201301191600
54349,1.04,201301191600
54427,0.72,201301191600
54503,1.03,201301191600
54510,0.79,201301191600
54520,2.96,201301191600
54550,2.38,201301191600
54578,1.18,201301191600
54678,2.83,201301191600
54828,2.37,201301191600
54983,1.49,201301191600
54996,2.63,201301191600
55070,2.81,201301191600
55329,1.86,201301191600
55331,1.47,201301191600
55535,1.81,201301191600
55633,1.13,201301191600
55680,0.91,201301191600
55761,0.68,201301191600
55831,2.43,201301191600
55832,2.37,201301191600
55838,1.14,201301191600
55845,2.34,201301191600
56106,2.58,201301191600
56493,0.82,201301191600
56571,2.65,201301191600
56586,2.87,201301191600
56587,2.05,201301191600
56591,0.82,201301191600
56738,2.64,201301191600
56835,1.16,201301191600
56882,0.71,201301191600
56887,0.97,201301191600
56888,2.02,201301191600
56933,1.68,201301191600
56934,2.96,201301191600
57042,0.72,201301191600
57062,1.71,201301191600
57189,2.51,201301191600
57261,1.82,201301191600
57329,2.9,201301191600
57342,2.26,201301191600
57376,2.13,201301191600
57378,1.73,201301191600
57380,1.2,201301191600
57397,0.55,201301191600
57440,2.69,201301191600
57495,0.54,201301191600
57523,1.02,201301191600
57555,2.0,201301191600
57597,2.45,201301191600
57613,2.69,201301191600
57615,0.82,201301191600
57628,2.82,201301191600
57631,0.66,201301191600
57823,0.9,201301191600
57837,1.35,201301191600
57851,1.11,201301191600
57852,1.44,201301191600
57906,0.52,201301191600
58179,1.87,201301191600
58251,1.25,201301191600
58421,2.93,201301191600
58511,2.6,201301191600
58632,2.33,201301191600
58744,1.83,201301191600
58802,2.81,201301191600
58814,0.72,201301191600
58879,0.98,201301191600
58892,2.63,201301191600
59010,2.02,201301191600
59043,1.83,201301191600
59104,1.75,201301191600
59125,2.39,201301191600
59134,0.76,201301191600
59285,2.34,201301191600
59329,0.63,201301191600
59555,2.84,201301191600
59635,1.13,201301191600
59745,0.78,201301191600
59927,1.4,201301191600
59941,0.63,201301191600
60008,2.17,201301191600
60011,2.59,201301191600
60114,2.97,201301191600
60141,1.16,201301191600
60147,2.58,201301191600
60331,1.22,201301191600
60344,2.94,201301191600
60350,2.24,201301191600
60578,1.6,201301191600
60593,2.81,201301191600
60613,2.69,201301191600
60630,1.93,201301191600
60635,0.92,201301191600
60649,2.75,201301191600
60750,1.08,201301191600
60774,2.93,201301191600
60819,1.05,201301191600
60880,2.61,201301191600
60888,2.73,201301191600
61062,0.78,201301191600
61110,1.63,201301191600
61263,2.04,201301191600
61343,2.14,201301191600
61591,1.98,201301191600
61597,0.71,201301191600
61654,0.91,201301191600
61818,0.83,201301191600
62077,2.26,201301191600
62104,1.06,201301191600
62135,1.75,201301191600
62140,1.95,201301191600
62252,2.39,201301191600
62558,1.84,201301191600
62589,2.17,201301191600
62757,2.29,201301191600
62772,2.18,201301191600
62850,2.21,201301191600
62926,1.86,201301191600
62948,0.62,201301191600
63044,1.27,201301191600
63153,2.09,201301191600
63383,0.6,201301191600
63397,2.15,201301191600
63398,2.62,201301191600
63407,2.43,201301191600
63574,1.22,201301191600
63586,2.38,201301191600
63816,1.37,201301191600
64102,1.36,201301191600
64150,1.04,201301191600
64200,1.91,201301191600
64515,1.33,201301191600
64529,1.06,201301191600
64573,1.51,201301191600
64581,2.64,201301191600
64815,0.93,201301191600
64915,1.3,201301191600
65059,1.05,201301191600
65144,1.68,201301191600
65320,2.94,201301191600
65375,0.57,201301191600
65454,1.09,201301191600
65528,0.58,201301191600
65607,1.13,201301191600
65774,2.34,201301191600
65838,1.06,201301191600
66068,0.69,201301191600
66084,1.43,201301191600
66151,1.87,201301191600
66353,1.49,201301191600
66538,1.29,201301191600
66575,0.75,201301191600
66637,1.59,201301191600
66827,1.09,201301191600
66870,2.03,201301191600
67110,0.94,201301191600
67207,1.01,201301191600
67335,1.07,201301191600
67385,2.55,201301191600
67599,0.63,201301191600
67601,1.83,201301191600
67602,0.64,201301191600
67698,1.64,201301191600
67824,0.8,201301191600
67842,0.93,201301191600
67854,2.23,201301191600
67855,1.66,201301191600
67918,1.63,201301191600
68103,0.86,201301191600
68104,1.54,201301191600
68110,1.21,201301191600
68111,1.32,201301191600
68349,0.84,201301191600
68354,0.87,201301191600
68356,2.93,201301191600
68454,1.91,201301191600
68455,1.27,201301191600
68587,2.93,201301191600
68857,2.5,201301191600
68858,1.98,201301191600
68897,2.1,201301191600
68924,2.06,201301191600
68930,1.09,201301191600
69106,1.53,201301191600
69190,1.41,201301191600
69206,0.92,201301191600
69359,1.4,201301191600
69371,2.47,201301191600
69455,0.78,201301191600
69582,2.39,201301191600
69613,1.19,201301191600
69676,2.72,201301191600
70115,2.95,201301191600
70132,0.97,201301191600
70181,2.8,201301191600
70342,2.43,201301191600
70352,1.06,201301191600
70360,2.26,201301191600
70374,2.04,201301191600
70440,1.9,201301191600
70462,2.66,201301191600
70619,2.92,201301191600
70659,2.31,201301191600
70715,1.55,201301191600
70903,2.8,201301191600
70934,1.61,201301191600
70961,2.34,201301191600
71122,1.16,201301191600
71187,0.7,201301191600
71399,2.53,201301191600
71601,2.86,201301191600
71629,0.65,201301191600
71888,1.36,201301191600
71961,2.3,201301191600
71964,2.76,201301191600
72201,2.68,201301191600
72218,1.37,201301191600
72345,2.63,201301191600
72367,2.76,201301191600
72407,2.67,201301191600
72416,2.78,201301191600
72706,1.0,201301191600
72894,1.76,201301191600
73104,2.0,201301191600
73135,1.64,201301191600
73211,1.33,201301191600
73223,2.77,201301191600
73451,1.88,201301191600
73460,1.11,201301191600
73461,1.0,201301191600
73557,0.77,201301191600
73669,1.85,201301191600
74158,1.02,201301191600
74216,2.32,201301191600
74388,2.35,201301191600
74396,1.23,201301191600
74466,0.87,201301191600
74467,0.87,201301191600
74638,1.95,201301191600
74677,2.23,201301191600
74678,2.8,201301191600
74711,0.65,201301191600
74721,2.3,201301191600
74962,1.96,201301191600
74968,0.86,201301191600
74973,1.38,201301191600
75224,1.14,201301191600
75329,0.71,201301191600
75386,0.86,201301191600
75424,0.67,201301191600
75436,3.0,201301191600
75475,1.64,201301191600
75619,1.54,201301191600
75721,0.78,201301191600
75722,2.46,201301191600
75724,2.68,201301191600
75725,2.79,201301191600
75726,1.71,201301191600
75727,1.04,201301191600
75974,1.19,201301191600
75975,1.17,201301191600
76133,1.2,201301191600
76227,2.46,201301191600
76393,2.7,201301191600
76473,1.25,201301191600
76477,2.79,201301191600
76654,1.1,201301191600
76728,2.03,201301191600
76959,1.66,201301191600
77169,1.79,201301191600
77230,1.23,201301191600
77381,2.56,201301191600
77458,2.2,201301191600
77641,2.34,201301191600
77942,2.52,201301191600
77981,2.21,201301191600
78205,2.28,201301191600
78418,0.77,201301191600
78654,2.63,201301191600
78733,2.38,201301191600
78881,1.94,201301191600
78896,2.19,201301191600
78909,2.33,201301191600
78983,1.17,201301191600
79234,1.14,201301191600
79379,1.79,201301191600
79394,2.29,201301191600
79484,2.64,201301191600
79712,0.63,201301191600
79911,1.19,201301191600
79915,1.34,201301191600
80160,2.82,201301191600
80161,2.92,201301191600
80193,0.84,201301191600
80352,2.06,201301191600
80397,2.66,201301191600
80406,2.0,201301191600
80411,1.82,201301191600
80412,0.57,201301191600
80413,2.75,201301191600
80420,2.18,201301191600
80485,1.53,201301191600
80635,2.36,201301191600
80659,2.66,201301191600
80663,1.48,201301191600
80664,0.73,201301191600
80703,2.63,201301191600
80877,0.55,201301191600
80916,1.97,201301191600
81163,0.59,201301191600
81164,2.99,201301191600
81354,2.86,201301191600
81363,1.48,201301191600
81390,1.4,201301191600
81625,1.22,201301191600
81651,1.0,201301191600
81899,1.95,201301191600
82135,2.39,201301191600
82168,2.47,201301191600
82169,1.52,201301191600
82237,0.61,201301191600
82613,0.73,201301191600
82622,0.82,201301191600
82664,1.61,201301191600
82892,2.74,201301191600
82951,0.55,201301191600
83410,2.31,201301191600
83489,1.98,201301191600
83735,0.8,201301191600
83865,1.38,201301191600
84123,0.82,201301191600
84179,1.68,201301191600
84207,2.84,201301191600
84212,2.97,201301191600
84221,1.89,201301191600
84366,1.61,201301191600
84689,1.53,201301191600
84712,2.27,201301191600
84902,1.06,201301191600
85474,2.78,201301191600
85487,1.7,201301191600
85620,1.77,201301191600
85705,1.31,201301191600
85715,1.95,201301191600
85738,0.62,201301191600
86440,1.84,201301191600
86622,2.3,201301191600
86623,0.83,201301191600
86672,1.48,201301191600
86873,1.1,201301191600
86895,2.1,201301191600
87121,1.24,201301191600
87227,1.38,201301191600
87460,0.91,201301191600
87690,2.71,201301191600
87873,1.23,201301191600
88242,1.85,201301191600
88463,1.05,201301191600
89120,2.61,201301191600
89152,1.62,201301191600
89175,2.51,201301191600
89198,1.6,201301191600
89615,2.27,201301191600
89625,1.79,201301191600
90116,2.95,201301191600
90183,2.81,201301191600
90497,1.6,201301191600
90699,2.87,201301191600
90719,1.72,201301191600
91200,2.52,201301191600
91432,2.44,201301191600
91434,2.68,201301191600
91684,2.45,201301191600
91713,0.8,201301191600
91744,0.55,201301191600
92233,1.67,201301191600
93205,1.26,201301191600
93244,2.82,201301191600
93252,1.07,201301191600
93463,2.12,201301191600
93675,2.61,201301191600
93944,0.67,201301191600
94431,1.71,201301191600
94710,0.95,201301191600
94755,1.83,201301191600
94997,1.38,201301191600
95000,0.85,201301191600
95707,1.94,201301191600
95949,0.81,201301191600
95998,1.01,201301191600
96188,1.99,201301191600
96225,1.91,201301191600
96249,1.74,201301191600
96468,0.78,201301191600
96486,2.24,201301191600
96718,1.01,201301191600
96972,1.25,201301191600
96995,2.53,201301191600
97251,1.91,201301191600
97440,2.33,201301191600
97471,2.95,201301191600
97969,2.79,201301191600
97990,2.75,201301191600
98224,2.2,201301191600
98229,1.41,201301191600
98450,1.56,201301191600
98475,2.42,201301191600
98739,1.24,201301191600
99256,1.91,201301191600
99468,1.61,201301191600
99730,1.34,201301191600
101215,1.45,201301191600
101911,0.61,201301191600
101912,2.89,201301191600
101989,2.46,201301191600
102999,0.71,201301191600
103242,0.84,201301191600
103431,2.72,201301191600
104177,2.56,201301191600
104221,2.22,201301191600
104239,0.74,201301191600
104701,1.54,201301191600
104984,0.84,201301191600
105196,0.53,201301191600
105219,1.77,201301191600
105460,1.68,201301191600
105461,1.79,201301191600
105481,0.51,201301191600
105489,1.09,201301191600
105709,0.73,201301191600
105710,1.98,201301191600
105711,1.12,201301191600
105712,2.26,201301191600
105713,1.0,201301191600
105715,2.61,201301191600
105726,0.93,201301191600
105727,2.44,201301191600
105736,1.91,201301191600
105960,0.91,201301191600
105961,1.42,201301191600
105962,1.43,201301191600
105963,2.64,201301191600
105964,0.81,201301191600
105975,0.56,201301191600
106195,0.89,201301191600
106213,2.24,201301191600
106214,0.84,201301191600
106215,2.28,201301191600
106221,1.27,201301191600
106231,2.23,201301191600
106232,1.84,201301191600
106234,2.34,201301191600
106235,1.05,201301191600
106237,1.27,201301191600
106446,1.38,201301191600
106447,0.62,201301191600
106462,1.05,201301191600
106463,1.24,201301191600
106465,1.73,201301191600
106466,2.83,201301191600
106467,2.47,201301191600
106480,2.63,201301191600
106712,1.18,201301191600
106717,1.36,201301191600
106718,2.26,201301191600
106741,2.9,201301191600
106958,2.45,201301191600
106964,1.32,201301191600
106965,0.5,201301191600
106966,1.79,201301191600
106967,1.27,201301191600
106971,0.67,201301191600
106983,1.02,201301191600
106997,2.65,201301191600
107200,2.57,201301191600
107212,0.82,201301191600
107219,0.98,201301191600
107240,0.97,201301191600
107460,0.78,201301191600
107465,2.25,201301191600
107466,2.03,201301191600
107468,2.07,201301191600
107491,0.89,201301191600
107711,1.67,201301191600
107725,0.91,201301191600
107726,1.81,201301191600
107954,1.24,201301191600
107966,2.46,201301191600
107971,1.94,201301191600
107979,1.53,201301191600
107993,1.92,201301191600
108205,1.65,201301191600
108211,1.54,201301191600
108214,1.58,201301191600
108215,1.9,201301191600
108217,2.01,201301191600
108219,1.54,201301191600
108220,1.44,201301191600
108222,1.61,201301191600
108225,1.47,201301191600
108230,2.86,201301191600
108454,1.41,201301191600
108463,2.99,201301191600
108499,2.7,201301191600
108717,2.09,201301191600
108722,0.58,201301191600
108724,2.19,201301191600
108733,1.83,201301191600
108968,1.34,201301191600
108975,0.95,201301191600
108984,1.02,201301191600
108985,1.81,201301191600
109216,2.74,201301191600
109219,1.35,201301191600
109222,1.06,201301191600
109227,1.25,201301191600
109231,0.71,201301191600
109236,2.63,201301191600
109245,1.29,201301191600
109473,0.71,201301191600
109487,1.78,201301191600
109494,0.95,201301191600
109495,0.68,201301191600
109496,2.1,201301191600
109497,1.3,201301191600
109742,1.36,201301191600
109744,2.59,201301191600
109748,0.75,201301191600
109750,2.4,201301191600
109980,1.48,201301191600
109991,0.77,201301191600
109994,2.94,201301191600
109998,0.92,201301191600
110001,2.12,201301191600
110243,0.7,201301191600
110247,2.37,201301191600
110249,2.67,201301191600
110251,1.99,201301191600
110253,1.17,201301191600
110254,2.59,201301191600
