cell,mobility,dtg
1610,1.58,201301220800
1846,2.81,201301220800
1851,2.2,201301220800
1853,1.52,201301220800
1856,1.85,201301220800
1857,1.67,201301220800
2103,2.82,201301220800
2105,2.46,201301220800
2106,1.82,201301220800
2107,1.76,201301220800
2114,1.17,201301220800
2342,0.91,201301220800
2347,1.06,201301220800
2351,0.63,201301220800
2354,0.73,201301220800
2357,1.17,201301220800
2372,1.88,201301220800
2374,0.77,201301220800
2591,1.33,201301220800
2595,1.0,201301220800
2605,2.6,201301220800
2611,1.37,201301220800
2615,1.12,201301220800
2620,2.57,201301220800
2627,2.33,201301220800
2839,0.86,201301220800
2847,2.64,201301220800
3086,1.29,201301220800
3094,2.86,201301220800
3100,2.57,201301220800
3124,1.17,201301220800
3128,1.66,201301220800
3334,2.68,201301220800
3337,2.35,201301220800
3375,2.47,201301220800
3614,0.82,201301220800
3619,0.87,201301220800
3632,2.66,201301220800
3635,0.88,201301220800
3830,1.41,201301220800
3831,2.85,201301220800
3833,0.67,201301220800
3837,1.27,201301220800
3845,1.47,201301220800
3856,2.92,201301220800
3860,2.25,201301220800
3865,2.51,201301220800
4078,1.2,201301220800
4081,0.55,201301220800
4137,2.03,201301220800
4141,1.68,201301220800
4142,2.06,201301220800
4328,1.46,201301220800
4329,1.17,201301220800
4341,1.03,201301220800
4345,2.63,201301220800
4348,2.52,201301220800
4354,1.27,201301220800
4372,1.63,201301220800
4577,2.14,201301220800
4578,2.86,201301220800
4580,2.21,201301220800
4582,1.55,201301220800
4605,2.31,201301220800
4608,1.23,201301220800
4631,2.6,201301220800
4636,0.52,201301220800
4637,0.6,201301220800
4829,1.35,201301220800
4830,0.82,201301220800
4831,1.45,201301220800
4834,2.95,201301220800
4837,2.13,201301220800
4852,0.61,201301220800
4863,2.7,201301220800
4868,0.75,201301220800
4890,2.84,201301220800
4891,2.09,201301220800
5078,2.36,201301220800
5081,1.95,201301220800
5084,1.14,201301220800
5127,0.95,201301220800
5153,1.97,201301220800
5327,1.42,201301220800
5329,1.03,201301220800
5333,2.47,201301220800
5334,0.85,201301220800
5339,2.48,201301220800
5369,2.86,201301220800
5402,0.82,201301220800
5410,1.23,201301220800
5577,2.39,201301220800
5581,1.55,201301220800
5592,0.64,201301220800
5612,0.56,201301220800
5623,2.7,201301220800
5876,1.05,201301220800
5893,2.44,201301220800
5898,1.01,201301220800
6078,0.57,201301220800
6118,1.29,201301220800
6136,2.61,201301220800
6158,1.72,201301220800
6159,1.49,201301220800
6333,1.65,201301220800
6353,0.91,201301220800
6365,0.9,201301220800
6366,2.67,201301220800
6414,1.02,201301220800
6588,1.68,201301220800
6609,1.41,201301220800
6635,2.86,201301220800
6668,2.31,201301220800
6841,1.17,201301220800
6849,1.16,201301220800
6896,2.82,201301220800
6924,1.89,201301220800
6928,1.75,201301220800
6935,1.67,201301220800
6939,2.94,201301220800
7077,0.51,201301220800
7078,2.19,201301220800
7085,2.9,201301220800
7088,2.14,201301220800
7113,2.37,201301220800
7114,2.96,201301220800
7129,2.59,201301220800
7133,2.07,201301220800
7165,0.76,201301220800
7192,2.56,201301220800
7354,0.9,201301220800
7375,1.24,201301220800
7379,2.85,201301220800
7401,2.08,201301220800
7410,1.21,201301220800
7436,2.04,201301220800
7584,2.63,201301220800
7646,1.23,201301220800
7849,1.47,201301220800
7871,1.6,201301220800
7927,1.09,201301220800
7948,2.51,201301220800
8080,2.67,201301220800
8170,0.98,201301220800
8182,1.88,201301220800
8195,1.25,201301220800
8342,2.01,201301220800
8582,1.89,201301220800
8602,1.33,201301220800
8609,0.82,201301220800
8638,1.0,201301220800
8656,1.63,201301220800
8830,2.68,201301220800
8839,2.37,201301220800
8876,0.54,201301220800
8897,0.65,201301220800
8912,1.48,201301220800
8918,1.66,201301220800
8929,1.11,201301220800
8940,2.45,201301220800
8954,2.64,201301220800
9140,2.2,201301220800
9333,0.99,201301220800
9468,0.66,201301220800
9473,2.0,201301220800
9589,2.26,201301220800
9601,3.0,201301220800
9607,2.58,201301220800
9658,0.87,201301220800
9724,0.65,201301220800
9833,0.71,201301220800
10084,1.5,201301220800
10089,0.8,201301220800
10096,1.63,201301220800
10144,0.74,201301220800
10170,2.52,201301220800
10181,1.47,201301220800
10189,1.78,201301220800
10201,2.11,201301220800
10334,1.66,201301220800
10335,0.82,201301220800
10383,2.78,201301220800
10414,2.98,201301220800
10444,1.12,201301220800
10458,0.52,201301220800
10477,2.92,201301220800
10586,1.74,201301220800
10601,0.57,201301220800
10609,2.03,201301220800
10616,2.35,201301220800
10633,2.06,201301220800
10655,2.11,201301220800
10665,1.26,201301220800
10681,1.39,201301220800
10717,1.96,201301220800
10835,0.81,201301220800
10837,0.54,201301220800
10847,2.97,201301220800
10903,2.79,201301220800
10911,1.77,201301220800
10918,2.13,201301220800
10973,1.54,201301220800
11087,0.98,201301220800
11092,2.8,201301220800
11128,0.56,201301220800
11222,1.62,201301220800
11223,2.68,201301220800
11225,2.19,201301220800
11238,2.06,201301220800
11361,2.42,201301220800
11393,1.19,201301220800
11424,2.29,201301220800
11601,1.33,201301220800
11682,0.61,201301220800
11704,1.41,201301220800
11858,1.09,201301220800
11884,2.57,201301220800
11901,2.29,201301220800
11946,2.49,201301220800
11960,2.09,201301220800
11972,0.66,201301220800
12089,1.48,201301220800
12090,2.74,201301220800
12096,2.73,201301220800
12120,2.44,201301220800
12157,2.4,201301220800
12230,2.99,201301220800
12383,2.5,201301220800
12431,1.9,201301220800
12601,1.45,201301220800
12625,2.22,201301220800
12632,2.46,201301220800
12842,1.92,201301220800
12875,2.13,201301220800
12901,2.34,201301220800
12913,0.76,201301220800
12933,1.08,201301220800
12934,0.53,201301220800
12985,1.0,201301220800
13099,1.08,201301220800
13114,1.37,201301220800
13150,2.58,201301220800
13175,0.69,201301220800
13183,1.52,201301220800
13222,0.52,201301220800
13358,0.65,201301220800
13444,1.23,201301220800
13455,2.01,201301220800
13456,1.97,201301220800
13670,1.56,201301220800
13694,0.77,201301220800
13845,2.83,201301220800
13849,1.68,201301220800
14011,0.73,201301220800
14095,1.59,201301220800
14133,2.37,201301220800
14161,1.45,201301220800
14167,0.95,201301220800
14184,0.64,201301220800
14241,1.05,201301220800
14255,2.16,201301220800
14349,2.26,201301220800
14350,1.08,201301220800
14375,1.0,201301220800
14452,1.82,201301220800
14475,1.78,201301220800
14620,0.55,201301220800
14673,2.39,201301220800
14745,1.03,201301220800
14859,1.42,201301220800
14936,1.16,201301220800
14995,0.67,201301220800
15097,1.2,201301220800
15098,1.81,201301220800
15246,2.98,201301220800
15349,1.84,201301220800
15440,1.42,201301220800
15600,2.9,201301220800
15656,2.62,201301220800
15672,1.28,201301220800
15699,2.06,201301220800
15714,2.58,201301220800
15725,1.0,201301220800
15744,2.27,201301220800
15849,2.75,201301220800
15850,2.65,201301220800
15851,2.52,201301220800
15853,2.89,201301220800
15871,1.68,201301220800
16100,1.3,201301220800
16105,0.85,201301220800
16114,0.59,201301220800
16171,2.17,201301220800
16184,1.57,201301220800
16400,2.41,201301220800
16414,2.9,201301220800
16601,2.01,201301220800
16604,0.61,201301220800
16625,1.76,201301220800
16670,1.92,201301220800
16853,2.81,201301220800
16868,0.69,201301220800
16932,1.65,201301220800
17232,2.2,201301220800
17355,2.76,201301220800
17358,1.64,201301220800
17367,1.66,201301220800
17635,1.47,201301220800
17673,2.46,201301220800
17681,2.84,201301220800
17884,0.75,201301220800
17984,1.5,201301220800
18108,1.36,201301220800
18115,2.46,201301220800
18118,0.61,201301220800
18123,0.91,201301220800
18139,2.15,201301220800
18154,1.36,201301220800
18160,2.44,201301220800
18177,1.72,201301220800
18185,2.03,201301220800
18383,2.92,201301220800
18404,1.01,201301220800
18427,2.19,201301220800
18466,2.11,201301220800
18616,0.54,201301220800
18629,2.37,201301220800
18861,2.58,201301220800
18866,1.04,201301220800
18925,2.58,201301220800
19110,0.97,201301220800
19112,1.48,201301220800
19114,1.36,201301220800
19122,2.79,201301220800
19360,1.36,201301220800
19443,1.44,201301220800
19481,0.65,201301220800
19611,1.5,201301220800
19612,2.08,201301220800
19618,0.94,201301220800
19633,2.0,201301220800
19678,1.47,201301220800
19878,2.22,201301220800
19913,2.0,201301220800
20113,2.23,201301220800
20114,1.14,201301220800
20116,1.94,201301220800
20170,1.78,201301220800
20363,1.99,201301220800
20387,0.74,201301220800
20396,2.08,201301220800
20436,1.31,201301220800
20616,2.4,201301220800
20621,1.08,201301220800
20628,2.35,201301220800
20651,2.07,201301220800
20671,2.83,201301220800
20682,2.81,201301220800
20864,1.07,201301220800
20882,2.06,201301220800
20931,1.52,201301220800
20995,2.06,201301220800
21115,0.84,201301220800
21118,1.88,201301220800
21201,1.24,201301220800
21373,1.67,201301220800
21377,2.62,201301220800
21392,2.96,201301220800
21407,1.57,201301220800
21428,1.7,201301220800
21448,2.4,201301220800
21617,2.77,201301220800
21619,2.18,201301220800
21639,1.06,201301220800
21658,1.97,201301220800
21663,1.54,201301220800
21701,0.8,201301220800
21721,0.69,201301220800
21868,2.21,201301220800
21871,2.32,201301220800
21999,2.77,201301220800
22126,0.63,201301220800
22133,0.6,201301220800
22174,1.15,201301220800
22176,2.47,201301220800
22205,1.39,201301220800
22368,2.09,201301220800
22395,2.86,201301220800
22419,2.7,201301220800
22420,2.47,201301220800
22421,1.11,201301220800
22422,2.02,201301220800
22619,1.68,201301220800
22630,1.87,201301220800
22634,3.0,201301220800
22671,2.09,201301220800
22673,0.55,201301220800
22700,2.55,201301220800
22751,2.5,201301220800
22768,2.33,201301220800
22869,1.39,201301220800
22877,1.66,201301220800
22928,1.57,201301220800
22940,2.03,201301220800
22955,2.52,201301220800
22963,2.26,201301220800
22966,0.71,201301220800
23120,2.75,201301220800
23124,2.38,201301220800
23125,0.68,201301220800
23131,1.85,201301220800
23138,2.8,201301220800
23169,2.86,201301220800
23194,1.53,201301220800
23216,2.0,201301220800
23370,1.05,201301220800
23371,1.95,201301220800
23379,1.03,201301220800
23386,0.57,201301220800
23388,2.34,201301220800
23427,1.6,201301220800
23621,2.68,201301220800
23627,2.93,201301220800
23635,2.97,201301220800
23641,2.72,201301220800
23662,2.21,201301220800
23669,1.34,201301220800
23690,1.97,201301220800
23744,0.86,201301220800
23750,0.55,201301220800
23872,2.47,201301220800
23873,1.91,201301220800
23875,2.12,201301220800
23881,2.35,201301220800
23894,1.07,201301220800
23896,2.61,201301220800
23907,1.86,201301220800
23925,0.57,201301220800
23973,0.82,201301220800
24005,0.64,201301220800
24009,1.15,201301220800
24032,2.33,201301220800
24122,2.57,201301220800
24123,1.75,201301220800
24149,2.5,201301220800
24247,2.5,201301220800
24251,2.09,201301220800
24265,2.79,201301220800
24266,1.99,201301220800
24373,2.56,201301220800
24374,2.47,201301220800
24380,1.57,201301220800
24381,1.6,201301220800
24383,0.78,201301220800
24387,1.81,201301220800
24402,1.43,201301220800
24405,1.76,201301220800
24423,2.99,201301220800
24623,1.15,201301220800
24626,1.9,201301220800
24643,2.84,201301220800
24732,2.81,201301220800
24734,1.38,201301220800
24739,1.77,201301220800
24774,0.98,201301220800
24775,1.23,201301220800
24781,2.66,201301220800
24837,1.56,201301220800
24874,2.94,201301220800
24877,1.36,201301220800
24879,1.5,201301220800
24880,0.86,201301220800
24895,2.27,201301220800
24920,2.75,201301220800
24990,0.7,201301220800
24991,2.16,201301220800
24993,2.93,201301220800
25124,1.73,201301220800
25125,0.52,201301220800
25126,1.79,201301220800
25129,1.79,201301220800
25130,2.01,201301220800
25132,0.89,201301220800
25136,0.56,201301220800
25138,1.43,201301220800
25141,2.18,201301220800
25179,1.06,201301220800
25187,2.88,201301220800
25375,1.53,201301220800
25376,2.97,201301220800
25377,2.61,201301220800
25379,2.14,201301220800
25385,2.11,201301220800
25395,2.37,201301220800
25400,0.51,201301220800
25405,2.22,201301220800
25412,0.93,201301220800
25427,1.54,201301220800
25626,2.05,201301220800
25627,2.72,201301220800
25628,1.76,201301220800
25629,2.44,201301220800
25632,1.72,201301220800
25633,1.76,201301220800
25642,1.27,201301220800
25715,0.69,201301220800
25747,2.79,201301220800
25763,0.89,201301220800
25876,0.64,201301220800
25877,0.71,201301220800
25878,2.62,201301220800
25881,1.36,201301220800
25882,2.87,201301220800
25886,1.05,201301220800
25888,1.86,201301220800
25926,2.4,201301220800
25997,2.19,201301220800
26005,1.85,201301220800
26035,1.87,201301220800
26127,2.76,201301220800
26129,2.13,201301220800
26130,1.34,201301220800
26133,1.31,201301220800
26135,2.7,201301220800
26136,0.66,201301220800
26138,2.58,201301220800
26139,2.38,201301220800
26141,1.31,201301220800
26148,0.93,201301220800
26168,2.94,201301220800
26378,2.44,201301220800
26379,2.09,201301220800
26380,0.68,201301220800
26381,0.59,201301220800
26382,2.48,201301220800
26383,2.13,201301220800
26385,2.33,201301220800
26386,0.96,201301220800
26387,2.6,201301220800
26389,0.93,201301220800
26391,2.59,201301220800
26392,1.61,201301220800
26393,1.61,201301220800
26396,1.17,201301220800
26403,1.44,201301220800
26408,2.18,201301220800
26427,1.24,201301220800
26450,2.12,201301220800
26492,1.21,201301220800
26546,0.74,201301220800
26563,1.48,201301220800
26564,2.5,201301220800
26628,2.78,201301220800
26629,0.99,201301220800
26630,1.7,201301220800
26631,1.94,201301220800
26633,1.53,201301220800
26634,1.22,201301220800
26656,2.73,201301220800
26674,1.6,201301220800
26708,2.13,201301220800
26752,1.07,201301220800
26754,1.39,201301220800
26755,1.02,201301220800
26782,2.77,201301220800
26846,2.47,201301220800
26879,0.83,201301220800
26880,0.84,201301220800
26881,1.93,201301220800
26882,1.32,201301220800
26883,1.45,201301220800
26884,2.87,201301220800
26885,2.32,201301220800
26886,0.6,201301220800
26887,1.24,201301220800
26889,2.32,201301220800
26890,2.32,201301220800
26891,2.86,201301220800
26892,2.05,201301220800
26893,1.73,201301220800
26894,0.89,201301220800
26895,1.91,201301220800
26897,0.61,201301220800
26905,2.22,201301220800
26938,2.76,201301220800
26964,2.33,201301220800
27006,0.81,201301220800
27042,2.36,201301220800
27098,1.13,201301220800
27130,1.37,201301220800
27131,1.22,201301220800
27132,1.61,201301220800
27133,1.83,201301220800
27134,2.03,201301220800
27135,2.01,201301220800
27136,2.83,201301220800
27137,0.52,201301220800
27138,2.47,201301220800
27142,2.78,201301220800
27143,2.54,201301220800
27145,2.25,201301220800
27148,2.5,201301220800
27149,0.71,201301220800
27152,2.75,201301220800
27155,1.92,201301220800
27175,1.7,201301220800
27209,1.86,201301220800
27247,1.41,201301220800
27381,2.98,201301220800
27382,1.64,201301220800
27383,2.1,201301220800
27384,1.38,201301220800
27386,2.27,201301220800
27387,0.62,201301220800
27388,0.59,201301220800
27389,2.65,201301220800
27390,2.65,201301220800
27392,1.61,201301220800
27395,1.99,201301220800
27404,1.82,201301220800
27415,2.11,201301220800
27427,0.7,201301220800
27489,2.93,201301220800
27494,2.87,201301220800
27498,2.62,201301220800
27518,1.5,201301220800
27632,2.18,201301220800
27633,1.77,201301220800
27634,2.08,201301220800
27635,0.52,201301220800
27636,1.8,201301220800
27637,1.39,201301220800
27638,1.74,201301220800
27639,0.55,201301220800
27640,2.45,201301220800
27642,2.76,201301220800
27643,1.77,201301220800
27645,2.0,201301220800
27646,2.12,201301220800
27647,0.9,201301220800
27649,1.09,201301220800
27654,2.5,201301220800
27763,2.8,201301220800
27764,0.63,201301220800
27796,2.77,201301220800
27797,1.63,201301220800
27883,2.79,201301220800
27884,1.1,201301220800
27885,1.13,201301220800
27886,1.01,201301220800
27887,2.92,201301220800
27888,0.84,201301220800
27889,2.65,201301220800
27890,2.45,201301220800
27891,0.81,201301220800
27892,2.41,201301220800
27894,2.45,201301220800
27895,1.28,201301220800
27897,2.75,201301220800
27902,2.72,201301220800
27908,1.42,201301220800
27911,1.09,201301220800
27930,2.91,201301220800
27971,2.89,201301220800
28004,2.19,201301220800
28015,2.07,201301220800
28049,2.45,201301220800
28102,1.68,201301220800
28134,2.61,201301220800
28135,0.93,201301220800
28136,2.2,201301220800
28137,2.87,201301220800
28138,2.6,201301220800
28139,0.72,201301220800
28140,2.4,201301220800
28142,2.26,201301220800
28143,0.87,201301220800
28144,2.77,201301220800
28146,2.19,201301220800
28154,2.31,201301220800
28156,0.77,201301220800
28216,0.57,201301220800
28239,0.51,201301220800
28384,2.4,201301220800
28385,0.86,201301220800
28386,2.35,201301220800
28387,2.07,201301220800
28388,1.82,201301220800
28389,0.59,201301220800
28390,0.55,201301220800
28391,2.73,201301220800
28392,1.69,201301220800
28393,1.18,201301220800
28394,2.89,201301220800
28396,2.68,201301220800
28397,1.69,201301220800
28400,2.8,201301220800
28401,2.92,201301220800
28405,0.74,201301220800
28427,2.8,201301220800
28467,1.48,201301220800
28496,2.99,201301220800
28497,1.88,201301220800
28519,2.59,201301220800
28535,2.21,201301220800
28539,2.14,201301220800
28545,2.74,201301220800
28557,1.12,201301220800
28635,2.67,201301220800
28636,1.76,201301220800
28637,2.12,201301220800
28638,1.91,201301220800
28639,1.07,201301220800
28640,0.73,201301220800
28641,0.6,201301220800
28642,1.76,201301220800
28643,2.38,201301220800
28644,0.99,201301220800
28645,0.92,201301220800
28646,1.78,201301220800
28649,1.65,201301220800
28658,1.7,201301220800
28667,2.46,201301220800
28675,2.23,201301220800
28751,1.93,201301220800
28753,1.72,201301220800
28754,1.54,201301220800
28788,1.63,201301220800
28812,1.45,201301220800
28823,2.78,201301220800
28886,0.74,201301220800
28887,2.63,201301220800
28888,2.23,201301220800
28889,2.76,201301220800
28890,1.58,201301220800
28891,1.39,201301220800
28892,2.85,201301220800
28893,2.57,201301220800
28894,2.21,201301220800
28895,0.81,201301220800
28896,2.54,201301220800
28897,2.75,201301220800
28899,2.15,201301220800
28900,0.87,201301220800
28901,2.82,201301220800
28902,1.0,201301220800
28905,0.79,201301220800
28912,0.85,201301220800
28960,1.1,201301220800
28969,1.99,201301220800
29004,1.55,201301220800
29012,2.21,201301220800
29026,2.86,201301220800
29068,2.67,201301220800
29076,2.11,201301220800
29088,1.3,201301220800
29094,1.08,201301220800
29136,2.48,201301220800
29137,0.53,201301220800
29138,2.67,201301220800
29139,1.76,201301220800
29140,2.74,201301220800
29141,1.9,201301220800
29142,2.04,201301220800
29143,2.74,201301220800
29144,1.62,201301220800
29146,2.92,201301220800
29147,0.72,201301220800
29148,2.14,201301220800
29149,1.49,201301220800
29151,1.59,201301220800
29158,1.16,201301220800
29165,1.99,201301220800
29171,2.25,201301220800
29190,2.09,201301220800
29247,1.75,201301220800
29387,2.4,201301220800
29388,1.6,201301220800
29389,2.45,201301220800
29390,1.45,201301220800
29391,0.7,201301220800
29392,2.81,201301220800
29393,1.61,201301220800
29394,1.85,201301220800
29395,1.55,201301220800
29396,2.74,201301220800
29397,0.52,201301220800
29398,0.85,201301220800
29399,1.9,201301220800
29401,1.16,201301220800
29402,1.1,201301220800
29403,1.51,201301220800
29405,2.1,201301220800
29409,1.59,201301220800
29425,2.05,201301220800
29429,0.77,201301220800
29495,1.76,201301220800
29498,0.65,201301220800
29533,1.75,201301220800
29556,1.54,201301220800
29638,1.81,201301220800
29639,0.78,201301220800
29640,2.33,201301220800
29641,2.84,201301220800
29642,1.36,201301220800
29643,0.78,201301220800
29644,1.56,201301220800
29645,0.68,201301220800
29648,0.87,201301220800
29649,1.66,201301220800
29650,1.57,201301220800
29654,2.92,201301220800
29663,2.08,201301220800
29670,2.58,201301220800
29710,1.18,201301220800
29730,1.16,201301220800
29733,2.19,201301220800
29736,1.39,201301220800
29766,1.52,201301220800
29891,1.73,201301220800
29892,1.86,201301220800
29893,0.81,201301220800
29894,2.48,201301220800
29895,1.75,201301220800
29896,1.03,201301220800
29897,1.32,201301220800
29898,1.68,201301220800
29900,2.78,201301220800
29903,1.92,201301220800
29906,2.2,201301220800
29909,2.84,201301220800
29912,2.35,201301220800
29917,1.1,201301220800
29925,2.84,201301220800
29966,2.77,201301220800
30021,1.86,201301220800
30026,1.29,201301220800
30036,1.53,201301220800
30142,1.7,201301220800
30143,1.46,201301220800
30144,1.05,201301220800
30145,1.08,201301220800
30146,2.88,201301220800
30147,1.66,201301220800
30148,1.9,201301220800
30152,1.86,201301220800
30154,2.5,201301220800
30157,1.06,201301220800
30158,1.5,201301220800
30181,1.22,201301220800
30242,0.5,201301220800
30243,2.95,201301220800
30244,0.81,201301220800
30261,2.91,201301220800
30300,0.55,201301220800
30322,1.9,201301220800
30393,1.26,201301220800
30394,0.65,201301220800
30395,2.57,201301220800
30396,1.72,201301220800
30397,2.32,201301220800
30398,0.67,201301220800
30400,1.02,201301220800
30401,2.07,201301220800
30403,0.71,201301220800
30407,0.56,201301220800
30410,2.39,201301220800
30420,1.14,201301220800
30430,1.54,201301220800
30434,0.53,201301220800
30439,1.66,201301220800
30481,0.93,201301220800
30489,1.01,201301220800
30494,2.46,201301220800
30495,2.11,201301220800
30496,1.26,201301220800
30645,1.86,201301220800
30646,1.99,201301220800
30647,0.89,201301220800
30648,1.07,201301220800
30649,1.02,201301220800
30650,1.95,201301220800
30651,0.57,201301220800
30652,1.32,201301220800
30653,1.94,201301220800
30654,1.25,201301220800
30661,1.19,201301220800
30664,1.78,201301220800
30666,1.52,201301220800
30669,1.05,201301220800
30673,2.65,201301220800
30683,1.35,201301220800
30745,2.59,201301220800
30750,0.72,201301220800
30777,1.59,201301220800
30780,0.54,201301220800
30812,2.61,201301220800
30897,2.59,201301220800
30898,0.81,201301220800
30899,0.93,201301220800
30900,2.37,201301220800
30901,0.76,201301220800
30902,1.53,201301220800
30903,2.36,201301220800
30904,0.89,201301220800
30908,1.35,201301220800
30909,0.6,201301220800
30912,2.32,201301220800
30913,2.06,201301220800
30928,2.71,201301220800
30953,2.23,201301220800
30979,1.4,201301220800
30994,2.75,201301220800
30995,2.29,201301220800
31027,2.3,201301220800
31028,2.04,201301220800
31029,0.68,201301220800
31082,1.14,201301220800
31148,0.58,201301220800
31149,2.22,201301220800
31150,0.75,201301220800
31151,2.98,201301220800
31152,1.84,201301220800
31156,2.77,201301220800
31157,1.92,201301220800
31161,2.33,201301220800
31166,1.85,201301220800
31172,1.03,201301220800
31274,0.85,201301220800
31281,1.91,201301220800
31369,0.51,201301220800
31398,0.91,201301220800
31401,1.44,201301220800
31407,2.95,201301220800
31408,2.21,201301220800
31409,1.96,201301220800
31410,1.76,201301220800
31413,2.54,201301220800
31419,0.66,201301220800
31427,0.92,201301220800
31457,2.01,201301220800
31466,2.56,201301220800
31651,1.38,201301220800
31652,0.95,201301220800
31656,1.23,201301220800
31660,2.0,201301220800
31663,1.75,201301220800
31666,2.81,201301220800
31675,1.86,201301220800
31738,2.16,201301220800
31754,0.85,201301220800
31782,1.66,201301220800
31903,1.97,201301220800
31904,1.91,201301220800
31905,1.3,201301220800
31906,1.8,201301220800
31908,2.91,201301220800
31912,2.42,201301220800
31921,2.13,201301220800
31928,1.62,201301220800
31949,2.77,201301220800
32028,2.93,201301220800
32032,2.12,201301220800
32045,0.7,201301220800
32150,1.39,201301220800
32155,2.94,201301220800
32157,1.67,201301220800
32161,2.09,201301220800
32162,1.4,201301220800
32167,2.51,201301220800
32169,0.58,201301220800
32175,2.87,201301220800
32182,0.77,201301220800
32185,2.0,201301220800
32195,0.71,201301220800
32235,2.15,201301220800
32404,2.25,201301220800
32405,1.39,201301220800
32410,2.1,201301220800
32411,2.01,201301220800
32415,1.72,201301220800
32449,2.84,201301220800
32490,0.55,201301220800
32558,1.4,201301220800
32622,2.31,201301220800
32656,1.87,201301220800
32658,1.35,201301220800
32660,1.8,201301220800
32662,1.33,201301220800
32668,0.85,201301220800
32682,1.18,201301220800
32697,1.01,201301220800
32712,1.62,201301220800
32729,2.9,201301220800
32739,1.1,201301220800
32742,1.88,201301220800
32744,0.82,201301220800
32802,1.61,201301220800
32834,1.54,201301220800
32905,0.94,201301220800
32907,2.25,201301220800
32912,2.54,201301220800
32916,1.53,201301220800
32922,1.4,201301220800
32924,1.15,201301220800
32926,2.97,201301220800
32929,2.15,201301220800
32977,1.59,201301220800
32978,2.4,201301220800
33154,2.22,201301220800
33158,1.06,201301220800
33160,1.22,201301220800
33165,1.69,201301220800
33170,1.36,201301220800
33186,1.23,201301220800
33286,2.79,201301220800
33405,1.25,201301220800
33409,2.18,201301220800
33412,1.02,201301220800
33418,1.3,201301220800
33420,2.06,201301220800
33424,2.94,201301220800
33435,1.43,201301220800
33442,0.71,201301220800
33519,1.48,201301220800
33594,1.11,201301220800
33656,0.88,201301220800
33659,0.56,201301220800
33662,1.48,201301220800
33664,2.4,201301220800
33666,1.2,201301220800
33669,1.03,201301220800
33673,0.89,201301220800
33675,2.15,201301220800
33694,0.73,201301220800
33724,0.73,201301220800
33742,1.45,201301220800
33812,1.38,201301220800
33909,1.24,201301220800
33911,1.69,201301220800
33912,2.36,201301220800
33913,0.76,201301220800
33922,0.66,201301220800
33923,1.22,201301220800
33924,1.38,201301220800
33931,0.97,201301220800
33935,2.99,201301220800
33986,2.61,201301220800
34013,1.81,201301220800
34160,2.52,201301220800
34161,0.7,201301220800
34162,1.82,201301220800
34163,1.62,201301220800
34167,0.91,201301220800
34190,1.98,201301220800
34211,2.44,201301220800
34303,2.72,201301220800
34380,1.53,201301220800
34407,2.29,201301220800
34413,1.39,201301220800
34423,1.49,201301220800
34424,2.25,201301220800
34427,1.02,201301220800
34430,2.35,201301220800
34437,2.48,201301220800
34440,2.82,201301220800
34486,2.63,201301220800
34495,0.84,201301220800
34510,2.14,201301220800
34520,2.38,201301220800
34528,1.54,201301220800
34563,0.79,201301220800
34662,2.48,201301220800
34667,2.8,201301220800
34668,1.52,201301220800
34670,1.71,201301220800
34672,2.61,201301220800
34673,2.48,201301220800
34676,0.6,201301220800
34679,1.98,201301220800
34682,1.27,201301220800
34695,0.51,201301220800
34710,1.68,201301220800
34714,0.59,201301220800
34720,1.61,201301220800
34882,0.72,201301220800
34913,1.81,201301220800
34914,2.1,201301220800
34915,2.35,201301220800
34924,1.19,201301220800
34925,1.18,201301220800
34934,1.45,201301220800
34939,2.53,201301220800
34959,1.35,201301220800
34990,0.61,201301220800
35102,1.08,201301220800
35164,1.89,201301220800
35166,2.13,201301220800
35173,2.22,201301220800
35178,2.2,201301220800
35183,2.12,201301220800
35185,2.2,201301220800
35187,2.46,201301220800
35193,1.48,201301220800
35203,1.6,201301220800
35218,1.47,201301220800
35237,1.78,201301220800
35244,0.97,201301220800
35249,2.82,201301220800
35295,2.43,201301220800
35368,1.3,201301220800
35410,1.2,201301220800
35414,1.66,201301220800
35415,1.29,201301220800
35417,1.41,201301220800
35421,2.09,201301220800
35440,2.76,201301220800
35455,2.02,201301220800
35492,0.9,201301220800
35515,0.54,201301220800
35665,2.23,201301220800
35675,2.08,201301220800
35683,0.94,201301220800
35686,1.48,201301220800
35700,2.96,201301220800
35745,2.32,201301220800
35755,1.15,201301220800
35769,1.95,201301220800
35916,2.16,201301220800
35917,1.27,201301220800
35918,1.99,201301220800
35919,0.78,201301220800
35921,2.41,201301220800
35929,2.38,201301220800
35931,2.34,201301220800
35941,0.99,201301220800
35944,2.4,201301220800
35971,2.2,201301220800
35981,1.15,201301220800
35992,0.85,201301220800
35994,2.63,201301220800
36067,1.24,201301220800
36162,2.71,201301220800
36167,1.4,201301220800
36169,2.39,201301220800
36170,1.25,201301220800
36173,2.67,201301220800
36176,2.8,201301220800
36177,2.53,201301220800
36205,1.15,201301220800
36237,1.85,201301220800
36245,1.21,201301220800
36246,1.41,201301220800
36293,2.04,201301220800
36311,1.34,201301220800
36417,1.62,201301220800
36420,1.32,201301220800
36421,0.98,201301220800
36441,2.74,201301220800
36448,2.5,201301220800
36494,0.75,201301220800
36498,0.64,201301220800
36502,1.73,201301220800
36510,2.31,201301220800
36513,2.16,201301220800
36519,1.73,201301220800
36524,0.85,201301220800
36576,0.58,201301220800
36668,0.96,201301220800
36673,1.91,201301220800
36675,1.24,201301220800
36677,1.0,201301220800
36679,2.16,201301220800
36682,1.19,201301220800
36688,2.65,201301220800
36690,0.73,201301220800
36711,2.1,201301220800
36717,2.91,201301220800
36758,2.71,201301220800
36889,1.75,201301220800
36915,1.96,201301220800
36918,2.52,201301220800
36933,2.07,201301220800
36934,1.57,201301220800
36953,0.77,201301220800
36959,1.49,201301220800
36996,2.47,201301220800
36999,2.33,201301220800
37001,2.99,201301220800
37167,1.53,201301220800
37168,0.88,201301220800
37169,1.34,201301220800
37172,1.69,201301220800
37176,1.59,201301220800
37178,1.02,201301220800
37179,2.87,201301220800
37182,0.62,201301220800
37192,1.5,201301220800
37200,2.38,201301220800
37206,2.6,201301220800
37232,1.15,201301220800
37239,1.43,201301220800
37270,1.79,201301220800
37298,2.65,201301220800
37304,1.3,201301220800
37419,1.77,201301220800
37421,1.54,201301220800
37423,1.73,201301220800
37425,0.78,201301220800
37446,0.54,201301220800
37454,0.99,201301220800
37477,0.78,201301220800
37487,1.08,201301220800
37501,1.78,201301220800
37503,2.57,201301220800
37513,1.64,201301220800
37523,2.6,201301220800
37562,0.72,201301220800
37609,1.5,201301220800
37642,2.58,201301220800
37643,2.57,201301220800
37670,1.7,201301220800
37671,1.15,201301220800
37672,0.86,201301220800
37676,1.11,201301220800
37688,2.72,201301220800
37689,2.99,201301220800
37690,1.25,201301220800
37695,2.5,201301220800
37701,0.83,201301220800
37710,2.61,201301220800
37711,1.02,201301220800
37754,0.5,201301220800
37874,1.24,201301220800
37891,2.29,201301220800
37893,2.46,201301220800
37894,1.8,201301220800
37926,2.21,201301220800
37928,2.87,201301220800
37929,2.65,201301220800
37932,2.61,201301220800
37936,2.34,201301220800
37943,0.83,201301220800
37952,1.35,201301220800
37962,1.15,201301220800
37968,1.03,201301220800
38003,0.5,201301220800
38060,1.28,201301220800
38145,0.74,201301220800
38172,2.05,201301220800
38173,1.79,201301220800
38178,2.17,201301220800
38200,0.6,201301220800
38204,1.35,201301220800
38209,0.56,201301220800
38215,1.85,201301220800
38220,2.08,201301220800
38225,1.26,201301220800
38228,1.07,201301220800
38230,0.91,201301220800
38243,0.8,201301220800
38247,2.03,201301220800
38255,1.97,201301220800
38263,2.86,201301220800
38268,0.61,201301220800
38272,2.1,201301220800
38367,1.34,201301220800
38381,1.57,201301220800
38423,2.19,201301220800
38425,1.77,201301220800
38426,1.84,201301220800
38431,0.65,201301220800
38440,1.68,201301220800
38479,2.43,201301220800
38481,1.35,201301220800
38483,1.02,201301220800
38488,1.92,201301220800
38490,2.47,201301220800
38498,2.68,201301220800
38499,1.12,201301220800
38500,1.58,201301220800
38505,0.61,201301220800
38506,2.63,201301220800
38508,1.57,201301220800
38517,0.77,201301220800
38534,2.61,201301220800
38648,2.64,201301220800
38674,2.31,201301220800
38676,1.12,201301220800
38679,2.06,201301220800
38684,1.5,201301220800
38693,2.34,201301220800
38697,2.79,201301220800
38716,2.11,201301220800
38722,1.96,201301220800
38736,2.93,201301220800
38738,1.2,201301220800
38752,2.84,201301220800
38753,2.63,201301220800
38758,1.97,201301220800
38760,2.45,201301220800
38761,2.39,201301220800
38762,1.33,201301220800
38766,1.35,201301220800
38769,1.61,201301220800
38778,1.06,201301220800
38812,1.63,201301220800
38939,1.53,201301220800
38953,1.29,201301220800
38958,2.95,201301220800
38967,0.62,201301220800
39006,1.18,201301220800
39008,1.0,201301220800
39010,2.63,201301220800
39011,2.07,201301220800
39017,1.03,201301220800
39113,2.03,201301220800
39148,2.22,201301220800
39149,0.97,201301220800
39176,1.72,201301220800
39178,0.73,201301220800
39191,1.71,201301220800
39201,2.72,201301220800
39230,2.46,201301220800
39236,2.51,201301220800
39246,1.62,201301220800
39252,2.27,201301220800
39255,1.74,201301220800
39260,1.18,201301220800
39262,0.82,201301220800
39263,2.87,201301220800
39268,2.63,201301220800
39269,1.25,201301220800
39271,1.41,201301220800
39274,2.41,201301220800
39275,2.48,201301220800
39375,2.73,201301220800
39391,2.84,201301220800
39427,0.94,201301220800
39428,2.88,201301220800
39430,2.15,201301220800
39433,2.23,201301220800
39446,2.76,201301220800
39457,1.49,201301220800
39514,2.54,201301220800
39515,2.88,201301220800
39516,1.55,201301220800
39517,1.26,201301220800
39535,1.07,201301220800
39554,0.94,201301220800
39559,1.41,201301220800
39631,1.54,201301220800
39632,1.81,201301220800
39633,2.98,201301220800
39652,2.78,201301220800
39683,1.07,201301220800
39687,0.9,201301220800
39706,2.95,201301220800
39710,2.28,201301220800
39722,1.92,201301220800
39731,1.98,201301220800
39750,2.56,201301220800
39755,2.1,201301220800
39759,2.34,201301220800
39762,2.87,201301220800
39764,2.75,201301220800
39765,1.08,201301220800
39766,2.05,201301220800
39767,2.41,201301220800
39769,0.75,201301220800
39772,0.53,201301220800
39776,2.94,201301220800
39777,2.4,201301220800
39790,2.16,201301220800
39791,2.35,201301220800
39796,2.28,201301220800
39832,1.95,201301220800
39883,2.28,201301220800
39930,1.49,201301220800
39932,1.17,201301220800
39941,2.67,201301220800
39948,1.28,201301220800
39969,2.29,201301220800
40018,2.2,201301220800
40031,0.72,201301220800
40133,2.31,201301220800
40180,2.63,201301220800
40188,0.79,201301220800
40196,0.63,201301220800
40242,1.03,201301220800
40246,1.85,201301220800
40259,1.04,201301220800
40264,2.97,201301220800
40267,1.67,201301220800
40268,1.32,201301220800
40270,1.95,201301220800
40276,1.26,201301220800
40286,2.41,201301220800
40295,1.04,201301220800
40431,1.83,201301220800
40432,0.78,201301220800
40442,0.8,201301220800
40447,1.65,201301220800
40448,1.02,201301220800
40451,2.2,201301220800
40457,2.87,201301220800
40500,0.75,201301220800
40512,1.69,201301220800
40518,2.81,201301220800
40519,2.4,201301220800
40522,1.35,201301220800
40524,2.18,201301220800
40525,2.86,201301220800
40532,1.08,201301220800
40560,1.4,201301220800
40566,2.54,201301220800
40633,1.92,201301220800
40687,1.83,201301220800
40713,2.3,201301220800
40719,2.4,201301220800
40732,1.25,201301220800
40733,2.5,201301220800
40766,2.71,201301220800
40810,1.19,201301220800
40894,0.63,201301220800
40933,1.64,201301220800
40936,1.5,201301220800
40939,1.78,201301220800
40954,1.53,201301220800
40982,2.81,201301220800
41021,2.23,201301220800
41024,0.57,201301220800
41061,2.64,201301220800
41145,1.72,201301220800
41157,1.8,201301220800
41183,2.91,201301220800
41200,1.61,201301220800
41262,2.27,201301220800
41265,1.26,201301220800
41270,0.61,201301220800
41277,1.45,201301220800
41318,1.88,201301220800
41401,2.54,201301220800
41407,1.83,201301220800
41437,2.55,201301220800
41459,0.61,201301220800
41465,1.85,201301220800
41469,1.79,201301220800
41508,1.6,201301220800
41520,2.51,201301220800
41522,0.87,201301220800
41526,1.74,201301220800
41532,0.92,201301220800
41558,1.76,201301220800
41635,2.95,201301220800
41653,1.64,201301220800
41658,2.2,201301220800
41692,1.62,201301220800
41696,2.47,201301220800
41764,2.72,201301220800
41772,2.4,201301220800
41893,0.86,201301220800
41904,1.37,201301220800
41905,0.97,201301220800
41936,2.57,201301220800
41941,2.44,201301220800
41958,1.71,201301220800
41990,0.7,201301220800
42023,1.28,201301220800
42026,1.23,201301220800
42029,0.54,201301220800
42074,1.42,201301220800
42085,1.22,201301220800
42095,2.37,201301220800
42147,0.85,201301220800
42160,2.23,201301220800
42200,2.7,201301220800
42213,0.74,201301220800
42267,2.98,201301220800
42271,1.74,201301220800
42274,0.82,201301220800
42283,2.04,201301220800
42291,1.37,201301220800
42342,1.85,201301220800
42411,2.37,201301220800
42438,1.64,201301220800
42454,1.84,201301220800
42471,1.65,201301220800
42478,2.46,201301220800
42487,2.72,201301220800
42503,2.33,201301220800
42514,2.14,201301220800
42521,1.31,201301220800
42533,0.55,201301220800
42644,1.3,201301220800
42661,0.67,201301220800
42695,2.1,201301220800
42744,0.72,201301220800
42750,0.58,201301220800
42846,0.98,201301220800
42905,2.79,201301220800
42912,1.29,201301220800
42939,1.37,201301220800
42940,2.34,201301220800
42944,2.77,201301220800
42949,1.99,201301220800
43011,1.61,201301220800
43021,2.37,201301220800
43030,2.12,201301220800
43151,2.28,201301220800
43160,2.31,201301220800
43162,1.86,201301220800
43213,0.89,201301220800
43220,1.0,201301220800
43261,1.5,201301220800
43412,2.56,201301220800
43413,0.98,201301220800
43440,1.99,201301220800
43443,1.75,201301220800
43449,2.28,201301220800
43483,1.16,201301220800
43484,2.92,201301220800
43494,1.77,201301220800
43518,1.53,201301220800
43523,2.44,201301220800
43526,1.22,201301220800
43530,2.4,201301220800
43571,2.66,201301220800
43642,0.56,201301220800
43662,3.0,201301220800
43738,1.37,201301220800
43760,1.05,201301220800
43779,2.46,201301220800
43914,2.77,201301220800
43957,1.66,201301220800
43980,1.67,201301220800
43984,2.77,201301220800
43992,1.85,201301220800
43995,2.77,201301220800
44002,1.56,201301220800
44039,0.64,201301220800
44194,1.36,201301220800
44197,1.54,201301220800
44204,1.0,201301220800
44215,1.86,201301220800
44226,2.81,201301220800
44247,1.5,201301220800
44255,1.36,201301220800
44282,2.73,201301220800
44284,0.83,201301220800
44356,0.64,201301220800
44470,1.06,201301220800
44486,2.21,201301220800
44503,1.21,201301220800
44504,0.64,201301220800
44510,1.07,201301220800
44517,2.24,201301220800
44534,0.97,201301220800
44578,1.96,201301220800
44666,2.32,201301220800
44694,2.37,201301220800
44697,1.0,201301220800
44716,0.9,201301220800
44724,2.51,201301220800
44743,2.66,201301220800
44755,2.89,201301220800
44756,0.7,201301220800
44757,1.83,201301220800
44758,1.77,201301220800
44786,1.01,201301220800
44787,0.62,201301220800
44911,1.89,201301220800
44963,1.27,201301220800
45005,2.13,201301220800
45006,1.22,201301220800
45007,1.43,201301220800
45008,2.08,201301220800
45039,2.68,201301220800
45114,2.23,201301220800
45168,1.51,201301220800
45200,2.83,201301220800
45203,1.53,201301220800
45208,2.75,201301220800
45237,0.97,201301220800
45254,1.87,201301220800
45256,0.52,201301220800
45258,1.7,201301220800
45261,2.34,201301220800
45265,1.38,201301220800
45266,2.5,201301220800
45401,2.76,201301220800
45479,0.84,201301220800
45502,1.39,201301220800
45507,0.71,201301220800
45509,1.1,201301220800
45526,2.25,201301220800
45538,2.13,201301220800
45582,0.77,201301220800
45661,2.97,201301220800
45701,2.02,201301220800
45703,2.3,201301220800
45716,2.59,201301220800
45720,1.01,201301220800
45725,1.78,201301220800
45735,1.25,201301220800
45747,2.47,201301220800
45766,1.26,201301220800
45793,0.92,201301220800
45795,1.1,201301220800
45919,1.09,201301220800
45948,0.61,201301220800
46008,1.71,201301220800
46036,0.66,201301220800
46041,1.95,201301220800
46052,1.48,201301220800
46074,0.55,201301220800
46145,0.62,201301220800
46202,2.83,201301220800
46209,1.46,201301220800
46242,1.26,201301220800
46265,0.69,201301220800
46372,1.46,201301220800
46384,1.16,201301220800
46455,0.96,201301220800
46508,2.7,201301220800
46523,2.13,201301220800
46538,2.31,201301220800
46565,2.72,201301220800
46574,2.47,201301220800
46626,1.1,201301220800
46700,0.61,201301220800
46738,2.22,201301220800
46770,1.55,201301220800
46778,2.52,201301220800
46787,1.85,201301220800
46803,0.62,201301220800
46954,0.51,201301220800
46964,2.7,201301220800
46972,2.31,201301220800
46976,1.8,201301220800
46981,2.51,201301220800
47011,0.84,201301220800
47015,0.76,201301220800
47047,1.15,201301220800
47253,1.32,201301220800
47288,1.03,201301220800
47295,0.76,201301220800
47342,1.69,201301220800
47454,1.76,201301220800
47535,1.19,201301220800
47543,2.63,201301220800
47705,2.99,201301220800
47709,2.13,201301220800
47711,2.52,201301220800
47758,1.68,201301220800
47806,1.0,201301220800
47889,0.9,201301220800
47926,2.04,201301220800
47968,0.63,201301220800
47972,1.36,201301220800
47977,0.79,201301220800
47982,1.42,201301220800
48032,2.69,201301220800
48209,1.17,201301220800
48239,1.03,201301220800
48244,1.83,201301220800
48278,0.79,201301220800
48420,2.48,201301220800
48427,2.68,201301220800
48499,0.67,201301220800
48503,1.19,201301220800
48552,2.75,201301220800
48584,1.56,201301220800
48713,0.63,201301220800
48759,2.63,201301220800
48848,2.73,201301220800
48898,0.93,201301220800
49017,2.02,201301220800
49049,1.76,201301220800
49229,1.88,201301220800
49241,1.69,201301220800
49472,2.43,201301220800
49483,2.06,201301220800
49542,1.76,201301220800
49555,2.91,201301220800
49679,1.29,201301220800
49750,0.98,201301220800
49760,1.98,201301220800
49777,2.36,201301220800
49968,2.56,201301220800
50053,2.07,201301220800
50103,2.74,201301220800
50180,1.05,201301220800
50285,2.78,201301220800
50430,0.93,201301220800
50470,1.32,201301220800
50494,2.52,201301220800
50511,1.37,201301220800
50549,1.49,201301220800
50680,0.91,201301220800
50682,1.01,201301220800
50731,2.38,201301220800
50812,1.65,201301220800
50872,1.09,201301220800
51029,1.6,201301220800
51046,2.84,201301220800
51053,1.13,201301220800
51056,0.65,201301220800
51162,1.59,201301220800
51177,1.09,201301220800
51182,0.78,201301220800
51228,2.32,201301220800
51258,1.6,201301220800
51430,1.75,201301220800
51431,2.28,201301220800
51432,0.87,201301220800
51520,0.62,201301220800
51681,0.95,201301220800
51682,0.5,201301220800
51725,1.7,201301220800
51790,2.27,201301220800
51832,2.9,201301220800
51857,1.08,201301220800
51931,2.1,201301220800
51932,2.75,201301220800
51986,1.67,201301220800
52003,2.36,201301220800
52182,2.08,201301220800
52244,1.76,201301220800
52259,1.69,201301220800
52280,2.64,201301220800
52319,1.54,201301220800
52473,2.94,201301220800
52518,1.93,201301220800
52631,2.94,201301220800
52679,2.46,201301220800
52729,0.6,201301220800
52811,2.83,201301220800
52983,1.27,201301220800
52988,0.95,201301220800
52993,2.05,201301220800
53000,1.43,201301220800
53016,1.72,201301220800
53027,2.65,201301220800
53072,2.1,201301220800
53090,0.67,201301220800
53177,2.4,201301220800
53178,1.49,201301220800
53381,2.36,201301220800
53427,1.46,201301220800
53429,2.69,201301220800
53761,0.51,201301220800
53774,2.41,201301220800
53797,2.82,201301220800
53810,0.69,201301220800
53822,2.08,201301220800
53864,0.61,201301220800
53927,2.75,201301220800
54038,0.59,201301220800
54071,2.57,201301220800
54234,2.61,201301220800
54281,2.29,201301220800
54284,1.57,201301220800
54327,0.72,201301220800
54334,1.0,201301220800
54349,0.92,201301220800
54427,0.89,201301220800
54503,2.25,201301220800
54510,1.03,201301220800
54520,2.44,201301220800
54550,1.58,201301220800
54578,1.77,201301220800
54678,1.51,201301220800
54828,1.64,201301220800
54983,2.92,201301220800
54996,1.16,201301220800
55070,0.86,201301220800
55329,0.54,201301220800
55331,2.02,201301220800
55535,2.08,201301220800
55633,2.2,201301220800
55680,2.17,201301220800
55761,1.85,201301220800
55831,1.18,201301220800
55832,0.57,201301220800
55838,2.16,201301220800
55845,2.18,201301220800
56106,2.5,201301220800
56493,0.94,201301220800
56571,2.83,201301220800
56586,0.93,201301220800
56587,2.55,201301220800
56591,1.23,201301220800
56738,1.26,201301220800
56835,0.97,201301220800
56882,1.9,201301220800
56887,1.56,201301220800
56888,1.38,201301220800
56933,1.26,201301220800
56934,0.54,201301220800
57042,2.4,201301220800
57062,2.78,201301220800
57189,0.85,201301220800
57261,2.98,201301220800
57329,2.92,201301220800
57342,2.12,201301220800
57376,2.16,201301220800
57378,1.75,201301220800
57380,2.55,201301220800
57397,0.52,201301220800
57440,0.67,201301220800
57495,1.06,201301220800
57523,1.28,201301220800
57555,0.83,201301220800
57597,2.16,201301220800
57613,0.72,201301220800
57615,1.86,201301220800
57628,0.64,201301220800
57631,2.94,201301220800
57823,2.52,201301220800
57837,2.96,201301220800
57851,2.83,201301220800
57852,2.55,201301220800
57906,2.29,201301220800
58179,1.61,201301220800
58251,2.33,201301220800
58421,2.73,201301220800
58511,2.28,201301220800
58632,1.32,201301220800
58744,1.3,201301220800
58802,0.98,201301220800
58814,2.25,201301220800
58879,2.95,201301220800
58892,2.43,201301220800
59010,1.03,201301220800
59043,1.22,201301220800
59104,0.85,201301220800
59125,1.81,201301220800
59134,2.41,201301220800
59285,2.25,201301220800
59329,1.69,201301220800
59555,2.32,201301220800
59635,2.12,201301220800
59745,1.09,201301220800
59927,0.79,201301220800
59941,1.23,201301220800
60008,1.21,201301220800
60011,2.1,201301220800
60114,0.97,201301220800
60141,0.88,201301220800
60147,1.04,201301220800
60331,1.87,201301220800
60344,0.6,201301220800
60350,2.41,201301220800
60578,1.67,201301220800
60593,2.09,201301220800
60613,1.08,201301220800
60630,2.17,201301220800
60635,2.51,201301220800
60649,2.33,201301220800
60750,2.01,201301220800
60774,1.92,201301220800
60819,1.44,201301220800
60880,0.95,201301220800
60888,2.41,201301220800
61062,1.64,201301220800
61110,2.32,201301220800
61263,0.82,201301220800
61343,0.51,201301220800
61591,2.98,201301220800
61597,1.63,201301220800
61654,0.72,201301220800
61818,1.39,201301220800
62077,2.4,201301220800
62104,2.26,201301220800
62135,2.96,201301220800
62140,1.61,201301220800
62252,0.62,201301220800
62558,0.53,201301220800
62589,2.31,201301220800
62757,0.66,201301220800
62772,2.02,201301220800
62850,1.25,201301220800
62926,0.9,201301220800
62948,0.59,201301220800
63044,1.84,201301220800
63153,1.6,201301220800
63383,2.06,201301220800
63397,0.68,201301220800
63398,1.79,201301220800
63407,2.26,201301220800
63574,2.07,201301220800
63586,2.49,201301220800
63816,1.59,201301220800
64102,2.04,201301220800
64150,0.58,201301220800
64200,2.94,201301220800
64515,0.77,201301220800
64529,2.79,201301220800
64573,2.29,201301220800
64581,1.85,201301220800
64815,0.63,201301220800
64915,1.16,201301220800
65059,2.81,201301220800
65144,2.04,201301220800
65320,1.58,201301220800
65375,2.48,201301220800
65454,0.65,201301220800
65528,0.77,201301220800
65607,1.53,201301220800
65774,2.07,201301220800
65838,2.35,201301220800
66068,1.24,201301220800
66084,2.37,201301220800
66151,0.82,201301220800
66353,2.35,201301220800
66538,2.68,201301220800
66575,1.75,201301220800
66637,1.18,201301220800
66827,0.81,201301220800
66870,1.92,201301220800
67110,0.63,201301220800
67207,2.32,201301220800
67335,1.75,201301220800
67385,1.39,201301220800
67599,1.8,201301220800
67601,2.03,201301220800
67602,2.84,201301220800
67698,2.19,201301220800
67824,1.33,201301220800
67842,2.28,201301220800
67854,1.28,201301220800
67855,2.94,201301220800
67918,1.59,201301220800
68103,2.18,201301220800
68104,1.6,201301220800
68110,1.68,201301220800
68111,2.9,201301220800
68349,0.89,201301220800
68354,1.44,201301220800
68356,2.69,201301220800
68454,2.16,201301220800
68455,2.74,201301220800
68587,1.88,201301220800
68857,2.99,201301220800
68858,2.01,201301220800
68897,1.63,201301220800
68924,1.62,201301220800
68930,2.35,201301220800
69106,2.23,201301220800
69190,1.2,201301220800
69206,2.95,201301220800
69359,2.26,201301220800
69371,1.94,201301220800
69455,0.97,201301220800
69582,1.65,201301220800
69613,1.9,201301220800
69676,2.56,201301220800
70115,1.94,201301220800
70132,1.71,201301220800
70181,2.87,201301220800
70342,1.68,201301220800
70352,1.06,201301220800
70360,1.48,201301220800
70374,2.58,201301220800
70440,2.47,201301220800
70462,1.29,201301220800
70619,2.15,201301220800
70659,2.82,201301220800
70715,0.92,201301220800
70903,2.11,201301220800
70934,0.65,201301220800
70961,2.15,201301220800
71122,2.77,201301220800
71187,2.59,201301220800
71399,1.13,201301220800
71601,2.38,201301220800
71629,0.89,201301220800
71888,2.02,201301220800
71961,0.61,201301220800
71964,0.51,201301220800
72201,2.07,201301220800
72218,2.72,201301220800
72345,1.87,201301220800
72367,2.86,201301220800
72407,0.62,201301220800
72416,2.43,201301220800
72706,2.09,201301220800
72894,1.84,201301220800
73104,1.04,201301220800
73135,1.11,201301220800
73211,1.61,201301220800
73223,0.6,201301220800
73451,2.33,201301220800
73460,1.87,201301220800
73461,1.9,201301220800
73557,0.69,201301220800
73669,2.97,201301220800
74158,0.55,201301220800
74216,1.09,201301220800
74388,1.11,201301220800
74396,2.13,201301220800
74466,0.74,201301220800
74467,1.47,201301220800
74638,2.11,201301220800
74677,0.79,201301220800
74678,1.12,201301220800
74711,0.79,201301220800
74721,0.86,201301220800
74962,0.54,201301220800
74968,2.36,201301220800
74973,1.52,201301220800
75224,2.74,201301220800
75329,1.84,201301220800
75386,0.75,201301220800
75424,0.75,201301220800
75436,0.67,201301220800
75475,1.96,201301220800
75619,2.07,201301220800
75721,1.38,201301220800
75722,0.79,201301220800
75724,2.21,201301220800
75725,2.4,201301220800
75726,0.85,201301220800
75727,2.18,201301220800
75974,2.04,201301220800
75975,1.77,201301220800
76133,0.94,201301220800
76227,0.52,201301220800
76393,2.63,201301220800
76473,1.8,201301220800
76477,2.66,201301220800
76654,2.24,201301220800
76728,1.02,201301220800
76959,2.09,201301220800
77169,0.71,201301220800
77230,1.79,201301220800
77381,1.96,201301220800
77458,2.18,201301220800
77641,0.66,201301220800
77942,1.18,201301220800
77981,1.06,201301220800
78205,1.34,201301220800
78418,0.75,201301220800
78654,2.69,201301220800
78733,0.75,201301220800
78881,0.52,201301220800
78896,1.82,201301220800
78909,1.19,201301220800
78983,2.81,201301220800
79234,0.73,201301220800
79379,2.14,201301220800
79394,1.44,201301220800
79484,1.27,201301220800
79712,0.95,201301220800
79911,2.09,201301220800
79915,1.41,201301220800
80160,1.67,201301220800
80161,1.69,201301220800
80193,1.33,201301220800
80352,1.28,201301220800
80397,0.85,201301220800
80406,2.16,201301220800
80411,1.45,201301220800
80412,1.06,201301220800
80413,1.95,201301220800
80420,2.99,201301220800
80485,1.66,201301220800
80635,1.76,201301220800
80659,1.2,201301220800
80663,2.52,201301220800
80664,1.06,201301220800
80703,1.78,201301220800
80877,2.82,201301220800
80916,1.04,201301220800
81163,2.98,201301220800
81164,0.88,201301220800
81354,0.62,201301220800
81363,2.13,201301220800
81390,2.59,201301220800
81625,0.95,201301220800
81651,1.56,201301220800
81899,1.24,201301220800
82135,0.9,201301220800
82168,2.15,201301220800
82169,1.63,201301220800
82237,0.8,201301220800
82613,1.84,201301220800
82622,2.13,201301220800
82664,0.84,201301220800
82892,2.75,201301220800
82951,2.31,201301220800
83410,2.52,201301220800
83489,1.49,201301220800
83735,1.86,201301220800
83865,2.42,201301220800
84123,1.94,201301220800
84179,1.76,201301220800
84207,0.73,201301220800
84212,2.88,201301220800
84221,1.45,201301220800
84366,0.84,201301220800
84689,0.88,201301220800
84712,2.3,201301220800
84902,2.74,201301220800
85474,1.91,201301220800
85487,2.26,201301220800
85620,1.93,201301220800
85705,1.43,201301220800
85715,0.74,201301220800
85738,0.92,201301220800
86440,0.7,201301220800
86622,1.24,201301220800
86623,0.95,201301220800
86672,2.39,201301220800
86873,1.61,201301220800
86895,0.63,201301220800
87121,1.98,201301220800
87227,0.76,201301220800
87460,1.16,201301220800
87690,1.01,201301220800
87873,2.69,201301220800
88242,2.64,201301220800
88463,1.48,201301220800
89120,1.42,201301220800
89152,0.91,201301220800
89175,0.59,201301220800
89198,1.32,201301220800
89615,2.76,201301220800
89625,1.34,201301220800
90116,1.92,201301220800
90183,2.41,201301220800
90497,1.34,201301220800
90699,1.33,201301220800
90719,1.26,201301220800
91200,1.82,201301220800
91432,1.25,201301220800
91434,2.92,201301220800
91684,1.79,201301220800
91713,1.25,201301220800
91744,2.95,201301220800
92233,0.63,201301220800
93205,1.9,201301220800
93244,2.43,201301220800
93252,1.61,201301220800
93463,2.87,201301220800
93675,2.03,201301220800
93944,0.5,201301220800
94431,0.73,201301220800
94710,1.88,201301220800
94755,0.86,201301220800
94997,2.06,201301220800
95000,1.29,201301220800
95707,2.16,201301220800
95949,1.16,201301220800
95998,2.36,201301220800
96188,1.39,201301220800
96225,1.16,201301220800
96249,1.52,201301220800
96468,2.89,201301220800
96486,2.02,201301220800
96718,0.59,201301220800
96972,2.92,201301220800
96995,0.93,201301220800
97251,1.57,201301220800
97440,1.15,201301220800
97471,2.53,201301220800
97969,0.87,201301220800
97990,2.36,201301220800
98224,1.36,201301220800
98229,1.44,201301220800
98450,3.0,201301220800
98475,0.54,201301220800
98739,2.35,201301220800
99256,2.13,201301220800
99468,2.38,201301220800
99730,1.89,201301220800
101215,0.63,201301220800
101911,2.1,201301220800
101912,2.34,201301220800
101989,1.24,201301220800
102999,0.58,201301220800
103242,1.94,201301220800
103431,0.87,201301220800
104177,2.26,201301220800
104221,2.62,201301220800
104239,1.56,201301220800
104701,2.59,201301220800
104984,0.87,201301220800
105196,2.94,201301220800
105219,2.25,201301220800
105460,0.56,201301220800
105461,2.16,201301220800
105481,0.6,201301220800
105489,2.4,201301220800
105709,2.44,201301220800
105710,1.56,201301220800
105711,2.85,201301220800
105712,2.83,201301220800
105713,1.59,201301220800
105715,2.48,201301220800
105726,1.94,201301220800
105727,0.63,201301220800
105736,1.97,201301220800
105960,2.66,201301220800
105961,0.97,201301220800
105962,0.57,201301220800
105963,2.85,201301220800
105964,1.66,201301220800
105975,2.01,201301220800
106195,1.61,201301220800
106213,2.63,201301220800
106214,1.79,201301220800
106215,1.39,201301220800
106221,0.88,201301220800
106231,1.87,201301220800
106232,0.8,201301220800
106234,0.58,201301220800
106235,2.2,201301220800
106237,0.53,201301220800
106446,0.51,201301220800
106447,2.02,201301220800
106462,1.4,201301220800
106463,1.19,201301220800
106465,1.02,201301220800
106466,2.92,201301220800
106467,2.59,201301220800
106480,0.54,201301220800
106712,2.95,201301220800
106717,2.34,201301220800
106718,0.69,201301220800
106741,2.98,201301220800
106958,1.63,201301220800
106964,0.8,201301220800
106965,2.03,201301220800
106966,2.99,201301220800
106967,2.35,201301220800
106971,2.65,201301220800
106983,2.18,201301220800
106997,1.36,201301220800
107200,1.44,201301220800
107212,1.14,201301220800
107219,0.76,201301220800
107240,0.56,201301220800
107460,2.34,201301220800
107465,1.11,201301220800
107466,0.8,201301220800
107468,1.67,201301220800
107491,2.2,201301220800
107711,2.67,201301220800
107725,1.19,201301220800
107726,1.1,201301220800
107954,1.99,201301220800
107966,2.26,201301220800
107971,1.12,201301220800
107979,2.24,201301220800
107993,1.85,201301220800
108205,2.67,201301220800
108211,1.83,201301220800
108214,1.57,201301220800
108215,0.57,201301220800
108217,1.36,201301220800
108219,2.24,201301220800
108220,0.67,201301220800
108222,2.79,201301220800
108225,2.48,201301220800
108230,1.09,201301220800
108454,2.84,201301220800
108463,1.41,201301220800
108499,1.58,201301220800
108717,2.93,201301220800
108722,1.22,201301220800
108724,2.75,201301220800
108733,2.33,201301220800
108968,2.38,201301220800
108975,1.17,201301220800
108984,1.33,201301220800
108985,2.43,201301220800
109216,2.61,201301220800
109219,1.95,201301220800
109222,1.05,201301220800
109227,2.59,201301220800
109231,2.39,201301220800
109236,0.63,201301220800
109245,1.77,201301220800
109473,2.0,201301220800
109487,2.17,201301220800
109494,1.23,201301220800
109495,1.01,201301220800
109496,2.38,201301220800
109497,0.62,201301220800
109742,1.46,201301220800
109744,2.54,201301220800
109748,2.27,201301220800
109750,1.88,201301220800
109980,2.36,201301220800
109991,0.81,201301220800
109994,2.24,201301220800
109998,2.2,201301220800
110001,1.41,201301220800
110243,2.6,201301220800
110247,2.92,201301220800
110249,0.52,201301220800
110251,2.42,201301220800
110253,0.85,201301220800
110254,0.59,201301220800
