cell,mobility,dtg
1610,1.29,201301210000
1846,2.04,201301210000
1851,1.96,201301210000
1853,0.72,201301210000
1856,2.59,201301210000
1857,2.9,201301210000
2103,2.34,201301210000
2105,1.81,201301210000
2106,0.82,201301210000
2107,0.93,201301210000
2114,2.62,201301210000
2342,0.64,201301210000
2347,0.53,201301210000
2351,2.17,201301210000
2354,0.62,201301210000
2357,1.88,201301210000
2372,0.63,201301210000
2374,2.24,201301210000
2591,2.22,201301210000
2595,2.5,201301210000
2605,1.13,201301210000
2611,1.58,201301210000
2615,0.97,201301210000
2620,0.87,201301210000
2627,0.74,201301210000
2839,1.33,201301210000
2847,1.94,201301210000
3086,1.49,201301210000
3094,2.5,201301210000
3100,0.72,201301210000
3124,1.63,201301210000
3128,0.84,201301210000
3334,0.52,201301210000
3337,0.78,201301210000
3375,2.84,201301210000
3614,0.95,201301210000
3619,2.71,201301210000
3632,0.57,201301210000
3635,0.89,201301210000
3830,2.26,201301210000
3831,2.49,201301210000
3833,2.99,201301210000
3837,2.38,201301210000
3845,1.74,201301210000
3856,0.7,201301210000
3860,2.75,201301210000
3865,1.85,201301210000
4078,1.08,201301210000
4081,0.73,201301210000
4137,1.51,201301210000
4141,1.13,201301210000
4142,0.79,201301210000
4328,2.18,201301210000
4329,0.71,201301210000
4341,1.99,201301210000
4345,1.11,201301210000
4348,0.58,201301210000
4354,2.11,201301210000
4372,3.0,201301210000
4577,0.63,201301210000
4578,1.47,201301210000
4580,2.88,201301210000
4582,1.63,201301210000
4605,1.87,201301210000
4608,2.39,201301210000
4631,2.07,201301210000
4636,2.7,201301210000
4637,1.48,201301210000
4829,1.67,201301210000
4830,0.54,201301210000
4831,1.37,201301210000
4834,2.99,201301210000
4837,1.5,201301210000
4852,2.17,201301210000
4863,2.26,201301210000
4868,1.35,201301210000
4890,2.48,201301210000
4891,0.98,201301210000
5078,1.17,201301210000
5081,2.52,201301210000
5084,2.0,201301210000
5127,2.66,201301210000
5153,2.52,201301210000
5327,2.46,201301210000
5329,2.39,201301210000
5333,1.9,201301210000
5334,1.29,201301210000
5339,1.42,201301210000
5369,0.83,201301210000
5402,2.19,201301210000
5410,1.42,201301210000
5577,1.56,201301210000
5581,2.68,201301210000
5592,0.59,201301210000
5612,0.75,201301210000
5623,1.95,201301210000
5876,2.88,201301210000
5893,0.9,201301210000
5898,2.91,201301210000
6078,2.63,201301210000
6118,0.88,201301210000
6136,2.34,201301210000
6158,1.75,201301210000
6159,2.37,201301210000
6333,0.92,201301210000
6353,1.03,201301210000
6365,1.41,201301210000
6366,1.87,201301210000
6414,0.62,201301210000
6588,1.09,201301210000
6609,1.49,201301210000
6635,2.09,201301210000
6668,0.68,201301210000
6841,1.5,201301210000
6849,2.75,201301210000
6896,2.92,201301210000
6924,0.84,201301210000
6928,2.68,201301210000
6935,0.78,201301210000
6939,2.17,201301210000
7077,2.46,201301210000
7078,1.46,201301210000
7085,2.61,201301210000
7088,2.63,201301210000
7113,2.32,201301210000
7114,2.38,201301210000
7129,2.94,201301210000
7133,0.93,201301210000
7165,0.9,201301210000
7192,1.6,201301210000
7354,0.89,201301210000
7375,1.99,201301210000
7379,0.93,201301210000
7401,1.78,201301210000
7410,1.13,201301210000
7436,0.68,201301210000
7584,2.92,201301210000
7646,2.88,201301210000
7849,0.56,201301210000
7871,1.15,201301210000
7927,1.6,201301210000
7948,2.96,201301210000
8080,1.54,201301210000
8170,2.37,201301210000
8182,1.6,201301210000
8195,2.12,201301210000
8342,2.03,201301210000
8582,0.84,201301210000
8602,0.85,201301210000
8609,1.54,201301210000
8638,1.05,201301210000
8656,1.23,201301210000
8830,1.64,201301210000
8839,1.67,201301210000
8876,0.58,201301210000
8897,2.04,201301210000
8912,1.13,201301210000
8918,1.25,201301210000
8929,0.68,201301210000
8940,2.86,201301210000
8954,1.83,201301210000
9140,2.98,201301210000
9333,2.87,201301210000
9468,2.67,201301210000
9473,2.31,201301210000
9589,1.72,201301210000
9601,0.62,201301210000
9607,0.87,201301210000
9658,1.9,201301210000
9724,0.56,201301210000
9833,2.22,201301210000
10084,0.65,201301210000
10089,0.89,201301210000
10096,2.29,201301210000
10144,2.91,201301210000
10170,2.72,201301210000
10181,2.32,201301210000
10189,2.48,201301210000
10201,1.56,201301210000
10334,1.36,201301210000
10335,1.43,201301210000
10383,2.22,201301210000
10414,1.49,201301210000
10444,2.04,201301210000
10458,2.84,201301210000
10477,1.21,201301210000
10586,1.3,201301210000
10601,0.91,201301210000
10609,1.19,201301210000
10616,2.87,201301210000
10633,2.59,201301210000
10655,1.71,201301210000
10665,2.08,201301210000
10681,2.2,201301210000
10717,0.94,201301210000
10835,1.57,201301210000
10837,1.52,201301210000
10847,2.28,201301210000
10903,1.17,201301210000
10911,1.33,201301210000
10918,2.91,201301210000
10973,0.88,201301210000
11087,1.68,201301210000
11092,2.07,201301210000
11128,1.25,201301210000
11222,1.76,201301210000
11223,1.56,201301210000
11225,2.54,201301210000
11238,0.88,201301210000
11361,2.32,201301210000
11393,0.6,201301210000
11424,1.76,201301210000
11601,2.59,201301210000
11682,0.55,201301210000
11704,1.76,201301210000
11858,2.93,201301210000
11884,2.75,201301210000
11901,2.85,201301210000
11946,2.22,201301210000
11960,2.14,201301210000
11972,2.08,201301210000
12089,2.47,201301210000
12090,1.62,201301210000
12096,1.03,201301210000
12120,2.53,201301210000
12157,1.82,201301210000
12230,1.0,201301210000
12383,1.62,201301210000
12431,2.97,201301210000
12601,0.59,201301210000
12625,1.59,201301210000
12632,1.07,201301210000
12842,1.74,201301210000
12875,2.2,201301210000
12901,1.16,201301210000
12913,1.64,201301210000
12933,2.54,201301210000
12934,2.93,201301210000
12985,0.85,201301210000
13099,1.16,201301210000
13114,1.8,201301210000
13150,2.9,201301210000
13175,2.6,201301210000
13183,0.79,201301210000
13222,2.97,201301210000
13358,0.85,201301210000
13444,2.93,201301210000
13455,1.81,201301210000
13456,2.83,201301210000
13670,1.61,201301210000
13694,0.69,201301210000
13845,2.02,201301210000
13849,2.23,201301210000
14011,0.55,201301210000
14095,1.32,201301210000
14133,2.0,201301210000
14161,2.32,201301210000
14167,2.11,201301210000
14184,2.31,201301210000
14241,2.55,201301210000
14255,1.04,201301210000
14349,1.12,201301210000
14350,1.49,201301210000
14375,2.94,201301210000
14452,0.95,201301210000
14475,0.87,201301210000
14620,2.71,201301210000
14673,0.53,201301210000
14745,0.51,201301210000
14859,1.58,201301210000
14936,2.7,201301210000
14995,1.38,201301210000
15097,2.01,201301210000
15098,0.96,201301210000
15246,2.55,201301210000
15349,1.5,201301210000
15440,2.09,201301210000
15600,0.53,201301210000
15656,2.04,201301210000
15672,1.61,201301210000
15699,0.98,201301210000
15714,1.57,201301210000
15725,2.5,201301210000
15744,1.9,201301210000
15849,2.23,201301210000
15850,2.04,201301210000
15851,2.04,201301210000
15853,0.67,201301210000
15871,1.86,201301210000
16100,1.56,201301210000
16105,1.54,201301210000
16114,1.51,201301210000
16171,0.74,201301210000
16184,2.07,201301210000
16400,0.84,201301210000
16414,2.58,201301210000
16601,2.31,201301210000
16604,2.07,201301210000
16625,2.11,201301210000
16670,2.24,201301210000
16853,0.9,201301210000
16868,2.05,201301210000
16932,1.87,201301210000
17232,1.76,201301210000
17355,1.69,201301210000
17358,1.98,201301210000
17367,1.44,201301210000
17635,1.11,201301210000
17673,1.3,201301210000
17681,1.59,201301210000
17884,2.7,201301210000
17984,0.71,201301210000
18108,0.54,201301210000
18115,1.3,201301210000
18118,2.48,201301210000
18123,1.23,201301210000
18139,2.75,201301210000
18154,1.61,201301210000
18160,2.41,201301210000
18177,2.6,201301210000
18185,1.25,201301210000
18383,2.48,201301210000
18404,0.97,201301210000
18427,1.24,201301210000
18466,1.81,201301210000
18616,1.47,201301210000
18629,2.32,201301210000
18861,0.61,201301210000
18866,2.64,201301210000
18925,1.61,201301210000
19110,1.33,201301210000
19112,2.96,201301210000
19114,0.54,201301210000
19122,2.11,201301210000
19360,2.88,201301210000
19443,2.5,201301210000
19481,1.66,201301210000
19611,1.66,201301210000
19612,1.12,201301210000
19618,0.74,201301210000
19633,2.96,201301210000
19678,2.17,201301210000
19878,0.64,201301210000
19913,0.79,201301210000
20113,2.27,201301210000
20114,1.57,201301210000
20116,1.75,201301210000
20170,2.33,201301210000
20363,1.08,201301210000
20387,1.59,201301210000
20396,1.79,201301210000
20436,1.29,201301210000
20616,0.62,201301210000
20621,1.04,201301210000
20628,2.96,201301210000
20651,0.9,201301210000
20671,2.59,201301210000
20682,2.05,201301210000
20864,0.81,201301210000
20882,2.44,201301210000
20931,1.34,201301210000
20995,1.38,201301210000
21115,2.97,201301210000
21118,1.63,201301210000
21201,2.06,201301210000
21373,1.18,201301210000
21377,2.34,201301210000
21392,2.3,201301210000
21407,2.35,201301210000
21428,2.48,201301210000
21448,1.45,201301210000
21617,1.05,201301210000
21619,0.62,201301210000
21639,1.42,201301210000
21658,0.99,201301210000
21663,2.23,201301210000
21701,1.93,201301210000
21721,0.92,201301210000
21868,2.06,201301210000
21871,1.91,201301210000
21999,2.7,201301210000
22126,1.84,201301210000
22133,2.95,201301210000
22174,0.88,201301210000
22176,0.85,201301210000
22205,1.75,201301210000
22368,2.75,201301210000
22395,2.99,201301210000
22419,1.12,201301210000
22420,1.35,201301210000
22421,1.41,201301210000
22422,0.72,201301210000
22619,2.7,201301210000
22630,1.97,201301210000
22634,2.4,201301210000
22671,1.66,201301210000
22673,0.78,201301210000
22700,1.24,201301210000
22751,2.89,201301210000
22768,1.16,201301210000
22869,0.8,201301210000
22877,1.99,201301210000
22928,1.83,201301210000
22940,1.26,201301210000
22955,1.45,201301210000
22963,1.45,201301210000
22966,0.51,201301210000
23120,1.54,201301210000
23124,1.91,201301210000
23125,2.67,201301210000
23131,1.62,201301210000
23138,1.56,201301210000
23169,0.91,201301210000
23194,1.6,201301210000
23216,2.98,201301210000
23370,2.66,201301210000
23371,0.79,201301210000
23379,0.94,201301210000
23386,2.61,201301210000
23388,2.95,201301210000
23427,2.19,201301210000
23621,2.4,201301210000
23627,1.55,201301210000
23635,0.52,201301210000
23641,1.77,201301210000
23662,1.28,201301210000
23669,1.95,201301210000
23690,2.48,201301210000
23744,2.72,201301210000
23750,1.64,201301210000
23872,1.86,201301210000
23873,2.83,201301210000
23875,1.32,201301210000
23881,0.76,201301210000
23894,0.8,201301210000
23896,1.92,201301210000
23907,1.72,201301210000
23925,1.98,201301210000
23973,1.42,201301210000
24005,2.6,201301210000
24009,1.67,201301210000
24032,2.52,201301210000
24122,0.68,201301210000
24123,0.7,201301210000
24149,0.54,201301210000
24247,2.42,201301210000
24251,1.15,201301210000
24265,2.19,201301210000
24266,2.19,201301210000
24373,1.06,201301210000
24374,1.59,201301210000
24380,0.55,201301210000
24381,1.53,201301210000
24383,2.32,201301210000
24387,2.31,201301210000
24402,1.94,201301210000
24405,1.73,201301210000
24423,1.42,201301210000
24623,0.67,201301210000
24626,1.16,201301210000
24643,1.45,201301210000
24732,2.78,201301210000
24734,2.86,201301210000
24739,2.31,201301210000
24774,2.89,201301210000
24775,2.87,201301210000
24781,1.94,201301210000
24837,1.27,201301210000
24874,0.69,201301210000
24877,2.39,201301210000
24879,1.78,201301210000
24880,0.73,201301210000
24895,2.52,201301210000
24920,1.22,201301210000
24990,2.44,201301210000
24991,0.54,201301210000
24993,1.78,201301210000
25124,2.94,201301210000
25125,1.13,201301210000
25126,2.1,201301210000
25129,0.5,201301210000
25130,0.82,201301210000
25132,0.72,201301210000
25136,2.52,201301210000
25138,1.05,201301210000
25141,2.38,201301210000
25179,0.96,201301210000
25187,0.98,201301210000
25375,2.63,201301210000
25376,2.94,201301210000
25377,1.38,201301210000
25379,1.85,201301210000
25385,2.36,201301210000
25395,1.98,201301210000
25400,1.86,201301210000
25405,2.4,201301210000
25412,0.95,201301210000
25427,1.32,201301210000
25626,2.92,201301210000
25627,1.7,201301210000
25628,0.62,201301210000
25629,2.06,201301210000
25632,2.66,201301210000
25633,2.41,201301210000
25642,1.55,201301210000
25715,2.38,201301210000
25747,1.23,201301210000
25763,2.21,201301210000
25876,2.17,201301210000
25877,2.42,201301210000
25878,1.25,201301210000
25881,2.08,201301210000
25882,1.74,201301210000
25886,2.68,201301210000
25888,0.77,201301210000
25926,1.14,201301210000
25997,2.41,201301210000
26005,2.08,201301210000
26035,1.54,201301210000
26127,2.73,201301210000
26129,0.99,201301210000
26130,0.59,201301210000
26133,0.61,201301210000
26135,1.92,201301210000
26136,1.67,201301210000
26138,1.86,201301210000
26139,2.18,201301210000
26141,2.85,201301210000
26148,0.74,201301210000
26168,2.23,201301210000
26378,1.17,201301210000
26379,2.76,201301210000
26380,1.34,201301210000
26381,2.6,201301210000
26382,1.61,201301210000
26383,1.47,201301210000
26385,2.22,201301210000
26386,2.98,201301210000
26387,2.2,201301210000
26389,0.99,201301210000
26391,0.93,201301210000
26392,1.5,201301210000
26393,1.54,201301210000
26396,2.05,201301210000
26403,2.21,201301210000
26408,1.46,201301210000
26427,2.77,201301210000
26450,2.73,201301210000
26492,1.07,201301210000
26546,2.61,201301210000
26563,2.61,201301210000
26564,2.53,201301210000
26628,0.98,201301210000
26629,2.59,201301210000
26630,2.58,201301210000
26631,0.54,201301210000
26633,1.88,201301210000
26634,2.05,201301210000
26656,0.59,201301210000
26674,2.34,201301210000
26708,1.57,201301210000
26752,2.85,201301210000
26754,2.99,201301210000
26755,2.14,201301210000
26782,1.92,201301210000
26846,1.83,201301210000
26879,0.91,201301210000
26880,1.66,201301210000
26881,2.33,201301210000
26882,2.05,201301210000
26883,2.2,201301210000
26884,2.75,201301210000
26885,0.74,201301210000
26886,1.63,201301210000
26887,0.64,201301210000
26889,0.95,201301210000
26890,1.25,201301210000
26891,2.79,201301210000
26892,2.79,201301210000
26893,0.55,201301210000
26894,1.67,201301210000
26895,0.61,201301210000
26897,0.71,201301210000
26905,1.31,201301210000
26938,2.88,201301210000
26964,2.01,201301210000
27006,2.03,201301210000
27042,2.09,201301210000
27098,2.8,201301210000
27130,1.77,201301210000
27131,1.31,201301210000
27132,2.47,201301210000
27133,2.64,201301210000
27134,1.94,201301210000
27135,1.24,201301210000
27136,0.7,201301210000
27137,2.52,201301210000
27138,2.35,201301210000
27142,2.1,201301210000
27143,2.95,201301210000
27145,1.6,201301210000
27148,2.11,201301210000
27149,1.21,201301210000
27152,2.9,201301210000
27155,1.82,201301210000
27175,1.4,201301210000
27209,2.95,201301210000
27247,1.89,201301210000
27381,1.71,201301210000
27382,2.97,201301210000
27383,0.6,201301210000
27384,1.71,201301210000
27386,2.85,201301210000
27387,1.6,201301210000
27388,1.88,201301210000
27389,1.31,201301210000
27390,2.87,201301210000
27392,2.43,201301210000
27395,2.99,201301210000
27404,1.55,201301210000
27415,2.96,201301210000
27427,2.2,201301210000
27489,2.66,201301210000
27494,2.69,201301210000
27498,1.6,201301210000
27518,2.25,201301210000
27632,2.23,201301210000
27633,1.27,201301210000
27634,2.27,201301210000
27635,0.63,201301210000
27636,1.82,201301210000
27637,1.5,201301210000
27638,1.29,201301210000
27639,1.8,201301210000
27640,1.56,201301210000
27642,1.35,201301210000
27643,2.68,201301210000
27645,0.82,201301210000
27646,1.56,201301210000
27647,1.4,201301210000
27649,2.35,201301210000
27654,2.2,201301210000
27763,1.02,201301210000
27764,1.56,201301210000
27796,2.94,201301210000
27797,1.25,201301210000
27883,0.64,201301210000
27884,2.26,201301210000
27885,0.53,201301210000
27886,1.45,201301210000
27887,1.77,201301210000
27888,1.61,201301210000
27889,2.46,201301210000
27890,2.17,201301210000
27891,1.97,201301210000
27892,0.77,201301210000
27894,2.29,201301210000
27895,1.3,201301210000
27897,0.66,201301210000
27902,1.86,201301210000
27908,2.7,201301210000
27911,0.83,201301210000
27930,1.7,201301210000
27971,0.62,201301210000
28004,1.79,201301210000
28015,1.74,201301210000
28049,2.92,201301210000
28102,2.87,201301210000
28134,0.61,201301210000
28135,1.13,201301210000
28136,2.52,201301210000
28137,2.8,201301210000
28138,1.23,201301210000
28139,0.75,201301210000
28140,1.74,201301210000
28142,1.04,201301210000
28143,2.16,201301210000
28144,1.6,201301210000
28146,1.09,201301210000
28154,1.01,201301210000
28156,0.72,201301210000
28216,2.17,201301210000
28239,2.74,201301210000
28384,2.93,201301210000
28385,0.73,201301210000
28386,1.15,201301210000
28387,2.45,201301210000
28388,2.2,201301210000
28389,1.95,201301210000
28390,2.85,201301210000
28391,1.15,201301210000
28392,2.69,201301210000
28393,0.8,201301210000
28394,2.87,201301210000
28396,1.59,201301210000
28397,1.26,201301210000
28400,1.12,201301210000
28401,0.9,201301210000
28405,1.42,201301210000
28427,1.67,201301210000
28467,1.58,201301210000
28496,1.89,201301210000
28497,1.42,201301210000
28519,2.64,201301210000
28535,2.97,201301210000
28539,0.7,201301210000
28545,1.49,201301210000
28557,1.86,201301210000
28635,1.83,201301210000
28636,1.1,201301210000
28637,1.22,201301210000
28638,1.7,201301210000
28639,2.71,201301210000
28640,2.26,201301210000
28641,2.22,201301210000
28642,1.2,201301210000
28643,1.66,201301210000
28644,1.41,201301210000
28645,1.96,201301210000
28646,2.15,201301210000
28649,1.98,201301210000
28658,2.99,201301210000
28667,1.01,201301210000
28675,2.53,201301210000
28751,1.52,201301210000
28753,1.0,201301210000
28754,1.54,201301210000
28788,1.98,201301210000
28812,1.91,201301210000
28823,1.32,201301210000
28886,2.56,201301210000
28887,2.62,201301210000
28888,1.25,201301210000
28889,2.16,201301210000
28890,2.35,201301210000
28891,2.83,201301210000
28892,2.03,201301210000
28893,1.54,201301210000
28894,1.43,201301210000
28895,1.88,201301210000
28896,0.61,201301210000
28897,2.63,201301210000
28899,2.24,201301210000
28900,2.94,201301210000
28901,2.87,201301210000
28902,2.11,201301210000
28905,2.33,201301210000
28912,2.61,201301210000
28960,2.27,201301210000
28969,2.2,201301210000
29004,1.54,201301210000
29012,2.1,201301210000
29026,0.97,201301210000
29068,1.29,201301210000
29076,2.56,201301210000
29088,1.46,201301210000
29094,1.96,201301210000
29136,2.35,201301210000
29137,2.86,201301210000
29138,1.4,201301210000
29139,1.67,201301210000
29140,0.54,201301210000
29141,1.85,201301210000
29142,2.28,201301210000
29143,2.83,201301210000
29144,1.95,201301210000
29146,1.95,201301210000
29147,2.18,201301210000
29148,1.15,201301210000
29149,1.75,201301210000
29151,1.72,201301210000
29158,0.69,201301210000
29165,1.18,201301210000
29171,2.93,201301210000
29190,2.5,201301210000
29247,2.41,201301210000
29387,1.14,201301210000
29388,0.94,201301210000
29389,1.39,201301210000
29390,2.17,201301210000
29391,1.85,201301210000
29392,2.92,201301210000
29393,1.68,201301210000
29394,2.24,201301210000
29395,2.98,201301210000
29396,1.72,201301210000
29397,1.78,201301210000
29398,0.8,201301210000
29399,2.64,201301210000
29401,2.99,201301210000
29402,2.97,201301210000
29403,0.82,201301210000
29405,2.9,201301210000
29409,1.07,201301210000
29425,1.95,201301210000
29429,0.86,201301210000
29495,1.65,201301210000
29498,1.77,201301210000
29533,1.49,201301210000
29556,0.62,201301210000
29638,1.37,201301210000
29639,1.84,201301210000
29640,0.97,201301210000
29641,0.8,201301210000
29642,2.67,201301210000
29643,0.5,201301210000
29644,1.05,201301210000
29645,0.63,201301210000
29648,2.1,201301210000
29649,1.04,201301210000
29650,2.24,201301210000
29654,0.58,201301210000
29663,2.09,201301210000
29670,1.72,201301210000
29710,2.0,201301210000
29730,1.07,201301210000
29733,0.95,201301210000
29736,0.75,201301210000
29766,1.24,201301210000
29891,1.25,201301210000
29892,0.99,201301210000
29893,0.66,201301210000
29894,1.8,201301210000
29895,0.61,201301210000
29896,1.01,201301210000
29897,1.05,201301210000
29898,0.89,201301210000
29900,2.66,201301210000
29903,1.67,201301210000
29906,2.63,201301210000
29909,1.2,201301210000
29912,2.29,201301210000
29917,2.67,201301210000
29925,1.09,201301210000
29966,1.14,201301210000
30021,2.2,201301210000
30026,1.08,201301210000
30036,2.29,201301210000
30142,2.1,201301210000
30143,2.43,201301210000
30144,1.42,201301210000
30145,0.8,201301210000
30146,2.56,201301210000
30147,1.11,201301210000
30148,0.81,201301210000
30152,2.31,201301210000
30154,0.51,201301210000
30157,0.78,201301210000
30158,1.84,201301210000
30181,1.09,201301210000
30242,0.69,201301210000
30243,1.19,201301210000
30244,1.26,201301210000
30261,0.65,201301210000
30300,0.58,201301210000
30322,0.53,201301210000
30393,2.49,201301210000
30394,1.81,201301210000
30395,1.38,201301210000
30396,1.07,201301210000
30397,2.17,201301210000
30398,1.02,201301210000
30400,0.71,201301210000
30401,1.74,201301210000
30403,2.17,201301210000
30407,2.85,201301210000
30410,0.55,201301210000
30420,0.71,201301210000
30430,2.25,201301210000
30434,2.02,201301210000
30439,1.18,201301210000
30481,0.9,201301210000
30489,2.36,201301210000
30494,1.41,201301210000
30495,1.98,201301210000
30496,2.27,201301210000
30645,2.36,201301210000
30646,1.68,201301210000
30647,0.54,201301210000
30648,2.06,201301210000
30649,2.21,201301210000
30650,2.13,201301210000
30651,1.3,201301210000
30652,0.66,201301210000
30653,2.1,201301210000
30654,1.5,201301210000
30661,2.88,201301210000
30664,0.52,201301210000
30666,1.8,201301210000
30669,1.31,201301210000
30673,1.04,201301210000
30683,1.95,201301210000
30745,1.18,201301210000
30750,0.7,201301210000
30777,1.94,201301210000
30780,0.69,201301210000
30812,2.72,201301210000
30897,2.89,201301210000
30898,2.17,201301210000
30899,2.65,201301210000
30900,2.84,201301210000
30901,0.98,201301210000
30902,2.35,201301210000
30903,2.52,201301210000
30904,1.02,201301210000
30908,2.19,201301210000
30909,1.67,201301210000
30912,1.46,201301210000
30913,1.01,201301210000
30928,2.03,201301210000
30953,2.13,201301210000
30979,1.09,201301210000
30994,1.13,201301210000
30995,1.55,201301210000
31027,2.51,201301210000
31028,0.56,201301210000
31029,0.77,201301210000
31082,2.78,201301210000
31148,2.67,201301210000
31149,1.35,201301210000
31150,2.7,201301210000
31151,2.92,201301210000
31152,1.63,201301210000
31156,1.02,201301210000
31157,2.38,201301210000
31161,2.96,201301210000
31166,1.89,201301210000
31172,2.26,201301210000
31274,2.79,201301210000
31281,0.84,201301210000
31369,2.01,201301210000
31398,1.92,201301210000
31401,0.63,201301210000
31407,2.53,201301210000
31408,2.22,201301210000
31409,1.09,201301210000
31410,2.58,201301210000
31413,1.2,201301210000
31419,2.26,201301210000
31427,1.02,201301210000
31457,1.49,201301210000
31466,2.99,201301210000
31651,2.49,201301210000
31652,2.41,201301210000
31656,0.54,201301210000
31660,2.05,201301210000
31663,2.38,201301210000
31666,2.0,201301210000
31675,2.01,201301210000
31738,2.57,201301210000
31754,0.82,201301210000
31782,2.92,201301210000
31903,2.03,201301210000
31904,2.96,201301210000
31905,1.84,201301210000
31906,2.2,201301210000
31908,2.52,201301210000
31912,2.9,201301210000
31921,1.45,201301210000
31928,1.4,201301210000
31949,0.83,201301210000
32028,0.9,201301210000
32032,2.22,201301210000
32045,2.39,201301210000
32150,2.29,201301210000
32155,1.12,201301210000
32157,2.32,201301210000
32161,2.99,201301210000
32162,2.59,201301210000
32167,1.1,201301210000
32169,2.43,201301210000
32175,2.98,201301210000
32182,2.13,201301210000
32185,2.28,201301210000
32195,0.82,201301210000
32235,2.82,201301210000
32404,0.7,201301210000
32405,2.4,201301210000
32410,2.13,201301210000
32411,1.94,201301210000
32415,2.31,201301210000
32449,1.67,201301210000
32490,2.76,201301210000
32558,2.45,201301210000
32622,2.09,201301210000
32656,1.01,201301210000
32658,1.01,201301210000
32660,0.93,201301210000
32662,1.26,201301210000
32668,2.68,201301210000
32682,1.1,201301210000
32697,1.27,201301210000
32712,1.8,201301210000
32729,0.96,201301210000
32739,1.02,201301210000
32742,2.07,201301210000
32744,0.98,201301210000
32802,1.77,201301210000
32834,2.73,201301210000
32905,1.9,201301210000
32907,0.6,201301210000
32912,2.67,201301210000
32916,2.91,201301210000
32922,1.96,201301210000
32924,2.44,201301210000
32926,2.01,201301210000
32929,1.96,201301210000
32977,0.69,201301210000
32978,0.8,201301210000
33154,2.22,201301210000
33158,1.49,201301210000
33160,1.8,201301210000
33165,1.2,201301210000
33170,2.76,201301210000
33186,2.58,201301210000
33286,0.59,201301210000
33405,2.07,201301210000
33409,0.71,201301210000
33412,1.72,201301210000
33418,0.61,201301210000
33420,1.13,201301210000
33424,1.88,201301210000
33435,1.58,201301210000
33442,1.18,201301210000
33519,2.9,201301210000
33594,1.24,201301210000
33656,2.32,201301210000
33659,1.83,201301210000
33662,1.85,201301210000
33664,2.88,201301210000
33666,1.76,201301210000
33669,1.71,201301210000
33673,0.97,201301210000
33675,2.44,201301210000
33694,1.27,201301210000
33724,1.2,201301210000
33742,2.86,201301210000
33812,1.85,201301210000
33909,1.72,201301210000
33911,1.33,201301210000
33912,1.12,201301210000
33913,2.02,201301210000
33922,1.72,201301210000
33923,2.88,201301210000
33924,1.37,201301210000
33931,1.36,201301210000
33935,0.71,201301210000
33986,0.73,201301210000
34013,1.13,201301210000
34160,2.16,201301210000
34161,2.07,201301210000
34162,1.63,201301210000
34163,2.89,201301210000
34167,1.74,201301210000
34190,2.61,201301210000
34211,1.34,201301210000
34303,1.75,201301210000
34380,2.78,201301210000
34407,2.44,201301210000
34413,1.84,201301210000
34423,2.09,201301210000
34424,0.99,201301210000
34427,2.74,201301210000
34430,1.13,201301210000
34437,2.34,201301210000
34440,1.4,201301210000
34486,1.22,201301210000
34495,1.79,201301210000
34510,2.59,201301210000
34520,1.14,201301210000
34528,1.15,201301210000
34563,2.24,201301210000
34662,2.36,201301210000
34667,1.97,201301210000
34668,1.58,201301210000
34670,0.51,201301210000
34672,1.33,201301210000
34673,0.8,201301210000
34676,1.83,201301210000
34679,2.96,201301210000
34682,2.55,201301210000
34695,2.04,201301210000
34710,1.14,201301210000
34714,1.61,201301210000
34720,1.73,201301210000
34882,2.06,201301210000
34913,0.74,201301210000
34914,2.67,201301210000
34915,2.16,201301210000
34924,1.74,201301210000
34925,2.03,201301210000
34934,2.83,201301210000
34939,1.86,201301210000
34959,0.86,201301210000
34990,0.82,201301210000
35102,2.77,201301210000
35164,1.88,201301210000
35166,2.81,201301210000
35173,2.97,201301210000
35178,1.12,201301210000
35183,1.68,201301210000
35185,0.68,201301210000
35187,1.33,201301210000
35193,2.52,201301210000
35203,2.16,201301210000
35218,0.55,201301210000
35237,1.08,201301210000
35244,1.95,201301210000
35249,1.47,201301210000
35295,2.55,201301210000
35368,1.75,201301210000
35410,2.06,201301210000
35414,2.02,201301210000
35415,2.97,201301210000
35417,0.55,201301210000
35421,1.53,201301210000
35440,2.36,201301210000
35455,1.1,201301210000
35492,0.88,201301210000
35515,2.52,201301210000
35665,0.56,201301210000
35675,2.29,201301210000
35683,2.37,201301210000
35686,2.16,201301210000
35700,1.82,201301210000
35745,2.06,201301210000
35755,1.59,201301210000
35769,2.41,201301210000
35916,2.82,201301210000
35917,2.57,201301210000
35918,0.74,201301210000
35919,2.52,201301210000
35921,1.78,201301210000
35929,2.11,201301210000
35931,0.67,201301210000
35941,0.86,201301210000
35944,0.64,201301210000
35971,2.23,201301210000
35981,1.15,201301210000
35992,2.75,201301210000
35994,1.99,201301210000
36067,1.81,201301210000
36162,1.43,201301210000
36167,1.09,201301210000
36169,1.43,201301210000
36170,2.21,201301210000
36173,2.47,201301210000
36176,2.67,201301210000
36177,2.78,201301210000
36205,1.32,201301210000
36237,1.78,201301210000
36245,1.9,201301210000
36246,2.59,201301210000
36293,2.08,201301210000
36311,0.8,201301210000
36417,2.1,201301210000
36420,1.95,201301210000
36421,1.1,201301210000
36441,0.55,201301210000
36448,0.61,201301210000
36494,1.19,201301210000
36498,1.79,201301210000
36502,2.51,201301210000
36510,2.59,201301210000
36513,0.95,201301210000
36519,2.67,201301210000
36524,0.85,201301210000
36576,2.25,201301210000
36668,2.51,201301210000
36673,1.32,201301210000
36675,2.18,201301210000
36677,2.27,201301210000
36679,2.48,201301210000
36682,1.17,201301210000
36688,2.53,201301210000
36690,0.95,201301210000
36711,2.12,201301210000
36717,2.41,201301210000
36758,2.2,201301210000
36889,2.41,201301210000
36915,2.98,201301210000
36918,2.6,201301210000
36933,2.37,201301210000
36934,1.83,201301210000
36953,2.72,201301210000
36959,2.05,201301210000
36996,1.52,201301210000
36999,1.88,201301210000
37001,2.0,201301210000
37167,1.91,201301210000
37168,0.68,201301210000
37169,2.93,201301210000
37172,1.86,201301210000
37176,2.89,201301210000
37178,1.47,201301210000
37179,1.29,201301210000
37182,0.72,201301210000
37192,2.55,201301210000
37200,1.46,201301210000
37206,1.0,201301210000
37232,1.95,201301210000
37239,0.53,201301210000
37270,2.27,201301210000
37298,2.27,201301210000
37304,1.01,201301210000
37419,1.61,201301210000
37421,1.85,201301210000
37423,0.78,201301210000
37425,0.79,201301210000
37446,2.7,201301210000
37454,1.17,201301210000
37477,2.37,201301210000
37487,1.4,201301210000
37501,2.26,201301210000
37503,2.81,201301210000
37513,2.0,201301210000
37523,0.85,201301210000
37562,1.54,201301210000
37609,0.53,201301210000
37642,2.05,201301210000
37643,2.04,201301210000
37670,2.6,201301210000
37671,1.53,201301210000
37672,1.61,201301210000
37676,1.25,201301210000
37688,1.59,201301210000
37689,2.08,201301210000
37690,1.12,201301210000
37695,2.23,201301210000
37701,1.85,201301210000
37710,2.37,201301210000
37711,0.63,201301210000
37754,0.51,201301210000
37874,2.57,201301210000
37891,1.0,201301210000
37893,1.72,201301210000
37894,1.98,201301210000
37926,0.81,201301210000
37928,0.79,201301210000
37929,0.54,201301210000
37932,2.35,201301210000
37936,1.91,201301210000
37943,2.1,201301210000
37952,2.86,201301210000
37962,2.12,201301210000
37968,1.72,201301210000
38003,0.7,201301210000
38060,2.89,201301210000
38145,0.69,201301210000
38172,1.05,201301210000
38173,1.63,201301210000
38178,2.02,201301210000
38200,1.3,201301210000
38204,1.32,201301210000
38209,1.37,201301210000
38215,2.63,201301210000
38220,1.68,201301210000
38225,1.99,201301210000
38228,2.47,201301210000
38230,2.43,201301210000
38243,1.26,201301210000
38247,1.35,201301210000
38255,0.51,201301210000
38263,2.42,201301210000
38268,0.62,201301210000
38272,1.27,201301210000
38367,2.47,201301210000
38381,2.25,201301210000
38423,1.51,201301210000
38425,1.86,201301210000
38426,0.86,201301210000
38431,0.74,201301210000
38440,1.04,201301210000
38479,2.81,201301210000
38481,0.94,201301210000
38483,1.47,201301210000
38488,0.8,201301210000
38490,1.29,201301210000
38498,0.93,201301210000
38499,1.75,201301210000
38500,1.14,201301210000
38505,1.03,201301210000
38506,1.29,201301210000
38508,2.56,201301210000
38517,1.86,201301210000
38534,2.4,201301210000
38648,1.11,201301210000
38674,2.11,201301210000
38676,2.82,201301210000
38679,2.4,201301210000
38684,2.33,201301210000
38693,1.7,201301210000
38697,1.34,201301210000
38716,1.53,201301210000
38722,1.96,201301210000
38736,2.12,201301210000
38738,1.46,201301210000
38752,2.21,201301210000
38753,1.04,201301210000
38758,0.66,201301210000
38760,1.28,201301210000
38761,0.83,201301210000
38762,0.93,201301210000
38766,1.85,201301210000
38769,2.99,201301210000
38778,2.28,201301210000
38812,1.3,201301210000
38939,2.56,201301210000
38953,0.63,201301210000
38958,0.64,201301210000
38967,2.18,201301210000
39006,1.88,201301210000
39008,0.53,201301210000
39010,2.68,201301210000
39011,1.05,201301210000
39017,1.09,201301210000
39113,2.42,201301210000
39148,1.5,201301210000
39149,1.92,201301210000
39176,2.03,201301210000
39178,1.07,201301210000
39191,2.46,201301210000
39201,1.92,201301210000
39230,2.76,201301210000
39236,1.32,201301210000
39246,0.8,201301210000
39252,2.5,201301210000
39255,0.81,201301210000
39260,1.32,201301210000
39262,1.4,201301210000
39263,2.88,201301210000
39268,2.29,201301210000
39269,2.62,201301210000
39271,1.53,201301210000
39274,1.63,201301210000
39275,2.83,201301210000
39375,1.57,201301210000
39391,1.1,201301210000
39427,0.96,201301210000
39428,1.78,201301210000
39430,1.36,201301210000
39433,2.9,201301210000
39446,1.79,201301210000
39457,1.35,201301210000
39514,1.01,201301210000
39515,2.22,201301210000
39516,2.21,201301210000
39517,1.96,201301210000
39535,0.88,201301210000
39554,0.67,201301210000
39559,1.97,201301210000
39631,1.19,201301210000
39632,1.6,201301210000
39633,0.59,201301210000
39652,1.0,201301210000
39683,2.47,201301210000
39687,2.91,201301210000
39706,2.69,201301210000
39710,1.24,201301210000
39722,1.52,201301210000
39731,1.87,201301210000
39750,0.96,201301210000
39755,1.97,201301210000
39759,2.95,201301210000
39762,2.46,201301210000
39764,1.91,201301210000
39765,2.58,201301210000
39766,2.8,201301210000
39767,0.93,201301210000
39769,2.85,201301210000
39772,2.76,201301210000
39776,1.38,201301210000
39777,2.12,201301210000
39790,0.76,201301210000
39791,1.54,201301210000
39796,2.58,201301210000
39832,2.12,201301210000
39883,2.18,201301210000
39930,2.05,201301210000
39932,1.77,201301210000
39941,1.88,201301210000
39948,0.64,201301210000
39969,1.12,201301210000
40018,2.71,201301210000
40031,1.56,201301210000
40133,1.56,201301210000
40180,0.84,201301210000
40188,2.41,201301210000
40196,1.85,201301210000
40242,0.62,201301210000
40246,1.71,201301210000
40259,1.13,201301210000
40264,1.16,201301210000
40267,1.71,201301210000
40268,1.57,201301210000
40270,2.33,201301210000
40276,1.41,201301210000
40286,2.57,201301210000
40295,1.46,201301210000
40431,2.88,201301210000
40432,1.86,201301210000
40442,1.4,201301210000
40447,1.8,201301210000
40448,2.74,201301210000
40451,2.15,201301210000
40457,0.97,201301210000
40500,1.26,201301210000
40512,1.84,201301210000
40518,1.41,201301210000
40519,1.29,201301210000
40522,2.75,201301210000
40524,0.89,201301210000
40525,1.58,201301210000
40532,0.56,201301210000
40560,2.1,201301210000
40566,0.72,201301210000
40633,1.12,201301210000
40687,1.75,201301210000
40713,1.34,201301210000
40719,0.95,201301210000
40732,0.54,201301210000
40733,1.18,201301210000
40766,2.41,201301210000
40810,1.41,201301210000
40894,1.17,201301210000
40933,0.82,201301210000
40936,0.64,201301210000
40939,2.5,201301210000
40954,1.32,201301210000
40982,0.54,201301210000
41021,1.43,201301210000
41024,2.72,201301210000
41061,1.1,201301210000
41145,2.95,201301210000
41157,2.98,201301210000
41183,1.17,201301210000
41200,2.76,201301210000
41262,0.81,201301210000
41265,0.74,201301210000
41270,0.53,201301210000
41277,0.94,201301210000
41318,2.47,201301210000
41401,0.99,201301210000
41407,2.51,201301210000
41437,2.7,201301210000
41459,2.77,201301210000
41465,2.72,201301210000
41469,1.91,201301210000
41508,2.26,201301210000
41520,0.97,201301210000
41522,2.76,201301210000
41526,2.74,201301210000
41532,0.59,201301210000
41558,1.52,201301210000
41635,1.03,201301210000
41653,2.03,201301210000
41658,2.71,201301210000
41692,2.29,201301210000
41696,2.79,201301210000
41764,1.3,201301210000
41772,1.21,201301210000
41893,2.58,201301210000
41904,2.25,201301210000
41905,1.23,201301210000
41936,2.82,201301210000
41941,1.77,201301210000
41958,1.88,201301210000
41990,1.27,201301210000
42023,1.72,201301210000
42026,1.81,201301210000
42029,2.44,201301210000
42074,0.64,201301210000
42085,2.2,201301210000
42095,1.4,201301210000
42147,0.93,201301210000
42160,2.1,201301210000
42200,2.81,201301210000
42213,2.58,201301210000
42267,2.43,201301210000
42271,1.1,201301210000
42274,0.78,201301210000
42283,0.61,201301210000
42291,2.16,201301210000
42342,2.65,201301210000
42411,0.55,201301210000
42438,1.02,201301210000
42454,0.8,201301210000
42471,2.91,201301210000
42478,1.61,201301210000
42487,1.61,201301210000
42503,1.07,201301210000
42514,1.72,201301210000
42521,2.72,201301210000
42533,2.17,201301210000
42644,1.59,201301210000
42661,2.63,201301210000
42695,1.35,201301210000
42744,2.42,201301210000
42750,2.34,201301210000
42846,0.81,201301210000
42905,2.08,201301210000
42912,2.29,201301210000
42939,2.24,201301210000
42940,0.63,201301210000
42944,0.86,201301210000
42949,1.03,201301210000
43011,1.53,201301210000
43021,0.93,201301210000
43030,1.0,201301210000
43151,1.89,201301210000
43160,0.8,201301210000
43162,0.54,201301210000
43213,1.28,201301210000
43220,0.68,201301210000
43261,2.41,201301210000
43412,2.19,201301210000
43413,0.85,201301210000
43440,1.55,201301210000
43443,2.81,201301210000
43449,2.21,201301210000
43483,2.73,201301210000
43484,0.54,201301210000
43494,0.78,201301210000
43518,2.2,201301210000
43523,2.1,201301210000
43526,2.23,201301210000
43530,0.7,201301210000
43571,1.29,201301210000
43642,2.14,201301210000
43662,2.71,201301210000
43738,1.74,201301210000
43760,2.49,201301210000
43779,1.13,201301210000
43914,0.97,201301210000
43957,2.09,201301210000
43980,0.68,201301210000
43984,1.79,201301210000
43992,1.21,201301210000
43995,1.06,201301210000
44002,1.42,201301210000
44039,1.72,201301210000
44194,0.98,201301210000
44197,1.22,201301210000
44204,2.79,201301210000
44215,1.09,201301210000
44226,1.68,201301210000
44247,1.77,201301210000
44255,2.04,201301210000
44282,2.69,201301210000
44284,2.66,201301210000
44356,1.3,201301210000
44470,1.28,201301210000
44486,2.12,201301210000
44503,2.61,201301210000
44504,1.79,201301210000
44510,0.61,201301210000
44517,2.37,201301210000
44534,0.99,201301210000
44578,1.32,201301210000
44666,1.72,201301210000
44694,1.15,201301210000
44697,1.0,201301210000
44716,2.03,201301210000
44724,1.0,201301210000
44743,2.19,201301210000
44755,2.53,201301210000
44756,2.9,201301210000
44757,0.72,201301210000
44758,1.55,201301210000
44786,0.91,201301210000
44787,0.79,201301210000
44911,1.43,201301210000
44963,2.45,201301210000
45005,2.92,201301210000
45006,2.23,201301210000
45007,1.98,201301210000
45008,1.85,201301210000
45039,2.39,201301210000
45114,1.52,201301210000
45168,2.18,201301210000
45200,2.35,201301210000
45203,0.75,201301210000
45208,1.49,201301210000
45237,1.83,201301210000
45254,2.84,201301210000
45256,2.21,201301210000
45258,2.93,201301210000
45261,2.0,201301210000
45265,1.69,201301210000
45266,2.51,201301210000
45401,2.75,201301210000
45479,1.67,201301210000
45502,2.41,201301210000
45507,2.43,201301210000
45509,1.62,201301210000
45526,2.21,201301210000
45538,2.08,201301210000
45582,1.58,201301210000
45661,2.15,201301210000
45701,2.59,201301210000
45703,1.28,201301210000
45716,0.78,201301210000
45720,2.15,201301210000
45725,2.45,201301210000
45735,1.52,201301210000
45747,1.1,201301210000
45766,2.82,201301210000
45793,2.6,201301210000
45795,1.0,201301210000
45919,0.96,201301210000
45948,2.21,201301210000
46008,0.79,201301210000
46036,2.48,201301210000
46041,2.79,201301210000
46052,1.27,201301210000
46074,0.54,201301210000
46145,2.47,201301210000
46202,2.5,201301210000
46209,1.33,201301210000
46242,1.8,201301210000
46265,2.64,201301210000
46372,2.84,201301210000
46384,1.69,201301210000
46455,2.37,201301210000
46508,2.66,201301210000
46523,1.68,201301210000
46538,0.72,201301210000
46565,1.27,201301210000
46574,0.76,201301210000
46626,1.24,201301210000
46700,1.07,201301210000
46738,1.71,201301210000
46770,2.51,201301210000
46778,1.65,201301210000
46787,1.03,201301210000
46803,0.68,201301210000
46954,1.43,201301210000
46964,1.97,201301210000
46972,1.74,201301210000
46976,0.78,201301210000
46981,1.91,201301210000
47011,2.01,201301210000
47015,1.61,201301210000
47047,2.54,201301210000
47253,1.39,201301210000
47288,2.36,201301210000
47295,2.56,201301210000
47342,1.87,201301210000
47454,1.94,201301210000
47535,2.4,201301210000
47543,2.02,201301210000
47705,1.13,201301210000
47709,1.51,201301210000
47711,2.07,201301210000
47758,0.98,201301210000
47806,2.1,201301210000
47889,2.97,201301210000
47926,1.79,201301210000
47968,0.84,201301210000
47972,1.2,201301210000
47977,1.81,201301210000
47982,0.64,201301210000
48032,1.59,201301210000
48209,0.95,201301210000
48239,2.81,201301210000
48244,0.57,201301210000
48278,2.27,201301210000
48420,2.38,201301210000
48427,1.74,201301210000
48499,1.66,201301210000
48503,2.06,201301210000
48552,2.78,201301210000
48584,1.85,201301210000
48713,2.48,201301210000
48759,1.47,201301210000
48848,1.0,201301210000
48898,2.31,201301210000
49017,0.9,201301210000
49049,0.84,201301210000
49229,2.79,201301210000
49241,2.65,201301210000
49472,1.17,201301210000
49483,2.5,201301210000
49542,1.39,201301210000
49555,2.03,201301210000
49679,2.77,201301210000
49750,2.42,201301210000
49760,2.36,201301210000
49777,0.95,201301210000
49968,2.39,201301210000
50053,1.52,201301210000
50103,2.0,201301210000
50180,1.83,201301210000
50285,2.33,201301210000
50430,0.92,201301210000
50470,2.73,201301210000
50494,1.71,201301210000
50511,2.02,201301210000
50549,1.98,201301210000
50680,2.17,201301210000
50682,2.88,201301210000
50731,1.87,201301210000
50812,2.2,201301210000
50872,1.84,201301210000
51029,1.53,201301210000
51046,2.26,201301210000
51053,0.59,201301210000
51056,1.05,201301210000
51162,0.91,201301210000
51177,0.78,201301210000
51182,2.85,201301210000
51228,0.73,201301210000
51258,1.28,201301210000
51430,0.85,201301210000
51431,2.72,201301210000
51432,1.64,201301210000
51520,0.61,201301210000
51681,2.23,201301210000
51682,1.1,201301210000
51725,1.75,201301210000
51790,1.91,201301210000
51832,2.53,201301210000
51857,2.37,201301210000
51931,0.99,201301210000
51932,1.33,201301210000
51986,1.31,201301210000
52003,1.14,201301210000
52182,2.18,201301210000
52244,1.95,201301210000
52259,2.87,201301210000
52280,0.53,201301210000
52319,2.62,201301210000
52473,2.01,201301210000
52518,0.86,201301210000
52631,2.35,201301210000
52679,0.53,201301210000
52729,2.27,201301210000
52811,2.16,201301210000
52983,2.82,201301210000
52988,0.96,201301210000
52993,2.36,201301210000
53000,2.59,201301210000
53016,1.04,201301210000
53027,2.41,201301210000
53072,1.4,201301210000
53090,2.26,201301210000
53177,0.72,201301210000
53178,1.82,201301210000
53381,2.47,201301210000
53427,1.78,201301210000
53429,2.77,201301210000
53761,2.7,201301210000
53774,1.21,201301210000
53797,2.98,201301210000
53810,1.26,201301210000
53822,2.66,201301210000
53864,1.0,201301210000
53927,0.73,201301210000
54038,2.08,201301210000
54071,2.74,201301210000
54234,1.3,201301210000
54281,0.56,201301210000
54284,2.96,201301210000
54327,1.76,201301210000
54334,2.7,201301210000
54349,2.21,201301210000
54427,2.81,201301210000
54503,2.66,201301210000
54510,2.13,201301210000
54520,0.97,201301210000
54550,2.97,201301210000
54578,1.13,201301210000
54678,2.33,201301210000
54828,0.66,201301210000
54983,0.58,201301210000
54996,1.52,201301210000
55070,1.08,201301210000
55329,1.97,201301210000
55331,2.77,201301210000
55535,2.59,201301210000
55633,2.75,201301210000
55680,0.71,201301210000
55761,0.62,201301210000
55831,2.43,201301210000
55832,0.93,201301210000
55838,2.31,201301210000
55845,1.91,201301210000
56106,1.98,201301210000
56493,1.12,201301210000
56571,2.95,201301210000
56586,1.9,201301210000
56587,0.51,201301210000
56591,0.53,201301210000
56738,2.66,201301210000
56835,0.92,201301210000
56882,1.56,201301210000
56887,0.88,201301210000
56888,2.22,201301210000
56933,0.61,201301210000
56934,1.47,201301210000
57042,1.8,201301210000
57062,1.33,201301210000
57189,1.18,201301210000
57261,1.37,201301210000
57329,2.62,201301210000
57342,0.54,201301210000
57376,1.78,201301210000
57378,1.26,201301210000
57380,0.51,201301210000
57397,1.01,201301210000
57440,1.12,201301210000
57495,0.91,201301210000
57523,2.91,201301210000
57555,2.14,201301210000
57597,2.95,201301210000
57613,2.7,201301210000
57615,1.34,201301210000
57628,2.64,201301210000
57631,1.74,201301210000
57823,0.96,201301210000
57837,1.43,201301210000
57851,1.37,201301210000
57852,2.6,201301210000
57906,0.56,201301210000
58179,2.05,201301210000
58251,2.86,201301210000
58421,0.86,201301210000
58511,0.59,201301210000
58632,1.63,201301210000
58744,0.94,201301210000
58802,1.9,201301210000
58814,1.57,201301210000
58879,2.87,201301210000
58892,2.79,201301210000
59010,1.55,201301210000
59043,2.16,201301210000
59104,2.07,201301210000
59125,1.37,201301210000
59134,2.89,201301210000
59285,1.59,201301210000
59329,0.65,201301210000
59555,1.11,201301210000
59635,0.8,201301210000
59745,1.15,201301210000
59927,2.13,201301210000
59941,2.06,201301210000
60008,1.19,201301210000
60011,2.71,201301210000
60114,2.23,201301210000
60141,2.64,201301210000
60147,0.88,201301210000
60331,2.06,201301210000
60344,2.4,201301210000
60350,0.68,201301210000
60578,2.94,201301210000
60593,2.11,201301210000
60613,0.97,201301210000
60630,2.42,201301210000
60635,2.72,201301210000
60649,2.62,201301210000
60750,1.86,201301210000
60774,0.86,201301210000
60819,2.82,201301210000
60880,1.86,201301210000
60888,2.04,201301210000
61062,2.74,201301210000
61110,1.6,201301210000
61263,2.47,201301210000
61343,2.63,201301210000
61591,1.79,201301210000
61597,1.21,201301210000
61654,0.62,201301210000
61818,2.19,201301210000
62077,2.55,201301210000
62104,1.95,201301210000
62135,1.94,201301210000
62140,1.47,201301210000
62252,1.67,201301210000
62558,1.2,201301210000
62589,2.28,201301210000
62757,0.83,201301210000
62772,2.1,201301210000
62850,0.73,201301210000
62926,2.29,201301210000
62948,0.88,201301210000
63044,1.42,201301210000
63153,2.37,201301210000
63383,2.81,201301210000
63397,1.13,201301210000
63398,2.11,201301210000
63407,1.24,201301210000
63574,2.01,201301210000
63586,1.9,201301210000
63816,0.75,201301210000
64102,2.05,201301210000
64150,2.36,201301210000
64200,2.09,201301210000
64515,0.74,201301210000
64529,2.72,201301210000
64573,2.54,201301210000
64581,1.0,201301210000
64815,1.39,201301210000
64915,2.69,201301210000
65059,1.17,201301210000
65144,2.32,201301210000
65320,1.4,201301210000
65375,2.92,201301210000
65454,2.04,201301210000
65528,1.03,201301210000
65607,2.05,201301210000
65774,1.36,201301210000
65838,1.9,201301210000
66068,2.99,201301210000
66084,1.75,201301210000
66151,2.58,201301210000
66353,0.79,201301210000
66538,2.7,201301210000
66575,1.21,201301210000
66637,0.7,201301210000
66827,1.13,201301210000
66870,1.89,201301210000
67110,1.7,201301210000
67207,2.14,201301210000
67335,0.54,201301210000
67385,0.54,201301210000
67599,1.4,201301210000
67601,1.53,201301210000
67602,2.64,201301210000
67698,0.91,201301210000
67824,1.93,201301210000
67842,1.78,201301210000
67854,1.39,201301210000
67855,2.99,201301210000
67918,3.0,201301210000
68103,1.26,201301210000
68104,1.17,201301210000
68110,2.68,201301210000
68111,2.2,201301210000
68349,1.57,201301210000
68354,1.36,201301210000
68356,1.5,201301210000
68454,0.75,201301210000
68455,1.73,201301210000
68587,2.66,201301210000
68857,0.55,201301210000
68858,1.58,201301210000
68897,1.7,201301210000
68924,1.39,201301210000
68930,0.83,201301210000
69106,1.15,201301210000
69190,2.1,201301210000
69206,1.34,201301210000
69359,2.15,201301210000
69371,0.81,201301210000
69455,0.51,201301210000
69582,2.87,201301210000
69613,2.86,201301210000
69676,1.73,201301210000
70115,1.28,201301210000
70132,1.38,201301210000
70181,1.5,201301210000
70342,1.67,201301210000
70352,0.77,201301210000
70360,1.8,201301210000
70374,1.43,201301210000
70440,1.85,201301210000
70462,1.37,201301210000
70619,2.73,201301210000
70659,1.51,201301210000
70715,1.94,201301210000
70903,2.61,201301210000
70934,1.4,201301210000
70961,2.85,201301210000
71122,2.95,201301210000
71187,0.61,201301210000
71399,2.46,201301210000
71601,2.73,201301210000
71629,2.95,201301210000
71888,1.4,201301210000
71961,2.39,201301210000
71964,2.65,201301210000
72201,2.59,201301210000
72218,2.08,201301210000
72345,2.68,201301210000
72367,2.44,201301210000
72407,1.37,201301210000
72416,1.53,201301210000
72706,1.66,201301210000
72894,1.68,201301210000
73104,2.74,201301210000
73135,2.39,201301210000
73211,1.83,201301210000
73223,1.59,201301210000
73451,2.64,201301210000
73460,1.3,201301210000
73461,1.87,201301210000
73557,0.97,201301210000
73669,1.1,201301210000
74158,2.4,201301210000
74216,0.66,201301210000
74388,0.73,201301210000
74396,1.48,201301210000
74466,1.45,201301210000
74467,1.61,201301210000
74638,2.22,201301210000
74677,1.15,201301210000
74678,2.05,201301210000
74711,1.03,201301210000
74721,2.41,201301210000
74962,2.25,201301210000
74968,1.8,201301210000
74973,1.58,201301210000
75224,2.37,201301210000
75329,1.25,201301210000
75386,1.9,201301210000
75424,1.6,201301210000
75436,2.33,201301210000
75475,2.22,201301210000
75619,2.38,201301210000
75721,1.37,201301210000
75722,0.78,201301210000
75724,1.74,201301210000
75725,2.48,201301210000
75726,1.07,201301210000
75727,1.26,201301210000
75974,0.7,201301210000
75975,1.91,201301210000
76133,2.76,201301210000
76227,1.51,201301210000
76393,1.07,201301210000
76473,1.62,201301210000
76477,2.74,201301210000
76654,0.64,201301210000
76728,1.75,201301210000
76959,2.25,201301210000
77169,1.65,201301210000
77230,0.82,201301210000
77381,2.9,201301210000
77458,1.21,201301210000
77641,1.93,201301210000
77942,1.23,201301210000
77981,2.52,201301210000
78205,1.22,201301210000
78418,1.93,201301210000
78654,1.75,201301210000
78733,0.69,201301210000
78881,2.35,201301210000
78896,1.23,201301210000
78909,1.77,201301210000
78983,2.32,201301210000
79234,1.7,201301210000
79379,1.21,201301210000
79394,2.57,201301210000
79484,2.41,201301210000
79712,2.96,201301210000
79911,1.39,201301210000
79915,2.97,201301210000
80160,2.82,201301210000
80161,1.92,201301210000
80193,0.63,201301210000
80352,2.49,201301210000
80397,2.04,201301210000
80406,0.69,201301210000
80411,1.1,201301210000
80412,2.36,201301210000
80413,1.71,201301210000
80420,0.58,201301210000
80485,1.02,201301210000
80635,2.26,201301210000
80659,1.83,201301210000
80663,1.61,201301210000
80664,1.53,201301210000
80703,2.11,201301210000
80877,1.05,201301210000
80916,2.27,201301210000
81163,2.08,201301210000
81164,0.64,201301210000
81354,2.9,201301210000
81363,0.89,201301210000
81390,2.63,201301210000
81625,1.51,201301210000
81651,0.95,201301210000
81899,2.34,201301210000
82135,1.67,201301210000
82168,1.58,201301210000
82169,2.63,201301210000
82237,2.89,201301210000
82613,1.85,201301210000
82622,2.67,201301210000
82664,1.02,201301210000
82892,2.02,201301210000
82951,1.07,201301210000
83410,1.46,201301210000
83489,2.48,201301210000
83735,1.95,201301210000
83865,2.73,201301210000
84123,1.79,201301210000
84179,1.19,201301210000
84207,2.98,201301210000
84212,1.99,201301210000
84221,1.54,201301210000
84366,1.7,201301210000
84689,0.62,201301210000
84712,2.86,201301210000
84902,0.7,201301210000
85474,0.57,201301210000
85487,2.99,201301210000
85620,1.53,201301210000
85705,1.76,201301210000
85715,1.25,201301210000
85738,1.51,201301210000
86440,1.67,201301210000
86622,2.57,201301210000
86623,2.02,201301210000
86672,2.12,201301210000
86873,2.55,201301210000
86895,1.09,201301210000
87121,0.91,201301210000
87227,1.16,201301210000
87460,2.43,201301210000
87690,2.1,201301210000
87873,2.97,201301210000
88242,1.9,201301210000
88463,1.06,201301210000
89120,1.28,201301210000
89152,2.07,201301210000
89175,2.9,201301210000
89198,2.32,201301210000
89615,0.99,201301210000
89625,2.36,201301210000
90116,0.62,201301210000
90183,2.32,201301210000
90497,1.58,201301210000
90699,2.07,201301210000
90719,1.34,201301210000
91200,2.1,201301210000
91432,1.46,201301210000
91434,2.05,201301210000
91684,0.54,201301210000
91713,2.07,201301210000
91744,0.53,201301210000
92233,0.97,201301210000
93205,1.94,201301210000
93244,1.55,201301210000
93252,0.77,201301210000
93463,2.95,201301210000
93675,0.5,201301210000
93944,0.5,201301210000
94431,0.51,201301210000
94710,1.49,201301210000
94755,1.26,201301210000
94997,2.02,201301210000
95000,2.43,201301210000
95707,2.72,201301210000
95949,1.9,201301210000
95998,0.68,201301210000
96188,2.5,201301210000
96225,2.41,201301210000
96249,3.0,201301210000
96468,1.44,201301210000
96486,1.52,201301210000
96718,2.69,201301210000
96972,0.68,201301210000
96995,0.56,201301210000
97251,1.95,201301210000
97440,1.12,201301210000
97471,1.35,201301210000
97969,0.74,201301210000
97990,2.06,201301210000
98224,2.52,201301210000
98229,1.94,201301210000
98450,2.54,201301210000
98475,1.39,201301210000
98739,0.8,201301210000
99256,1.96,201301210000
99468,1.13,201301210000
99730,0.57,201301210000
101215,2.56,201301210000
101911,1.01,201301210000
101912,1.87,201301210000
101989,2.1,201301210000
102999,1.84,201301210000
103242,1.89,201301210000
103431,0.83,201301210000
104177,1.44,201301210000
104221,0.87,201301210000
104239,2.84,201301210000
104701,2.53,201301210000
104984,2.97,201301210000
105196,2.13,201301210000
105219,1.11,201301210000
105460,1.52,201301210000
105461,0.63,201301210000
105481,1.9,201301210000
105489,2.81,201301210000
105709,2.45,201301210000
105710,1.44,201301210000
105711,1.6,201301210000
105712,0.92,201301210000
105713,1.07,201301210000
105715,1.07,201301210000
105726,2.09,201301210000
105727,2.83,201301210000
105736,2.37,201301210000
105960,1.01,201301210000
105961,2.05,201301210000
105962,0.64,201301210000
105963,1.47,201301210000
105964,2.09,201301210000
105975,2.78,201301210000
106195,2.15,201301210000
106213,1.67,201301210000
106214,2.23,201301210000
106215,1.93,201301210000
106221,0.77,201301210000
106231,2.83,201301210000
106232,1.78,201301210000
106234,0.8,201301210000
106235,1.89,201301210000
106237,2.85,201301210000
106446,1.39,201301210000
106447,1.79,201301210000
106462,2.56,201301210000
106463,1.22,201301210000
106465,2.24,201301210000
106466,2.99,201301210000
106467,1.57,201301210000
106480,1.17,201301210000
106712,1.05,201301210000
106717,1.53,201301210000
106718,0.73,201301210000
106741,2.43,201301210000
106958,1.26,201301210000
106964,2.35,201301210000
106965,1.19,201301210000
106966,2.71,201301210000
106967,0.83,201301210000
106971,1.31,201301210000
106983,2.71,201301210000
106997,1.3,201301210000
107200,0.6,201301210000
107212,1.99,201301210000
107219,1.3,201301210000
107240,0.94,201301210000
107460,0.67,201301210000
107465,1.23,201301210000
107466,2.55,201301210000
107468,1.43,201301210000
107491,2.67,201301210000
107711,1.01,201301210000
107725,2.7,201301210000
107726,2.86,201301210000
107954,2.11,201301210000
107966,1.39,201301210000
107971,1.93,201301210000
107979,1.88,201301210000
107993,2.32,201301210000
108205,1.94,201301210000
108211,1.86,201301210000
108214,1.73,201301210000
108215,1.68,201301210000
108217,1.41,201301210000
108219,1.36,201301210000
108220,2.89,201301210000
108222,1.04,201301210000
108225,1.28,201301210000
108230,2.59,201301210000
108454,2.25,201301210000
108463,2.73,201301210000
108499,2.61,201301210000
108717,1.17,201301210000
108722,1.56,201301210000
108724,0.91,201301210000
108733,1.47,201301210000
108968,0.69,201301210000
108975,1.6,201301210000
108984,0.6,201301210000
108985,1.48,201301210000
109216,1.08,201301210000
109219,2.41,201301210000
109222,2.82,201301210000
109227,2.1,201301210000
109231,1.62,201301210000
109236,1.74,201301210000
109245,2.44,201301210000
109473,0.99,201301210000
109487,2.57,201301210000
109494,2.27,201301210000
109495,0.64,201301210000
109496,2.72,201301210000
109497,1.38,201301210000
109742,1.48,201301210000
109744,1.84,201301210000
109748,1.11,201301210000
109750,0.91,201301210000
109980,0.55,201301210000
109991,2.42,201301210000
109994,2.65,201301210000
109998,2.01,201301210000
110001,1.33,201301210000
110243,1.32,201301210000
110247,2.89,201301210000
110249,0.81,201301210000
110251,1.72,201301210000
110253,2.51,201301210000
110254,2.33,201301210000
