cell,mobility,dtg
1610,1.05,201301101600
1846,0.78,201301101600
1851,1.16,201301101600
1853,2.75,201301101600
1856,0.85,201301101600
1857,2.08,201301101600
2103,0.56,201301101600
2105,2.79,201301101600
2106,2.45,201301101600
2107,2.85,201301101600
2114,2.68,201301101600
2342,1.45,201301101600
2347,2.52,201301101600
2351,1.86,201301101600
2354,0.71,201301101600
2357,2.68,201301101600
2372,2.3,201301101600
2374,2.13,201301101600
2591,2.85,201301101600
2595,1.75,201301101600
2605,1.6,201301101600
2611,1.11,201301101600
2615,1.36,201301101600
2620,0.92,201301101600
2627,2.94,201301101600
2839,1.81,201301101600
2847,0.72,201301101600
3086,0.72,201301101600
3094,0.81,201301101600
3100,1.48,201301101600
3124,1.87,201301101600
3128,2.19,201301101600
3334,2.35,201301101600
3337,0.96,201301101600
3375,2.43,201301101600
3614,2.44,201301101600
3619,1.6,201301101600
3632,2.63,201301101600
3635,2.95,201301101600
3830,1.65,201301101600
3831,0.9,201301101600
3833,1.58,201301101600
3837,0.99,201301101600
3845,0.76,201301101600
3856,0.71,201301101600
3860,2.96,201301101600
3865,2.88,201301101600
4078,0.59,201301101600
4081,1.26,201301101600
4137,1.92,201301101600
4141,2.2,201301101600
4142,2.97,201301101600
4328,1.39,201301101600
4329,2.86,201301101600
4341,1.48,201301101600
4345,1.81,201301101600
4348,2.29,201301101600
4354,2.15,201301101600
4372,1.03,201301101600
4577,1.56,201301101600
4578,1.74,201301101600
4580,0.66,201301101600
4582,0.71,201301101600
4605,1.45,201301101600
4608,1.92,201301101600
4631,1.41,201301101600
4636,2.62,201301101600
4637,0.53,201301101600
4829,1.27,201301101600
4830,1.4,201301101600
4831,2.96,201301101600
4834,0.92,201301101600
4837,1.81,201301101600
4852,2.38,201301101600
4863,2.66,201301101600
4868,0.95,201301101600
4890,1.19,201301101600
4891,1.42,201301101600
5078,1.03,201301101600
5081,1.89,201301101600
5084,1.31,201301101600
5127,0.92,201301101600
5153,1.43,201301101600
5327,2.88,201301101600
5329,2.53,201301101600
5333,2.26,201301101600
5334,0.76,201301101600
5339,0.61,201301101600
5369,0.6,201301101600
5402,0.74,201301101600
5410,0.62,201301101600
5577,1.58,201301101600
5581,2.64,201301101600
5592,2.95,201301101600
5612,2.56,201301101600
5623,1.84,201301101600
5876,1.25,201301101600
5893,1.01,201301101600
5898,2.65,201301101600
6078,2.39,201301101600
6118,1.15,201301101600
6136,0.75,201301101600
6158,0.52,201301101600
6159,2.93,201301101600
6333,2.41,201301101600
6353,2.32,201301101600
6365,2.94,201301101600
6366,1.65,201301101600
6414,2.01,201301101600
6588,0.7,201301101600
6609,2.34,201301101600
6635,1.99,201301101600
6668,0.98,201301101600
6841,0.96,201301101600
6849,0.57,201301101600
6896,1.38,201301101600
6924,2.74,201301101600
6928,2.67,201301101600
6935,0.67,201301101600
6939,1.96,201301101600
7077,1.52,201301101600
7078,2.52,201301101600
7085,0.98,201301101600
7088,1.62,201301101600
7113,2.8,201301101600
7114,2.18,201301101600
7129,2.71,201301101600
7133,0.69,201301101600
7165,0.97,201301101600
7192,1.74,201301101600
7354,0.93,201301101600
7375,0.64,201301101600
7379,1.04,201301101600
7401,2.57,201301101600
7410,2.77,201301101600
7436,1.69,201301101600
7584,1.01,201301101600
7646,1.84,201301101600
7849,1.09,201301101600
7871,1.42,201301101600
7927,0.96,201301101600
7948,0.82,201301101600
8080,2.49,201301101600
8170,2.43,201301101600
8182,1.31,201301101600
8195,2.74,201301101600
8342,0.51,201301101600
8582,0.93,201301101600
8602,2.43,201301101600
8609,2.17,201301101600
8638,2.91,201301101600
8656,1.06,201301101600
8830,2.43,201301101600
8839,2.28,201301101600
8876,2.37,201301101600
8897,1.81,201301101600
8912,2.64,201301101600
8918,1.15,201301101600
8929,1.87,201301101600
8940,1.46,201301101600
8954,1.83,201301101600
9140,1.32,201301101600
9333,2.22,201301101600
9468,0.56,201301101600
9473,0.85,201301101600
9589,1.79,201301101600
9601,0.63,201301101600
9607,0.83,201301101600
9658,1.78,201301101600
9724,0.65,201301101600
9833,1.94,201301101600
10084,1.82,201301101600
10089,0.59,201301101600
10096,2.24,201301101600
10144,1.9,201301101600
10170,2.38,201301101600
10181,1.95,201301101600
10189,1.45,201301101600
10201,0.53,201301101600
10334,2.28,201301101600
10335,2.2,201301101600
10383,2.44,201301101600
10414,1.29,201301101600
10444,2.76,201301101600
10458,0.53,201301101600
10477,2.76,201301101600
10586,1.72,201301101600
10601,1.83,201301101600
10609,2.27,201301101600
10616,0.92,201301101600
10633,0.57,201301101600
10655,2.43,201301101600
10665,1.26,201301101600
10681,0.6,201301101600
10717,0.76,201301101600
10835,1.41,201301101600
10837,1.37,201301101600
10847,1.67,201301101600
10903,1.51,201301101600
10911,2.28,201301101600
10918,2.28,201301101600
10973,0.82,201301101600
11087,0.94,201301101600
11092,1.32,201301101600
11128,1.56,201301101600
11222,1.66,201301101600
11223,2.44,201301101600
11225,1.32,201301101600
11238,1.06,201301101600
11361,0.74,201301101600
11393,0.6,201301101600
11424,2.81,201301101600
11601,0.82,201301101600
11682,2.32,201301101600
11704,1.53,201301101600
11858,0.63,201301101600
11884,2.09,201301101600
11901,0.62,201301101600
11946,2.64,201301101600
11960,2.42,201301101600
11972,2.07,201301101600
12089,2.42,201301101600
12090,0.89,201301101600
12096,0.52,201301101600
12120,2.37,201301101600
12157,2.99,201301101600
12230,1.37,201301101600
12383,2.08,201301101600
12431,1.01,201301101600
12601,1.36,201301101600
12625,0.62,201301101600
12632,1.95,201301101600
12842,0.78,201301101600
12875,0.86,201301101600
12901,1.49,201301101600
12913,2.67,201301101600
12933,1.14,201301101600
12934,2.38,201301101600
12985,1.52,201301101600
13099,1.43,201301101600
13114,1.61,201301101600
13150,1.82,201301101600
13175,1.96,201301101600
13183,1.69,201301101600
13222,2.15,201301101600
13358,2.51,201301101600
13444,0.57,201301101600
13455,2.21,201301101600
13456,1.52,201301101600
13670,1.66,201301101600
13694,1.11,201301101600
13845,0.81,201301101600
13849,1.69,201301101600
14011,0.75,201301101600
14095,1.67,201301101600
14133,2.77,201301101600
14161,2.88,201301101600
14167,1.98,201301101600
14184,1.62,201301101600
14241,1.42,201301101600
14255,1.52,201301101600
14349,1.23,201301101600
14350,1.89,201301101600
14375,2.32,201301101600
14452,2.13,201301101600
14475,0.93,201301101600
14620,2.82,201301101600
14673,0.9,201301101600
14745,0.91,201301101600
14859,2.74,201301101600
14936,0.71,201301101600
14995,2.7,201301101600
15097,0.88,201301101600
15098,2.12,201301101600
15246,2.18,201301101600
15349,1.73,201301101600
15440,2.68,201301101600
15600,2.73,201301101600
15656,2.39,201301101600
15672,2.0,201301101600
15699,0.93,201301101600
15714,2.42,201301101600
15725,2.25,201301101600
15744,1.67,201301101600
15849,2.09,201301101600
15850,0.55,201301101600
15851,2.31,201301101600
15853,1.22,201301101600
15871,2.53,201301101600
16100,2.14,201301101600
16105,0.53,201301101600
16114,1.08,201301101600
16171,2.5,201301101600
16184,2.91,201301101600
16400,1.9,201301101600
16414,2.15,201301101600
16601,1.44,201301101600
16604,2.5,201301101600
16625,1.36,201301101600
16670,1.91,201301101600
16853,1.35,201301101600
16868,2.88,201301101600
16932,2.78,201301101600
17232,2.95,201301101600
17355,1.85,201301101600
17358,1.08,201301101600
17367,2.99,201301101600
17635,1.0,201301101600
17673,0.74,201301101600
17681,1.17,201301101600
17884,0.51,201301101600
17984,2.13,201301101600
18108,1.36,201301101600
18115,2.53,201301101600
18118,1.45,201301101600
18123,0.74,201301101600
18139,1.3,201301101600
18154,0.54,201301101600
18160,0.62,201301101600
18177,0.62,201301101600
18185,0.78,201301101600
18383,1.83,201301101600
18404,1.52,201301101600
18427,2.38,201301101600
18466,2.03,201301101600
18616,0.94,201301101600
18629,2.44,201301101600
18861,2.45,201301101600
18866,2.04,201301101600
18925,1.13,201301101600
19110,0.9,201301101600
19112,0.77,201301101600
19114,1.88,201301101600
19122,1.61,201301101600
19360,1.38,201301101600
19443,2.44,201301101600
19481,2.75,201301101600
19611,0.54,201301101600
19612,1.8,201301101600
19618,0.76,201301101600
19633,2.68,201301101600
19678,2.8,201301101600
19878,0.83,201301101600
19913,0.7,201301101600
20113,2.51,201301101600
20114,2.32,201301101600
20116,2.39,201301101600
20170,2.96,201301101600
20363,2.48,201301101600
20387,2.2,201301101600
20396,2.78,201301101600
20436,1.77,201301101600
20616,2.74,201301101600
20621,1.59,201301101600
20628,2.58,201301101600
20651,2.29,201301101600
20671,2.01,201301101600
20682,2.27,201301101600
20864,1.75,201301101600
20882,1.05,201301101600
20931,1.52,201301101600
20995,2.77,201301101600
21115,1.76,201301101600
21118,1.67,201301101600
21201,1.69,201301101600
21373,1.53,201301101600
21377,1.16,201301101600
21392,0.64,201301101600
21407,2.77,201301101600
21428,1.66,201301101600
21448,2.42,201301101600
21617,1.1,201301101600
21619,2.54,201301101600
21639,0.79,201301101600
21658,2.69,201301101600
21663,1.07,201301101600
21701,1.68,201301101600
21721,2.69,201301101600
21868,0.95,201301101600
21871,1.05,201301101600
21999,2.55,201301101600
22126,1.34,201301101600
22133,2.33,201301101600
22174,1.86,201301101600
22176,2.82,201301101600
22205,0.57,201301101600
22368,1.45,201301101600
22395,2.1,201301101600
22419,1.21,201301101600
22420,2.2,201301101600
22421,2.48,201301101600
22422,2.12,201301101600
22619,1.79,201301101600
22630,2.14,201301101600
22634,1.69,201301101600
22671,1.88,201301101600
22673,1.22,201301101600
22700,1.22,201301101600
22751,2.48,201301101600
22768,2.29,201301101600
22869,1.32,201301101600
22877,1.21,201301101600
22928,2.7,201301101600
22940,1.25,201301101600
22955,0.61,201301101600
22963,2.34,201301101600
22966,0.88,201301101600
23120,1.47,201301101600
23124,2.25,201301101600
23125,1.31,201301101600
23131,0.89,201301101600
23138,0.98,201301101600
23169,1.71,201301101600
23194,0.59,201301101600
23216,1.28,201301101600
23370,0.77,201301101600
23371,0.53,201301101600
23379,2.84,201301101600
23386,2.77,201301101600
23388,1.09,201301101600
23427,2.72,201301101600
23621,1.13,201301101600
23627,1.21,201301101600
23635,1.68,201301101600
23641,1.58,201301101600
23662,1.77,201301101600
23669,1.29,201301101600
23690,0.87,201301101600
23744,2.64,201301101600
23750,2.12,201301101600
23872,2.56,201301101600
23873,0.97,201301101600
23875,1.54,201301101600
23881,1.63,201301101600
23894,1.55,201301101600
23896,2.2,201301101600
23907,2.83,201301101600
23925,1.51,201301101600
23973,2.46,201301101600
24005,2.29,201301101600
24009,1.21,201301101600
24032,1.18,201301101600
24122,2.09,201301101600
24123,1.1,201301101600
24149,1.62,201301101600
24247,2.45,201301101600
24251,2.88,201301101600
24265,1.1,201301101600
24266,2.95,201301101600
24373,1.89,201301101600
24374,1.18,201301101600
24380,2.68,201301101600
24381,2.97,201301101600
24383,1.02,201301101600
24387,2.37,201301101600
24402,0.55,201301101600
24405,1.16,201301101600
24423,1.77,201301101600
24623,1.75,201301101600
24626,1.68,201301101600
24643,1.78,201301101600
24732,0.79,201301101600
24734,2.79,201301101600
24739,2.2,201301101600
24774,1.18,201301101600
24775,1.97,201301101600
24781,2.24,201301101600
24837,2.31,201301101600
24874,1.55,201301101600
24877,2.14,201301101600
24879,2.86,201301101600
24880,1.73,201301101600
24895,1.35,201301101600
24920,2.6,201301101600
24990,1.88,201301101600
24991,1.16,201301101600
24993,1.42,201301101600
25124,0.84,201301101600
25125,2.48,201301101600
25126,0.64,201301101600
25129,2.02,201301101600
25130,1.91,201301101600
25132,1.92,201301101600
25136,2.05,201301101600
25138,2.56,201301101600
25141,1.85,201301101600
25179,2.39,201301101600
25187,0.99,201301101600
25375,2.77,201301101600
25376,1.58,201301101600
25377,1.53,201301101600
25379,2.89,201301101600
25385,1.14,201301101600
25395,1.25,201301101600
25400,1.78,201301101600
25405,0.93,201301101600
25412,0.83,201301101600
25427,2.71,201301101600
25626,2.25,201301101600
25627,0.82,201301101600
25628,1.52,201301101600
25629,2.95,201301101600
25632,2.67,201301101600
25633,2.69,201301101600
25642,1.14,201301101600
25715,0.59,201301101600
25747,0.93,201301101600
25763,2.97,201301101600
25876,1.63,201301101600
25877,1.35,201301101600
25878,1.72,201301101600
25881,0.57,201301101600
25882,0.57,201301101600
25886,1.91,201301101600
25888,1.62,201301101600
25926,2.96,201301101600
25997,2.03,201301101600
26005,0.73,201301101600
26035,2.68,201301101600
26127,1.07,201301101600
26129,1.77,201301101600
26130,0.56,201301101600
26133,2.93,201301101600
26135,0.8,201301101600
26136,0.85,201301101600
26138,1.74,201301101600
26139,1.96,201301101600
26141,2.58,201301101600
26148,0.83,201301101600
26168,1.4,201301101600
26378,2.43,201301101600
26379,2.45,201301101600
26380,2.86,201301101600
26381,1.56,201301101600
26382,1.8,201301101600
26383,1.43,201301101600
26385,1.45,201301101600
26386,1.34,201301101600
26387,0.58,201301101600
26389,2.71,201301101600
26391,2.5,201301101600
26392,0.67,201301101600
26393,1.32,201301101600
26396,2.18,201301101600
26403,0.83,201301101600
26408,2.24,201301101600
26427,1.3,201301101600
26450,2.19,201301101600
26492,2.44,201301101600
26546,1.87,201301101600
26563,1.17,201301101600
26564,2.3,201301101600
26628,1.9,201301101600
26629,1.03,201301101600
26630,1.84,201301101600
26631,1.35,201301101600
26633,1.86,201301101600
26634,1.44,201301101600
26656,0.74,201301101600
26674,1.37,201301101600
26708,0.57,201301101600
26752,1.24,201301101600
26754,0.87,201301101600
26755,2.26,201301101600
26782,1.91,201301101600
26846,1.66,201301101600
26879,0.79,201301101600
26880,2.55,201301101600
26881,2.49,201301101600
26882,2.55,201301101600
26883,2.29,201301101600
26884,0.93,201301101600
26885,0.96,201301101600
26886,2.4,201301101600
26887,0.65,201301101600
26889,2.36,201301101600
26890,1.64,201301101600
26891,2.32,201301101600
26892,0.79,201301101600
26893,0.97,201301101600
26894,2.25,201301101600
26895,0.72,201301101600
26897,2.23,201301101600
26905,1.23,201301101600
26938,2.5,201301101600
26964,2.85,201301101600
27006,0.56,201301101600
27042,2.14,201301101600
27098,0.57,201301101600
27130,2.08,201301101600
27131,0.99,201301101600
27132,1.14,201301101600
27133,1.79,201301101600
27134,1.2,201301101600
27135,1.99,201301101600
27136,2.51,201301101600
27137,1.17,201301101600
27138,1.69,201301101600
27142,1.46,201301101600
27143,2.79,201301101600
27145,0.84,201301101600
27148,2.97,201301101600
27149,0.79,201301101600
27152,1.34,201301101600
27155,1.23,201301101600
27175,2.7,201301101600
27209,1.22,201301101600
27247,2.46,201301101600
27381,1.98,201301101600
27382,0.52,201301101600
27383,1.96,201301101600
27384,1.61,201301101600
27386,1.85,201301101600
27387,1.0,201301101600
27388,1.16,201301101600
27389,2.25,201301101600
27390,2.26,201301101600
27392,2.29,201301101600
27395,1.71,201301101600
27404,1.88,201301101600
27415,2.98,201301101600
27427,0.71,201301101600
27489,2.78,201301101600
27494,1.16,201301101600
27498,1.61,201301101600
27518,2.99,201301101600
27632,2.03,201301101600
27633,0.58,201301101600
27634,1.53,201301101600
27635,0.69,201301101600
27636,1.08,201301101600
27637,2.36,201301101600
27638,1.18,201301101600
27639,2.22,201301101600
27640,1.12,201301101600
27642,2.54,201301101600
27643,1.14,201301101600
27645,1.9,201301101600
27646,2.98,201301101600
27647,2.75,201301101600
27649,0.65,201301101600
27654,1.71,201301101600
27763,0.92,201301101600
27764,0.92,201301101600
27796,0.62,201301101600
27797,1.92,201301101600
27883,2.62,201301101600
27884,0.65,201301101600
27885,2.03,201301101600
27886,2.29,201301101600
27887,0.96,201301101600
27888,2.58,201301101600
27889,2.63,201301101600
27890,1.4,201301101600
27891,1.2,201301101600
27892,1.04,201301101600
27894,2.46,201301101600
27895,2.04,201301101600
27897,0.51,201301101600
27902,0.72,201301101600
27908,2.11,201301101600
27911,2.84,201301101600
27930,1.0,201301101600
27971,1.82,201301101600
28004,2.83,201301101600
28015,1.47,201301101600
28049,2.34,201301101600
28102,1.47,201301101600
28134,2.74,201301101600
28135,2.02,201301101600
28136,1.7,201301101600
28137,2.68,201301101600
28138,2.86,201301101600
28139,2.37,201301101600
28140,2.32,201301101600
28142,1.54,201301101600
28143,0.94,201301101600
28144,2.47,201301101600
28146,1.55,201301101600
28154,0.82,201301101600
28156,2.34,201301101600
28216,0.65,201301101600
28239,1.7,201301101600
28384,1.68,201301101600
28385,0.55,201301101600
28386,1.96,201301101600
28387,1.95,201301101600
28388,1.76,201301101600
28389,2.27,201301101600
28390,2.46,201301101600
28391,1.44,201301101600
28392,1.27,201301101600
28393,2.93,201301101600
28394,2.28,201301101600
28396,0.83,201301101600
28397,2.98,201301101600
28400,1.31,201301101600
28401,2.61,201301101600
28405,2.23,201301101600
28427,2.92,201301101600
28467,2.39,201301101600
28496,2.9,201301101600
28497,1.31,201301101600
28519,2.6,201301101600
28535,2.29,201301101600
28539,1.13,201301101600
28545,1.33,201301101600
28557,2.73,201301101600
28635,2.1,201301101600
28636,2.97,201301101600
28637,1.18,201301101600
28638,1.36,201301101600
28639,2.01,201301101600
28640,1.42,201301101600
28641,2.87,201301101600
28642,1.79,201301101600
28643,2.73,201301101600
28644,1.43,201301101600
28645,2.95,201301101600
28646,2.13,201301101600
28649,2.35,201301101600
28658,2.11,201301101600
28667,2.12,201301101600
28675,2.98,201301101600
28751,2.82,201301101600
28753,2.73,201301101600
28754,1.06,201301101600
28788,1.58,201301101600
28812,1.98,201301101600
28823,0.76,201301101600
28886,0.67,201301101600
28887,1.14,201301101600
28888,1.64,201301101600
28889,1.62,201301101600
28890,0.51,201301101600
28891,1.55,201301101600
28892,0.79,201301101600
28893,0.59,201301101600
28894,1.87,201301101600
28895,2.5,201301101600
28896,2.96,201301101600
28897,2.13,201301101600
28899,0.81,201301101600
28900,2.33,201301101600
28901,2.6,201301101600
28902,1.29,201301101600
28905,2.31,201301101600
28912,1.71,201301101600
28960,1.11,201301101600
28969,1.94,201301101600
29004,1.56,201301101600
29012,0.56,201301101600
29026,1.55,201301101600
29068,1.53,201301101600
29076,2.08,201301101600
29088,2.32,201301101600
29094,0.99,201301101600
29136,0.58,201301101600
29137,2.9,201301101600
29138,0.87,201301101600
29139,1.15,201301101600
29140,1.61,201301101600
29141,1.37,201301101600
29142,1.17,201301101600
29143,2.84,201301101600
29144,0.98,201301101600
29146,1.53,201301101600
29147,2.97,201301101600
29148,1.12,201301101600
29149,2.15,201301101600
29151,1.42,201301101600
29158,0.55,201301101600
29165,2.38,201301101600
29171,1.23,201301101600
29190,2.88,201301101600
29247,0.91,201301101600
29387,1.17,201301101600
29388,1.84,201301101600
29389,2.35,201301101600
29390,2.09,201301101600
29391,2.27,201301101600
29392,1.25,201301101600
29393,2.62,201301101600
29394,0.57,201301101600
29395,1.51,201301101600
29396,2.55,201301101600
29397,2.82,201301101600
29398,1.4,201301101600
29399,1.91,201301101600
29401,2.35,201301101600
29402,2.17,201301101600
29403,2.55,201301101600
29405,2.31,201301101600
29409,2.19,201301101600
29425,1.6,201301101600
29429,0.87,201301101600
29495,2.43,201301101600
29498,2.88,201301101600
29533,2.59,201301101600
29556,1.33,201301101600
29638,2.65,201301101600
29639,1.21,201301101600
29640,1.62,201301101600
29641,1.31,201301101600
29642,1.78,201301101600
29643,0.59,201301101600
29644,1.38,201301101600
29645,2.75,201301101600
29648,1.49,201301101600
29649,2.82,201301101600
29650,1.52,201301101600
29654,1.55,201301101600
29663,2.17,201301101600
29670,1.49,201301101600
29710,0.86,201301101600
29730,0.85,201301101600
29733,1.3,201301101600
29736,2.89,201301101600
29766,1.65,201301101600
29891,1.13,201301101600
29892,2.02,201301101600
29893,1.42,201301101600
29894,2.9,201301101600
29895,0.72,201301101600
29896,0.95,201301101600
29897,2.96,201301101600
29898,2.82,201301101600
29900,2.83,201301101600
29903,1.49,201301101600
29906,2.52,201301101600
29909,2.41,201301101600
29912,1.12,201301101600
29917,2.93,201301101600
29925,2.81,201301101600
29966,1.23,201301101600
30021,1.58,201301101600
30026,2.76,201301101600
30036,2.43,201301101600
30142,2.12,201301101600
30143,2.3,201301101600
30144,1.43,201301101600
30145,2.02,201301101600
30146,1.91,201301101600
30147,2.37,201301101600
30148,0.72,201301101600
30152,1.64,201301101600
30154,1.96,201301101600
30157,0.57,201301101600
30158,1.02,201301101600
30181,2.87,201301101600
30242,2.36,201301101600
30243,1.86,201301101600
30244,2.39,201301101600
30261,2.93,201301101600
30300,2.75,201301101600
30322,0.68,201301101600
30393,0.88,201301101600
30394,1.42,201301101600
30395,2.44,201301101600
30396,1.02,201301101600
30397,2.89,201301101600
30398,1.82,201301101600
30400,0.84,201301101600
30401,2.04,201301101600
30403,0.99,201301101600
30407,0.74,201301101600
30410,1.76,201301101600
30420,2.16,201301101600
30430,0.67,201301101600
30434,2.78,201301101600
30439,2.44,201301101600
30481,1.15,201301101600
30489,2.98,201301101600
30494,2.69,201301101600
30495,2.5,201301101600
30496,1.57,201301101600
30645,0.8,201301101600
30646,2.17,201301101600
30647,1.53,201301101600
30648,0.53,201301101600
30649,2.64,201301101600
30650,1.31,201301101600
30651,0.66,201301101600
30652,0.8,201301101600
30653,1.83,201301101600
30654,2.74,201301101600
30661,0.71,201301101600
30664,1.23,201301101600
30666,1.39,201301101600
30669,1.47,201301101600
30673,0.79,201301101600
30683,0.92,201301101600
30745,0.55,201301101600
30750,2.16,201301101600
30777,0.82,201301101600
30780,1.48,201301101600
30812,1.72,201301101600
30897,2.96,201301101600
30898,0.66,201301101600
30899,1.31,201301101600
30900,0.58,201301101600
30901,2.78,201301101600
30902,1.36,201301101600
30903,2.66,201301101600
30904,0.84,201301101600
30908,1.27,201301101600
30909,1.22,201301101600
30912,2.38,201301101600
30913,2.11,201301101600
30928,2.77,201301101600
30953,2.58,201301101600
30979,2.15,201301101600
30994,2.74,201301101600
30995,2.27,201301101600
31027,0.62,201301101600
31028,1.71,201301101600
31029,0.9,201301101600
31082,2.03,201301101600
31148,2.85,201301101600
31149,1.83,201301101600
31150,1.84,201301101600
31151,1.6,201301101600
31152,2.84,201301101600
31156,2.27,201301101600
31157,2.65,201301101600
31161,1.98,201301101600
31166,1.62,201301101600
31172,0.99,201301101600
31274,1.3,201301101600
31281,1.76,201301101600
31369,2.07,201301101600
31398,2.2,201301101600
31401,2.34,201301101600
31407,1.68,201301101600
31408,2.24,201301101600
31409,0.76,201301101600
31410,0.71,201301101600
31413,1.85,201301101600
31419,0.91,201301101600
31427,1.74,201301101600
31457,1.61,201301101600
31466,0.67,201301101600
31651,2.16,201301101600
31652,1.9,201301101600
31656,1.16,201301101600
31660,1.0,201301101600
31663,2.22,201301101600
31666,0.73,201301101600
31675,1.71,201301101600
31738,0.66,201301101600
31754,1.78,201301101600
31782,1.92,201301101600
31903,1.48,201301101600
31904,2.66,201301101600
31905,1.28,201301101600
31906,2.07,201301101600
31908,1.79,201301101600
31912,0.87,201301101600
31921,1.42,201301101600
31928,2.33,201301101600
31949,0.95,201301101600
32028,1.84,201301101600
32032,1.84,201301101600
32045,1.79,201301101600
32150,1.78,201301101600
32155,1.68,201301101600
32157,2.22,201301101600
32161,2.35,201301101600
32162,1.06,201301101600
32167,2.26,201301101600
32169,1.24,201301101600
32175,2.39,201301101600
32182,1.13,201301101600
32185,1.56,201301101600
32195,0.56,201301101600
32235,2.32,201301101600
32404,1.92,201301101600
32405,2.84,201301101600
32410,1.48,201301101600
32411,1.64,201301101600
32415,1.52,201301101600
32449,2.79,201301101600
32490,0.59,201301101600
32558,1.25,201301101600
32622,2.22,201301101600
32656,2.05,201301101600
32658,2.21,201301101600
32660,1.78,201301101600
32662,2.98,201301101600
32668,1.26,201301101600
32682,0.77,201301101600
32697,1.54,201301101600
32712,2.46,201301101600
32729,2.1,201301101600
32739,2.25,201301101600
32742,2.28,201301101600
32744,1.57,201301101600
32802,0.57,201301101600
32834,1.86,201301101600
32905,1.57,201301101600
32907,2.61,201301101600
32912,1.84,201301101600
32916,2.05,201301101600
32922,2.41,201301101600
32924,2.49,201301101600
32926,2.15,201301101600
32929,0.78,201301101600
32977,1.82,201301101600
32978,2.81,201301101600
33154,0.55,201301101600
33158,1.21,201301101600
33160,1.6,201301101600
33165,2.93,201301101600
33170,2.11,201301101600
33186,2.71,201301101600
33286,2.22,201301101600
33405,2.18,201301101600
33409,1.37,201301101600
33412,2.61,201301101600
33418,2.3,201301101600
33420,1.81,201301101600
33424,2.77,201301101600
33435,1.43,201301101600
33442,1.72,201301101600
33519,1.14,201301101600
33594,2.84,201301101600
33656,1.83,201301101600
33659,2.56,201301101600
33662,0.53,201301101600
33664,0.71,201301101600
33666,2.38,201301101600
33669,0.96,201301101600
33673,0.76,201301101600
33675,1.19,201301101600
33694,1.88,201301101600
33724,1.26,201301101600
33742,1.0,201301101600
33812,2.21,201301101600
33909,1.67,201301101600
33911,1.53,201301101600
33912,2.42,201301101600
33913,0.76,201301101600
33922,2.81,201301101600
33923,1.67,201301101600
33924,2.1,201301101600
33931,2.94,201301101600
33935,2.5,201301101600
33986,0.87,201301101600
34013,2.28,201301101600
34160,1.89,201301101600
34161,1.61,201301101600
34162,2.84,201301101600
34163,2.36,201301101600
34167,2.77,201301101600
34190,2.47,201301101600
34211,2.66,201301101600
34303,0.59,201301101600
34380,2.06,201301101600
34407,1.91,201301101600
34413,1.66,201301101600
34423,1.94,201301101600
34424,1.73,201301101600
34427,1.98,201301101600
34430,0.72,201301101600
34437,2.13,201301101600
34440,0.5,201301101600
34486,1.32,201301101600
34495,2.39,201301101600
34510,1.39,201301101600
34520,1.26,201301101600
34528,2.92,201301101600
34563,1.15,201301101600
34662,2.05,201301101600
34667,1.26,201301101600
34668,3.0,201301101600
34670,1.33,201301101600
34672,0.65,201301101600
34673,2.48,201301101600
34676,0.82,201301101600
34679,2.57,201301101600
34682,1.05,201301101600
34695,1.4,201301101600
34710,0.87,201301101600
34714,2.51,201301101600
34720,2.28,201301101600
34882,1.07,201301101600
34913,1.01,201301101600
34914,2.36,201301101600
34915,1.15,201301101600
34924,1.84,201301101600
34925,2.93,201301101600
34934,1.07,201301101600
34939,0.86,201301101600
34959,2.92,201301101600
34990,0.78,201301101600
35102,1.56,201301101600
35164,2.36,201301101600
35166,1.33,201301101600
35173,0.89,201301101600
35178,2.57,201301101600
35183,0.85,201301101600
35185,1.96,201301101600
35187,1.03,201301101600
35193,1.91,201301101600
35203,1.35,201301101600
35218,2.32,201301101600
35237,2.56,201301101600
35244,0.77,201301101600
35249,1.09,201301101600
35295,2.44,201301101600
35368,2.93,201301101600
35410,1.06,201301101600
35414,2.89,201301101600
35415,1.3,201301101600
35417,2.18,201301101600
35421,0.69,201301101600
35440,1.36,201301101600
35455,0.95,201301101600
35492,1.53,201301101600
35515,2.6,201301101600
35665,1.99,201301101600
35675,1.05,201301101600
35683,2.47,201301101600
35686,2.9,201301101600
35700,0.53,201301101600
35745,2.26,201301101600
35755,0.72,201301101600
35769,1.54,201301101600
35916,1.82,201301101600
35917,0.62,201301101600
35918,1.43,201301101600
35919,0.88,201301101600
35921,2.69,201301101600
35929,0.92,201301101600
35931,1.63,201301101600
35941,2.38,201301101600
35944,1.29,201301101600
35971,2.82,201301101600
35981,2.41,201301101600
35992,1.25,201301101600
35994,2.87,201301101600
36067,2.17,201301101600
36162,1.67,201301101600
36167,1.35,201301101600
36169,2.04,201301101600
36170,2.78,201301101600
36173,0.5,201301101600
36176,2.28,201301101600
36177,2.15,201301101600
36205,1.77,201301101600
36237,2.92,201301101600
36245,2.96,201301101600
36246,1.46,201301101600
36293,1.03,201301101600
36311,2.61,201301101600
36417,2.72,201301101600
36420,1.55,201301101600
36421,2.51,201301101600
36441,2.24,201301101600
36448,1.2,201301101600
36494,2.95,201301101600
36498,1.33,201301101600
36502,2.24,201301101600
36510,1.89,201301101600
36513,2.07,201301101600
36519,2.69,201301101600
36524,2.09,201301101600
36576,2.15,201301101600
36668,2.22,201301101600
36673,1.08,201301101600
36675,2.08,201301101600
36677,2.27,201301101600
36679,2.97,201301101600
36682,2.99,201301101600
36688,2.26,201301101600
36690,2.66,201301101600
36711,2.84,201301101600
36717,1.91,201301101600
36758,0.6,201301101600
36889,2.23,201301101600
36915,2.02,201301101600
36918,0.54,201301101600
36933,0.95,201301101600
36934,1.29,201301101600
36953,0.8,201301101600
36959,2.0,201301101600
36996,2.99,201301101600
36999,1.05,201301101600
37001,2.51,201301101600
37167,1.42,201301101600
37168,1.11,201301101600
37169,1.13,201301101600
37172,0.76,201301101600
37176,2.81,201301101600
37178,2.5,201301101600
37179,1.18,201301101600
37182,0.67,201301101600
37192,1.01,201301101600
37200,0.87,201301101600
37206,2.41,201301101600
37232,2.62,201301101600
37239,1.22,201301101600
37270,1.61,201301101600
37298,2.57,201301101600
37304,2.1,201301101600
37419,0.86,201301101600
37421,1.49,201301101600
37423,1.06,201301101600
37425,2.48,201301101600
37446,2.66,201301101600
37454,1.23,201301101600
37477,1.42,201301101600
37487,2.31,201301101600
37501,2.46,201301101600
37503,2.92,201301101600
37513,2.74,201301101600
37523,0.64,201301101600
37562,2.81,201301101600
37609,0.54,201301101600
37642,1.97,201301101600
37643,1.78,201301101600
37670,1.48,201301101600
37671,1.02,201301101600
37672,2.95,201301101600
37676,0.71,201301101600
37688,2.78,201301101600
37689,2.48,201301101600
37690,0.77,201301101600
37695,1.97,201301101600
37701,2.2,201301101600
37710,2.08,201301101600
37711,1.02,201301101600
37754,1.02,201301101600
37874,1.35,201301101600
37891,1.01,201301101600
37893,2.99,201301101600
37894,1.56,201301101600
37926,1.08,201301101600
37928,1.28,201301101600
37929,0.93,201301101600
37932,2.39,201301101600
37936,0.96,201301101600
37943,1.75,201301101600
37952,0.84,201301101600
37962,2.71,201301101600
37968,2.06,201301101600
38003,2.8,201301101600
38060,2.92,201301101600
38145,0.54,201301101600
38172,2.59,201301101600
38173,2.12,201301101600
38178,1.59,201301101600
38200,0.61,201301101600
38204,1.36,201301101600
38209,2.39,201301101600
38215,0.95,201301101600
38220,0.99,201301101600
38225,2.65,201301101600
38228,2.59,201301101600
38230,0.75,201301101600
38243,2.2,201301101600
38247,1.93,201301101600
38255,1.82,201301101600
38263,2.85,201301101600
38268,1.63,201301101600
38272,0.77,201301101600
38367,2.9,201301101600
38381,0.67,201301101600
38423,1.19,201301101600
38425,2.28,201301101600
38426,1.48,201301101600
38431,2.41,201301101600
38440,2.98,201301101600
38479,1.27,201301101600
38481,2.01,201301101600
38483,1.32,201301101600
38488,1.89,201301101600
38490,2.89,201301101600
38498,2.8,201301101600
38499,2.99,201301101600
38500,2.77,201301101600
38505,2.41,201301101600
38506,2.08,201301101600
38508,0.58,201301101600
38517,0.68,201301101600
38534,1.14,201301101600
38648,1.56,201301101600
38674,2.58,201301101600
38676,0.68,201301101600
38679,1.41,201301101600
38684,1.55,201301101600
38693,1.82,201301101600
38697,0.75,201301101600
38716,2.28,201301101600
38722,1.85,201301101600
38736,1.55,201301101600
38738,1.85,201301101600
38752,1.57,201301101600
38753,1.47,201301101600
38758,2.27,201301101600
38760,0.67,201301101600
38761,2.59,201301101600
38762,1.05,201301101600
38766,1.39,201301101600
38769,2.64,201301101600
38778,2.14,201301101600
38812,2.05,201301101600
38939,3.0,201301101600
38953,2.72,201301101600
38958,0.98,201301101600
38967,2.8,201301101600
39006,2.68,201301101600
39008,2.88,201301101600
39010,2.74,201301101600
39011,1.32,201301101600
39017,1.72,201301101600
39113,1.03,201301101600
39148,1.21,201301101600
39149,1.85,201301101600
39176,2.67,201301101600
39178,2.02,201301101600
39191,0.74,201301101600
39201,2.56,201301101600
39230,2.79,201301101600
39236,2.28,201301101600
39246,2.36,201301101600
39252,1.24,201301101600
39255,1.43,201301101600
39260,0.99,201301101600
39262,0.92,201301101600
39263,0.52,201301101600
39268,1.89,201301101600
39269,0.78,201301101600
39271,1.89,201301101600
39274,0.57,201301101600
39275,1.18,201301101600
39375,0.59,201301101600
39391,0.99,201301101600
39427,1.46,201301101600
39428,1.1,201301101600
39430,0.86,201301101600
39433,1.65,201301101600
39446,1.56,201301101600
39457,0.61,201301101600
39514,1.32,201301101600
39515,2.89,201301101600
39516,2.54,201301101600
39517,2.05,201301101600
39535,1.25,201301101600
39554,2.88,201301101600
39559,1.42,201301101600
39631,1.35,201301101600
39632,2.76,201301101600
39633,2.79,201301101600
39652,1.63,201301101600
39683,2.05,201301101600
39687,0.97,201301101600
39706,1.96,201301101600
39710,0.63,201301101600
39722,2.2,201301101600
39731,2.26,201301101600
39750,1.94,201301101600
39755,2.4,201301101600
39759,2.26,201301101600
39762,2.91,201301101600
39764,2.17,201301101600
39765,0.95,201301101600
39766,2.28,201301101600
39767,1.42,201301101600
39769,2.54,201301101600
39772,1.15,201301101600
39776,0.6,201301101600
39777,2.07,201301101600
39790,0.87,201301101600
39791,2.03,201301101600
39796,2.11,201301101600
39832,2.81,201301101600
39883,2.3,201301101600
39930,1.38,201301101600
39932,1.42,201301101600
39941,1.38,201301101600
39948,1.49,201301101600
39969,2.5,201301101600
40018,1.91,201301101600
40031,1.12,201301101600
40133,2.27,201301101600
40180,1.81,201301101600
40188,1.96,201301101600
40196,1.55,201301101600
40242,2.51,201301101600
40246,2.48,201301101600
40259,1.19,201301101600
40264,1.11,201301101600
40267,1.87,201301101600
40268,0.64,201301101600
40270,2.47,201301101600
40276,0.6,201301101600
40286,1.51,201301101600
40295,0.56,201301101600
40431,2.06,201301101600
40432,1.14,201301101600
40442,2.14,201301101600
40447,1.87,201301101600
40448,1.22,201301101600
40451,1.9,201301101600
40457,2.1,201301101600
40500,1.89,201301101600
40512,1.18,201301101600
40518,0.67,201301101600
40519,2.46,201301101600
40522,1.97,201301101600
40524,0.5,201301101600
40525,2.13,201301101600
40532,0.66,201301101600
40560,1.76,201301101600
40566,2.82,201301101600
40633,0.94,201301101600
40687,2.37,201301101600
40713,0.97,201301101600
40719,2.96,201301101600
40732,2.07,201301101600
40733,1.34,201301101600
40766,1.09,201301101600
40810,0.76,201301101600
40894,2.14,201301101600
40933,0.81,201301101600
40936,2.98,201301101600
40939,1.75,201301101600
40954,0.88,201301101600
40982,1.65,201301101600
41021,1.67,201301101600
41024,2.6,201301101600
41061,2.24,201301101600
41145,0.86,201301101600
41157,2.16,201301101600
41183,2.61,201301101600
41200,1.33,201301101600
41262,2.97,201301101600
41265,2.98,201301101600
41270,0.86,201301101600
41277,2.06,201301101600
41318,0.81,201301101600
41401,2.42,201301101600
41407,2.3,201301101600
41437,1.9,201301101600
41459,0.6,201301101600
41465,1.61,201301101600
41469,2.56,201301101600
41508,2.75,201301101600
41520,2.74,201301101600
41522,2.61,201301101600
41526,1.65,201301101600
41532,1.51,201301101600
41558,1.91,201301101600
41635,0.67,201301101600
41653,1.25,201301101600
41658,2.77,201301101600
41692,0.85,201301101600
41696,0.79,201301101600
41764,0.95,201301101600
41772,2.41,201301101600
41893,2.05,201301101600
41904,2.45,201301101600
41905,2.98,201301101600
41936,1.52,201301101600
41941,1.46,201301101600
41958,2.66,201301101600
41990,2.74,201301101600
42023,1.36,201301101600
42026,1.33,201301101600
42029,0.86,201301101600
42074,2.07,201301101600
42085,1.7,201301101600
42095,0.89,201301101600
42147,1.91,201301101600
42160,1.17,201301101600
42200,0.54,201301101600
42213,1.7,201301101600
42267,2.57,201301101600
42271,1.13,201301101600
42274,2.38,201301101600
42283,1.35,201301101600
42291,2.58,201301101600
42342,0.74,201301101600
42411,1.78,201301101600
42438,2.94,201301101600
42454,2.05,201301101600
42471,1.56,201301101600
42478,1.41,201301101600
42487,1.28,201301101600
42503,2.66,201301101600
42514,0.82,201301101600
42521,2.11,201301101600
42533,1.88,201301101600
42644,2.71,201301101600
42661,0.94,201301101600
42695,1.45,201301101600
42744,1.38,201301101600
42750,2.59,201301101600
42846,2.83,201301101600
42905,1.7,201301101600
42912,0.64,201301101600
42939,1.47,201301101600
42940,1.35,201301101600
42944,0.88,201301101600
42949,2.94,201301101600
43011,2.68,201301101600
43021,2.28,201301101600
43030,1.37,201301101600
43151,1.39,201301101600
43160,2.82,201301101600
43162,1.95,201301101600
43213,1.35,201301101600
43220,2.39,201301101600
43261,0.51,201301101600
43412,2.55,201301101600
43413,2.03,201301101600
43440,2.79,201301101600
43443,2.73,201301101600
43449,2.13,201301101600
43483,2.28,201301101600
43484,0.56,201301101600
43494,1.48,201301101600
43518,1.11,201301101600
43523,2.51,201301101600
43526,1.44,201301101600
43530,1.41,201301101600
43571,2.04,201301101600
43642,2.9,201301101600
43662,1.27,201301101600
43738,2.47,201301101600
43760,0.97,201301101600
43779,2.82,201301101600
43914,2.69,201301101600
43957,0.59,201301101600
43980,1.44,201301101600
43984,2.35,201301101600
43992,0.9,201301101600
43995,2.1,201301101600
44002,1.44,201301101600
44039,1.85,201301101600
44194,1.63,201301101600
44197,2.3,201301101600
44204,2.69,201301101600
44215,2.72,201301101600
44226,1.88,201301101600
44247,2.05,201301101600
44255,2.13,201301101600
44282,2.41,201301101600
44284,1.11,201301101600
44356,1.83,201301101600
44470,2.38,201301101600
44486,1.38,201301101600
44503,0.81,201301101600
44504,0.84,201301101600
44510,0.58,201301101600
44517,0.95,201301101600
44534,1.17,201301101600
44578,2.96,201301101600
44666,2.35,201301101600
44694,1.76,201301101600
44697,2.69,201301101600
44716,0.66,201301101600
44724,2.73,201301101600
44743,2.26,201301101600
44755,0.86,201301101600
44756,1.61,201301101600
44757,2.81,201301101600
44758,2.21,201301101600
44786,2.97,201301101600
44787,2.42,201301101600
44911,1.46,201301101600
44963,1.61,201301101600
45005,2.01,201301101600
45006,1.42,201301101600
45007,1.98,201301101600
45008,0.96,201301101600
45039,0.85,201301101600
45114,2.37,201301101600
45168,2.21,201301101600
45200,1.07,201301101600
45203,2.9,201301101600
45208,0.58,201301101600
45237,0.85,201301101600
45254,1.23,201301101600
45256,2.17,201301101600
45258,1.78,201301101600
45261,0.84,201301101600
45265,2.81,201301101600
45266,1.5,201301101600
45401,2.44,201301101600
45479,0.74,201301101600
45502,2.43,201301101600
45507,0.89,201301101600
45509,1.59,201301101600
45526,2.95,201301101600
45538,2.78,201301101600
45582,1.86,201301101600
45661,1.79,201301101600
45701,0.79,201301101600
45703,1.13,201301101600
45716,2.22,201301101600
45720,2.09,201301101600
45725,2.12,201301101600
45735,1.5,201301101600
45747,1.06,201301101600
45766,1.03,201301101600
45793,2.24,201301101600
45795,2.95,201301101600
45919,2.95,201301101600
45948,1.82,201301101600
46008,0.6,201301101600
46036,2.2,201301101600
46041,2.51,201301101600
46052,2.66,201301101600
46074,0.87,201301101600
46145,2.7,201301101600
46202,2.91,201301101600
46209,2.8,201301101600
46242,1.08,201301101600
46265,2.31,201301101600
46372,2.28,201301101600
46384,2.15,201301101600
46455,2.39,201301101600
46508,0.95,201301101600
46523,1.96,201301101600
46538,1.41,201301101600
46565,1.21,201301101600
46574,0.98,201301101600
46626,2.46,201301101600
46700,1.35,201301101600
46738,2.65,201301101600
46770,2.35,201301101600
46778,1.82,201301101600
46787,0.54,201301101600
46803,1.35,201301101600
46954,0.8,201301101600
46964,2.09,201301101600
46972,2.86,201301101600
46976,0.64,201301101600
46981,1.04,201301101600
47011,1.41,201301101600
47015,2.11,201301101600
47047,2.26,201301101600
47253,0.6,201301101600
47288,0.67,201301101600
47295,0.77,201301101600
47342,1.26,201301101600
47454,1.41,201301101600
47535,1.2,201301101600
47543,2.24,201301101600
47705,2.3,201301101600
47709,2.36,201301101600
47711,2.04,201301101600
47758,2.07,201301101600
47806,1.75,201301101600
47889,0.51,201301101600
47926,1.61,201301101600
47968,0.88,201301101600
47972,0.97,201301101600
47977,1.53,201301101600
47982,2.87,201301101600
48032,1.65,201301101600
48209,1.31,201301101600
48239,2.32,201301101600
48244,2.56,201301101600
48278,2.37,201301101600
48420,2.71,201301101600
48427,0.75,201301101600
48499,1.11,201301101600
48503,1.09,201301101600
48552,1.07,201301101600
48584,2.17,201301101600
48713,1.99,201301101600
48759,2.79,201301101600
48848,2.86,201301101600
48898,1.89,201301101600
49017,2.18,201301101600
49049,2.44,201301101600
49229,1.82,201301101600
49241,1.42,201301101600
49472,1.14,201301101600
49483,0.76,201301101600
49542,1.09,201301101600
49555,1.92,201301101600
49679,1.66,201301101600
49750,1.32,201301101600
49760,1.91,201301101600
49777,2.06,201301101600
49968,1.11,201301101600
50053,2.09,201301101600
50103,1.52,201301101600
50180,1.71,201301101600
50285,2.88,201301101600
50430,2.76,201301101600
50470,0.82,201301101600
50494,1.04,201301101600
50511,2.48,201301101600
50549,2.54,201301101600
50680,1.35,201301101600
50682,2.93,201301101600
50731,0.8,201301101600
50812,1.21,201301101600
50872,1.56,201301101600
51029,1.79,201301101600
51046,0.8,201301101600
51053,1.88,201301101600
51056,2.7,201301101600
51162,1.87,201301101600
51177,1.05,201301101600
51182,2.66,201301101600
51228,2.99,201301101600
51258,0.57,201301101600
51430,1.93,201301101600
51431,2.95,201301101600
51432,1.68,201301101600
51520,1.59,201301101600
51681,1.9,201301101600
51682,2.04,201301101600
51725,2.25,201301101600
51790,0.55,201301101600
51832,1.0,201301101600
51857,2.36,201301101600
51931,2.46,201301101600
51932,1.26,201301101600
51986,2.48,201301101600
52003,0.97,201301101600
52182,2.24,201301101600
52244,2.26,201301101600
52259,1.41,201301101600
52280,2.99,201301101600
52319,0.61,201301101600
52473,2.5,201301101600
52518,2.62,201301101600
52631,2.69,201301101600
52679,2.66,201301101600
52729,0.79,201301101600
52811,1.98,201301101600
52983,1.88,201301101600
52988,2.55,201301101600
52993,1.33,201301101600
53000,0.98,201301101600
53016,1.02,201301101600
53027,2.09,201301101600
53072,1.48,201301101600
53090,2.88,201301101600
53177,2.83,201301101600
53178,0.95,201301101600
53381,2.78,201301101600
53427,1.48,201301101600
53429,2.12,201301101600
53761,1.65,201301101600
53774,1.59,201301101600
53797,1.35,201301101600
53810,2.55,201301101600
53822,2.58,201301101600
53864,2.12,201301101600
53927,0.85,201301101600
54038,2.45,201301101600
54071,0.72,201301101600
54234,2.05,201301101600
54281,2.79,201301101600
54284,2.63,201301101600
54327,1.4,201301101600
54334,0.85,201301101600
54349,0.86,201301101600
54427,1.87,201301101600
54503,2.08,201301101600
54510,0.97,201301101600
54520,2.51,201301101600
54550,2.92,201301101600
54578,0.88,201301101600
54678,2.55,201301101600
54828,2.57,201301101600
54983,0.7,201301101600
54996,1.23,201301101600
55070,2.71,201301101600
55329,1.53,201301101600
55331,1.44,201301101600
55535,2.91,201301101600
55633,2.53,201301101600
55680,2.24,201301101600
55761,2.3,201301101600
55831,3.0,201301101600
55832,2.23,201301101600
55838,0.91,201301101600
55845,1.66,201301101600
56106,1.53,201301101600
56493,1.77,201301101600
56571,0.73,201301101600
56586,0.83,201301101600
56587,0.87,201301101600
56591,2.3,201301101600
56738,1.66,201301101600
56835,2.61,201301101600
56882,2.54,201301101600
56887,2.78,201301101600
56888,1.97,201301101600
56933,2.77,201301101600
56934,1.48,201301101600
57042,1.19,201301101600
57062,2.06,201301101600
57189,2.46,201301101600
57261,1.85,201301101600
57329,2.93,201301101600
57342,2.68,201301101600
57376,0.91,201301101600
57378,2.17,201301101600
57380,2.56,201301101600
57397,2.76,201301101600
57440,1.11,201301101600
57495,0.58,201301101600
57523,0.9,201301101600
57555,0.81,201301101600
57597,1.13,201301101600
57613,2.11,201301101600
57615,0.61,201301101600
57628,2.47,201301101600
57631,2.1,201301101600
57823,0.7,201301101600
57837,2.34,201301101600
57851,2.85,201301101600
57852,0.6,201301101600
57906,2.47,201301101600
58179,2.73,201301101600
58251,0.62,201301101600
58421,0.8,201301101600
58511,1.87,201301101600
58632,1.67,201301101600
58744,0.82,201301101600
58802,2.95,201301101600
58814,1.33,201301101600
58879,1.57,201301101600
58892,0.54,201301101600
59010,1.12,201301101600
59043,0.99,201301101600
59104,1.07,201301101600
59125,1.95,201301101600
59134,2.78,201301101600
59285,2.02,201301101600
59329,0.8,201301101600
59555,1.92,201301101600
59635,2.59,201301101600
59745,2.34,201301101600
59927,2.34,201301101600
59941,2.76,201301101600
60008,2.36,201301101600
60011,1.04,201301101600
60114,0.54,201301101600
60141,2.13,201301101600
60147,1.54,201301101600
60331,2.66,201301101600
60344,0.92,201301101600
60350,1.62,201301101600
60578,0.53,201301101600
60593,0.67,201301101600
60613,1.3,201301101600
60630,1.64,201301101600
60635,2.82,201301101600
60649,0.97,201301101600
60750,1.63,201301101600
60774,2.77,201301101600
60819,3.0,201301101600
60880,0.86,201301101600
60888,2.65,201301101600
61062,2.9,201301101600
61110,1.14,201301101600
61263,1.03,201301101600
61343,2.74,201301101600
61591,2.68,201301101600
61597,2.35,201301101600
61654,1.43,201301101600
61818,1.68,201301101600
62077,2.22,201301101600
62104,1.71,201301101600
62135,2.2,201301101600
62140,2.49,201301101600
62252,2.84,201301101600
62558,1.64,201301101600
62589,0.83,201301101600
62757,2.6,201301101600
62772,2.3,201301101600
62850,0.97,201301101600
62926,2.14,201301101600
62948,2.38,201301101600
63044,2.52,201301101600
63153,0.62,201301101600
63383,2.91,201301101600
63397,0.52,201301101600
63398,1.0,201301101600
63407,2.52,201301101600
63574,1.53,201301101600
63586,1.48,201301101600
63816,1.23,201301101600
64102,1.0,201301101600
64150,0.88,201301101600
64200,1.34,201301101600
64515,2.22,201301101600
64529,1.36,201301101600
64573,1.06,201301101600
64581,2.94,201301101600
64815,2.14,201301101600
64915,2.63,201301101600
65059,0.63,201301101600
65144,1.11,201301101600
65320,0.86,201301101600
65375,0.52,201301101600
65454,1.73,201301101600
65528,0.99,201301101600
65607,2.14,201301101600
65774,1.72,201301101600
65838,0.65,201301101600
66068,2.68,201301101600
66084,1.63,201301101600
66151,1.46,201301101600
66353,0.69,201301101600
66538,2.08,201301101600
66575,0.66,201301101600
66637,2.83,201301101600
66827,2.99,201301101600
66870,1.01,201301101600
67110,0.82,201301101600
67207,0.67,201301101600
67335,1.23,201301101600
67385,2.47,201301101600
67599,1.29,201301101600
67601,1.18,201301101600
67602,2.11,201301101600
67698,2.6,201301101600
67824,1.75,201301101600
67842,2.54,201301101600
67854,2.04,201301101600
67855,1.77,201301101600
67918,0.97,201301101600
68103,2.16,201301101600
68104,1.31,201301101600
68110,1.41,201301101600
68111,2.37,201301101600
68349,1.03,201301101600
68354,0.8,201301101600
68356,2.4,201301101600
68454,1.36,201301101600
68455,2.12,201301101600
68587,1.42,201301101600
68857,1.06,201301101600
68858,2.89,201301101600
68897,0.83,201301101600
68924,1.32,201301101600
68930,2.08,201301101600
69106,2.93,201301101600
69190,1.8,201301101600
69206,2.12,201301101600
69359,1.73,201301101600
69371,2.16,201301101600
69455,1.27,201301101600
69582,0.54,201301101600
69613,2.27,201301101600
69676,2.48,201301101600
70115,1.84,201301101600
70132,1.68,201301101600
70181,2.75,201301101600
70342,2.69,201301101600
70352,2.09,201301101600
70360,2.12,201301101600
70374,2.44,201301101600
70440,1.32,201301101600
70462,0.51,201301101600
70619,2.46,201301101600
70659,2.71,201301101600
70715,0.98,201301101600
70903,1.08,201301101600
70934,1.55,201301101600
70961,1.93,201301101600
71122,2.71,201301101600
71187,1.79,201301101600
71399,2.57,201301101600
71601,0.95,201301101600
71629,1.76,201301101600
71888,0.79,201301101600
71961,2.29,201301101600
71964,2.34,201301101600
72201,1.38,201301101600
72218,1.1,201301101600
72345,2.53,201301101600
72367,2.38,201301101600
72407,0.54,201301101600
72416,2.33,201301101600
72706,2.98,201301101600
72894,0.98,201301101600
73104,1.64,201301101600
73135,3.0,201301101600
73211,0.97,201301101600
73223,2.68,201301101600
73451,2.28,201301101600
73460,1.07,201301101600
73461,1.87,201301101600
73557,0.74,201301101600
73669,2.46,201301101600
74158,2.19,201301101600
74216,2.77,201301101600
74388,2.0,201301101600
74396,2.64,201301101600
74466,1.25,201301101600
74467,2.52,201301101600
74638,2.55,201301101600
74677,0.87,201301101600
74678,0.72,201301101600
74711,2.54,201301101600
74721,2.23,201301101600
74962,1.47,201301101600
74968,2.02,201301101600
74973,0.73,201301101600
75224,1.54,201301101600
75329,2.56,201301101600
75386,2.86,201301101600
75424,0.89,201301101600
75436,2.08,201301101600
75475,1.69,201301101600
75619,1.96,201301101600
75721,0.74,201301101600
75722,1.04,201301101600
75724,2.63,201301101600
75725,2.28,201301101600
75726,1.96,201301101600
75727,1.3,201301101600
75974,1.66,201301101600
75975,2.9,201301101600
76133,1.01,201301101600
76227,0.74,201301101600
76393,1.63,201301101600
76473,0.96,201301101600
76477,2.86,201301101600
76654,2.42,201301101600
76728,0.92,201301101600
76959,0.54,201301101600
77169,2.32,201301101600
77230,2.04,201301101600
77381,2.43,201301101600
77458,0.54,201301101600
77641,1.49,201301101600
77942,0.8,201301101600
77981,1.36,201301101600
78205,2.29,201301101600
78418,0.83,201301101600
78654,2.56,201301101600
78733,0.74,201301101600
78881,1.24,201301101600
78896,1.9,201301101600
78909,2.96,201301101600
78983,0.54,201301101600
79234,2.56,201301101600
79379,1.82,201301101600
79394,2.42,201301101600
79484,1.61,201301101600
79712,0.68,201301101600
79911,2.19,201301101600
79915,1.03,201301101600
80160,2.94,201301101600
80161,1.96,201301101600
80193,0.5,201301101600
80352,1.99,201301101600
80397,0.58,201301101600
80406,2.34,201301101600
80411,2.76,201301101600
80412,2.52,201301101600
80413,2.04,201301101600
80420,2.7,201301101600
80485,0.58,201301101600
80635,2.53,201301101600
80659,2.93,201301101600
80663,1.14,201301101600
80664,0.76,201301101600
80703,1.7,201301101600
80877,0.79,201301101600
80916,1.6,201301101600
81163,1.25,201301101600
81164,2.77,201301101600
81354,1.26,201301101600
81363,1.67,201301101600
81390,0.61,201301101600
81625,0.8,201301101600
81651,2.78,201301101600
81899,2.96,201301101600
82135,2.13,201301101600
82168,1.17,201301101600
82169,2.87,201301101600
82237,1.75,201301101600
82613,0.94,201301101600
82622,0.87,201301101600
82664,2.26,201301101600
82892,1.68,201301101600
82951,2.24,201301101600
83410,1.27,201301101600
83489,2.0,201301101600
83735,2.19,201301101600
83865,1.97,201301101600
84123,1.38,201301101600
84179,1.01,201301101600
84207,1.45,201301101600
84212,1.15,201301101600
84221,2.43,201301101600
84366,0.83,201301101600
84689,0.99,201301101600
84712,1.79,201301101600
84902,1.88,201301101600
85474,2.06,201301101600
85487,1.59,201301101600
85620,1.13,201301101600
85705,0.93,201301101600
85715,0.76,201301101600
85738,1.71,201301101600
86440,2.9,201301101600
86622,2.91,201301101600
86623,0.94,201301101600
86672,2.17,201301101600
86873,1.58,201301101600
86895,0.59,201301101600
87121,1.66,201301101600
87227,2.5,201301101600
87460,0.77,201301101600
87690,2.98,201301101600
87873,2.04,201301101600
88242,2.73,201301101600
88463,2.99,201301101600
89120,1.15,201301101600
89152,1.66,201301101600
89175,1.93,201301101600
89198,1.59,201301101600
89615,1.56,201301101600
89625,2.46,201301101600
90116,2.17,201301101600
90183,2.56,201301101600
90497,0.99,201301101600
90699,1.94,201301101600
90719,1.45,201301101600
91200,2.11,201301101600
91432,2.5,201301101600
91434,0.69,201301101600
91684,1.32,201301101600
91713,0.62,201301101600
91744,1.69,201301101600
92233,2.14,201301101600
93205,2.42,201301101600
93244,1.56,201301101600
93252,1.2,201301101600
93463,1.28,201301101600
93675,0.79,201301101600
93944,0.66,201301101600
94431,1.12,201301101600
94710,2.55,201301101600
94755,2.26,201301101600
94997,2.57,201301101600
95000,1.49,201301101600
95707,0.88,201301101600
95949,2.4,201301101600
95998,0.82,201301101600
96188,1.75,201301101600
96225,0.84,201301101600
96249,1.61,201301101600
96468,0.68,201301101600
96486,0.87,201301101600
96718,2.77,201301101600
96972,2.51,201301101600
96995,0.9,201301101600
97251,1.6,201301101600
97440,1.7,201301101600
97471,0.59,201301101600
97969,1.17,201301101600
97990,2.64,201301101600
98224,2.1,201301101600
98229,1.23,201301101600
98450,2.26,201301101600
98475,2.84,201301101600
98739,2.4,201301101600
99256,2.52,201301101600
99468,2.35,201301101600
99730,0.65,201301101600
101215,2.03,201301101600
101911,2.07,201301101600
101912,1.82,201301101600
101989,2.25,201301101600
102999,1.44,201301101600
103242,1.35,201301101600
103431,2.86,201301101600
104177,1.02,201301101600
104221,0.99,201301101600
104239,2.41,201301101600
104701,0.78,201301101600
104984,0.54,201301101600
105196,2.68,201301101600
105219,0.55,201301101600
105460,1.87,201301101600
105461,1.47,201301101600
105481,0.63,201301101600
105489,0.58,201301101600
105709,1.55,201301101600
105710,1.33,201301101600
105711,1.07,201301101600
105712,0.69,201301101600
105713,2.33,201301101600
105715,1.83,201301101600
105726,2.66,201301101600
105727,1.21,201301101600
105736,1.57,201301101600
105960,1.56,201301101600
105961,2.94,201301101600
105962,2.44,201301101600
105963,0.98,201301101600
105964,2.56,201301101600
105975,2.64,201301101600
106195,0.58,201301101600
106213,2.67,201301101600
106214,1.35,201301101600
106215,2.77,201301101600
106221,0.98,201301101600
106231,0.97,201301101600
106232,1.65,201301101600
106234,2.83,201301101600
106235,1.51,201301101600
106237,2.94,201301101600
106446,2.25,201301101600
106447,2.15,201301101600
106462,0.52,201301101600
106463,2.86,201301101600
106465,1.44,201301101600
106466,1.92,201301101600
106467,1.56,201301101600
106480,2.44,201301101600
106712,0.78,201301101600
106717,1.21,201301101600
106718,1.5,201301101600
106741,2.21,201301101600
106958,1.51,201301101600
106964,1.67,201301101600
106965,2.38,201301101600
106966,1.01,201301101600
106967,1.97,201301101600
106971,1.23,201301101600
106983,1.22,201301101600
106997,0.91,201301101600
107200,1.71,201301101600
107212,1.61,201301101600
107219,2.92,201301101600
107240,1.34,201301101600
107460,1.39,201301101600
107465,1.75,201301101600
107466,2.24,201301101600
107468,2.51,201301101600
107491,0.59,201301101600
107711,1.0,201301101600
107725,1.25,201301101600
107726,0.63,201301101600
107954,0.57,201301101600
107966,1.64,201301101600
107971,1.1,201301101600
107979,2.11,201301101600
107993,0.67,201301101600
108205,2.34,201301101600
108211,0.71,201301101600
108214,3.0,201301101600
108215,1.62,201301101600
108217,2.46,201301101600
108219,0.76,201301101600
108220,1.95,201301101600
108222,1.12,201301101600
108225,1.06,201301101600
108230,1.1,201301101600
108454,2.17,201301101600
108463,2.2,201301101600
108499,2.43,201301101600
108717,1.55,201301101600
108722,1.47,201301101600
108724,1.61,201301101600
108733,1.58,201301101600
108968,2.27,201301101600
108975,0.72,201301101600
108984,1.99,201301101600
108985,1.52,201301101600
109216,1.73,201301101600
109219,1.58,201301101600
109222,1.63,201301101600
109227,0.78,201301101600
109231,1.0,201301101600
109236,2.47,201301101600
109245,1.3,201301101600
109473,2.21,201301101600
109487,0.75,201301101600
109494,1.88,201301101600
109495,0.64,201301101600
109496,2.52,201301101600
109497,1.9,201301101600
109742,2.3,201301101600
109744,1.07,201301101600
109748,1.99,201301101600
109750,2.33,201301101600
109980,0.78,201301101600
109991,1.47,201301101600
109994,1.6,201301101600
109998,2.01,201301101600
110001,0.94,201301101600
110243,2.96,201301101600
110247,1.4,201301101600
110249,2.48,201301101600
110251,0.65,201301101600
110253,1.27,201301101600
110254,0.91,201301101600
