cell,mobility,dtg
1610,1.41,201301180000
1846,1.06,201301180000
1851,1.76,201301180000
1853,1.21,201301180000
1856,2.36,201301180000
1857,0.9,201301180000
2103,1.2,201301180000
2105,2.43,201301180000
2106,2.55,201301180000
2107,0.69,201301180000
2114,2.64,201301180000
2342,0.89,201301180000
2347,1.65,201301180000
2351,2.78,201301180000
2354,1.68,201301180000
2357,1.37,201301180000
2372,2.26,201301180000
2374,1.8,201301180000
2591,0.61,201301180000
2595,2.94,201301180000
2605,0.74,201301180000
2611,0.69,201301180000
2615,0.55,201301180000
2620,2.77,201301180000
2627,2.17,201301180000
2839,1.47,201301180000
2847,2.82,201301180000
3086,0.66,201301180000
3094,2.74,201301180000
3100,2.96,201301180000
3124,1.48,201301180000
3128,2.6,201301180000
3334,2.72,201301180000
3337,2.2,201301180000
3375,2.0,201301180000
3614,1.62,201301180000
3619,2.0,201301180000
3632,2.03,201301180000
3635,0.75,201301180000
3830,0.94,201301180000
3831,2.65,201301180000
3833,1.42,201301180000
3837,1.05,201301180000
3845,0.56,201301180000
3856,0.87,201301180000
3860,0.8,201301180000
3865,1.65,201301180000
4078,2.12,201301180000
4081,1.47,201301180000
4137,0.79,201301180000
4141,1.72,201301180000
4142,0.9,201301180000
4328,1.23,201301180000
4329,1.26,201301180000
4341,2.19,201301180000
4345,0.91,201301180000
4348,2.2,201301180000
4354,2.31,201301180000
4372,2.69,201301180000
4577,2.28,201301180000
4578,2.94,201301180000
4580,2.83,201301180000
4582,2.91,201301180000
4605,2.72,201301180000
4608,1.45,201301180000
4631,2.63,201301180000
4636,1.81,201301180000
4637,1.19,201301180000
4829,2.7,201301180000
4830,1.59,201301180000
4831,0.98,201301180000
4834,0.82,201301180000
4837,0.59,201301180000
4852,1.05,201301180000
4863,1.79,201301180000
4868,0.83,201301180000
4890,1.29,201301180000
4891,1.82,201301180000
5078,2.42,201301180000
5081,2.69,201301180000
5084,2.59,201301180000
5127,1.76,201301180000
5153,1.76,201301180000
5327,0.5,201301180000
5329,1.34,201301180000
5333,2.55,201301180000
5334,1.15,201301180000
5339,0.53,201301180000
5369,1.4,201301180000
5402,2.08,201301180000
5410,1.32,201301180000
5577,0.95,201301180000
5581,2.75,201301180000
5592,2.35,201301180000
5612,1.21,201301180000
5623,2.17,201301180000
5876,0.7,201301180000
5893,0.5,201301180000
5898,1.89,201301180000
6078,1.99,201301180000
6118,0.7,201301180000
6136,1.91,201301180000
6158,0.58,201301180000
6159,0.65,201301180000
6333,1.29,201301180000
6353,1.64,201301180000
6365,2.84,201301180000
6366,2.36,201301180000
6414,0.82,201301180000
6588,2.97,201301180000
6609,0.71,201301180000
6635,0.98,201301180000
6668,2.59,201301180000
6841,1.52,201301180000
6849,1.06,201301180000
6896,1.99,201301180000
6924,1.86,201301180000
6928,2.48,201301180000
6935,0.87,201301180000
6939,1.57,201301180000
7077,1.69,201301180000
7078,1.0,201301180000
7085,2.7,201301180000
7088,2.95,201301180000
7113,2.01,201301180000
7114,0.65,201301180000
7129,1.12,201301180000
7133,2.02,201301180000
7165,2.1,201301180000
7192,0.71,201301180000
7354,1.58,201301180000
7375,0.57,201301180000
7379,1.49,201301180000
7401,1.1,201301180000
7410,0.87,201301180000
7436,2.39,201301180000
7584,2.28,201301180000
7646,2.83,201301180000
7849,1.22,201301180000
7871,0.81,201301180000
7927,1.86,201301180000
7948,1.19,201301180000
8080,1.08,201301180000
8170,1.25,201301180000
8182,1.65,201301180000
8195,0.53,201301180000
8342,1.1,201301180000
8582,0.54,201301180000
8602,2.92,201301180000
8609,1.61,201301180000
8638,2.41,201301180000
8656,1.21,201301180000
8830,2.18,201301180000
8839,2.84,201301180000
8876,1.14,201301180000
8897,2.95,201301180000
8912,1.18,201301180000
8918,1.21,201301180000
8929,1.66,201301180000
8940,2.01,201301180000
8954,1.24,201301180000
9140,0.59,201301180000
9333,0.73,201301180000
9468,2.38,201301180000
9473,2.14,201301180000
9589,2.49,201301180000
9601,1.95,201301180000
9607,1.45,201301180000
9658,1.86,201301180000
9724,0.94,201301180000
9833,2.19,201301180000
10084,2.74,201301180000
10089,2.83,201301180000
10096,1.57,201301180000
10144,0.87,201301180000
10170,1.77,201301180000
10181,1.49,201301180000
10189,2.64,201301180000
10201,1.85,201301180000
10334,2.42,201301180000
10335,0.75,201301180000
10383,2.82,201301180000
10414,1.64,201301180000
10444,2.68,201301180000
10458,0.51,201301180000
10477,2.25,201301180000
10586,1.65,201301180000
10601,0.81,201301180000
10609,2.35,201301180000
10616,1.18,201301180000
10633,0.98,201301180000
10655,0.75,201301180000
10665,2.91,201301180000
10681,1.08,201301180000
10717,2.71,201301180000
10835,1.11,201301180000
10837,0.86,201301180000
10847,2.14,201301180000
10903,1.95,201301180000
10911,1.79,201301180000
10918,2.82,201301180000
10973,2.91,201301180000
11087,2.64,201301180000
11092,1.84,201301180000
11128,1.28,201301180000
11222,1.46,201301180000
11223,0.88,201301180000
11225,0.54,201301180000
11238,2.14,201301180000
11361,0.61,201301180000
11393,1.82,201301180000
11424,2.9,201301180000
11601,2.33,201301180000
11682,0.82,201301180000
11704,1.8,201301180000
11858,0.98,201301180000
11884,2.95,201301180000
11901,1.27,201301180000
11946,0.79,201301180000
11960,1.96,201301180000
11972,2.46,201301180000
12089,0.59,201301180000
12090,0.97,201301180000
12096,1.25,201301180000
12120,1.28,201301180000
12157,2.75,201301180000
12230,2.8,201301180000
12383,1.23,201301180000
12431,1.69,201301180000
12601,2.78,201301180000
12625,1.67,201301180000
12632,2.92,201301180000
12842,2.93,201301180000
12875,2.99,201301180000
12901,2.36,201301180000
12913,2.61,201301180000
12933,3.0,201301180000
12934,2.9,201301180000
12985,1.81,201301180000
13099,2.12,201301180000
13114,1.12,201301180000
13150,2.43,201301180000
13175,1.2,201301180000
13183,1.38,201301180000
13222,1.37,201301180000
13358,2.86,201301180000
13444,2.86,201301180000
13455,1.58,201301180000
13456,2.4,201301180000
13670,0.55,201301180000
13694,1.67,201301180000
13845,2.59,201301180000
13849,2.42,201301180000
14011,1.94,201301180000
14095,2.99,201301180000
14133,2.51,201301180000
14161,2.21,201301180000
14167,1.08,201301180000
14184,1.31,201301180000
14241,1.17,201301180000
14255,1.22,201301180000
14349,0.92,201301180000
14350,2.04,201301180000
14375,1.47,201301180000
14452,0.61,201301180000
14475,2.84,201301180000
14620,2.76,201301180000
14673,1.8,201301180000
14745,0.89,201301180000
14859,1.82,201301180000
14936,2.86,201301180000
14995,2.93,201301180000
15097,2.39,201301180000
15098,1.18,201301180000
15246,2.82,201301180000
15349,2.67,201301180000
15440,2.03,201301180000
15600,2.42,201301180000
15656,1.28,201301180000
15672,0.69,201301180000
15699,0.83,201301180000
15714,1.07,201301180000
15725,0.89,201301180000
15744,2.16,201301180000
15849,1.99,201301180000
15850,0.68,201301180000
15851,1.19,201301180000
15853,0.53,201301180000
15871,0.76,201301180000
16100,2.12,201301180000
16105,1.9,201301180000
16114,0.75,201301180000
16171,1.05,201301180000
16184,2.16,201301180000
16400,1.43,201301180000
16414,2.42,201301180000
16601,1.52,201301180000
16604,2.46,201301180000
16625,1.92,201301180000
16670,1.51,201301180000
16853,1.28,201301180000
16868,1.89,201301180000
16932,1.27,201301180000
17232,0.89,201301180000
17355,0.8,201301180000
17358,2.87,201301180000
17367,1.62,201301180000
17635,1.38,201301180000
17673,1.07,201301180000
17681,1.82,201301180000
17884,1.6,201301180000
17984,1.88,201301180000
18108,2.38,201301180000
18115,2.3,201301180000
18118,2.8,201301180000
18123,2.52,201301180000
18139,2.8,201301180000
18154,1.13,201301180000
18160,1.05,201301180000
18177,0.89,201301180000
18185,0.85,201301180000
18383,2.64,201301180000
18404,2.11,201301180000
18427,1.25,201301180000
18466,2.57,201301180000
18616,1.51,201301180000
18629,2.74,201301180000
18861,0.59,201301180000
18866,1.92,201301180000
18925,2.16,201301180000
19110,0.57,201301180000
19112,1.11,201301180000
19114,1.76,201301180000
19122,1.92,201301180000
19360,0.83,201301180000
19443,1.15,201301180000
19481,0.91,201301180000
19611,1.77,201301180000
19612,0.77,201301180000
19618,2.46,201301180000
19633,2.59,201301180000
19678,0.72,201301180000
19878,2.54,201301180000
19913,2.43,201301180000
20113,2.14,201301180000
20114,1.62,201301180000
20116,1.44,201301180000
20170,2.86,201301180000
20363,0.91,201301180000
20387,2.38,201301180000
20396,0.52,201301180000
20436,1.78,201301180000
20616,2.76,201301180000
20621,1.83,201301180000
20628,1.14,201301180000
20651,2.28,201301180000
20671,0.89,201301180000
20682,2.09,201301180000
20864,2.13,201301180000
20882,1.77,201301180000
20931,1.24,201301180000
20995,1.31,201301180000
21115,0.96,201301180000
21118,1.9,201301180000
21201,1.52,201301180000
21373,1.23,201301180000
21377,1.34,201301180000
21392,1.91,201301180000
21407,2.84,201301180000
21428,2.89,201301180000
21448,0.76,201301180000
21617,1.15,201301180000
21619,1.53,201301180000
21639,0.81,201301180000
21658,1.3,201301180000
21663,1.32,201301180000
21701,1.92,201301180000
21721,1.32,201301180000
21868,0.67,201301180000
21871,1.55,201301180000
21999,1.7,201301180000
22126,1.96,201301180000
22133,1.81,201301180000
22174,1.26,201301180000
22176,1.79,201301180000
22205,1.01,201301180000
22368,1.29,201301180000
22395,0.51,201301180000
22419,1.68,201301180000
22420,2.57,201301180000
22421,0.84,201301180000
22422,1.09,201301180000
22619,2.32,201301180000
22630,0.79,201301180000
22634,0.63,201301180000
22671,1.73,201301180000
22673,0.82,201301180000
22700,1.54,201301180000
22751,2.3,201301180000
22768,2.75,201301180000
22869,0.83,201301180000
22877,1.23,201301180000
22928,2.29,201301180000
22940,2.87,201301180000
22955,1.06,201301180000
22963,2.43,201301180000
22966,1.68,201301180000
23120,2.87,201301180000
23124,2.71,201301180000
23125,1.22,201301180000
23131,0.73,201301180000
23138,2.76,201301180000
23169,2.53,201301180000
23194,2.0,201301180000
23216,0.93,201301180000
23370,0.76,201301180000
23371,2.04,201301180000
23379,1.08,201301180000
23386,1.97,201301180000
23388,0.88,201301180000
23427,0.7,201301180000
23621,2.64,201301180000
23627,1.65,201301180000
23635,2.6,201301180000
23641,0.52,201301180000
23662,0.65,201301180000
23669,2.46,201301180000
23690,2.98,201301180000
23744,2.06,201301180000
23750,1.55,201301180000
23872,2.64,201301180000
23873,1.58,201301180000
23875,2.08,201301180000
23881,0.99,201301180000
23894,2.44,201301180000
23896,0.58,201301180000
23907,0.79,201301180000
23925,0.9,201301180000
23973,2.58,201301180000
24005,1.57,201301180000
24009,2.86,201301180000
24032,0.74,201301180000
24122,0.97,201301180000
24123,2.33,201301180000
24149,1.35,201301180000
24247,0.83,201301180000
24251,2.71,201301180000
24265,1.86,201301180000
24266,0.84,201301180000
24373,2.02,201301180000
24374,0.73,201301180000
24380,2.72,201301180000
24381,1.39,201301180000
24383,2.96,201301180000
24387,1.38,201301180000
24402,0.78,201301180000
24405,0.74,201301180000
24423,1.77,201301180000
24623,0.66,201301180000
24626,0.94,201301180000
24643,1.64,201301180000
24732,2.79,201301180000
24734,1.47,201301180000
24739,0.94,201301180000
24774,1.24,201301180000
24775,1.98,201301180000
24781,2.85,201301180000
24837,2.43,201301180000
24874,0.89,201301180000
24877,1.02,201301180000
24879,1.34,201301180000
24880,1.53,201301180000
24895,2.95,201301180000
24920,2.07,201301180000
24990,1.9,201301180000
24991,2.69,201301180000
24993,2.27,201301180000
25124,2.36,201301180000
25125,0.63,201301180000
25126,1.68,201301180000
25129,2.12,201301180000
25130,1.1,201301180000
25132,1.7,201301180000
25136,2.51,201301180000
25138,1.9,201301180000
25141,1.05,201301180000
25179,0.71,201301180000
25187,0.88,201301180000
25375,0.52,201301180000
25376,2.31,201301180000
25377,0.73,201301180000
25379,2.64,201301180000
25385,1.94,201301180000
25395,1.43,201301180000
25400,1.17,201301180000
25405,2.24,201301180000
25412,0.56,201301180000
25427,2.53,201301180000
25626,2.61,201301180000
25627,2.42,201301180000
25628,2.14,201301180000
25629,1.9,201301180000
25632,0.93,201301180000
25633,0.91,201301180000
25642,2.85,201301180000
25715,1.03,201301180000
25747,2.84,201301180000
25763,0.99,201301180000
25876,0.67,201301180000
25877,2.43,201301180000
25878,1.56,201301180000
25881,2.41,201301180000
25882,2.54,201301180000
25886,1.18,201301180000
25888,2.98,201301180000
25926,0.78,201301180000
25997,0.7,201301180000
26005,2.21,201301180000
26035,1.64,201301180000
26127,1.72,201301180000
26129,0.86,201301180000
26130,2.97,201301180000
26133,1.09,201301180000
26135,1.61,201301180000
26136,0.85,201301180000
26138,2.18,201301180000
26139,0.68,201301180000
26141,2.46,201301180000
26148,0.7,201301180000
26168,1.31,201301180000
26378,1.17,201301180000
26379,1.95,201301180000
26380,0.93,201301180000
26381,2.05,201301180000
26382,2.61,201301180000
26383,0.57,201301180000
26385,0.7,201301180000
26386,0.88,201301180000
26387,0.62,201301180000
26389,2.76,201301180000
26391,0.58,201301180000
26392,1.3,201301180000
26393,2.88,201301180000
26396,0.79,201301180000
26403,0.81,201301180000
26408,1.5,201301180000
26427,0.66,201301180000
26450,1.3,201301180000
26492,2.66,201301180000
26546,0.87,201301180000
26563,1.76,201301180000
26564,2.33,201301180000
26628,2.84,201301180000
26629,0.78,201301180000
26630,2.68,201301180000
26631,2.3,201301180000
26633,1.91,201301180000
26634,2.02,201301180000
26656,1.02,201301180000
26674,1.66,201301180000
26708,2.52,201301180000
26752,1.75,201301180000
26754,1.98,201301180000
26755,2.27,201301180000
26782,0.67,201301180000
26846,1.78,201301180000
26879,1.59,201301180000
26880,1.5,201301180000
26881,0.65,201301180000
26882,1.8,201301180000
26883,2.69,201301180000
26884,1.65,201301180000
26885,2.27,201301180000
26886,1.29,201301180000
26887,0.94,201301180000
26889,1.7,201301180000
26890,0.63,201301180000
26891,2.47,201301180000
26892,0.71,201301180000
26893,1.26,201301180000
26894,2.78,201301180000
26895,2.75,201301180000
26897,0.88,201301180000
26905,2.22,201301180000
26938,2.22,201301180000
26964,2.89,201301180000
27006,2.46,201301180000
27042,1.97,201301180000
27098,0.96,201301180000
27130,2.47,201301180000
27131,1.24,201301180000
27132,1.62,201301180000
27133,0.51,201301180000
27134,0.78,201301180000
27135,1.96,201301180000
27136,1.97,201301180000
27137,1.11,201301180000
27138,2.33,201301180000
27142,2.14,201301180000
27143,2.05,201301180000
27145,2.77,201301180000
27148,1.52,201301180000
27149,2.2,201301180000
27152,1.74,201301180000
27155,2.62,201301180000
27175,2.03,201301180000
27209,2.14,201301180000
27247,2.83,201301180000
27381,2.08,201301180000
27382,2.37,201301180000
27383,2.79,201301180000
27384,2.86,201301180000
27386,2.97,201301180000
27387,2.77,201301180000
27388,2.57,201301180000
27389,0.54,201301180000
27390,2.02,201301180000
27392,2.24,201301180000
27395,2.76,201301180000
27404,1.03,201301180000
27415,2.47,201301180000
27427,2.28,201301180000
27489,1.97,201301180000
27494,1.89,201301180000
27498,2.34,201301180000
27518,1.2,201301180000
27632,0.92,201301180000
27633,2.4,201301180000
27634,2.09,201301180000
27635,1.76,201301180000
27636,2.82,201301180000
27637,1.76,201301180000
27638,2.4,201301180000
27639,2.87,201301180000
27640,1.78,201301180000
27642,1.65,201301180000
27643,1.27,201301180000
27645,1.55,201301180000
27646,1.0,201301180000
27647,1.81,201301180000
27649,0.84,201301180000
27654,1.3,201301180000
27763,1.51,201301180000
27764,2.21,201301180000
27796,0.56,201301180000
27797,1.55,201301180000
27883,2.09,201301180000
27884,2.52,201301180000
27885,1.89,201301180000
27886,2.84,201301180000
27887,0.95,201301180000
27888,0.88,201301180000
27889,2.42,201301180000
27890,2.67,201301180000
27891,2.71,201301180000
27892,0.7,201301180000
27894,2.25,201301180000
27895,1.56,201301180000
27897,0.89,201301180000
27902,2.86,201301180000
27908,1.25,201301180000
27911,2.19,201301180000
27930,2.71,201301180000
27971,2.2,201301180000
28004,0.86,201301180000
28015,0.71,201301180000
28049,0.61,201301180000
28102,2.68,201301180000
28134,2.96,201301180000
28135,2.87,201301180000
28136,1.64,201301180000
28137,2.23,201301180000
28138,1.33,201301180000
28139,1.36,201301180000
28140,0.89,201301180000
28142,1.72,201301180000
28143,2.87,201301180000
28144,1.84,201301180000
28146,2.77,201301180000
28154,1.29,201301180000
28156,1.2,201301180000
28216,2.0,201301180000
28239,1.0,201301180000
28384,1.4,201301180000
28385,1.67,201301180000
28386,2.66,201301180000
28387,1.41,201301180000
28388,1.13,201301180000
28389,1.65,201301180000
28390,1.39,201301180000
28391,2.72,201301180000
28392,1.75,201301180000
28393,1.08,201301180000
28394,0.96,201301180000
28396,0.89,201301180000
28397,2.43,201301180000
28400,1.03,201301180000
28401,0.9,201301180000
28405,1.07,201301180000
28427,1.44,201301180000
28467,1.08,201301180000
28496,2.95,201301180000
28497,2.9,201301180000
28519,2.93,201301180000
28535,2.63,201301180000
28539,1.78,201301180000
28545,1.22,201301180000
28557,1.99,201301180000
28635,2.31,201301180000
28636,0.83,201301180000
28637,0.96,201301180000
28638,1.08,201301180000
28639,0.81,201301180000
28640,2.87,201301180000
28641,2.18,201301180000
28642,1.87,201301180000
28643,0.77,201301180000
28644,2.57,201301180000
28645,2.29,201301180000
28646,1.64,201301180000
28649,1.79,201301180000
28658,2.35,201301180000
28667,1.63,201301180000
28675,2.08,201301180000
28751,1.85,201301180000
28753,2.25,201301180000
28754,2.31,201301180000
28788,0.57,201301180000
28812,1.15,201301180000
28823,1.68,201301180000
28886,2.62,201301180000
28887,1.76,201301180000
28888,2.92,201301180000
28889,2.65,201301180000
28890,1.05,201301180000
28891,2.8,201301180000
28892,2.2,201301180000
28893,2.55,201301180000
28894,2.44,201301180000
28895,2.33,201301180000
28896,1.12,201301180000
28897,2.81,201301180000
28899,2.33,201301180000
28900,2.26,201301180000
28901,2.75,201301180000
28902,2.05,201301180000
28905,2.12,201301180000
28912,1.49,201301180000
28960,1.25,201301180000
28969,2.05,201301180000
29004,2.65,201301180000
29012,1.46,201301180000
29026,2.9,201301180000
29068,0.55,201301180000
29076,1.23,201301180000
29088,2.54,201301180000
29094,1.21,201301180000
29136,1.13,201301180000
29137,1.86,201301180000
29138,2.53,201301180000
29139,2.14,201301180000
29140,2.87,201301180000
29141,1.34,201301180000
29142,2.06,201301180000
29143,1.98,201301180000
29144,2.85,201301180000
29146,2.69,201301180000
29147,0.91,201301180000
29148,1.45,201301180000
29149,2.43,201301180000
29151,1.56,201301180000
29158,1.79,201301180000
29165,0.6,201301180000
29171,2.29,201301180000
29190,1.94,201301180000
29247,1.9,201301180000
29387,2.04,201301180000
29388,2.9,201301180000
29389,1.05,201301180000
29390,0.81,201301180000
29391,1.14,201301180000
29392,2.77,201301180000
29393,2.24,201301180000
29394,0.82,201301180000
29395,1.42,201301180000
29396,2.57,201301180000
29397,1.92,201301180000
29398,1.53,201301180000
29399,2.04,201301180000
29401,0.78,201301180000
29402,0.94,201301180000
29403,2.67,201301180000
29405,1.6,201301180000
29409,2.94,201301180000
29425,1.32,201301180000
29429,0.8,201301180000
29495,2.64,201301180000
29498,1.5,201301180000
29533,2.01,201301180000
29556,1.74,201301180000
29638,1.67,201301180000
29639,0.88,201301180000
29640,1.14,201301180000
29641,2.97,201301180000
29642,0.52,201301180000
29643,2.41,201301180000
29644,2.88,201301180000
29645,1.97,201301180000
29648,2.9,201301180000
29649,2.81,201301180000
29650,2.88,201301180000
29654,2.6,201301180000
29663,2.25,201301180000
29670,0.63,201301180000
29710,0.73,201301180000
29730,0.56,201301180000
29733,2.55,201301180000
29736,2.1,201301180000
29766,2.73,201301180000
29891,0.7,201301180000
29892,2.02,201301180000
29893,2.81,201301180000
29894,2.57,201301180000
29895,1.04,201301180000
29896,0.59,201301180000
29897,0.58,201301180000
29898,1.37,201301180000
29900,2.72,201301180000
29903,0.86,201301180000
29906,2.38,201301180000
29909,2.44,201301180000
29912,1.04,201301180000
29917,1.75,201301180000
29925,0.86,201301180000
29966,1.09,201301180000
30021,2.57,201301180000
30026,1.69,201301180000
30036,2.27,201301180000
30142,1.78,201301180000
30143,2.34,201301180000
30144,2.9,201301180000
30145,2.14,201301180000
30146,0.53,201301180000
30147,0.86,201301180000
30148,1.94,201301180000
30152,2.77,201301180000
30154,1.86,201301180000
30157,2.49,201301180000
30158,0.96,201301180000
30181,2.43,201301180000
30242,2.99,201301180000
30243,0.53,201301180000
30244,2.11,201301180000
30261,0.58,201301180000
30300,2.31,201301180000
30322,2.23,201301180000
30393,2.66,201301180000
30394,1.28,201301180000
30395,0.89,201301180000
30396,1.91,201301180000
30397,2.43,201301180000
30398,1.37,201301180000
30400,0.52,201301180000
30401,2.24,201301180000
30403,2.21,201301180000
30407,2.64,201301180000
30410,1.56,201301180000
30420,2.69,201301180000
30430,0.89,201301180000
30434,2.98,201301180000
30439,1.73,201301180000
30481,1.11,201301180000
30489,1.85,201301180000
30494,1.02,201301180000
30495,1.72,201301180000
30496,2.76,201301180000
30645,0.53,201301180000
30646,1.58,201301180000
30647,1.46,201301180000
30648,0.86,201301180000
30649,0.76,201301180000
30650,1.65,201301180000
30651,1.17,201301180000
30652,1.15,201301180000
30653,2.4,201301180000
30654,0.64,201301180000
30661,2.59,201301180000
30664,1.26,201301180000
30666,0.85,201301180000
30669,1.33,201301180000
30673,2.39,201301180000
30683,0.95,201301180000
30745,2.64,201301180000
30750,2.47,201301180000
30777,2.03,201301180000
30780,1.75,201301180000
30812,1.1,201301180000
30897,0.56,201301180000
30898,1.86,201301180000
30899,0.67,201301180000
30900,0.91,201301180000
30901,2.87,201301180000
30902,2.89,201301180000
30903,2.66,201301180000
30904,0.59,201301180000
30908,2.18,201301180000
30909,2.37,201301180000
30912,2.69,201301180000
30913,1.39,201301180000
30928,2.04,201301180000
30953,1.15,201301180000
30979,1.65,201301180000
30994,2.84,201301180000
30995,2.9,201301180000
31027,1.13,201301180000
31028,1.75,201301180000
31029,0.53,201301180000
31082,2.25,201301180000
31148,1.85,201301180000
31149,1.19,201301180000
31150,2.63,201301180000
31151,1.57,201301180000
31152,1.84,201301180000
31156,1.9,201301180000
31157,0.86,201301180000
31161,2.58,201301180000
31166,2.9,201301180000
31172,2.79,201301180000
31274,2.89,201301180000
31281,2.71,201301180000
31369,1.41,201301180000
31398,2.19,201301180000
31401,1.93,201301180000
31407,1.22,201301180000
31408,1.1,201301180000
31409,1.17,201301180000
31410,2.02,201301180000
31413,2.17,201301180000
31419,0.97,201301180000
31427,1.78,201301180000
31457,2.34,201301180000
31466,2.05,201301180000
31651,0.74,201301180000
31652,1.89,201301180000
31656,1.59,201301180000
31660,0.52,201301180000
31663,1.53,201301180000
31666,0.57,201301180000
31675,2.18,201301180000
31738,1.62,201301180000
31754,2.68,201301180000
31782,0.95,201301180000
31903,2.12,201301180000
31904,2.34,201301180000
31905,2.83,201301180000
31906,1.48,201301180000
31908,2.84,201301180000
31912,2.49,201301180000
31921,1.28,201301180000
31928,2.28,201301180000
31949,0.79,201301180000
32028,2.93,201301180000
32032,1.51,201301180000
32045,2.51,201301180000
32150,1.14,201301180000
32155,1.61,201301180000
32157,2.74,201301180000
32161,2.81,201301180000
32162,2.03,201301180000
32167,2.98,201301180000
32169,2.19,201301180000
32175,1.77,201301180000
32182,0.62,201301180000
32185,2.24,201301180000
32195,2.81,201301180000
32235,2.27,201301180000
32404,0.65,201301180000
32405,1.8,201301180000
32410,2.55,201301180000
32411,1.31,201301180000
32415,1.31,201301180000
32449,2.91,201301180000
32490,0.51,201301180000
32558,2.99,201301180000
32622,2.57,201301180000
32656,2.18,201301180000
32658,2.26,201301180000
32660,1.51,201301180000
32662,1.84,201301180000
32668,2.67,201301180000
32682,0.8,201301180000
32697,2.19,201301180000
32712,2.99,201301180000
32729,2.25,201301180000
32739,0.95,201301180000
32742,2.59,201301180000
32744,2.92,201301180000
32802,2.28,201301180000
32834,2.87,201301180000
32905,1.13,201301180000
32907,0.95,201301180000
32912,0.87,201301180000
32916,2.88,201301180000
32922,0.56,201301180000
32924,2.3,201301180000
32926,2.73,201301180000
32929,2.07,201301180000
32977,1.59,201301180000
32978,0.91,201301180000
33154,2.69,201301180000
33158,1.24,201301180000
33160,1.87,201301180000
33165,2.76,201301180000
33170,0.88,201301180000
33186,1.18,201301180000
33286,2.91,201301180000
33405,1.74,201301180000
33409,1.81,201301180000
33412,0.65,201301180000
33418,2.49,201301180000
33420,1.88,201301180000
33424,1.52,201301180000
33435,1.5,201301180000
33442,1.81,201301180000
33519,1.99,201301180000
33594,2.5,201301180000
33656,2.79,201301180000
33659,2.44,201301180000
33662,2.02,201301180000
33664,2.59,201301180000
33666,1.89,201301180000
33669,2.62,201301180000
33673,2.42,201301180000
33675,1.41,201301180000
33694,2.91,201301180000
33724,1.3,201301180000
33742,0.69,201301180000
33812,0.7,201301180000
33909,1.52,201301180000
33911,2.59,201301180000
33912,1.63,201301180000
33913,1.72,201301180000
33922,0.64,201301180000
33923,1.43,201301180000
33924,1.32,201301180000
33931,2.79,201301180000
33935,0.53,201301180000
33986,1.31,201301180000
34013,2.44,201301180000
34160,2.14,201301180000
34161,1.64,201301180000
34162,2.61,201301180000
34163,1.14,201301180000
34167,2.08,201301180000
34190,2.78,201301180000
34211,1.72,201301180000
34303,1.81,201301180000
34380,1.03,201301180000
34407,1.98,201301180000
34413,2.03,201301180000
34423,0.67,201301180000
34424,0.71,201301180000
34427,2.25,201301180000
34430,1.47,201301180000
34437,1.97,201301180000
34440,0.66,201301180000
34486,2.1,201301180000
34495,0.89,201301180000
34510,1.29,201301180000
34520,1.28,201301180000
34528,1.08,201301180000
34563,2.56,201301180000
34662,2.52,201301180000
34667,2.24,201301180000
34668,2.57,201301180000
34670,1.77,201301180000
34672,1.56,201301180000
34673,2.34,201301180000
34676,0.79,201301180000
34679,1.49,201301180000
34682,2.01,201301180000
34695,2.63,201301180000
34710,2.12,201301180000
34714,1.27,201301180000
34720,2.23,201301180000
34882,2.34,201301180000
34913,2.59,201301180000
34914,2.6,201301180000
34915,2.32,201301180000
34924,1.35,201301180000
34925,0.98,201301180000
34934,0.63,201301180000
34939,0.86,201301180000
34959,1.82,201301180000
34990,1.16,201301180000
35102,1.19,201301180000
35164,2.79,201301180000
35166,1.77,201301180000
35173,1.05,201301180000
35178,2.24,201301180000
35183,2.25,201301180000
35185,1.23,201301180000
35187,1.78,201301180000
35193,0.93,201301180000
35203,1.05,201301180000
35218,1.08,201301180000
35237,1.55,201301180000
35244,1.6,201301180000
35249,1.94,201301180000
35295,1.55,201301180000
35368,2.67,201301180000
35410,0.85,201301180000
35414,0.81,201301180000
35415,2.87,201301180000
35417,2.46,201301180000
35421,1.13,201301180000
35440,2.54,201301180000
35455,0.7,201301180000
35492,1.16,201301180000
35515,2.18,201301180000
35665,1.41,201301180000
35675,2.81,201301180000
35683,1.85,201301180000
35686,1.03,201301180000
35700,0.68,201301180000
35745,1.32,201301180000
35755,1.35,201301180000
35769,0.54,201301180000
35916,2.16,201301180000
35917,2.49,201301180000
35918,1.73,201301180000
35919,1.1,201301180000
35921,1.43,201301180000
35929,1.52,201301180000
35931,1.07,201301180000
35941,2.09,201301180000
35944,0.51,201301180000
35971,1.94,201301180000
35981,2.32,201301180000
35992,1.62,201301180000
35994,2.52,201301180000
36067,1.2,201301180000
36162,0.76,201301180000
36167,1.57,201301180000
36169,2.94,201301180000
36170,1.7,201301180000
36173,2.56,201301180000
36176,1.1,201301180000
36177,0.84,201301180000
36205,2.62,201301180000
36237,2.35,201301180000
36245,2.05,201301180000
36246,2.25,201301180000
36293,2.45,201301180000
36311,2.95,201301180000
36417,2.76,201301180000
36420,1.52,201301180000
36421,1.98,201301180000
36441,1.94,201301180000
36448,1.51,201301180000
36494,2.18,201301180000
36498,0.55,201301180000
36502,2.25,201301180000
36510,1.58,201301180000
36513,1.32,201301180000
36519,2.04,201301180000
36524,2.73,201301180000
36576,1.82,201301180000
36668,2.95,201301180000
36673,2.47,201301180000
36675,2.71,201301180000
36677,2.7,201301180000
36679,2.71,201301180000
36682,2.72,201301180000
36688,1.22,201301180000
36690,0.96,201301180000
36711,2.03,201301180000
36717,0.68,201301180000
36758,1.63,201301180000
36889,2.32,201301180000
36915,2.75,201301180000
36918,1.24,201301180000
36933,2.47,201301180000
36934,0.66,201301180000
36953,1.07,201301180000
36959,1.97,201301180000
36996,2.17,201301180000
36999,0.6,201301180000
37001,2.94,201301180000
37167,1.16,201301180000
37168,1.21,201301180000
37169,2.24,201301180000
37172,0.9,201301180000
37176,2.87,201301180000
37178,1.25,201301180000
37179,0.5,201301180000
37182,2.15,201301180000
37192,2.66,201301180000
37200,1.93,201301180000
37206,1.22,201301180000
37232,2.72,201301180000
37239,1.07,201301180000
37270,0.68,201301180000
37298,2.47,201301180000
37304,2.42,201301180000
37419,0.79,201301180000
37421,2.14,201301180000
37423,1.08,201301180000
37425,0.54,201301180000
37446,1.89,201301180000
37454,2.23,201301180000
37477,1.39,201301180000
37487,0.77,201301180000
37501,1.06,201301180000
37503,1.61,201301180000
37513,1.09,201301180000
37523,1.21,201301180000
37562,1.2,201301180000
37609,2.12,201301180000
37642,0.57,201301180000
37643,1.1,201301180000
37670,1.24,201301180000
37671,2.03,201301180000
37672,2.29,201301180000
37676,1.47,201301180000
37688,0.51,201301180000
37689,2.48,201301180000
37690,1.64,201301180000
37695,0.55,201301180000
37701,0.84,201301180000
37710,2.43,201301180000
37711,0.69,201301180000
37754,2.33,201301180000
37874,1.45,201301180000
37891,2.75,201301180000
37893,1.49,201301180000
37894,1.99,201301180000
37926,2.09,201301180000
37928,0.64,201301180000
37929,2.28,201301180000
37932,1.85,201301180000
37936,2.29,201301180000
37943,2.04,201301180000
37952,2.77,201301180000
37962,1.0,201301180000
37968,0.8,201301180000
38003,2.47,201301180000
38060,1.52,201301180000
38145,0.51,201301180000
38172,0.68,201301180000
38173,2.51,201301180000
38178,2.04,201301180000
38200,1.38,201301180000
38204,2.43,201301180000
38209,2.41,201301180000
38215,1.26,201301180000
38220,1.58,201301180000
38225,0.72,201301180000
38228,1.89,201301180000
38230,1.14,201301180000
38243,1.29,201301180000
38247,2.25,201301180000
38255,2.6,201301180000
38263,1.83,201301180000
38268,2.3,201301180000
38272,2.34,201301180000
38367,2.41,201301180000
38381,2.97,201301180000
38423,2.71,201301180000
38425,0.57,201301180000
38426,1.1,201301180000
38431,2.24,201301180000
38440,2.97,201301180000
38479,1.39,201301180000
38481,1.06,201301180000
38483,1.76,201301180000
38488,0.96,201301180000
38490,2.72,201301180000
38498,2.05,201301180000
38499,1.84,201301180000
38500,2.35,201301180000
38505,1.91,201301180000
38506,2.45,201301180000
38508,2.14,201301180000
38517,0.71,201301180000
38534,2.4,201301180000
38648,1.86,201301180000
38674,1.16,201301180000
38676,2.35,201301180000
38679,1.67,201301180000
38684,0.93,201301180000
38693,1.91,201301180000
38697,1.7,201301180000
38716,2.85,201301180000
38722,0.58,201301180000
38736,2.94,201301180000
38738,2.26,201301180000
38752,0.66,201301180000
38753,0.81,201301180000
38758,1.19,201301180000
38760,1.85,201301180000
38761,1.04,201301180000
38762,2.92,201301180000
38766,0.98,201301180000
38769,0.68,201301180000
38778,0.99,201301180000
38812,1.73,201301180000
38939,1.8,201301180000
38953,1.73,201301180000
38958,0.76,201301180000
38967,0.87,201301180000
39006,2.27,201301180000
39008,2.8,201301180000
39010,1.14,201301180000
39011,2.36,201301180000
39017,1.36,201301180000
39113,1.13,201301180000
39148,2.49,201301180000
39149,1.3,201301180000
39176,2.52,201301180000
39178,1.53,201301180000
39191,2.23,201301180000
39201,1.23,201301180000
39230,1.18,201301180000
39236,2.03,201301180000
39246,0.71,201301180000
39252,2.2,201301180000
39255,0.6,201301180000
39260,1.96,201301180000
39262,0.71,201301180000
39263,0.51,201301180000
39268,1.48,201301180000
39269,2.84,201301180000
39271,2.45,201301180000
39274,2.66,201301180000
39275,2.96,201301180000
39375,2.43,201301180000
39391,2.24,201301180000
39427,1.57,201301180000
39428,1.73,201301180000
39430,1.38,201301180000
39433,0.71,201301180000
39446,2.94,201301180000
39457,1.98,201301180000
39514,1.6,201301180000
39515,1.51,201301180000
39516,0.83,201301180000
39517,1.59,201301180000
39535,0.7,201301180000
39554,1.05,201301180000
39559,0.66,201301180000
39631,2.8,201301180000
39632,1.54,201301180000
39633,1.18,201301180000
39652,1.1,201301180000
39683,2.45,201301180000
39687,2.21,201301180000
39706,2.98,201301180000
39710,0.79,201301180000
39722,1.24,201301180000
39731,2.21,201301180000
39750,1.9,201301180000
39755,2.06,201301180000
39759,0.56,201301180000
39762,1.9,201301180000
39764,0.78,201301180000
39765,0.52,201301180000
39766,1.99,201301180000
39767,0.87,201301180000
39769,1.85,201301180000
39772,1.84,201301180000
39776,0.71,201301180000
39777,1.98,201301180000
39790,2.0,201301180000
39791,1.52,201301180000
39796,1.91,201301180000
39832,0.86,201301180000
39883,2.19,201301180000
39930,0.74,201301180000
39932,1.0,201301180000
39941,0.7,201301180000
39948,0.93,201301180000
39969,0.91,201301180000
40018,0.65,201301180000
40031,2.48,201301180000
40133,1.66,201301180000
40180,1.49,201301180000
40188,1.38,201301180000
40196,1.28,201301180000
40242,2.28,201301180000
40246,1.78,201301180000
40259,2.12,201301180000
40264,0.93,201301180000
40267,2.1,201301180000
40268,0.65,201301180000
40270,1.59,201301180000
40276,2.58,201301180000
40286,2.05,201301180000
40295,1.38,201301180000
40431,2.95,201301180000
40432,1.57,201301180000
40442,1.8,201301180000
40447,1.7,201301180000
40448,1.05,201301180000
40451,2.15,201301180000
40457,2.11,201301180000
40500,1.26,201301180000
40512,2.92,201301180000
40518,2.57,201301180000
40519,2.59,201301180000
40522,1.66,201301180000
40524,2.08,201301180000
40525,2.01,201301180000
40532,0.68,201301180000
40560,1.49,201301180000
40566,2.22,201301180000
40633,2.57,201301180000
40687,2.32,201301180000
40713,2.65,201301180000
40719,1.69,201301180000
40732,2.24,201301180000
40733,1.42,201301180000
40766,2.32,201301180000
40810,1.79,201301180000
40894,0.69,201301180000
40933,2.98,201301180000
40936,0.63,201301180000
40939,2.33,201301180000
40954,1.83,201301180000
40982,2.71,201301180000
41021,2.92,201301180000
41024,1.96,201301180000
41061,2.31,201301180000
41145,1.34,201301180000
41157,1.86,201301180000
41183,1.86,201301180000
41200,2.86,201301180000
41262,1.39,201301180000
41265,1.15,201301180000
41270,2.3,201301180000
41277,0.56,201301180000
41318,2.48,201301180000
41401,0.74,201301180000
41407,1.03,201301180000
41437,1.99,201301180000
41459,0.71,201301180000
41465,1.02,201301180000
41469,1.88,201301180000
41508,2.24,201301180000
41520,1.52,201301180000
41522,1.79,201301180000
41526,2.48,201301180000
41532,2.28,201301180000
41558,0.57,201301180000
41635,1.28,201301180000
41653,2.77,201301180000
41658,2.69,201301180000
41692,2.82,201301180000
41696,2.1,201301180000
41764,2.77,201301180000
41772,1.66,201301180000
41893,2.83,201301180000
41904,0.98,201301180000
41905,0.56,201301180000
41936,0.73,201301180000
41941,1.66,201301180000
41958,1.9,201301180000
41990,2.74,201301180000
42023,1.0,201301180000
42026,2.21,201301180000
42029,2.94,201301180000
42074,1.38,201301180000
42085,1.31,201301180000
42095,1.05,201301180000
42147,1.48,201301180000
42160,0.96,201301180000
42200,0.57,201301180000
42213,2.32,201301180000
42267,1.03,201301180000
42271,1.41,201301180000
42274,1.93,201301180000
42283,0.68,201301180000
42291,1.1,201301180000
42342,2.46,201301180000
42411,0.91,201301180000
42438,1.8,201301180000
42454,1.01,201301180000
42471,2.58,201301180000
42478,0.55,201301180000
42487,2.31,201301180000
42503,1.37,201301180000
42514,2.7,201301180000
42521,1.14,201301180000
42533,1.87,201301180000
42644,0.62,201301180000
42661,1.66,201301180000
42695,1.71,201301180000
42744,1.03,201301180000
42750,1.83,201301180000
42846,2.45,201301180000
42905,1.3,201301180000
42912,0.75,201301180000
42939,1.18,201301180000
42940,2.1,201301180000
42944,1.02,201301180000
42949,2.33,201301180000
43011,1.01,201301180000
43021,2.74,201301180000
43030,1.51,201301180000
43151,1.16,201301180000
43160,2.57,201301180000
43162,1.81,201301180000
43213,1.63,201301180000
43220,2.29,201301180000
43261,1.69,201301180000
43412,2.16,201301180000
43413,2.41,201301180000
43440,0.75,201301180000
43443,2.11,201301180000
43449,1.12,201301180000
43483,1.85,201301180000
43484,2.24,201301180000
43494,2.16,201301180000
43518,2.05,201301180000
43523,1.88,201301180000
43526,0.9,201301180000
43530,2.93,201301180000
43571,2.52,201301180000
43642,2.39,201301180000
43662,1.46,201301180000
43738,0.67,201301180000
43760,0.93,201301180000
43779,0.93,201301180000
43914,2.45,201301180000
43957,2.24,201301180000
43980,1.37,201301180000
43984,0.69,201301180000
43992,1.04,201301180000
43995,1.58,201301180000
44002,1.0,201301180000
44039,0.65,201301180000
44194,1.52,201301180000
44197,1.73,201301180000
44204,1.89,201301180000
44215,1.52,201301180000
44226,1.29,201301180000
44247,2.12,201301180000
44255,1.03,201301180000
44282,1.07,201301180000
44284,0.96,201301180000
44356,2.18,201301180000
44470,2.76,201301180000
44486,2.87,201301180000
44503,2.54,201301180000
44504,2.22,201301180000
44510,1.99,201301180000
44517,0.65,201301180000
44534,1.64,201301180000
44578,2.83,201301180000
44666,1.81,201301180000
44694,1.6,201301180000
44697,1.09,201301180000
44716,2.3,201301180000
44724,2.88,201301180000
44743,1.23,201301180000
44755,0.53,201301180000
44756,1.33,201301180000
44757,0.72,201301180000
44758,1.83,201301180000
44786,2.97,201301180000
44787,2.47,201301180000
44911,2.3,201301180000
44963,2.02,201301180000
45005,1.08,201301180000
45006,2.03,201301180000
45007,0.7,201301180000
45008,2.3,201301180000
45039,2.81,201301180000
45114,2.88,201301180000
45168,0.92,201301180000
45200,0.87,201301180000
45203,2.99,201301180000
45208,2.07,201301180000
45237,0.65,201301180000
45254,2.23,201301180000
45256,1.34,201301180000
45258,1.35,201301180000
45261,0.53,201301180000
45265,1.59,201301180000
45266,2.36,201301180000
45401,1.42,201301180000
45479,0.62,201301180000
45502,0.77,201301180000
45507,0.51,201301180000
45509,2.07,201301180000
45526,0.98,201301180000
45538,0.97,201301180000
45582,1.61,201301180000
45661,1.93,201301180000
45701,1.83,201301180000
45703,2.22,201301180000
45716,2.18,201301180000
45720,2.82,201301180000
45725,1.93,201301180000
45735,1.86,201301180000
45747,1.86,201301180000
45766,1.98,201301180000
45793,1.31,201301180000
45795,0.86,201301180000
45919,1.98,201301180000
45948,0.65,201301180000
46008,1.54,201301180000
46036,2.21,201301180000
46041,0.84,201301180000
46052,1.03,201301180000
46074,2.55,201301180000
46145,2.71,201301180000
46202,1.26,201301180000
46209,2.94,201301180000
46242,1.05,201301180000
46265,1.3,201301180000
46372,1.61,201301180000
46384,1.94,201301180000
46455,1.78,201301180000
46508,2.66,201301180000
46523,0.6,201301180000
46538,1.94,201301180000
46565,1.99,201301180000
46574,0.61,201301180000
46626,1.95,201301180000
46700,0.96,201301180000
46738,2.11,201301180000
46770,2.38,201301180000
46778,0.88,201301180000
46787,1.22,201301180000
46803,2.96,201301180000
46954,0.71,201301180000
46964,1.06,201301180000
46972,2.4,201301180000
46976,1.06,201301180000
46981,2.11,201301180000
47011,0.61,201301180000
47015,2.44,201301180000
47047,1.82,201301180000
47253,1.09,201301180000
47288,0.77,201301180000
47295,1.23,201301180000
47342,2.09,201301180000
47454,0.62,201301180000
47535,1.36,201301180000
47543,2.64,201301180000
47705,0.84,201301180000
47709,2.16,201301180000
47711,0.91,201301180000
47758,1.13,201301180000
47806,1.09,201301180000
47889,1.96,201301180000
47926,2.42,201301180000
47968,0.92,201301180000
47972,1.43,201301180000
47977,0.59,201301180000
47982,0.56,201301180000
48032,2.22,201301180000
48209,2.62,201301180000
48239,1.85,201301180000
48244,0.87,201301180000
48278,2.45,201301180000
48420,2.65,201301180000
48427,2.3,201301180000
48499,1.55,201301180000
48503,1.02,201301180000
48552,2.44,201301180000
48584,1.41,201301180000
48713,2.94,201301180000
48759,1.53,201301180000
48848,1.81,201301180000
48898,0.59,201301180000
49017,0.97,201301180000
49049,1.6,201301180000
49229,2.36,201301180000
49241,1.24,201301180000
49472,2.47,201301180000
49483,2.4,201301180000
49542,2.89,201301180000
49555,1.03,201301180000
49679,2.86,201301180000
49750,2.91,201301180000
49760,0.85,201301180000
49777,1.89,201301180000
49968,2.49,201301180000
50053,1.32,201301180000
50103,2.22,201301180000
50180,2.53,201301180000
50285,2.01,201301180000
50430,2.37,201301180000
50470,2.66,201301180000
50494,1.37,201301180000
50511,2.77,201301180000
50549,1.49,201301180000
50680,0.67,201301180000
50682,2.65,201301180000
50731,2.98,201301180000
50812,2.83,201301180000
50872,0.74,201301180000
51029,1.71,201301180000
51046,1.99,201301180000
51053,1.24,201301180000
51056,2.44,201301180000
51162,2.88,201301180000
51177,2.44,201301180000
51182,0.54,201301180000
51228,0.51,201301180000
51258,2.62,201301180000
51430,2.59,201301180000
51431,2.7,201301180000
51432,2.87,201301180000
51520,1.65,201301180000
51681,2.85,201301180000
51682,1.95,201301180000
51725,2.64,201301180000
51790,2.65,201301180000
51832,1.24,201301180000
51857,2.95,201301180000
51931,1.49,201301180000
51932,2.72,201301180000
51986,2.41,201301180000
52003,1.81,201301180000
52182,0.78,201301180000
52244,0.69,201301180000
52259,0.75,201301180000
52280,2.53,201301180000
52319,0.67,201301180000
52473,0.87,201301180000
52518,1.25,201301180000
52631,0.86,201301180000
52679,1.46,201301180000
52729,2.22,201301180000
52811,1.7,201301180000
52983,0.6,201301180000
52988,2.64,201301180000
52993,0.86,201301180000
53000,2.98,201301180000
53016,2.05,201301180000
53027,1.14,201301180000
53072,1.14,201301180000
53090,2.31,201301180000
53177,1.68,201301180000
53178,0.53,201301180000
53381,0.61,201301180000
53427,2.33,201301180000
53429,2.85,201301180000
53761,1.68,201301180000
53774,2.08,201301180000
53797,1.64,201301180000
53810,1.8,201301180000
53822,1.5,201301180000
53864,1.2,201301180000
53927,2.2,201301180000
54038,1.33,201301180000
54071,2.19,201301180000
54234,1.84,201301180000
54281,0.88,201301180000
54284,1.31,201301180000
54327,1.33,201301180000
54334,1.03,201301180000
54349,1.42,201301180000
54427,1.3,201301180000
54503,0.82,201301180000
54510,2.22,201301180000
54520,0.97,201301180000
54550,1.77,201301180000
54578,2.25,201301180000
54678,1.58,201301180000
54828,0.81,201301180000
54983,0.84,201301180000
54996,0.97,201301180000
55070,0.58,201301180000
55329,1.23,201301180000
55331,1.64,201301180000
55535,2.27,201301180000
55633,1.71,201301180000
55680,1.91,201301180000
55761,0.67,201301180000
55831,2.75,201301180000
55832,1.52,201301180000
55838,0.83,201301180000
55845,1.33,201301180000
56106,2.83,201301180000
56493,2.75,201301180000
56571,2.3,201301180000
56586,2.74,201301180000
56587,2.27,201301180000
56591,2.68,201301180000
56738,2.69,201301180000
56835,1.14,201301180000
56882,2.75,201301180000
56887,2.66,201301180000
56888,1.83,201301180000
56933,2.4,201301180000
56934,1.94,201301180000
57042,0.77,201301180000
57062,0.93,201301180000
57189,1.36,201301180000
57261,0.71,201301180000
57329,2.06,201301180000
57342,0.69,201301180000
57376,1.55,201301180000
57378,2.49,201301180000
57380,2.7,201301180000
57397,2.6,201301180000
57440,2.73,201301180000
57495,1.1,201301180000
57523,1.08,201301180000
57555,2.94,201301180000
57597,3.0,201301180000
57613,1.2,201301180000
57615,1.44,201301180000
57628,1.96,201301180000
57631,2.04,201301180000
57823,1.16,201301180000
57837,1.58,201301180000
57851,0.71,201301180000
57852,2.5,201301180000
57906,0.99,201301180000
58179,2.1,201301180000
58251,2.58,201301180000
58421,2.55,201301180000
58511,1.27,201301180000
58632,2.03,201301180000
58744,2.15,201301180000
58802,2.97,201301180000
58814,2.12,201301180000
58879,2.78,201301180000
58892,0.64,201301180000
59010,2.66,201301180000
59043,1.25,201301180000
59104,2.17,201301180000
59125,1.07,201301180000
59134,1.66,201301180000
59285,2.69,201301180000
59329,1.09,201301180000
59555,2.75,201301180000
59635,2.3,201301180000
59745,2.62,201301180000
59927,0.6,201301180000
59941,1.21,201301180000
60008,2.66,201301180000
60011,0.63,201301180000
60114,2.54,201301180000
60141,0.68,201301180000
60147,2.2,201301180000
60331,2.51,201301180000
60344,1.17,201301180000
60350,1.79,201301180000
60578,2.95,201301180000
60593,1.85,201301180000
60613,1.08,201301180000
60630,1.33,201301180000
60635,2.14,201301180000
60649,2.2,201301180000
60750,0.98,201301180000
60774,1.53,201301180000
60819,2.46,201301180000
60880,1.29,201301180000
60888,1.81,201301180000
61062,2.08,201301180000
61110,1.43,201301180000
61263,0.77,201301180000
61343,1.68,201301180000
61591,2.96,201301180000
61597,2.29,201301180000
61654,1.26,201301180000
61818,0.55,201301180000
62077,1.5,201301180000
62104,2.12,201301180000
62135,1.2,201301180000
62140,1.57,201301180000
62252,2.9,201301180000
62558,1.58,201301180000
62589,0.88,201301180000
62757,1.23,201301180000
62772,1.39,201301180000
62850,1.51,201301180000
62926,1.18,201301180000
62948,0.7,201301180000
63044,2.91,201301180000
63153,1.59,201301180000
63383,2.06,201301180000
63397,0.55,201301180000
63398,1.55,201301180000
63407,1.12,201301180000
63574,2.25,201301180000
63586,0.64,201301180000
63816,1.0,201301180000
64102,1.36,201301180000
64150,2.59,201301180000
64200,0.74,201301180000
64515,2.31,201301180000
64529,2.07,201301180000
64573,0.91,201301180000
64581,2.61,201301180000
64815,0.65,201301180000
64915,2.76,201301180000
65059,0.52,201301180000
65144,1.78,201301180000
65320,0.72,201301180000
65375,2.03,201301180000
65454,0.78,201301180000
65528,1.2,201301180000
65607,2.03,201301180000
65774,1.6,201301180000
65838,1.51,201301180000
66068,2.9,201301180000
66084,1.96,201301180000
66151,0.73,201301180000
66353,1.09,201301180000
66538,0.83,201301180000
66575,2.03,201301180000
66637,2.49,201301180000
66827,1.35,201301180000
66870,2.32,201301180000
67110,1.75,201301180000
67207,2.0,201301180000
67335,2.47,201301180000
67385,2.16,201301180000
67599,1.81,201301180000
67601,1.21,201301180000
67602,2.72,201301180000
67698,0.62,201301180000
67824,1.47,201301180000
67842,1.75,201301180000
67854,2.61,201301180000
67855,1.54,201301180000
67918,1.6,201301180000
68103,1.86,201301180000
68104,2.91,201301180000
68110,2.11,201301180000
68111,1.65,201301180000
68349,2.81,201301180000
68354,1.92,201301180000
68356,2.94,201301180000
68454,2.45,201301180000
68455,1.66,201301180000
68587,2.43,201301180000
68857,2.29,201301180000
68858,1.07,201301180000
68897,2.23,201301180000
68924,1.93,201301180000
68930,1.46,201301180000
69106,1.48,201301180000
69190,1.91,201301180000
69206,2.25,201301180000
69359,1.45,201301180000
69371,1.4,201301180000
69455,0.81,201301180000
69582,1.55,201301180000
69613,2.24,201301180000
69676,1.5,201301180000
70115,1.86,201301180000
70132,2.71,201301180000
70181,2.66,201301180000
70342,0.98,201301180000
70352,2.91,201301180000
70360,1.26,201301180000
70374,0.5,201301180000
70440,2.36,201301180000
70462,1.51,201301180000
70619,0.9,201301180000
70659,0.9,201301180000
70715,2.06,201301180000
70903,1.63,201301180000
70934,0.69,201301180000
70961,2.4,201301180000
71122,0.7,201301180000
71187,1.79,201301180000
71399,2.83,201301180000
71601,2.35,201301180000
71629,2.59,201301180000
71888,1.2,201301180000
71961,1.79,201301180000
71964,1.35,201301180000
72201,2.98,201301180000
72218,2.12,201301180000
72345,0.82,201301180000
72367,1.7,201301180000
72407,1.85,201301180000
72416,1.04,201301180000
72706,2.9,201301180000
72894,0.88,201301180000
73104,2.66,201301180000
73135,2.53,201301180000
73211,2.62,201301180000
73223,0.66,201301180000
73451,1.79,201301180000
73460,1.92,201301180000
73461,0.59,201301180000
73557,2.29,201301180000
73669,2.74,201301180000
74158,1.2,201301180000
74216,1.08,201301180000
74388,0.92,201301180000
74396,2.64,201301180000
74466,2.75,201301180000
74467,1.52,201301180000
74638,2.38,201301180000
74677,0.7,201301180000
74678,2.44,201301180000
74711,0.59,201301180000
74721,2.8,201301180000
74962,1.34,201301180000
74968,1.6,201301180000
74973,1.74,201301180000
75224,1.83,201301180000
75329,2.81,201301180000
75386,2.51,201301180000
75424,2.86,201301180000
75436,2.38,201301180000
75475,0.78,201301180000
75619,1.55,201301180000
75721,1.02,201301180000
75722,2.54,201301180000
75724,1.84,201301180000
75725,2.07,201301180000
75726,2.89,201301180000
75727,2.63,201301180000
75974,2.95,201301180000
75975,0.82,201301180000
76133,1.71,201301180000
76227,0.89,201301180000
76393,1.23,201301180000
76473,2.9,201301180000
76477,0.61,201301180000
76654,2.33,201301180000
76728,1.88,201301180000
76959,2.17,201301180000
77169,2.05,201301180000
77230,2.78,201301180000
77381,2.91,201301180000
77458,1.05,201301180000
77641,1.25,201301180000
77942,1.08,201301180000
77981,0.73,201301180000
78205,1.19,201301180000
78418,0.87,201301180000
78654,0.86,201301180000
78733,2.04,201301180000
78881,1.27,201301180000
78896,2.13,201301180000
78909,1.99,201301180000
78983,2.73,201301180000
79234,2.82,201301180000
79379,0.63,201301180000
79394,0.79,201301180000
79484,2.44,201301180000
79712,0.65,201301180000
79911,2.05,201301180000
79915,1.26,201301180000
80160,2.33,201301180000
80161,2.35,201301180000
80193,0.63,201301180000
80352,2.54,201301180000
80397,2.4,201301180000
80406,0.71,201301180000
80411,1.56,201301180000
80412,1.49,201301180000
80413,1.4,201301180000
80420,2.67,201301180000
80485,2.99,201301180000
80635,1.2,201301180000
80659,2.81,201301180000
80663,2.74,201301180000
80664,1.29,201301180000
80703,2.55,201301180000
80877,2.49,201301180000
80916,1.96,201301180000
81163,2.09,201301180000
81164,2.09,201301180000
81354,0.87,201301180000
81363,1.07,201301180000
81390,1.96,201301180000
81625,1.49,201301180000
81651,0.98,201301180000
81899,0.51,201301180000
82135,1.95,201301180000
82168,1.13,201301180000
82169,2.59,201301180000
82237,2.54,201301180000
82613,1.88,201301180000
82622,2.2,201301180000
82664,0.61,201301180000
82892,2.35,201301180000
82951,2.28,201301180000
83410,1.07,201301180000
83489,1.24,201301180000
83735,1.51,201301180000
83865,1.35,201301180000
84123,2.6,201301180000
84179,1.05,201301180000
84207,0.85,201301180000
84212,0.51,201301180000
84221,2.45,201301180000
84366,0.57,201301180000
84689,1.34,201301180000
84712,1.94,201301180000
84902,2.05,201301180000
85474,2.74,201301180000
85487,2.9,201301180000
85620,0.6,201301180000
85705,2.71,201301180000
85715,2.95,201301180000
85738,0.94,201301180000
86440,2.04,201301180000
86622,2.85,201301180000
86623,1.27,201301180000
86672,0.84,201301180000
86873,2.3,201301180000
86895,0.91,201301180000
87121,2.08,201301180000
87227,1.68,201301180000
87460,1.09,201301180000
87690,2.22,201301180000
87873,2.05,201301180000
88242,0.99,201301180000
88463,1.03,201301180000
89120,2.48,201301180000
89152,2.07,201301180000
89175,2.46,201301180000
89198,1.91,201301180000
89615,0.96,201301180000
89625,2.9,201301180000
90116,2.58,201301180000
90183,1.32,201301180000
90497,2.98,201301180000
90699,2.81,201301180000
90719,1.17,201301180000
91200,1.76,201301180000
91432,3.0,201301180000
91434,0.68,201301180000
91684,1.53,201301180000
91713,2.77,201301180000
91744,2.48,201301180000
92233,1.43,201301180000
93205,1.59,201301180000
93244,1.35,201301180000
93252,2.38,201301180000
93463,1.01,201301180000
93675,1.88,201301180000
93944,1.24,201301180000
94431,1.3,201301180000
94710,1.98,201301180000
94755,2.66,201301180000
94997,2.02,201301180000
95000,1.42,201301180000
95707,1.46,201301180000
95949,0.54,201301180000
95998,1.99,201301180000
96188,2.18,201301180000
96225,1.59,201301180000
96249,2.25,201301180000
96468,1.69,201301180000
96486,1.15,201301180000
96718,1.7,201301180000
96972,1.8,201301180000
96995,1.9,201301180000
97251,1.09,201301180000
97440,1.92,201301180000
97471,1.45,201301180000
97969,1.93,201301180000
97990,1.69,201301180000
98224,2.58,201301180000
98229,2.26,201301180000
98450,2.25,201301180000
98475,2.54,201301180000
98739,1.46,201301180000
99256,0.77,201301180000
99468,0.6,201301180000
99730,1.6,201301180000
101215,2.15,201301180000
101911,2.68,201301180000
101912,0.67,201301180000
101989,1.03,201301180000
102999,2.49,201301180000
103242,1.45,201301180000
103431,1.71,201301180000
104177,0.72,201301180000
104221,1.98,201301180000
104239,2.7,201301180000
104701,2.28,201301180000
104984,1.22,201301180000
105196,2.55,201301180000
105219,1.44,201301180000
105460,2.94,201301180000
105461,2.91,201301180000
105481,1.09,201301180000
105489,1.06,201301180000
105709,1.48,201301180000
105710,1.04,201301180000
105711,1.14,201301180000
105712,2.74,201301180000
105713,1.59,201301180000
105715,0.78,201301180000
105726,2.93,201301180000
105727,2.38,201301180000
105736,0.54,201301180000
105960,1.76,201301180000
105961,2.48,201301180000
105962,2.56,201301180000
105963,0.81,201301180000
105964,1.12,201301180000
105975,2.56,201301180000
106195,0.76,201301180000
106213,1.38,201301180000
106214,0.55,201301180000
106215,0.89,201301180000
106221,1.08,201301180000
106231,0.95,201301180000
106232,1.1,201301180000
106234,2.67,201301180000
106235,1.65,201301180000
106237,2.26,201301180000
106446,2.16,201301180000
106447,2.62,201301180000
106462,2.97,201301180000
106463,0.52,201301180000
106465,2.62,201301180000
106466,1.36,201301180000
106467,0.61,201301180000
106480,1.03,201301180000
106712,1.24,201301180000
106717,2.21,201301180000
106718,2.19,201301180000
106741,1.15,201301180000
106958,2.74,201301180000
106964,2.68,201301180000
106965,1.12,201301180000
106966,3.0,201301180000
106967,1.79,201301180000
106971,1.36,201301180000
106983,0.51,201301180000
106997,1.34,201301180000
107200,1.01,201301180000
107212,0.6,201301180000
107219,2.98,201301180000
107240,2.32,201301180000
107460,0.52,201301180000
107465,0.98,201301180000
107466,0.82,201301180000
107468,1.86,201301180000
107491,1.94,201301180000
107711,1.61,201301180000
107725,2.63,201301180000
107726,1.92,201301180000
107954,1.0,201301180000
107966,0.68,201301180000
107971,1.81,201301180000
107979,2.01,201301180000
107993,1.32,201301180000
108205,2.99,201301180000
108211,2.22,201301180000
108214,1.09,201301180000
108215,2.7,201301180000
108217,2.1,201301180000
108219,2.61,201301180000
108220,2.78,201301180000
108222,1.06,201301180000
108225,1.99,201301180000
108230,1.26,201301180000
108454,2.8,201301180000
108463,2.18,201301180000
108499,1.6,201301180000
108717,2.82,201301180000
108722,1.87,201301180000
108724,2.04,201301180000
108733,1.66,201301180000
108968,0.83,201301180000
108975,2.75,201301180000
108984,0.94,201301180000
108985,2.5,201301180000
109216,0.9,201301180000
109219,0.51,201301180000
109222,0.83,201301180000
109227,2.59,201301180000
109231,1.49,201301180000
109236,2.93,201301180000
109245,2.06,201301180000
109473,2.16,201301180000
109487,2.72,201301180000
109494,2.04,201301180000
109495,2.31,201301180000
109496,2.21,201301180000
109497,0.58,201301180000
109742,2.59,201301180000
109744,1.12,201301180000
109748,2.79,201301180000
109750,1.36,201301180000
109980,1.09,201301180000
109991,2.2,201301180000
109994,2.7,201301180000
109998,1.01,201301180000
110001,0.68,201301180000
110243,2.6,201301180000
110247,1.93,201301180000
110249,2.76,201301180000
110251,1.64,201301180000
110253,3.0,201301180000
110254,1.66,201301180000
