cell,mobility,dtg
1610,1.97,201301180800
1846,2.68,201301180800
1851,1.63,201301180800
1853,2.92,201301180800
1856,0.57,201301180800
1857,0.61,201301180800
2103,1.26,201301180800
2105,0.76,201301180800
2106,1.1,201301180800
2107,1.62,201301180800
2114,1.53,201301180800
2342,1.27,201301180800
2347,2.35,201301180800
2351,1.1,201301180800
2354,2.88,201301180800
2357,1.38,201301180800
2372,1.85,201301180800
2374,1.48,201301180800
2591,1.32,201301180800
2595,2.92,201301180800
2605,2.84,201301180800
2611,2.07,201301180800
2615,0.79,201301180800
2620,2.19,201301180800
2627,2.65,201301180800
2839,1.93,201301180800
2847,1.38,201301180800
3086,2.57,201301180800
3094,1.64,201301180800
3100,1.73,201301180800
3124,2.12,201301180800
3128,1.76,201301180800
3334,2.51,201301180800
3337,2.82,201301180800
3375,0.93,201301180800
3614,2.6,201301180800
3619,1.17,201301180800
3632,1.83,201301180800
3635,1.47,201301180800
3830,1.0,201301180800
3831,0.84,201301180800
3833,2.86,201301180800
3837,1.48,201301180800
3845,2.95,201301180800
3856,2.98,201301180800
3860,2.49,201301180800
3865,2.78,201301180800
4078,2.1,201301180800
4081,1.92,201301180800
4137,0.83,201301180800
4141,0.97,201301180800
4142,1.02,201301180800
4328,1.77,201301180800
4329,1.19,201301180800
4341,0.52,201301180800
4345,2.12,201301180800
4348,2.62,201301180800
4354,1.16,201301180800
4372,0.61,201301180800
4577,2.42,201301180800
4578,2.17,201301180800
4580,2.8,201301180800
4582,2.96,201301180800
4605,2.41,201301180800
4608,2.38,201301180800
4631,0.69,201301180800
4636,2.52,201301180800
4637,1.64,201301180800
4829,1.96,201301180800
4830,2.03,201301180800
4831,1.68,201301180800
4834,1.4,201301180800
4837,0.78,201301180800
4852,2.85,201301180800
4863,2.99,201301180800
4868,1.91,201301180800
4890,0.61,201301180800
4891,2.73,201301180800
5078,0.66,201301180800
5081,1.65,201301180800
5084,2.71,201301180800
5127,2.12,201301180800
5153,1.13,201301180800
5327,1.22,201301180800
5329,1.07,201301180800
5333,1.0,201301180800
5334,2.76,201301180800
5339,0.58,201301180800
5369,0.98,201301180800
5402,2.26,201301180800
5410,2.47,201301180800
5577,2.62,201301180800
5581,2.71,201301180800
5592,2.13,201301180800
5612,1.98,201301180800
5623,0.79,201301180800
5876,1.86,201301180800
5893,2.89,201301180800
5898,1.84,201301180800
6078,1.28,201301180800
6118,0.82,201301180800
6136,0.81,201301180800
6158,1.71,201301180800
6159,1.23,201301180800
6333,2.78,201301180800
6353,1.81,201301180800
6365,0.9,201301180800
6366,1.14,201301180800
6414,0.67,201301180800
6588,2.37,201301180800
6609,2.17,201301180800
6635,2.39,201301180800
6668,2.01,201301180800
6841,2.89,201301180800
6849,2.08,201301180800
6896,1.82,201301180800
6924,1.04,201301180800
6928,2.27,201301180800
6935,2.57,201301180800
6939,0.64,201301180800
7077,0.76,201301180800
7078,2.06,201301180800
7085,1.11,201301180800
7088,1.35,201301180800
7113,2.66,201301180800
7114,1.33,201301180800
7129,2.72,201301180800
7133,1.34,201301180800
7165,0.7,201301180800
7192,1.6,201301180800
7354,1.35,201301180800
7375,2.47,201301180800
7379,1.59,201301180800
7401,2.64,201301180800
7410,0.82,201301180800
7436,2.48,201301180800
7584,2.92,201301180800
7646,2.98,201301180800
7849,2.76,201301180800
7871,1.19,201301180800
7927,0.74,201301180800
7948,1.92,201301180800
8080,1.32,201301180800
8170,1.48,201301180800
8182,1.51,201301180800
8195,1.09,201301180800
8342,1.14,201301180800
8582,2.29,201301180800
8602,1.74,201301180800
8609,1.59,201301180800
8638,1.47,201301180800
8656,1.51,201301180800
8830,1.44,201301180800
8839,2.37,201301180800
8876,1.99,201301180800
8897,0.62,201301180800
8912,2.14,201301180800
8918,1.43,201301180800
8929,2.69,201301180800
8940,0.82,201301180800
8954,1.76,201301180800
9140,1.55,201301180800
9333,2.19,201301180800
9468,2.57,201301180800
9473,1.71,201301180800
9589,1.77,201301180800
9601,1.25,201301180800
9607,2.23,201301180800
9658,0.5,201301180800
9724,1.53,201301180800
9833,1.67,201301180800
10084,1.95,201301180800
10089,2.08,201301180800
10096,1.56,201301180800
10144,1.16,201301180800
10170,1.69,201301180800
10181,1.89,201301180800
10189,0.84,201301180800
10201,1.61,201301180800
10334,2.04,201301180800
10335,2.38,201301180800
10383,1.92,201301180800
10414,0.5,201301180800
10444,2.17,201301180800
10458,0.9,201301180800
10477,0.87,201301180800
10586,2.92,201301180800
10601,1.9,201301180800
10609,0.88,201301180800
10616,1.48,201301180800
10633,1.66,201301180800
10655,1.75,201301180800
10665,1.83,201301180800
10681,2.67,201301180800
10717,1.63,201301180800
10835,1.09,201301180800
10837,2.52,201301180800
10847,0.7,201301180800
10903,1.16,201301180800
10911,0.61,201301180800
10918,1.39,201301180800
10973,1.16,201301180800
11087,2.57,201301180800
11092,2.4,201301180800
11128,0.86,201301180800
11222,2.14,201301180800
11223,1.11,201301180800
11225,0.81,201301180800
11238,1.27,201301180800
11361,2.35,201301180800
11393,2.84,201301180800
11424,2.38,201301180800
11601,1.1,201301180800
11682,1.53,201301180800
11704,2.77,201301180800
11858,2.51,201301180800
11884,1.92,201301180800
11901,1.35,201301180800
11946,1.76,201301180800
11960,2.38,201301180800
11972,2.25,201301180800
12089,1.85,201301180800
12090,2.17,201301180800
12096,1.88,201301180800
12120,0.57,201301180800
12157,1.66,201301180800
12230,0.86,201301180800
12383,2.42,201301180800
12431,1.78,201301180800
12601,2.97,201301180800
12625,1.69,201301180800
12632,1.68,201301180800
12842,2.28,201301180800
12875,0.52,201301180800
12901,2.75,201301180800
12913,2.48,201301180800
12933,1.85,201301180800
12934,1.44,201301180800
12985,0.92,201301180800
13099,1.51,201301180800
13114,2.93,201301180800
13150,1.67,201301180800
13175,2.19,201301180800
13183,1.5,201301180800
13222,1.31,201301180800
13358,2.68,201301180800
13444,1.16,201301180800
13455,1.8,201301180800
13456,1.61,201301180800
13670,0.61,201301180800
13694,2.81,201301180800
13845,2.98,201301180800
13849,2.97,201301180800
14011,2.51,201301180800
14095,2.06,201301180800
14133,1.08,201301180800
14161,2.68,201301180800
14167,0.68,201301180800
14184,2.43,201301180800
14241,1.62,201301180800
14255,0.69,201301180800
14349,1.23,201301180800
14350,2.37,201301180800
14375,2.99,201301180800
14452,0.92,201301180800
14475,1.55,201301180800
14620,1.41,201301180800
14673,0.83,201301180800
14745,1.64,201301180800
14859,2.3,201301180800
14936,1.93,201301180800
14995,1.56,201301180800
15097,0.95,201301180800
15098,2.03,201301180800
15246,2.21,201301180800
15349,1.82,201301180800
15440,2.71,201301180800
15600,2.39,201301180800
15656,2.98,201301180800
15672,0.82,201301180800
15699,1.56,201301180800
15714,1.91,201301180800
15725,0.86,201301180800
15744,0.7,201301180800
15849,2.08,201301180800
15850,2.86,201301180800
15851,2.09,201301180800
15853,2.02,201301180800
15871,2.2,201301180800
16100,0.55,201301180800
16105,2.11,201301180800
16114,0.84,201301180800
16171,2.52,201301180800
16184,1.94,201301180800
16400,1.88,201301180800
16414,1.97,201301180800
16601,0.61,201301180800
16604,0.54,201301180800
16625,1.9,201301180800
16670,2.0,201301180800
16853,2.36,201301180800
16868,1.43,201301180800
16932,1.47,201301180800
17232,2.75,201301180800
17355,2.61,201301180800
17358,1.64,201301180800
17367,1.91,201301180800
17635,1.6,201301180800
17673,1.76,201301180800
17681,1.36,201301180800
17884,2.13,201301180800
17984,2.55,201301180800
18108,2.88,201301180800
18115,1.37,201301180800
18118,2.21,201301180800
18123,1.68,201301180800
18139,1.62,201301180800
18154,2.36,201301180800
18160,2.82,201301180800
18177,2.8,201301180800
18185,0.74,201301180800
18383,1.9,201301180800
18404,1.06,201301180800
18427,2.68,201301180800
18466,1.32,201301180800
18616,0.86,201301180800
18629,2.61,201301180800
18861,2.21,201301180800
18866,1.32,201301180800
18925,1.34,201301180800
19110,2.41,201301180800
19112,0.83,201301180800
19114,2.26,201301180800
19122,1.58,201301180800
19360,1.9,201301180800
19443,0.74,201301180800
19481,1.2,201301180800
19611,1.8,201301180800
19612,2.67,201301180800
19618,0.78,201301180800
19633,0.99,201301180800
19678,1.26,201301180800
19878,2.12,201301180800
19913,2.88,201301180800
20113,1.38,201301180800
20114,0.53,201301180800
20116,2.58,201301180800
20170,0.88,201301180800
20363,0.96,201301180800
20387,1.46,201301180800
20396,2.33,201301180800
20436,1.4,201301180800
20616,2.85,201301180800
20621,2.35,201301180800
20628,1.9,201301180800
20651,1.03,201301180800
20671,2.24,201301180800
20682,2.7,201301180800
20864,2.55,201301180800
20882,1.62,201301180800
20931,0.51,201301180800
20995,2.71,201301180800
21115,0.63,201301180800
21118,1.3,201301180800
21201,1.74,201301180800
21373,1.89,201301180800
21377,1.38,201301180800
21392,2.55,201301180800
21407,1.58,201301180800
21428,1.2,201301180800
21448,2.06,201301180800
21617,1.0,201301180800
21619,2.71,201301180800
21639,1.89,201301180800
21658,1.52,201301180800
21663,2.35,201301180800
21701,0.81,201301180800
21721,1.47,201301180800
21868,0.93,201301180800
21871,2.33,201301180800
21999,2.63,201301180800
22126,0.72,201301180800
22133,1.54,201301180800
22174,1.4,201301180800
22176,1.35,201301180800
22205,1.84,201301180800
22368,0.85,201301180800
22395,1.86,201301180800
22419,2.09,201301180800
22420,1.6,201301180800
22421,1.64,201301180800
22422,1.93,201301180800
22619,0.93,201301180800
22630,2.42,201301180800
22634,1.62,201301180800
22671,0.73,201301180800
22673,0.96,201301180800
22700,1.87,201301180800
22751,0.53,201301180800
22768,2.72,201301180800
22869,1.69,201301180800
22877,2.4,201301180800
22928,2.05,201301180800
22940,2.16,201301180800
22955,1.31,201301180800
22963,1.56,201301180800
22966,2.36,201301180800
23120,1.73,201301180800
23124,2.84,201301180800
23125,1.04,201301180800
23131,0.93,201301180800
23138,0.98,201301180800
23169,0.53,201301180800
23194,1.03,201301180800
23216,1.18,201301180800
23370,2.65,201301180800
23371,1.81,201301180800
23379,2.99,201301180800
23386,1.5,201301180800
23388,0.84,201301180800
23427,1.43,201301180800
23621,2.29,201301180800
23627,1.48,201301180800
23635,0.96,201301180800
23641,2.96,201301180800
23662,1.78,201301180800
23669,1.33,201301180800
23690,1.23,201301180800
23744,0.57,201301180800
23750,2.65,201301180800
23872,1.95,201301180800
23873,2.96,201301180800
23875,1.64,201301180800
23881,1.75,201301180800
23894,1.53,201301180800
23896,2.37,201301180800
23907,1.02,201301180800
23925,2.81,201301180800
23973,0.61,201301180800
24005,2.64,201301180800
24009,2.24,201301180800
24032,0.56,201301180800
24122,1.89,201301180800
24123,0.64,201301180800
24149,0.91,201301180800
24247,1.2,201301180800
24251,2.8,201301180800
24265,1.86,201301180800
24266,1.66,201301180800
24373,1.01,201301180800
24374,1.57,201301180800
24380,2.38,201301180800
24381,2.28,201301180800
24383,2.08,201301180800
24387,2.66,201301180800
24402,0.66,201301180800
24405,2.26,201301180800
24423,0.8,201301180800
24623,1.86,201301180800
24626,1.03,201301180800
24643,1.96,201301180800
24732,0.65,201301180800
24734,0.75,201301180800
24739,2.61,201301180800
24774,2.18,201301180800
24775,2.74,201301180800
24781,0.72,201301180800
24837,1.98,201301180800
24874,2.72,201301180800
24877,1.51,201301180800
24879,1.03,201301180800
24880,2.22,201301180800
24895,2.25,201301180800
24920,2.32,201301180800
24990,2.13,201301180800
24991,1.82,201301180800
24993,1.91,201301180800
25124,2.64,201301180800
25125,2.49,201301180800
25126,0.89,201301180800
25129,2.29,201301180800
25130,0.83,201301180800
25132,1.42,201301180800
25136,0.69,201301180800
25138,1.09,201301180800
25141,2.45,201301180800
25179,2.13,201301180800
25187,0.72,201301180800
25375,1.4,201301180800
25376,1.64,201301180800
25377,0.92,201301180800
25379,0.89,201301180800
25385,0.55,201301180800
25395,1.27,201301180800
25400,2.66,201301180800
25405,0.76,201301180800
25412,1.54,201301180800
25427,1.3,201301180800
25626,1.76,201301180800
25627,1.5,201301180800
25628,2.21,201301180800
25629,2.66,201301180800
25632,2.07,201301180800
25633,1.04,201301180800
25642,2.8,201301180800
25715,2.56,201301180800
25747,1.9,201301180800
25763,2.49,201301180800
25876,0.74,201301180800
25877,2.36,201301180800
25878,0.54,201301180800
25881,2.24,201301180800
25882,2.11,201301180800
25886,2.54,201301180800
25888,0.86,201301180800
25926,1.45,201301180800
25997,0.7,201301180800
26005,2.46,201301180800
26035,0.98,201301180800
26127,1.95,201301180800
26129,1.87,201301180800
26130,1.16,201301180800
26133,2.04,201301180800
26135,0.56,201301180800
26136,2.07,201301180800
26138,0.95,201301180800
26139,2.75,201301180800
26141,2.82,201301180800
26148,0.84,201301180800
26168,2.6,201301180800
26378,0.57,201301180800
26379,1.73,201301180800
26380,2.22,201301180800
26381,1.84,201301180800
26382,1.62,201301180800
26383,0.85,201301180800
26385,0.91,201301180800
26386,1.27,201301180800
26387,1.37,201301180800
26389,2.05,201301180800
26391,2.61,201301180800
26392,1.02,201301180800
26393,1.15,201301180800
26396,0.88,201301180800
26403,0.65,201301180800
26408,1.41,201301180800
26427,1.4,201301180800
26450,1.23,201301180800
26492,1.56,201301180800
26546,2.69,201301180800
26563,2.08,201301180800
26564,1.75,201301180800
26628,2.12,201301180800
26629,2.56,201301180800
26630,2.33,201301180800
26631,1.65,201301180800
26633,2.23,201301180800
26634,1.07,201301180800
26656,2.24,201301180800
26674,2.45,201301180800
26708,2.4,201301180800
26752,1.36,201301180800
26754,2.11,201301180800
26755,2.53,201301180800
26782,0.81,201301180800
26846,1.84,201301180800
26879,1.0,201301180800
26880,2.07,201301180800
26881,0.68,201301180800
26882,2.76,201301180800
26883,0.66,201301180800
26884,0.64,201301180800
26885,1.42,201301180800
26886,0.59,201301180800
26887,0.55,201301180800
26889,2.99,201301180800
26890,2.53,201301180800
26891,1.01,201301180800
26892,0.89,201301180800
26893,2.13,201301180800
26894,1.94,201301180800
26895,2.72,201301180800
26897,0.75,201301180800
26905,2.85,201301180800
26938,2.04,201301180800
26964,0.92,201301180800
27006,1.65,201301180800
27042,0.59,201301180800
27098,2.52,201301180800
27130,1.6,201301180800
27131,1.76,201301180800
27132,2.97,201301180800
27133,2.32,201301180800
27134,0.93,201301180800
27135,2.05,201301180800
27136,3.0,201301180800
27137,1.77,201301180800
27138,1.23,201301180800
27142,1.43,201301180800
27143,2.76,201301180800
27145,2.64,201301180800
27148,1.52,201301180800
27149,0.64,201301180800
27152,1.22,201301180800
27155,2.43,201301180800
27175,1.13,201301180800
27209,2.35,201301180800
27247,1.78,201301180800
27381,2.79,201301180800
27382,1.69,201301180800
27383,2.76,201301180800
27384,2.35,201301180800
27386,1.94,201301180800
27387,1.67,201301180800
27388,2.45,201301180800
27389,1.65,201301180800
27390,2.47,201301180800
27392,0.94,201301180800
27395,2.88,201301180800
27404,2.5,201301180800
27415,0.89,201301180800
27427,2.05,201301180800
27489,0.62,201301180800
27494,2.0,201301180800
27498,2.3,201301180800
27518,2.8,201301180800
27632,2.99,201301180800
27633,0.72,201301180800
27634,2.55,201301180800
27635,2.35,201301180800
27636,2.71,201301180800
27637,0.71,201301180800
27638,1.32,201301180800
27639,1.04,201301180800
27640,2.96,201301180800
27642,1.21,201301180800
27643,0.53,201301180800
27645,0.98,201301180800
27646,2.79,201301180800
27647,0.57,201301180800
27649,1.75,201301180800
27654,0.72,201301180800
27763,1.41,201301180800
27764,2.88,201301180800
27796,1.65,201301180800
27797,1.55,201301180800
27883,2.31,201301180800
27884,2.03,201301180800
27885,1.65,201301180800
27886,2.59,201301180800
27887,1.57,201301180800
27888,1.98,201301180800
27889,2.53,201301180800
27890,2.56,201301180800
27891,1.44,201301180800
27892,2.16,201301180800
27894,2.01,201301180800
27895,1.07,201301180800
27897,3.0,201301180800
27902,0.51,201301180800
27908,2.94,201301180800
27911,2.63,201301180800
27930,2.53,201301180800
27971,2.0,201301180800
28004,2.18,201301180800
28015,2.09,201301180800
28049,2.98,201301180800
28102,1.64,201301180800
28134,1.5,201301180800
28135,1.69,201301180800
28136,2.99,201301180800
28137,0.55,201301180800
28138,1.77,201301180800
28139,2.46,201301180800
28140,1.67,201301180800
28142,0.71,201301180800
28143,1.88,201301180800
28144,0.75,201301180800
28146,2.35,201301180800
28154,1.16,201301180800
28156,2.99,201301180800
28216,0.63,201301180800
28239,2.35,201301180800
28384,0.81,201301180800
28385,1.14,201301180800
28386,0.95,201301180800
28387,0.94,201301180800
28388,1.77,201301180800
28389,2.87,201301180800
28390,1.07,201301180800
28391,2.36,201301180800
28392,2.55,201301180800
28393,2.2,201301180800
28394,1.98,201301180800
28396,2.44,201301180800
28397,0.62,201301180800
28400,2.18,201301180800
28401,0.7,201301180800
28405,1.03,201301180800
28427,2.33,201301180800
28467,0.9,201301180800
28496,1.74,201301180800
28497,0.7,201301180800
28519,1.11,201301180800
28535,1.53,201301180800
28539,1.53,201301180800
28545,1.98,201301180800
28557,1.06,201301180800
28635,0.8,201301180800
28636,2.7,201301180800
28637,2.8,201301180800
28638,1.89,201301180800
28639,2.28,201301180800
28640,1.9,201301180800
28641,1.44,201301180800
28642,2.49,201301180800
28643,2.36,201301180800
28644,2.85,201301180800
28645,2.74,201301180800
28646,2.3,201301180800
28649,1.06,201301180800
28658,0.82,201301180800
28667,0.79,201301180800
28675,2.77,201301180800
28751,1.89,201301180800
28753,2.37,201301180800
28754,2.93,201301180800
28788,1.7,201301180800
28812,2.59,201301180800
28823,0.58,201301180800
28886,2.04,201301180800
28887,2.49,201301180800
28888,0.64,201301180800
28889,1.44,201301180800
28890,0.94,201301180800
28891,1.87,201301180800
28892,2.57,201301180800
28893,2.69,201301180800
28894,1.34,201301180800
28895,2.04,201301180800
28896,2.86,201301180800
28897,1.52,201301180800
28899,0.6,201301180800
28900,1.03,201301180800
28901,1.75,201301180800
28902,1.01,201301180800
28905,1.0,201301180800
28912,2.21,201301180800
28960,0.67,201301180800
28969,2.46,201301180800
29004,1.38,201301180800
29012,2.19,201301180800
29026,1.42,201301180800
29068,2.74,201301180800
29076,2.4,201301180800
29088,1.43,201301180800
29094,1.12,201301180800
29136,2.3,201301180800
29137,0.69,201301180800
29138,1.01,201301180800
29139,0.9,201301180800
29140,1.72,201301180800
29141,2.96,201301180800
29142,2.51,201301180800
29143,2.22,201301180800
29144,1.9,201301180800
29146,2.19,201301180800
29147,2.23,201301180800
29148,1.91,201301180800
29149,0.86,201301180800
29151,1.87,201301180800
29158,1.77,201301180800
29165,1.49,201301180800
29171,2.98,201301180800
29190,2.95,201301180800
29247,2.56,201301180800
29387,1.96,201301180800
29388,2.03,201301180800
29389,2.17,201301180800
29390,1.89,201301180800
29391,2.66,201301180800
29392,1.35,201301180800
29393,2.33,201301180800
29394,1.76,201301180800
29395,1.89,201301180800
29396,1.01,201301180800
29397,2.87,201301180800
29398,2.73,201301180800
29399,1.06,201301180800
29401,0.54,201301180800
29402,0.86,201301180800
29403,2.41,201301180800
29405,0.81,201301180800
29409,0.98,201301180800
29425,2.07,201301180800
29429,0.73,201301180800
29495,2.51,201301180800
29498,1.54,201301180800
29533,1.03,201301180800
29556,1.99,201301180800
29638,2.87,201301180800
29639,1.86,201301180800
29640,1.65,201301180800
29641,1.53,201301180800
29642,0.7,201301180800
29643,2.42,201301180800
29644,0.59,201301180800
29645,1.98,201301180800
29648,1.25,201301180800
29649,1.69,201301180800
29650,1.5,201301180800
29654,1.14,201301180800
29663,1.61,201301180800
29670,0.72,201301180800
29710,2.46,201301180800
29730,2.67,201301180800
29733,2.33,201301180800
29736,2.03,201301180800
29766,2.61,201301180800
29891,2.85,201301180800
29892,1.96,201301180800
29893,2.77,201301180800
29894,2.31,201301180800
29895,2.67,201301180800
29896,2.95,201301180800
29897,1.54,201301180800
29898,1.56,201301180800
29900,0.92,201301180800
29903,2.93,201301180800
29906,1.48,201301180800
29909,1.94,201301180800
29912,2.43,201301180800
29917,1.79,201301180800
29925,1.53,201301180800
29966,2.6,201301180800
30021,0.93,201301180800
30026,2.53,201301180800
30036,1.06,201301180800
30142,0.81,201301180800
30143,2.78,201301180800
30144,1.93,201301180800
30145,1.21,201301180800
30146,0.77,201301180800
30147,0.72,201301180800
30148,2.55,201301180800
30152,2.55,201301180800
30154,1.38,201301180800
30157,2.32,201301180800
30158,0.8,201301180800
30181,1.34,201301180800
30242,1.87,201301180800
30243,2.11,201301180800
30244,1.81,201301180800
30261,2.26,201301180800
30300,0.86,201301180800
30322,2.63,201301180800
30393,0.96,201301180800
30394,1.51,201301180800
30395,2.75,201301180800
30396,2.34,201301180800
30397,0.71,201301180800
30398,0.67,201301180800
30400,2.02,201301180800
30401,1.22,201301180800
30403,1.45,201301180800
30407,2.07,201301180800
30410,1.06,201301180800
30420,2.01,201301180800
30430,1.75,201301180800
30434,2.04,201301180800
30439,2.55,201301180800
30481,2.09,201301180800
30489,1.56,201301180800
30494,2.57,201301180800
30495,1.82,201301180800
30496,2.71,201301180800
30645,2.89,201301180800
30646,2.53,201301180800
30647,1.88,201301180800
30648,0.82,201301180800
30649,2.25,201301180800
30650,1.97,201301180800
30651,2.29,201301180800
30652,1.24,201301180800
30653,1.08,201301180800
30654,1.77,201301180800
30661,1.15,201301180800
30664,2.1,201301180800
30666,2.05,201301180800
30669,1.42,201301180800
30673,1.81,201301180800
30683,1.5,201301180800
30745,2.34,201301180800
30750,1.64,201301180800
30777,2.33,201301180800
30780,2.42,201301180800
30812,2.47,201301180800
30897,2.34,201301180800
30898,1.33,201301180800
30899,1.5,201301180800
30900,0.98,201301180800
30901,0.84,201301180800
30902,1.14,201301180800
30903,2.42,201301180800
30904,1.27,201301180800
30908,1.79,201301180800
30909,0.74,201301180800
30912,1.67,201301180800
30913,2.15,201301180800
30928,1.53,201301180800
30953,2.33,201301180800
30979,2.45,201301180800
30994,1.23,201301180800
30995,0.86,201301180800
31027,1.63,201301180800
31028,1.5,201301180800
31029,0.58,201301180800
31082,2.6,201301180800
31148,1.72,201301180800
31149,1.08,201301180800
31150,2.65,201301180800
31151,1.08,201301180800
31152,0.88,201301180800
31156,1.07,201301180800
31157,0.72,201301180800
31161,1.64,201301180800
31166,1.59,201301180800
31172,2.88,201301180800
31274,0.66,201301180800
31281,0.78,201301180800
31369,1.58,201301180800
31398,1.36,201301180800
31401,0.97,201301180800
31407,2.7,201301180800
31408,2.2,201301180800
31409,1.56,201301180800
31410,1.07,201301180800
31413,2.21,201301180800
31419,2.56,201301180800
31427,0.86,201301180800
31457,0.86,201301180800
31466,0.51,201301180800
31651,1.44,201301180800
31652,2.81,201301180800
31656,1.6,201301180800
31660,3.0,201301180800
31663,2.02,201301180800
31666,1.87,201301180800
31675,2.72,201301180800
31738,2.86,201301180800
31754,0.86,201301180800
31782,2.42,201301180800
31903,1.0,201301180800
31904,1.57,201301180800
31905,1.37,201301180800
31906,1.54,201301180800
31908,2.04,201301180800
31912,2.29,201301180800
31921,1.32,201301180800
31928,2.26,201301180800
31949,2.71,201301180800
32028,1.75,201301180800
32032,1.92,201301180800
32045,1.44,201301180800
32150,2.09,201301180800
32155,1.93,201301180800
32157,0.86,201301180800
32161,1.73,201301180800
32162,2.43,201301180800
32167,2.09,201301180800
32169,1.85,201301180800
32175,0.94,201301180800
32182,2.58,201301180800
32185,1.77,201301180800
32195,2.82,201301180800
32235,1.68,201301180800
32404,2.16,201301180800
32405,2.23,201301180800
32410,2.15,201301180800
32411,2.95,201301180800
32415,0.53,201301180800
32449,1.57,201301180800
32490,1.47,201301180800
32558,1.17,201301180800
32622,0.85,201301180800
32656,1.65,201301180800
32658,1.12,201301180800
32660,2.12,201301180800
32662,2.29,201301180800
32668,2.19,201301180800
32682,1.74,201301180800
32697,2.97,201301180800
32712,1.97,201301180800
32729,1.41,201301180800
32739,1.87,201301180800
32742,2.16,201301180800
32744,1.24,201301180800
32802,2.03,201301180800
32834,2.22,201301180800
32905,2.0,201301180800
32907,2.59,201301180800
32912,0.81,201301180800
32916,1.31,201301180800
32922,2.22,201301180800
32924,0.51,201301180800
32926,0.86,201301180800
32929,0.83,201301180800
32977,2.92,201301180800
32978,2.63,201301180800
33154,0.78,201301180800
33158,0.51,201301180800
33160,1.51,201301180800
33165,0.67,201301180800
33170,0.88,201301180800
33186,2.84,201301180800
33286,2.85,201301180800
33405,3.0,201301180800
33409,0.77,201301180800
33412,1.95,201301180800
33418,0.65,201301180800
33420,2.22,201301180800
33424,0.52,201301180800
33435,2.77,201301180800
33442,0.58,201301180800
33519,0.72,201301180800
33594,1.49,201301180800
33656,1.3,201301180800
33659,2.24,201301180800
33662,2.09,201301180800
33664,1.87,201301180800
33666,2.89,201301180800
33669,1.14,201301180800
33673,1.62,201301180800
33675,1.4,201301180800
33694,2.12,201301180800
33724,0.63,201301180800
33742,1.83,201301180800
33812,0.93,201301180800
33909,1.35,201301180800
33911,0.58,201301180800
33912,2.17,201301180800
33913,2.98,201301180800
33922,1.85,201301180800
33923,2.04,201301180800
33924,0.94,201301180800
33931,2.07,201301180800
33935,1.56,201301180800
33986,1.23,201301180800
34013,1.72,201301180800
34160,1.62,201301180800
34161,1.69,201301180800
34162,2.53,201301180800
34163,1.99,201301180800
34167,1.99,201301180800
34190,1.12,201301180800
34211,2.72,201301180800
34303,2.62,201301180800
34380,0.62,201301180800
34407,2.41,201301180800
34413,2.1,201301180800
34423,0.87,201301180800
34424,0.62,201301180800
34427,1.21,201301180800
34430,2.54,201301180800
34437,0.66,201301180800
34440,2.95,201301180800
34486,2.91,201301180800
34495,2.66,201301180800
34510,1.17,201301180800
34520,1.51,201301180800
34528,1.09,201301180800
34563,0.52,201301180800
34662,1.91,201301180800
34667,1.84,201301180800
34668,2.62,201301180800
34670,0.76,201301180800
34672,0.98,201301180800
34673,0.61,201301180800
34676,0.75,201301180800
34679,2.65,201301180800
34682,1.3,201301180800
34695,2.3,201301180800
34710,1.04,201301180800
34714,1.79,201301180800
34720,2.87,201301180800
34882,1.29,201301180800
34913,1.51,201301180800
34914,1.61,201301180800
34915,0.71,201301180800
34924,2.92,201301180800
34925,2.33,201301180800
34934,0.88,201301180800
34939,1.15,201301180800
34959,0.55,201301180800
34990,2.22,201301180800
35102,1.73,201301180800
35164,2.09,201301180800
35166,1.97,201301180800
35173,1.52,201301180800
35178,2.78,201301180800
35183,1.08,201301180800
35185,1.6,201301180800
35187,0.56,201301180800
35193,1.99,201301180800
35203,2.3,201301180800
35218,1.14,201301180800
35237,1.08,201301180800
35244,1.42,201301180800
35249,1.46,201301180800
35295,0.7,201301180800
35368,1.33,201301180800
35410,0.61,201301180800
35414,1.58,201301180800
35415,0.7,201301180800
35417,2.59,201301180800
35421,2.35,201301180800
35440,1.98,201301180800
35455,2.14,201301180800
35492,2.94,201301180800
35515,0.85,201301180800
35665,1.74,201301180800
35675,1.39,201301180800
35683,2.06,201301180800
35686,1.93,201301180800
35700,0.84,201301180800
35745,1.09,201301180800
35755,2.21,201301180800
35769,2.88,201301180800
35916,1.83,201301180800
35917,2.95,201301180800
35918,1.87,201301180800
35919,0.82,201301180800
35921,2.89,201301180800
35929,1.23,201301180800
35931,2.36,201301180800
35941,2.79,201301180800
35944,2.69,201301180800
35971,2.94,201301180800
35981,1.95,201301180800
35992,2.18,201301180800
35994,2.48,201301180800
36067,1.92,201301180800
36162,1.66,201301180800
36167,0.8,201301180800
36169,1.24,201301180800
36170,1.88,201301180800
36173,2.83,201301180800
36176,2.45,201301180800
36177,2.36,201301180800
36205,0.8,201301180800
36237,2.92,201301180800
36245,2.62,201301180800
36246,2.94,201301180800
36293,2.23,201301180800
36311,2.41,201301180800
36417,1.89,201301180800
36420,2.76,201301180800
36421,1.32,201301180800
36441,1.65,201301180800
36448,0.56,201301180800
36494,0.85,201301180800
36498,1.94,201301180800
36502,1.51,201301180800
36510,0.52,201301180800
36513,1.69,201301180800
36519,2.33,201301180800
36524,2.07,201301180800
36576,1.1,201301180800
36668,0.9,201301180800
36673,1.82,201301180800
36675,2.9,201301180800
36677,1.22,201301180800
36679,2.68,201301180800
36682,2.71,201301180800
36688,2.1,201301180800
36690,1.25,201301180800
36711,1.14,201301180800
36717,1.04,201301180800
36758,2.05,201301180800
36889,2.64,201301180800
36915,0.98,201301180800
36918,2.02,201301180800
36933,2.25,201301180800
36934,0.97,201301180800
36953,0.92,201301180800
36959,0.92,201301180800
36996,2.92,201301180800
36999,2.37,201301180800
37001,1.03,201301180800
37167,2.43,201301180800
37168,0.73,201301180800
37169,2.69,201301180800
37172,1.86,201301180800
37176,2.57,201301180800
37178,2.73,201301180800
37179,1.06,201301180800
37182,1.29,201301180800
37192,1.43,201301180800
37200,1.69,201301180800
37206,1.84,201301180800
37232,2.88,201301180800
37239,0.93,201301180800
37270,2.38,201301180800
37298,2.49,201301180800
37304,2.32,201301180800
37419,0.69,201301180800
37421,2.07,201301180800
37423,1.12,201301180800
37425,2.34,201301180800
37446,2.45,201301180800
37454,1.13,201301180800
37477,1.94,201301180800
37487,0.74,201301180800
37501,1.16,201301180800
37503,1.74,201301180800
37513,0.9,201301180800
37523,1.8,201301180800
37562,1.62,201301180800
37609,1.08,201301180800
37642,2.54,201301180800
37643,2.97,201301180800
37670,2.11,201301180800
37671,2.17,201301180800
37672,1.42,201301180800
37676,1.35,201301180800
37688,2.46,201301180800
37689,2.82,201301180800
37690,0.83,201301180800
37695,1.71,201301180800
37701,1.99,201301180800
37710,2.39,201301180800
37711,2.76,201301180800
37754,0.77,201301180800
37874,1.06,201301180800
37891,1.2,201301180800
37893,2.22,201301180800
37894,0.89,201301180800
37926,1.76,201301180800
37928,2.7,201301180800
37929,1.34,201301180800
37932,2.34,201301180800
37936,2.1,201301180800
37943,2.56,201301180800
37952,1.68,201301180800
37962,2.84,201301180800
37968,2.56,201301180800
38003,0.8,201301180800
38060,0.66,201301180800
38145,1.19,201301180800
38172,0.96,201301180800
38173,2.45,201301180800
38178,1.61,201301180800
38200,1.12,201301180800
38204,1.19,201301180800
38209,2.97,201301180800
38215,1.96,201301180800
38220,2.81,201301180800
38225,0.6,201301180800
38228,0.67,201301180800
38230,1.16,201301180800
38243,1.09,201301180800
38247,2.62,201301180800
38255,0.52,201301180800
38263,1.76,201301180800
38268,1.76,201301180800
38272,2.86,201301180800
38367,2.18,201301180800
38381,2.31,201301180800
38423,1.3,201301180800
38425,0.52,201301180800
38426,1.78,201301180800
38431,2.91,201301180800
38440,2.27,201301180800
38479,1.23,201301180800
38481,1.53,201301180800
38483,2.72,201301180800
38488,2.24,201301180800
38490,2.3,201301180800
38498,1.93,201301180800
38499,1.71,201301180800
38500,2.68,201301180800
38505,2.45,201301180800
38506,1.66,201301180800
38508,0.61,201301180800
38517,1.07,201301180800
38534,1.87,201301180800
38648,2.71,201301180800
38674,2.13,201301180800
38676,2.93,201301180800
38679,2.45,201301180800
38684,2.76,201301180800
38693,0.71,201301180800
38697,1.78,201301180800
38716,0.51,201301180800
38722,2.37,201301180800
38736,0.95,201301180800
38738,2.12,201301180800
38752,2.62,201301180800
38753,0.56,201301180800
38758,1.64,201301180800
38760,2.7,201301180800
38761,1.56,201301180800
38762,2.15,201301180800
38766,1.2,201301180800
38769,2.68,201301180800
38778,0.54,201301180800
38812,1.64,201301180800
38939,0.73,201301180800
38953,1.37,201301180800
38958,2.15,201301180800
38967,0.88,201301180800
39006,1.05,201301180800
39008,1.92,201301180800
39010,2.52,201301180800
39011,1.83,201301180800
39017,1.61,201301180800
39113,2.96,201301180800
39148,2.45,201301180800
39149,1.75,201301180800
39176,0.89,201301180800
39178,2.21,201301180800
39191,2.67,201301180800
39201,0.71,201301180800
39230,2.58,201301180800
39236,1.41,201301180800
39246,2.8,201301180800
39252,2.83,201301180800
39255,1.1,201301180800
39260,2.65,201301180800
39262,1.6,201301180800
39263,2.88,201301180800
39268,1.63,201301180800
39269,1.65,201301180800
39271,1.45,201301180800
39274,1.47,201301180800
39275,2.54,201301180800
39375,2.69,201301180800
39391,2.09,201301180800
39427,0.82,201301180800
39428,1.07,201301180800
39430,0.54,201301180800
39433,2.51,201301180800
39446,0.52,201301180800
39457,0.65,201301180800
39514,2.89,201301180800
39515,0.8,201301180800
39516,2.51,201301180800
39517,1.28,201301180800
39535,1.73,201301180800
39554,2.42,201301180800
39559,2.73,201301180800
39631,1.91,201301180800
39632,2.47,201301180800
39633,1.41,201301180800
39652,2.8,201301180800
39683,0.56,201301180800
39687,2.98,201301180800
39706,1.74,201301180800
39710,2.01,201301180800
39722,1.68,201301180800
39731,2.64,201301180800
39750,2.88,201301180800
39755,2.34,201301180800
39759,1.05,201301180800
39762,1.2,201301180800
39764,0.76,201301180800
39765,0.93,201301180800
39766,0.64,201301180800
39767,1.38,201301180800
39769,2.66,201301180800
39772,1.07,201301180800
39776,2.98,201301180800
39777,2.86,201301180800
39790,2.95,201301180800
39791,2.74,201301180800
39796,1.87,201301180800
39832,0.81,201301180800
39883,2.06,201301180800
39930,0.67,201301180800
39932,0.79,201301180800
39941,2.6,201301180800
39948,0.82,201301180800
39969,2.2,201301180800
40018,1.26,201301180800
40031,1.85,201301180800
40133,0.6,201301180800
40180,2.69,201301180800
40188,0.75,201301180800
40196,1.21,201301180800
40242,1.5,201301180800
40246,2.65,201301180800
40259,2.87,201301180800
40264,0.99,201301180800
40267,0.78,201301180800
40268,1.04,201301180800
40270,2.38,201301180800
40276,0.85,201301180800
40286,1.08,201301180800
40295,2.97,201301180800
40431,2.89,201301180800
40432,1.69,201301180800
40442,1.42,201301180800
40447,0.66,201301180800
40448,0.77,201301180800
40451,1.59,201301180800
40457,1.94,201301180800
40500,2.09,201301180800
40512,0.83,201301180800
40518,1.55,201301180800
40519,1.51,201301180800
40522,1.49,201301180800
40524,2.27,201301180800
40525,0.52,201301180800
40532,2.85,201301180800
40560,1.37,201301180800
40566,2.29,201301180800
40633,1.85,201301180800
40687,0.85,201301180800
40713,2.72,201301180800
40719,1.02,201301180800
40732,2.06,201301180800
40733,2.61,201301180800
40766,1.06,201301180800
40810,1.03,201301180800
40894,0.88,201301180800
40933,2.45,201301180800
40936,2.27,201301180800
40939,2.01,201301180800
40954,2.66,201301180800
40982,2.29,201301180800
41021,1.08,201301180800
41024,1.93,201301180800
41061,1.41,201301180800
41145,2.07,201301180800
41157,1.36,201301180800
41183,2.41,201301180800
41200,0.94,201301180800
41262,1.49,201301180800
41265,1.34,201301180800
41270,2.7,201301180800
41277,1.5,201301180800
41318,1.15,201301180800
41401,1.97,201301180800
41407,0.74,201301180800
41437,1.53,201301180800
41459,1.54,201301180800
41465,1.83,201301180800
41469,1.96,201301180800
41508,1.94,201301180800
41520,2.87,201301180800
41522,2.86,201301180800
41526,2.35,201301180800
41532,2.19,201301180800
41558,1.39,201301180800
41635,1.91,201301180800
41653,1.88,201301180800
41658,2.96,201301180800
41692,0.87,201301180800
41696,0.93,201301180800
41764,1.85,201301180800
41772,0.76,201301180800
41893,2.9,201301180800
41904,2.83,201301180800
41905,2.15,201301180800
41936,2.7,201301180800
41941,2.4,201301180800
41958,1.55,201301180800
41990,2.68,201301180800
42023,2.82,201301180800
42026,1.91,201301180800
42029,0.9,201301180800
42074,1.3,201301180800
42085,2.02,201301180800
42095,2.89,201301180800
42147,2.6,201301180800
42160,2.34,201301180800
42200,1.26,201301180800
42213,0.79,201301180800
42267,2.48,201301180800
42271,1.27,201301180800
42274,0.94,201301180800
42283,0.89,201301180800
42291,2.41,201301180800
42342,0.54,201301180800
42411,1.81,201301180800
42438,2.64,201301180800
42454,2.44,201301180800
42471,1.88,201301180800
42478,2.61,201301180800
42487,2.6,201301180800
42503,0.55,201301180800
42514,1.43,201301180800
42521,0.85,201301180800
42533,1.74,201301180800
42644,2.94,201301180800
42661,1.83,201301180800
42695,2.23,201301180800
42744,1.58,201301180800
42750,1.5,201301180800
42846,1.8,201301180800
42905,0.51,201301180800
42912,0.73,201301180800
42939,1.36,201301180800
42940,1.82,201301180800
42944,0.56,201301180800
42949,0.53,201301180800
43011,2.83,201301180800
43021,0.56,201301180800
43030,2.07,201301180800
43151,0.6,201301180800
43160,1.19,201301180800
43162,0.96,201301180800
43213,1.24,201301180800
43220,1.71,201301180800
43261,2.29,201301180800
43412,1.76,201301180800
43413,2.6,201301180800
43440,0.83,201301180800
43443,1.56,201301180800
43449,1.83,201301180800
43483,1.87,201301180800
43484,2.33,201301180800
43494,2.18,201301180800
43518,1.85,201301180800
43523,1.57,201301180800
43526,1.94,201301180800
43530,2.28,201301180800
43571,2.33,201301180800
43642,2.25,201301180800
43662,2.33,201301180800
43738,0.78,201301180800
43760,1.81,201301180800
43779,2.19,201301180800
43914,1.44,201301180800
43957,1.26,201301180800
43980,0.91,201301180800
43984,2.58,201301180800
43992,2.92,201301180800
43995,1.76,201301180800
44002,1.15,201301180800
44039,0.91,201301180800
44194,1.38,201301180800
44197,0.69,201301180800
44204,2.74,201301180800
44215,2.67,201301180800
44226,2.31,201301180800
44247,1.43,201301180800
44255,0.61,201301180800
44282,2.48,201301180800
44284,2.03,201301180800
44356,1.03,201301180800
44470,1.44,201301180800
44486,0.77,201301180800
44503,2.4,201301180800
44504,2.85,201301180800
44510,1.19,201301180800
44517,0.99,201301180800
44534,0.52,201301180800
44578,1.52,201301180800
44666,1.52,201301180800
44694,2.88,201301180800
44697,0.74,201301180800
44716,2.05,201301180800
44724,0.76,201301180800
44743,1.38,201301180800
44755,0.94,201301180800
44756,2.39,201301180800
44757,1.07,201301180800
44758,0.66,201301180800
44786,0.84,201301180800
44787,2.07,201301180800
44911,0.61,201301180800
44963,2.19,201301180800
45005,2.23,201301180800
45006,1.11,201301180800
45007,1.69,201301180800
45008,2.69,201301180800
45039,1.69,201301180800
45114,2.42,201301180800
45168,2.17,201301180800
45200,2.15,201301180800
45203,2.59,201301180800
45208,0.57,201301180800
45237,1.34,201301180800
45254,0.65,201301180800
45256,1.46,201301180800
45258,2.23,201301180800
45261,0.54,201301180800
45265,0.89,201301180800
45266,1.37,201301180800
45401,1.48,201301180800
45479,1.98,201301180800
45502,0.55,201301180800
45507,2.86,201301180800
45509,1.48,201301180800
45526,0.93,201301180800
45538,1.1,201301180800
45582,1.34,201301180800
45661,2.69,201301180800
45701,1.91,201301180800
45703,1.91,201301180800
45716,1.16,201301180800
45720,2.06,201301180800
45725,0.83,201301180800
45735,2.91,201301180800
45747,0.52,201301180800
45766,1.01,201301180800
45793,1.76,201301180800
45795,1.27,201301180800
45919,1.94,201301180800
45948,0.95,201301180800
46008,2.94,201301180800
46036,0.9,201301180800
46041,0.85,201301180800
46052,1.34,201301180800
46074,1.19,201301180800
46145,0.75,201301180800
46202,0.52,201301180800
46209,0.69,201301180800
46242,3.0,201301180800
46265,2.6,201301180800
46372,1.85,201301180800
46384,2.97,201301180800
46455,0.69,201301180800
46508,0.97,201301180800
46523,0.96,201301180800
46538,2.66,201301180800
46565,1.64,201301180800
46574,2.13,201301180800
46626,1.02,201301180800
46700,1.49,201301180800
46738,1.41,201301180800
46770,1.07,201301180800
46778,2.96,201301180800
46787,1.95,201301180800
46803,1.14,201301180800
46954,0.63,201301180800
46964,0.55,201301180800
46972,1.52,201301180800
46976,1.85,201301180800
46981,2.49,201301180800
47011,2.71,201301180800
47015,0.85,201301180800
47047,1.26,201301180800
47253,2.35,201301180800
47288,1.07,201301180800
47295,1.75,201301180800
47342,2.12,201301180800
47454,1.25,201301180800
47535,2.2,201301180800
47543,1.87,201301180800
47705,0.57,201301180800
47709,1.65,201301180800
47711,1.9,201301180800
47758,2.19,201301180800
47806,2.7,201301180800
47889,1.34,201301180800
47926,2.62,201301180800
47968,2.62,201301180800
47972,1.06,201301180800
47977,1.27,201301180800
47982,1.55,201301180800
48032,1.84,201301180800
48209,2.47,201301180800
48239,0.83,201301180800
48244,2.8,201301180800
48278,0.99,201301180800
48420,1.16,201301180800
48427,1.51,201301180800
48499,1.85,201301180800
48503,1.38,201301180800
48552,2.85,201301180800
48584,1.96,201301180800
48713,2.92,201301180800
48759,2.26,201301180800
48848,0.73,201301180800
48898,1.97,201301180800
49017,0.83,201301180800
49049,1.15,201301180800
49229,2.53,201301180800
49241,1.96,201301180800
49472,1.03,201301180800
49483,1.4,201301180800
49542,2.52,201301180800
49555,1.04,201301180800
49679,2.39,201301180800
49750,1.99,201301180800
49760,0.78,201301180800
49777,2.5,201301180800
49968,0.67,201301180800
50053,1.04,201301180800
50103,1.41,201301180800
50180,1.79,201301180800
50285,0.69,201301180800
50430,2.7,201301180800
50470,1.37,201301180800
50494,2.53,201301180800
50511,2.4,201301180800
50549,2.01,201301180800
50680,0.84,201301180800
50682,1.09,201301180800
50731,1.86,201301180800
50812,2.02,201301180800
50872,1.12,201301180800
51029,2.97,201301180800
51046,2.0,201301180800
51053,1.99,201301180800
51056,2.1,201301180800
51162,2.36,201301180800
51177,0.6,201301180800
51182,0.75,201301180800
51228,1.88,201301180800
51258,2.36,201301180800
51430,1.46,201301180800
51431,1.67,201301180800
51432,0.91,201301180800
51520,1.78,201301180800
51681,0.92,201301180800
51682,0.66,201301180800
51725,2.08,201301180800
51790,2.88,201301180800
51832,2.56,201301180800
51857,0.56,201301180800
51931,1.91,201301180800
51932,1.49,201301180800
51986,1.84,201301180800
52003,1.67,201301180800
52182,2.88,201301180800
52244,2.83,201301180800
52259,2.13,201301180800
52280,2.51,201301180800
52319,0.61,201301180800
52473,1.63,201301180800
52518,1.82,201301180800
52631,1.95,201301180800
52679,1.52,201301180800
52729,2.51,201301180800
52811,2.96,201301180800
52983,2.48,201301180800
52988,1.12,201301180800
52993,1.02,201301180800
53000,1.48,201301180800
53016,0.96,201301180800
53027,2.22,201301180800
53072,2.8,201301180800
53090,2.79,201301180800
53177,1.26,201301180800
53178,1.79,201301180800
53381,2.5,201301180800
53427,1.61,201301180800
53429,2.92,201301180800
53761,0.91,201301180800
53774,1.48,201301180800
53797,0.88,201301180800
53810,0.64,201301180800
53822,1.5,201301180800
53864,2.93,201301180800
53927,1.2,201301180800
54038,1.99,201301180800
54071,2.47,201301180800
54234,0.99,201301180800
54281,2.45,201301180800
54284,2.64,201301180800
54327,1.29,201301180800
54334,1.85,201301180800
54349,2.22,201301180800
54427,1.74,201301180800
54503,2.23,201301180800
54510,0.61,201301180800
54520,2.23,201301180800
54550,2.56,201301180800
54578,1.81,201301180800
54678,2.62,201301180800
54828,0.73,201301180800
54983,2.71,201301180800
54996,0.63,201301180800
55070,2.63,201301180800
55329,2.44,201301180800
55331,2.73,201301180800
55535,2.01,201301180800
55633,1.96,201301180800
55680,1.5,201301180800
55761,2.34,201301180800
55831,1.28,201301180800
55832,1.4,201301180800
55838,0.87,201301180800
55845,1.95,201301180800
56106,1.39,201301180800
56493,1.24,201301180800
56571,0.92,201301180800
56586,0.84,201301180800
56587,1.12,201301180800
56591,2.45,201301180800
56738,2.62,201301180800
56835,2.75,201301180800
56882,1.16,201301180800
56887,1.96,201301180800
56888,0.6,201301180800
56933,2.82,201301180800
56934,2.96,201301180800
57042,2.49,201301180800
57062,2.68,201301180800
57189,1.76,201301180800
57261,1.26,201301180800
57329,2.75,201301180800
57342,2.79,201301180800
57376,2.85,201301180800
57378,2.45,201301180800
57380,1.42,201301180800
57397,2.42,201301180800
57440,2.04,201301180800
57495,1.2,201301180800
57523,2.02,201301180800
57555,2.37,201301180800
57597,2.06,201301180800
57613,1.43,201301180800
57615,1.98,201301180800
57628,0.82,201301180800
57631,2.08,201301180800
57823,2.11,201301180800
57837,2.09,201301180800
57851,2.37,201301180800
57852,0.66,201301180800
57906,2.36,201301180800
58179,1.34,201301180800
58251,2.28,201301180800
58421,0.65,201301180800
58511,2.62,201301180800
58632,1.29,201301180800
58744,1.79,201301180800
58802,0.78,201301180800
58814,2.85,201301180800
58879,1.1,201301180800
58892,0.5,201301180800
59010,2.02,201301180800
59043,0.97,201301180800
59104,2.17,201301180800
59125,1.57,201301180800
59134,1.12,201301180800
59285,0.91,201301180800
59329,1.15,201301180800
59555,2.11,201301180800
59635,2.1,201301180800
59745,1.2,201301180800
59927,1.2,201301180800
59941,0.68,201301180800
60008,1.18,201301180800
60011,2.66,201301180800
60114,0.84,201301180800
60141,1.31,201301180800
60147,0.76,201301180800
60331,2.4,201301180800
60344,1.76,201301180800
60350,0.51,201301180800
60578,2.51,201301180800
60593,1.63,201301180800
60613,2.18,201301180800
60630,2.33,201301180800
60635,2.64,201301180800
60649,2.18,201301180800
60750,1.75,201301180800
60774,0.99,201301180800
60819,1.85,201301180800
60880,0.72,201301180800
60888,2.22,201301180800
61062,2.14,201301180800
61110,1.87,201301180800
61263,2.94,201301180800
61343,1.21,201301180800
61591,1.16,201301180800
61597,2.77,201301180800
61654,0.88,201301180800
61818,1.97,201301180800
62077,2.46,201301180800
62104,2.92,201301180800
62135,2.23,201301180800
62140,2.53,201301180800
62252,0.81,201301180800
62558,2.3,201301180800
62589,1.01,201301180800
62757,0.62,201301180800
62772,1.9,201301180800
62850,2.77,201301180800
62926,1.06,201301180800
62948,2.26,201301180800
63044,0.51,201301180800
63153,1.31,201301180800
63383,1.3,201301180800
63397,2.26,201301180800
63398,2.17,201301180800
63407,0.89,201301180800
63574,0.67,201301180800
63586,1.75,201301180800
63816,0.85,201301180800
64102,1.39,201301180800
64150,2.95,201301180800
64200,2.48,201301180800
64515,2.68,201301180800
64529,1.05,201301180800
64573,1.55,201301180800
64581,2.73,201301180800
64815,1.73,201301180800
64915,0.81,201301180800
65059,2.46,201301180800
65144,0.71,201301180800
65320,2.25,201301180800
65375,1.25,201301180800
65454,0.5,201301180800
65528,1.03,201301180800
65607,2.96,201301180800
65774,2.28,201301180800
65838,1.84,201301180800
66068,0.78,201301180800
66084,2.74,201301180800
66151,2.94,201301180800
66353,2.71,201301180800
66538,1.22,201301180800
66575,1.82,201301180800
66637,1.15,201301180800
66827,2.11,201301180800
66870,1.95,201301180800
67110,2.0,201301180800
67207,0.55,201301180800
67335,2.22,201301180800
67385,1.43,201301180800
67599,2.25,201301180800
67601,2.83,201301180800
67602,1.47,201301180800
67698,2.55,201301180800
67824,1.08,201301180800
67842,1.58,201301180800
67854,2.66,201301180800
67855,0.78,201301180800
67918,2.5,201301180800
68103,0.76,201301180800
68104,0.68,201301180800
68110,1.02,201301180800
68111,3.0,201301180800
68349,2.97,201301180800
68354,2.25,201301180800
68356,0.61,201301180800
68454,2.15,201301180800
68455,2.7,201301180800
68587,1.79,201301180800
68857,1.1,201301180800
68858,1.28,201301180800
68897,2.23,201301180800
68924,2.95,201301180800
68930,0.94,201301180800
69106,1.24,201301180800
69190,1.84,201301180800
69206,2.71,201301180800
69359,1.56,201301180800
69371,0.67,201301180800
69455,2.58,201301180800
69582,1.85,201301180800
69613,2.05,201301180800
69676,1.76,201301180800
70115,2.42,201301180800
70132,1.18,201301180800
70181,1.17,201301180800
70342,2.05,201301180800
70352,0.86,201301180800
70360,1.47,201301180800
70374,1.39,201301180800
70440,0.9,201301180800
70462,2.95,201301180800
70619,1.43,201301180800
70659,1.86,201301180800
70715,1.16,201301180800
70903,2.45,201301180800
70934,1.1,201301180800
70961,1.35,201301180800
71122,1.28,201301180800
71187,0.79,201301180800
71399,2.93,201301180800
71601,2.36,201301180800
71629,2.46,201301180800
71888,0.77,201301180800
71961,1.29,201301180800
71964,2.54,201301180800
72201,1.8,201301180800
72218,2.64,201301180800
72345,2.84,201301180800
72367,0.59,201301180800
72407,2.73,201301180800
72416,1.4,201301180800
72706,1.79,201301180800
72894,1.56,201301180800
73104,0.52,201301180800
73135,1.26,201301180800
73211,1.24,201301180800
73223,0.74,201301180800
73451,0.51,201301180800
73460,0.74,201301180800
73461,0.72,201301180800
73557,2.64,201301180800
73669,1.61,201301180800
74158,0.56,201301180800
74216,0.91,201301180800
74388,2.4,201301180800
74396,2.81,201301180800
74466,1.84,201301180800
74467,2.22,201301180800
74638,2.6,201301180800
74677,1.52,201301180800
74678,2.6,201301180800
74711,1.03,201301180800
74721,0.78,201301180800
74962,1.8,201301180800
74968,0.5,201301180800
74973,1.43,201301180800
75224,1.77,201301180800
75329,1.15,201301180800
75386,1.17,201301180800
75424,2.05,201301180800
75436,2.38,201301180800
75475,0.89,201301180800
75619,2.95,201301180800
75721,2.26,201301180800
75722,1.66,201301180800
75724,0.67,201301180800
75725,1.24,201301180800
75726,2.75,201301180800
75727,2.14,201301180800
75974,0.69,201301180800
75975,1.07,201301180800
76133,1.95,201301180800
76227,0.66,201301180800
76393,2.9,201301180800
76473,2.23,201301180800
76477,1.14,201301180800
76654,2.74,201301180800
76728,2.09,201301180800
76959,1.74,201301180800
77169,1.51,201301180800
77230,1.33,201301180800
77381,2.45,201301180800
77458,2.92,201301180800
77641,2.73,201301180800
77942,2.64,201301180800
77981,1.89,201301180800
78205,0.58,201301180800
78418,2.42,201301180800
78654,2.5,201301180800
78733,2.73,201301180800
78881,2.69,201301180800
78896,1.9,201301180800
78909,1.25,201301180800
78983,1.99,201301180800
79234,2.13,201301180800
79379,2.87,201301180800
79394,2.83,201301180800
79484,1.22,201301180800
79712,1.76,201301180800
79911,0.5,201301180800
79915,2.44,201301180800
80160,1.23,201301180800
80161,1.79,201301180800
80193,0.9,201301180800
80352,0.77,201301180800
80397,2.23,201301180800
80406,0.97,201301180800
80411,0.69,201301180800
80412,0.72,201301180800
80413,2.84,201301180800
80420,1.36,201301180800
80485,0.9,201301180800
80635,1.85,201301180800
80659,1.78,201301180800
80663,2.14,201301180800
80664,0.85,201301180800
80703,2.3,201301180800
80877,2.18,201301180800
80916,0.58,201301180800
81163,0.9,201301180800
81164,1.29,201301180800
81354,1.77,201301180800
81363,1.48,201301180800
81390,2.35,201301180800
81625,1.65,201301180800
81651,2.92,201301180800
81899,1.24,201301180800
82135,2.42,201301180800
82168,2.57,201301180800
82169,1.09,201301180800
82237,1.85,201301180800
82613,0.72,201301180800
82622,1.45,201301180800
82664,1.08,201301180800
82892,2.53,201301180800
82951,0.69,201301180800
83410,2.91,201301180800
83489,2.27,201301180800
83735,1.33,201301180800
83865,2.69,201301180800
84123,1.48,201301180800
84179,2.1,201301180800
84207,2.72,201301180800
84212,0.97,201301180800
84221,2.07,201301180800
84366,2.46,201301180800
84689,2.22,201301180800
84712,2.43,201301180800
84902,2.4,201301180800
85474,2.33,201301180800
85487,2.82,201301180800
85620,1.21,201301180800
85705,0.78,201301180800
85715,1.31,201301180800
85738,2.97,201301180800
86440,0.58,201301180800
86622,2.69,201301180800
86623,1.65,201301180800
86672,1.86,201301180800
86873,1.99,201301180800
86895,2.2,201301180800
87121,1.22,201301180800
87227,2.23,201301180800
87460,2.13,201301180800
87690,0.76,201301180800
87873,1.92,201301180800
88242,2.99,201301180800
88463,1.9,201301180800
89120,0.51,201301180800
89152,1.67,201301180800
89175,1.16,201301180800
89198,1.96,201301180800
89615,2.94,201301180800
89625,1.76,201301180800
90116,1.52,201301180800
90183,2.38,201301180800
90497,2.5,201301180800
90699,0.58,201301180800
90719,1.33,201301180800
91200,2.18,201301180800
91432,1.79,201301180800
91434,2.09,201301180800
91684,2.74,201301180800
91713,2.93,201301180800
91744,0.75,201301180800
92233,0.86,201301180800
93205,1.33,201301180800
93244,2.13,201301180800
93252,0.57,201301180800
93463,2.61,201301180800
93675,2.9,201301180800
93944,0.82,201301180800
94431,1.94,201301180800
94710,1.0,201301180800
94755,2.91,201301180800
94997,0.89,201301180800
95000,2.99,201301180800
95707,1.97,201301180800
95949,2.87,201301180800
95998,1.38,201301180800
96188,1.34,201301180800
96225,2.89,201301180800
96249,2.03,201301180800
96468,2.38,201301180800
96486,1.52,201301180800
96718,0.85,201301180800
96972,1.36,201301180800
96995,1.84,201301180800
97251,1.54,201301180800
97440,1.65,201301180800
97471,2.32,201301180800
97969,0.65,201301180800
97990,2.6,201301180800
98224,2.28,201301180800
98229,1.4,201301180800
98450,2.32,201301180800
98475,1.18,201301180800
98739,2.87,201301180800
99256,2.72,201301180800
99468,1.24,201301180800
99730,1.74,201301180800
101215,0.73,201301180800
101911,1.18,201301180800
101912,1.87,201301180800
101989,2.58,201301180800
102999,2.5,201301180800
103242,2.09,201301180800
103431,2.8,201301180800
104177,1.72,201301180800
104221,1.68,201301180800
104239,2.09,201301180800
104701,0.72,201301180800
104984,1.71,201301180800
105196,2.77,201301180800
105219,2.67,201301180800
105460,2.89,201301180800
105461,1.64,201301180800
105481,0.64,201301180800
105489,1.85,201301180800
105709,2.69,201301180800
105710,2.13,201301180800
105711,0.67,201301180800
105712,2.55,201301180800
105713,1.26,201301180800
105715,1.45,201301180800
105726,2.86,201301180800
105727,2.24,201301180800
105736,1.22,201301180800
105960,1.13,201301180800
105961,1.99,201301180800
105962,1.44,201301180800
105963,2.73,201301180800
105964,1.0,201301180800
105975,2.74,201301180800
106195,0.8,201301180800
106213,0.93,201301180800
106214,2.67,201301180800
106215,2.1,201301180800
106221,1.99,201301180800
106231,1.59,201301180800
106232,2.38,201301180800
106234,1.58,201301180800
106235,2.66,201301180800
106237,2.51,201301180800
106446,2.92,201301180800
106447,2.17,201301180800
106462,2.18,201301180800
106463,1.86,201301180800
106465,2.93,201301180800
106466,2.08,201301180800
106467,2.14,201301180800
106480,1.89,201301180800
106712,2.29,201301180800
106717,1.0,201301180800
106718,2.67,201301180800
106741,1.49,201301180800
106958,2.36,201301180800
106964,2.0,201301180800
106965,2.93,201301180800
106966,2.68,201301180800
106967,1.9,201301180800
106971,2.57,201301180800
106983,2.24,201301180800
106997,1.76,201301180800
107200,0.95,201301180800
107212,0.79,201301180800
107219,0.82,201301180800
107240,2.96,201301180800
107460,0.57,201301180800
107465,1.84,201301180800
107466,1.29,201301180800
107468,2.45,201301180800
107491,1.76,201301180800
107711,1.81,201301180800
107725,0.56,201301180800
107726,2.86,201301180800
107954,2.89,201301180800
107966,0.88,201301180800
107971,1.36,201301180800
107979,1.12,201301180800
107993,2.36,201301180800
108205,1.34,201301180800
108211,2.4,201301180800
108214,2.66,201301180800
108215,1.95,201301180800
108217,2.68,201301180800
108219,2.13,201301180800
108220,0.86,201301180800
108222,2.3,201301180800
108225,1.34,201301180800
108230,2.83,201301180800
108454,1.84,201301180800
108463,1.53,201301180800
108499,1.05,201301180800
108717,1.05,201301180800
108722,1.44,201301180800
108724,0.71,201301180800
108733,1.98,201301180800
108968,2.51,201301180800
108975,0.86,201301180800
108984,1.86,201301180800
108985,1.54,201301180800
109216,1.91,201301180800
109219,1.23,201301180800
109222,0.77,201301180800
109227,2.13,201301180800
109231,2.52,201301180800
109236,2.56,201301180800
109245,3.0,201301180800
109473,1.71,201301180800
109487,2.89,201301180800
109494,1.96,201301180800
109495,2.74,201301180800
109496,2.67,201301180800
109497,1.8,201301180800
109742,1.81,201301180800
109744,1.26,201301180800
109748,1.94,201301180800
109750,2.07,201301180800
109980,2.91,201301180800
109991,1.0,201301180800
109994,0.55,201301180800
109998,1.68,201301180800
110001,0.95,201301180800
110243,1.76,201301180800
110247,1.26,201301180800
110249,2.99,201301180800
110251,2.3,201301180800
110253,1.28,201301180800
110254,2.8,201301180800
