cell,mobility,dtg
1610,0.79,201301270000
1846,0.75,201301270000
1851,1.71,201301270000
1853,2.5,201301270000
1856,0.82,201301270000
1857,1.23,201301270000
2103,2.57,201301270000
2105,1.6,201301270000
2106,0.62,201301270000
2107,2.71,201301270000
2114,0.53,201301270000
2342,2.17,201301270000
2347,2.11,201301270000
2351,2.12,201301270000
2354,2.73,201301270000
2357,1.93,201301270000
2372,1.31,201301270000
2374,1.22,201301270000
2591,2.84,201301270000
2595,0.88,201301270000
2605,1.53,201301270000
2611,1.99,201301270000
2615,2.52,201301270000
2620,1.71,201301270000
2627,2.14,201301270000
2839,0.99,201301270000
2847,1.25,201301270000
3086,2.04,201301270000
3094,1.76,201301270000
3100,2.46,201301270000
3124,2.42,201301270000
3128,2.53,201301270000
3334,2.91,201301270000
3337,1.79,201301270000
3375,0.73,201301270000
3614,0.77,201301270000
3619,0.83,201301270000
3632,0.94,201301270000
3635,1.65,201301270000
3830,1.21,201301270000
3831,1.22,201301270000
3833,2.81,201301270000
3837,1.93,201301270000
3845,1.24,201301270000
3856,0.52,201301270000
3860,2.07,201301270000
3865,0.58,201301270000
4078,1.79,201301270000
4081,2.95,201301270000
4137,1.86,201301270000
4141,2.67,201301270000
4142,2.45,201301270000
4328,1.31,201301270000
4329,2.93,201301270000
4341,1.99,201301270000
4345,0.65,201301270000
4348,0.5,201301270000
4354,2.3,201301270000
4372,2.04,201301270000
4577,2.34,201301270000
4578,1.21,201301270000
4580,2.11,201301270000
4582,2.66,201301270000
4605,2.16,201301270000
4608,0.91,201301270000
4631,1.99,201301270000
4636,0.76,201301270000
4637,1.5,201301270000
4829,3.0,201301270000
4830,2.9,201301270000
4831,1.26,201301270000
4834,2.71,201301270000
4837,0.89,201301270000
4852,1.61,201301270000
4863,2.05,201301270000
4868,0.84,201301270000
4890,2.84,201301270000
4891,1.86,201301270000
5078,1.87,201301270000
5081,1.53,201301270000
5084,1.78,201301270000
5127,1.59,201301270000
5153,2.59,201301270000
5327,1.33,201301270000
5329,0.82,201301270000
5333,0.77,201301270000
5334,2.11,201301270000
5339,1.43,201301270000
5369,1.67,201301270000
5402,1.72,201301270000
5410,1.55,201301270000
5577,2.25,201301270000
5581,1.09,201301270000
5592,0.57,201301270000
5612,2.1,201301270000
5623,0.56,201301270000
5876,0.56,201301270000
5893,1.45,201301270000
5898,2.01,201301270000
6078,1.56,201301270000
6118,2.14,201301270000
6136,2.27,201301270000
6158,2.13,201301270000
6159,1.79,201301270000
6333,2.18,201301270000
6353,0.81,201301270000
6365,2.05,201301270000
6366,2.29,201301270000
6414,2.54,201301270000
6588,1.32,201301270000
6609,0.64,201301270000
6635,0.64,201301270000
6668,1.77,201301270000
6841,2.4,201301270000
6849,2.55,201301270000
6896,2.56,201301270000
6924,1.45,201301270000
6928,1.86,201301270000
6935,1.96,201301270000
6939,0.98,201301270000
7077,0.85,201301270000
7078,2.63,201301270000
7085,2.88,201301270000
7088,1.71,201301270000
7113,0.71,201301270000
7114,1.2,201301270000
7129,1.15,201301270000
7133,2.68,201301270000
7165,2.27,201301270000
7192,0.68,201301270000
7354,2.89,201301270000
7375,2.38,201301270000
7379,1.45,201301270000
7401,2.67,201301270000
7410,1.49,201301270000
7436,1.07,201301270000
7584,0.98,201301270000
7646,2.91,201301270000
7849,1.82,201301270000
7871,1.34,201301270000
7927,1.85,201301270000
7948,0.99,201301270000
8080,1.65,201301270000
8170,2.29,201301270000
8182,2.74,201301270000
8195,2.16,201301270000
8342,2.77,201301270000
8582,2.29,201301270000
8602,2.47,201301270000
8609,1.72,201301270000
8638,1.07,201301270000
8656,2.62,201301270000
8830,1.31,201301270000
8839,1.69,201301270000
8876,1.72,201301270000
8897,2.41,201301270000
8912,2.61,201301270000
8918,1.85,201301270000
8929,2.25,201301270000
8940,2.09,201301270000
8954,0.91,201301270000
9140,1.81,201301270000
9333,2.27,201301270000
9468,2.3,201301270000
9473,1.83,201301270000
9589,0.7,201301270000
9601,0.55,201301270000
9607,2.96,201301270000
9658,0.6,201301270000
9724,2.37,201301270000
9833,2.86,201301270000
10084,1.52,201301270000
10089,2.13,201301270000
10096,1.89,201301270000
10144,2.24,201301270000
10170,2.6,201301270000
10181,2.93,201301270000
10189,2.95,201301270000
10201,1.76,201301270000
10334,1.04,201301270000
10335,2.59,201301270000
10383,1.29,201301270000
10414,2.28,201301270000
10444,0.52,201301270000
10458,2.79,201301270000
10477,2.29,201301270000
10586,0.88,201301270000
10601,1.11,201301270000
10609,1.87,201301270000
10616,1.44,201301270000
10633,0.58,201301270000
10655,0.94,201301270000
10665,2.97,201301270000
10681,2.01,201301270000
10717,0.65,201301270000
10835,2.16,201301270000
10837,2.65,201301270000
10847,2.12,201301270000
10903,1.54,201301270000
10911,0.75,201301270000
10918,2.45,201301270000
10973,2.94,201301270000
11087,2.02,201301270000
11092,0.63,201301270000
11128,2.52,201301270000
11222,1.34,201301270000
11223,1.23,201301270000
11225,2.04,201301270000
11238,2.59,201301270000
11361,0.73,201301270000
11393,2.71,201301270000
11424,2.22,201301270000
11601,0.8,201301270000
11682,2.07,201301270000
11704,1.61,201301270000
11858,2.35,201301270000
11884,2.91,201301270000
11901,2.91,201301270000
11946,1.38,201301270000
11960,1.3,201301270000
11972,0.65,201301270000
12089,2.62,201301270000
12090,1.97,201301270000
12096,2.9,201301270000
12120,1.21,201301270000
12157,2.94,201301270000
12230,2.66,201301270000
12383,2.55,201301270000
12431,0.61,201301270000
12601,2.55,201301270000
12625,1.3,201301270000
12632,0.84,201301270000
12842,1.66,201301270000
12875,2.68,201301270000
12901,0.67,201301270000
12913,2.38,201301270000
12933,0.59,201301270000
12934,1.83,201301270000
12985,0.81,201301270000
13099,1.18,201301270000
13114,1.37,201301270000
13150,2.94,201301270000
13175,1.22,201301270000
13183,2.11,201301270000
13222,1.12,201301270000
13358,2.4,201301270000
13444,2.47,201301270000
13455,1.94,201301270000
13456,0.8,201301270000
13670,2.92,201301270000
13694,2.5,201301270000
13845,1.99,201301270000
13849,1.63,201301270000
14011,2.11,201301270000
14095,0.77,201301270000
14133,1.47,201301270000
14161,2.16,201301270000
14167,2.03,201301270000
14184,0.84,201301270000
14241,0.88,201301270000
14255,1.9,201301270000
14349,2.93,201301270000
14350,2.19,201301270000
14375,1.93,201301270000
14452,2.15,201301270000
14475,2.76,201301270000
14620,2.6,201301270000
14673,1.22,201301270000
14745,0.51,201301270000
14859,1.85,201301270000
14936,1.36,201301270000
14995,2.48,201301270000
15097,1.74,201301270000
15098,1.86,201301270000
15246,1.85,201301270000
15349,0.52,201301270000
15440,2.95,201301270000
15600,0.99,201301270000
15656,2.76,201301270000
15672,1.85,201301270000
15699,0.59,201301270000
15714,2.88,201301270000
15725,2.71,201301270000
15744,0.92,201301270000
15849,1.57,201301270000
15850,0.62,201301270000
15851,2.39,201301270000
15853,2.45,201301270000
15871,2.51,201301270000
16100,1.7,201301270000
16105,2.92,201301270000
16114,0.68,201301270000
16171,1.14,201301270000
16184,1.42,201301270000
16400,2.25,201301270000
16414,2.2,201301270000
16601,2.8,201301270000
16604,1.03,201301270000
16625,1.37,201301270000
16670,1.93,201301270000
16853,2.19,201301270000
16868,2.62,201301270000
16932,2.5,201301270000
17232,1.68,201301270000
17355,2.27,201301270000
17358,2.01,201301270000
17367,2.35,201301270000
17635,1.44,201301270000
17673,0.7,201301270000
17681,2.4,201301270000
17884,2.91,201301270000
17984,2.85,201301270000
18108,2.84,201301270000
18115,1.88,201301270000
18118,2.22,201301270000
18123,1.7,201301270000
18139,0.52,201301270000
18154,0.64,201301270000
18160,0.78,201301270000
18177,2.28,201301270000
18185,2.04,201301270000
18383,1.1,201301270000
18404,1.15,201301270000
18427,0.69,201301270000
18466,0.56,201301270000
18616,0.7,201301270000
18629,0.95,201301270000
18861,0.53,201301270000
18866,2.81,201301270000
18925,1.54,201301270000
19110,1.88,201301270000
19112,0.52,201301270000
19114,1.85,201301270000
19122,2.82,201301270000
19360,1.4,201301270000
19443,1.82,201301270000
19481,2.49,201301270000
19611,0.77,201301270000
19612,1.32,201301270000
19618,1.05,201301270000
19633,0.87,201301270000
19678,0.63,201301270000
19878,2.61,201301270000
19913,1.47,201301270000
20113,1.64,201301270000
20114,2.21,201301270000
20116,1.77,201301270000
20170,2.68,201301270000
20363,2.41,201301270000
20387,1.28,201301270000
20396,1.6,201301270000
20436,2.16,201301270000
20616,0.84,201301270000
20621,0.82,201301270000
20628,1.09,201301270000
20651,0.94,201301270000
20671,2.4,201301270000
20682,0.64,201301270000
20864,0.89,201301270000
20882,2.76,201301270000
20931,2.77,201301270000
20995,1.66,201301270000
21115,1.13,201301270000
21118,2.94,201301270000
21201,1.27,201301270000
21373,1.36,201301270000
21377,2.26,201301270000
21392,0.72,201301270000
21407,0.57,201301270000
21428,0.84,201301270000
21448,1.69,201301270000
21617,2.38,201301270000
21619,0.98,201301270000
21639,0.54,201301270000
21658,1.07,201301270000
21663,2.41,201301270000
21701,2.19,201301270000
21721,2.11,201301270000
21868,2.67,201301270000
21871,2.15,201301270000
21999,0.54,201301270000
22126,1.0,201301270000
22133,2.69,201301270000
22174,1.55,201301270000
22176,2.83,201301270000
22205,0.62,201301270000
22368,2.22,201301270000
22395,1.29,201301270000
22419,2.41,201301270000
22420,0.9,201301270000
22421,2.13,201301270000
22422,1.49,201301270000
22619,0.79,201301270000
22630,1.74,201301270000
22634,2.62,201301270000
22671,1.96,201301270000
22673,0.89,201301270000
22700,0.93,201301270000
22751,1.69,201301270000
22768,2.22,201301270000
22869,2.21,201301270000
22877,0.99,201301270000
22928,2.44,201301270000
22940,0.89,201301270000
22955,0.95,201301270000
22963,1.39,201301270000
22966,2.52,201301270000
23120,2.22,201301270000
23124,2.29,201301270000
23125,2.5,201301270000
23131,1.26,201301270000
23138,1.09,201301270000
23169,1.98,201301270000
23194,1.14,201301270000
23216,0.91,201301270000
23370,0.68,201301270000
23371,1.96,201301270000
23379,0.68,201301270000
23386,1.31,201301270000
23388,0.54,201301270000
23427,0.51,201301270000
23621,1.82,201301270000
23627,2.18,201301270000
23635,2.42,201301270000
23641,1.85,201301270000
23662,0.52,201301270000
23669,1.15,201301270000
23690,2.95,201301270000
23744,1.57,201301270000
23750,2.44,201301270000
23872,1.91,201301270000
23873,2.71,201301270000
23875,1.6,201301270000
23881,1.52,201301270000
23894,1.63,201301270000
23896,2.61,201301270000
23907,1.34,201301270000
23925,1.9,201301270000
23973,1.61,201301270000
24005,2.13,201301270000
24009,0.76,201301270000
24032,0.55,201301270000
24122,1.94,201301270000
24123,1.21,201301270000
24149,1.82,201301270000
24247,0.89,201301270000
24251,0.81,201301270000
24265,2.5,201301270000
24266,0.63,201301270000
24373,1.94,201301270000
24374,1.87,201301270000
24380,2.0,201301270000
24381,1.21,201301270000
24383,2.83,201301270000
24387,1.72,201301270000
24402,2.23,201301270000
24405,1.49,201301270000
24423,0.85,201301270000
24623,1.03,201301270000
24626,1.06,201301270000
24643,0.58,201301270000
24732,2.17,201301270000
24734,1.94,201301270000
24739,0.96,201301270000
24774,0.69,201301270000
24775,1.98,201301270000
24781,2.5,201301270000
24837,1.1,201301270000
24874,2.76,201301270000
24877,1.74,201301270000
24879,2.54,201301270000
24880,2.75,201301270000
24895,1.82,201301270000
24920,2.56,201301270000
24990,1.35,201301270000
24991,2.51,201301270000
24993,0.81,201301270000
25124,2.52,201301270000
25125,1.99,201301270000
25126,0.89,201301270000
25129,1.71,201301270000
25130,0.7,201301270000
25132,0.83,201301270000
25136,2.57,201301270000
25138,2.27,201301270000
25141,0.79,201301270000
25179,2.06,201301270000
25187,1.1,201301270000
25375,1.03,201301270000
25376,2.75,201301270000
25377,1.42,201301270000
25379,2.32,201301270000
25385,2.48,201301270000
25395,1.22,201301270000
25400,2.45,201301270000
25405,2.35,201301270000
25412,2.21,201301270000
25427,2.64,201301270000
25626,1.16,201301270000
25627,0.73,201301270000
25628,2.28,201301270000
25629,1.23,201301270000
25632,2.42,201301270000
25633,2.77,201301270000
25642,2.82,201301270000
25715,0.8,201301270000
25747,1.76,201301270000
25763,1.98,201301270000
25876,2.14,201301270000
25877,1.38,201301270000
25878,1.59,201301270000
25881,0.89,201301270000
25882,2.67,201301270000
25886,1.34,201301270000
25888,2.72,201301270000
25926,1.85,201301270000
25997,0.66,201301270000
26005,2.92,201301270000
26035,2.84,201301270000
26127,0.8,201301270000
26129,0.92,201301270000
26130,1.61,201301270000
26133,2.56,201301270000
26135,0.74,201301270000
26136,2.4,201301270000
26138,2.11,201301270000
26139,1.42,201301270000
26141,1.74,201301270000
26148,2.75,201301270000
26168,2.46,201301270000
26378,1.77,201301270000
26379,1.32,201301270000
26380,1.86,201301270000
26381,2.18,201301270000
26382,1.79,201301270000
26383,0.86,201301270000
26385,2.18,201301270000
26386,0.68,201301270000
26387,1.74,201301270000
26389,1.88,201301270000
26391,1.82,201301270000
26392,2.75,201301270000
26393,0.51,201301270000
26396,2.87,201301270000
26403,2.4,201301270000
26408,1.43,201301270000
26427,2.95,201301270000
26450,0.73,201301270000
26492,1.48,201301270000
26546,2.63,201301270000
26563,2.51,201301270000
26564,2.26,201301270000
26628,1.14,201301270000
26629,0.56,201301270000
26630,1.26,201301270000
26631,0.8,201301270000
26633,2.76,201301270000
26634,1.32,201301270000
26656,2.78,201301270000
26674,2.29,201301270000
26708,1.43,201301270000
26752,2.3,201301270000
26754,1.19,201301270000
26755,2.79,201301270000
26782,1.53,201301270000
26846,1.1,201301270000
26879,2.87,201301270000
26880,2.46,201301270000
26881,1.06,201301270000
26882,2.45,201301270000
26883,1.01,201301270000
26884,1.1,201301270000
26885,2.17,201301270000
26886,2.59,201301270000
26887,1.38,201301270000
26889,1.28,201301270000
26890,2.2,201301270000
26891,1.91,201301270000
26892,2.1,201301270000
26893,1.34,201301270000
26894,1.28,201301270000
26895,2.85,201301270000
26897,2.65,201301270000
26905,2.03,201301270000
26938,2.85,201301270000
26964,1.91,201301270000
27006,2.56,201301270000
27042,2.99,201301270000
27098,2.04,201301270000
27130,1.47,201301270000
27131,0.8,201301270000
27132,2.65,201301270000
27133,2.73,201301270000
27134,2.48,201301270000
27135,2.89,201301270000
27136,1.0,201301270000
27137,2.49,201301270000
27138,2.57,201301270000
27142,2.1,201301270000
27143,1.97,201301270000
27145,1.92,201301270000
27148,1.96,201301270000
27149,1.43,201301270000
27152,2.91,201301270000
27155,0.66,201301270000
27175,0.66,201301270000
27209,2.45,201301270000
27247,2.24,201301270000
27381,1.46,201301270000
27382,1.72,201301270000
27383,1.25,201301270000
27384,1.92,201301270000
27386,2.97,201301270000
27387,1.16,201301270000
27388,1.91,201301270000
27389,2.54,201301270000
27390,0.6,201301270000
27392,1.66,201301270000
27395,0.7,201301270000
27404,1.63,201301270000
27415,2.33,201301270000
27427,1.88,201301270000
27489,1.93,201301270000
27494,1.36,201301270000
27498,0.61,201301270000
27518,2.25,201301270000
27632,2.2,201301270000
27633,2.3,201301270000
27634,0.75,201301270000
27635,1.96,201301270000
27636,0.76,201301270000
27637,1.73,201301270000
27638,2.69,201301270000
27639,2.33,201301270000
27640,3.0,201301270000
27642,0.68,201301270000
27643,2.02,201301270000
27645,1.55,201301270000
27646,1.55,201301270000
27647,0.78,201301270000
27649,2.88,201301270000
27654,2.53,201301270000
27763,2.99,201301270000
27764,0.79,201301270000
27796,2.89,201301270000
27797,2.82,201301270000
27883,0.81,201301270000
27884,1.83,201301270000
27885,2.6,201301270000
27886,0.71,201301270000
27887,0.75,201301270000
27888,0.95,201301270000
27889,2.85,201301270000
27890,1.06,201301270000
27891,1.14,201301270000
27892,1.04,201301270000
27894,2.79,201301270000
27895,1.41,201301270000
27897,2.16,201301270000
27902,1.44,201301270000
27908,0.92,201301270000
27911,2.26,201301270000
27930,1.93,201301270000
27971,2.24,201301270000
28004,2.36,201301270000
28015,2.1,201301270000
28049,2.22,201301270000
28102,2.58,201301270000
28134,0.71,201301270000
28135,0.74,201301270000
28136,1.82,201301270000
28137,2.5,201301270000
28138,0.59,201301270000
28139,1.24,201301270000
28140,1.17,201301270000
28142,1.04,201301270000
28143,1.36,201301270000
28144,2.92,201301270000
28146,1.55,201301270000
28154,1.73,201301270000
28156,0.95,201301270000
28216,1.7,201301270000
28239,2.79,201301270000
28384,1.79,201301270000
28385,2.32,201301270000
28386,0.69,201301270000
28387,0.73,201301270000
28388,1.71,201301270000
28389,0.51,201301270000
28390,1.56,201301270000
28391,1.48,201301270000
28392,2.82,201301270000
28393,2.41,201301270000
28394,1.71,201301270000
28396,1.83,201301270000
28397,0.63,201301270000
28400,2.86,201301270000
28401,1.49,201301270000
28405,2.26,201301270000
28427,2.0,201301270000
28467,1.95,201301270000
28496,1.85,201301270000
28497,2.75,201301270000
28519,0.64,201301270000
28535,1.0,201301270000
28539,1.07,201301270000
28545,2.59,201301270000
28557,0.76,201301270000
28635,1.39,201301270000
28636,1.2,201301270000
28637,1.3,201301270000
28638,1.69,201301270000
28639,2.24,201301270000
28640,1.25,201301270000
28641,0.64,201301270000
28642,2.26,201301270000
28643,1.33,201301270000
28644,2.26,201301270000
28645,1.15,201301270000
28646,1.96,201301270000
28649,0.53,201301270000
28658,1.38,201301270000
28667,1.43,201301270000
28675,0.69,201301270000
28751,2.56,201301270000
28753,2.94,201301270000
28754,0.98,201301270000
28788,2.17,201301270000
28812,1.95,201301270000
28823,2.18,201301270000
28886,1.91,201301270000
28887,2.6,201301270000
28888,1.3,201301270000
28889,2.31,201301270000
28890,2.11,201301270000
28891,1.92,201301270000
28892,2.31,201301270000
28893,2.03,201301270000
28894,2.19,201301270000
28895,1.13,201301270000
28896,1.21,201301270000
28897,1.18,201301270000
28899,1.53,201301270000
28900,2.85,201301270000
28901,2.22,201301270000
28902,1.3,201301270000
28905,1.51,201301270000
28912,1.35,201301270000
28960,0.73,201301270000
28969,2.34,201301270000
29004,2.38,201301270000
29012,1.26,201301270000
29026,1.14,201301270000
29068,2.94,201301270000
29076,1.96,201301270000
29088,2.02,201301270000
29094,0.88,201301270000
29136,2.92,201301270000
29137,2.75,201301270000
29138,2.1,201301270000
29139,1.46,201301270000
29140,2.16,201301270000
29141,2.58,201301270000
29142,1.13,201301270000
29143,0.62,201301270000
29144,1.7,201301270000
29146,2.0,201301270000
29147,1.45,201301270000
29148,1.84,201301270000
29149,2.7,201301270000
29151,0.52,201301270000
29158,1.84,201301270000
29165,2.78,201301270000
29171,0.87,201301270000
29190,1.59,201301270000
29247,2.98,201301270000
29387,0.95,201301270000
29388,2.15,201301270000
29389,0.97,201301270000
29390,2.33,201301270000
29391,1.58,201301270000
29392,1.89,201301270000
29393,2.32,201301270000
29394,1.69,201301270000
29395,0.51,201301270000
29396,1.96,201301270000
29397,1.86,201301270000
29398,2.43,201301270000
29399,2.9,201301270000
29401,2.39,201301270000
29402,1.68,201301270000
29403,2.25,201301270000
29405,2.93,201301270000
29409,0.64,201301270000
29425,2.71,201301270000
29429,0.89,201301270000
29495,2.72,201301270000
29498,1.96,201301270000
29533,0.68,201301270000
29556,2.06,201301270000
29638,1.53,201301270000
29639,1.81,201301270000
29640,2.91,201301270000
29641,0.65,201301270000
29642,2.55,201301270000
29643,2.8,201301270000
29644,0.55,201301270000
29645,2.11,201301270000
29648,2.1,201301270000
29649,1.46,201301270000
29650,2.67,201301270000
29654,2.47,201301270000
29663,2.82,201301270000
29670,2.57,201301270000
29710,0.76,201301270000
29730,1.58,201301270000
29733,2.48,201301270000
29736,1.99,201301270000
29766,1.89,201301270000
29891,2.63,201301270000
29892,2.31,201301270000
29893,0.98,201301270000
29894,2.27,201301270000
29895,0.65,201301270000
29896,1.75,201301270000
29897,2.96,201301270000
29898,1.57,201301270000
29900,1.67,201301270000
29903,2.74,201301270000
29906,0.56,201301270000
29909,1.08,201301270000
29912,1.62,201301270000
29917,1.66,201301270000
29925,0.85,201301270000
29966,0.72,201301270000
30021,3.0,201301270000
30026,2.98,201301270000
30036,1.48,201301270000
30142,1.88,201301270000
30143,1.18,201301270000
30144,1.77,201301270000
30145,2.13,201301270000
30146,2.69,201301270000
30147,2.2,201301270000
30148,1.76,201301270000
30152,2.15,201301270000
30154,0.68,201301270000
30157,0.54,201301270000
30158,0.78,201301270000
30181,0.5,201301270000
30242,1.54,201301270000
30243,0.99,201301270000
30244,2.66,201301270000
30261,1.38,201301270000
30300,1.06,201301270000
30322,0.75,201301270000
30393,0.71,201301270000
30394,1.42,201301270000
30395,1.7,201301270000
30396,1.41,201301270000
30397,2.29,201301270000
30398,2.26,201301270000
30400,0.56,201301270000
30401,0.92,201301270000
30403,1.77,201301270000
30407,1.96,201301270000
30410,2.83,201301270000
30420,0.87,201301270000
30430,1.67,201301270000
30434,1.32,201301270000
30439,2.56,201301270000
30481,1.03,201301270000
30489,2.83,201301270000
30494,1.44,201301270000
30495,2.01,201301270000
30496,2.71,201301270000
30645,1.82,201301270000
30646,1.09,201301270000
30647,1.68,201301270000
30648,1.03,201301270000
30649,1.39,201301270000
30650,2.16,201301270000
30651,0.81,201301270000
30652,1.23,201301270000
30653,0.8,201301270000
30654,2.84,201301270000
30661,2.55,201301270000
30664,1.37,201301270000
30666,1.05,201301270000
30669,2.61,201301270000
30673,2.22,201301270000
30683,2.66,201301270000
30745,2.53,201301270000
30750,1.81,201301270000
30777,0.87,201301270000
30780,1.64,201301270000
30812,2.97,201301270000
30897,1.15,201301270000
30898,1.51,201301270000
30899,2.56,201301270000
30900,2.6,201301270000
30901,2.64,201301270000
30902,2.83,201301270000
30903,0.74,201301270000
30904,1.68,201301270000
30908,2.13,201301270000
30909,1.97,201301270000
30912,1.42,201301270000
30913,2.71,201301270000
30928,2.44,201301270000
30953,2.6,201301270000
30979,0.92,201301270000
30994,1.21,201301270000
30995,2.04,201301270000
31027,2.53,201301270000
31028,2.01,201301270000
31029,0.98,201301270000
31082,1.14,201301270000
31148,2.35,201301270000
31149,2.58,201301270000
31150,1.74,201301270000
31151,0.83,201301270000
31152,1.76,201301270000
31156,1.51,201301270000
31157,1.14,201301270000
31161,1.53,201301270000
31166,2.89,201301270000
31172,1.44,201301270000
31274,1.09,201301270000
31281,2.09,201301270000
31369,2.3,201301270000
31398,2.58,201301270000
31401,1.02,201301270000
31407,2.29,201301270000
31408,1.21,201301270000
31409,2.9,201301270000
31410,2.06,201301270000
31413,1.26,201301270000
31419,2.25,201301270000
31427,2.9,201301270000
31457,2.6,201301270000
31466,2.92,201301270000
31651,1.33,201301270000
31652,1.66,201301270000
31656,1.49,201301270000
31660,1.27,201301270000
31663,0.57,201301270000
31666,1.04,201301270000
31675,2.23,201301270000
31738,0.74,201301270000
31754,0.84,201301270000
31782,2.57,201301270000
31903,1.02,201301270000
31904,2.3,201301270000
31905,1.63,201301270000
31906,2.64,201301270000
31908,2.32,201301270000
31912,1.01,201301270000
31921,1.72,201301270000
31928,2.37,201301270000
31949,1.45,201301270000
32028,1.45,201301270000
32032,2.91,201301270000
32045,2.87,201301270000
32150,2.28,201301270000
32155,1.42,201301270000
32157,2.41,201301270000
32161,1.73,201301270000
32162,1.11,201301270000
32167,2.4,201301270000
32169,0.81,201301270000
32175,1.37,201301270000
32182,2.18,201301270000
32185,2.86,201301270000
32195,1.61,201301270000
32235,1.73,201301270000
32404,1.58,201301270000
32405,0.79,201301270000
32410,1.98,201301270000
32411,1.56,201301270000
32415,0.54,201301270000
32449,2.5,201301270000
32490,1.36,201301270000
32558,0.5,201301270000
32622,2.82,201301270000
32656,2.57,201301270000
32658,0.53,201301270000
32660,2.55,201301270000
32662,2.53,201301270000
32668,1.86,201301270000
32682,2.91,201301270000
32697,1.21,201301270000
32712,1.25,201301270000
32729,1.47,201301270000
32739,1.54,201301270000
32742,1.64,201301270000
32744,1.2,201301270000
32802,1.35,201301270000
32834,1.94,201301270000
32905,1.51,201301270000
32907,0.54,201301270000
32912,2.45,201301270000
32916,2.76,201301270000
32922,2.05,201301270000
32924,1.91,201301270000
32926,2.52,201301270000
32929,1.89,201301270000
32977,2.87,201301270000
32978,1.97,201301270000
33154,1.46,201301270000
33158,0.69,201301270000
33160,1.15,201301270000
33165,2.84,201301270000
33170,0.56,201301270000
33186,1.86,201301270000
33286,1.15,201301270000
33405,1.71,201301270000
33409,2.35,201301270000
33412,0.91,201301270000
33418,0.59,201301270000
33420,1.0,201301270000
33424,2.46,201301270000
33435,2.35,201301270000
33442,2.81,201301270000
33519,0.95,201301270000
33594,1.65,201301270000
33656,1.94,201301270000
33659,2.95,201301270000
33662,2.39,201301270000
33664,2.17,201301270000
33666,1.94,201301270000
33669,2.59,201301270000
33673,2.51,201301270000
33675,0.62,201301270000
33694,0.64,201301270000
33724,1.55,201301270000
33742,0.63,201301270000
33812,1.05,201301270000
33909,2.68,201301270000
33911,1.21,201301270000
33912,0.8,201301270000
33913,2.24,201301270000
33922,0.67,201301270000
33923,1.15,201301270000
33924,2.69,201301270000
33931,2.61,201301270000
33935,2.86,201301270000
33986,0.81,201301270000
34013,1.28,201301270000
34160,2.27,201301270000
34161,0.66,201301270000
34162,1.21,201301270000
34163,2.99,201301270000
34167,0.6,201301270000
34190,1.86,201301270000
34211,1.34,201301270000
34303,2.56,201301270000
34380,1.57,201301270000
34407,2.27,201301270000
34413,1.17,201301270000
34423,0.98,201301270000
34424,2.76,201301270000
34427,2.32,201301270000
34430,1.64,201301270000
34437,1.12,201301270000
34440,2.96,201301270000
34486,1.12,201301270000
34495,1.91,201301270000
34510,0.59,201301270000
34520,2.66,201301270000
34528,1.84,201301270000
34563,0.77,201301270000
34662,2.8,201301270000
34667,2.13,201301270000
34668,1.43,201301270000
34670,1.86,201301270000
34672,1.43,201301270000
34673,1.84,201301270000
34676,1.05,201301270000
34679,2.85,201301270000
34682,0.71,201301270000
34695,2.34,201301270000
34710,0.78,201301270000
34714,1.84,201301270000
34720,0.66,201301270000
34882,2.44,201301270000
34913,0.82,201301270000
34914,0.59,201301270000
34915,2.32,201301270000
34924,2.88,201301270000
34925,0.84,201301270000
34934,2.08,201301270000
34939,2.92,201301270000
34959,1.14,201301270000
34990,1.19,201301270000
35102,2.71,201301270000
35164,2.82,201301270000
35166,2.22,201301270000
35173,2.94,201301270000
35178,2.04,201301270000
35183,1.4,201301270000
35185,1.12,201301270000
35187,2.72,201301270000
35193,1.72,201301270000
35203,2.99,201301270000
35218,2.3,201301270000
35237,1.94,201301270000
35244,1.62,201301270000
35249,1.36,201301270000
35295,2.38,201301270000
35368,1.36,201301270000
35410,0.67,201301270000
35414,1.86,201301270000
35415,0.82,201301270000
35417,2.58,201301270000
35421,2.9,201301270000
35440,1.0,201301270000
35455,2.25,201301270000
35492,2.42,201301270000
35515,0.56,201301270000
35665,2.82,201301270000
35675,1.05,201301270000
35683,1.7,201301270000
35686,2.59,201301270000
35700,2.64,201301270000
35745,2.1,201301270000
35755,2.22,201301270000
35769,2.23,201301270000
35916,1.54,201301270000
35917,2.44,201301270000
35918,1.69,201301270000
35919,1.13,201301270000
35921,1.56,201301270000
35929,1.27,201301270000
35931,2.88,201301270000
35941,0.93,201301270000
35944,1.51,201301270000
35971,2.45,201301270000
35981,1.94,201301270000
35992,2.27,201301270000
35994,2.4,201301270000
36067,0.63,201301270000
36162,1.15,201301270000
36167,2.33,201301270000
36169,2.94,201301270000
36170,2.2,201301270000
36173,1.66,201301270000
36176,1.43,201301270000
36177,2.52,201301270000
36205,1.22,201301270000
36237,2.77,201301270000
36245,1.26,201301270000
36246,0.76,201301270000
36293,2.67,201301270000
36311,2.48,201301270000
36417,0.97,201301270000
36420,1.44,201301270000
36421,1.93,201301270000
36441,1.36,201301270000
36448,2.56,201301270000
36494,1.63,201301270000
36498,1.18,201301270000
36502,2.97,201301270000
36510,2.34,201301270000
36513,0.63,201301270000
36519,1.28,201301270000
36524,2.62,201301270000
36576,2.81,201301270000
36668,0.74,201301270000
36673,2.31,201301270000
36675,1.44,201301270000
36677,2.67,201301270000
36679,0.89,201301270000
36682,2.79,201301270000
36688,1.97,201301270000
36690,0.95,201301270000
36711,2.33,201301270000
36717,1.95,201301270000
36758,2.58,201301270000
36889,2.91,201301270000
36915,2.92,201301270000
36918,2.17,201301270000
36933,1.98,201301270000
36934,2.07,201301270000
36953,1.52,201301270000
36959,2.04,201301270000
36996,0.8,201301270000
36999,1.51,201301270000
37001,2.76,201301270000
37167,0.56,201301270000
37168,2.98,201301270000
37169,2.29,201301270000
37172,1.81,201301270000
37176,0.65,201301270000
37178,2.51,201301270000
37179,0.78,201301270000
37182,0.69,201301270000
37192,2.79,201301270000
37200,1.28,201301270000
37206,1.96,201301270000
37232,1.24,201301270000
37239,0.6,201301270000
37270,0.9,201301270000
37298,1.84,201301270000
37304,0.77,201301270000
37419,0.75,201301270000
37421,1.43,201301270000
37423,2.91,201301270000
37425,2.28,201301270000
37446,2.13,201301270000
37454,2.84,201301270000
37477,1.54,201301270000
37487,1.26,201301270000
37501,1.95,201301270000
37503,0.75,201301270000
37513,1.76,201301270000
37523,2.37,201301270000
37562,0.95,201301270000
37609,2.26,201301270000
37642,2.81,201301270000
37643,2.52,201301270000
37670,1.71,201301270000
37671,2.42,201301270000
37672,2.14,201301270000
37676,1.22,201301270000
37688,1.0,201301270000
37689,1.9,201301270000
37690,2.57,201301270000
37695,2.4,201301270000
37701,2.84,201301270000
37710,0.67,201301270000
37711,0.8,201301270000
37754,1.29,201301270000
37874,2.79,201301270000
37891,1.35,201301270000
37893,1.3,201301270000
37894,1.75,201301270000
37926,1.39,201301270000
37928,2.82,201301270000
37929,0.94,201301270000
37932,0.61,201301270000
37936,2.68,201301270000
37943,1.23,201301270000
37952,0.65,201301270000
37962,2.37,201301270000
37968,1.79,201301270000
38003,2.71,201301270000
38060,1.26,201301270000
38145,2.25,201301270000
38172,2.47,201301270000
38173,1.41,201301270000
38178,1.8,201301270000
38200,1.92,201301270000
38204,2.67,201301270000
38209,1.89,201301270000
38215,1.45,201301270000
38220,1.98,201301270000
38225,2.65,201301270000
38228,1.46,201301270000
38230,1.06,201301270000
38243,1.81,201301270000
38247,2.39,201301270000
38255,1.4,201301270000
38263,2.84,201301270000
38268,2.65,201301270000
38272,1.16,201301270000
38367,2.63,201301270000
38381,1.45,201301270000
38423,0.65,201301270000
38425,1.8,201301270000
38426,1.42,201301270000
38431,2.25,201301270000
38440,1.32,201301270000
38479,1.98,201301270000
38481,0.86,201301270000
38483,1.62,201301270000
38488,1.49,201301270000
38490,1.59,201301270000
38498,1.41,201301270000
38499,1.32,201301270000
38500,2.39,201301270000
38505,1.39,201301270000
38506,2.03,201301270000
38508,0.55,201301270000
38517,2.67,201301270000
38534,0.72,201301270000
38648,1.29,201301270000
38674,2.28,201301270000
38676,0.91,201301270000
38679,1.28,201301270000
38684,1.68,201301270000
38693,1.56,201301270000
38697,1.99,201301270000
38716,1.2,201301270000
38722,0.89,201301270000
38736,1.96,201301270000
38738,2.88,201301270000
38752,2.94,201301270000
38753,1.77,201301270000
38758,1.45,201301270000
38760,1.35,201301270000
38761,0.71,201301270000
38762,2.28,201301270000
38766,1.23,201301270000
38769,1.48,201301270000
38778,2.35,201301270000
38812,0.91,201301270000
38939,1.17,201301270000
38953,2.65,201301270000
38958,1.15,201301270000
38967,1.1,201301270000
39006,2.66,201301270000
39008,2.35,201301270000
39010,1.51,201301270000
39011,0.84,201301270000
39017,0.64,201301270000
39113,2.25,201301270000
39148,1.61,201301270000
39149,1.77,201301270000
39176,2.22,201301270000
39178,0.74,201301270000
39191,2.99,201301270000
39201,2.24,201301270000
39230,1.04,201301270000
39236,2.7,201301270000
39246,2.72,201301270000
39252,2.81,201301270000
39255,1.04,201301270000
39260,2.8,201301270000
39262,2.62,201301270000
39263,1.05,201301270000
39268,2.78,201301270000
39269,1.04,201301270000
39271,2.01,201301270000
39274,2.3,201301270000
39275,0.93,201301270000
39375,1.35,201301270000
39391,2.63,201301270000
39427,1.98,201301270000
39428,2.56,201301270000
39430,1.16,201301270000
39433,1.87,201301270000
39446,0.84,201301270000
39457,0.52,201301270000
39514,2.77,201301270000
39515,1.01,201301270000
39516,2.16,201301270000
39517,0.84,201301270000
39535,2.43,201301270000
39554,0.88,201301270000
39559,2.21,201301270000
39631,1.15,201301270000
39632,0.8,201301270000
39633,1.57,201301270000
39652,1.85,201301270000
39683,2.91,201301270000
39687,2.59,201301270000
39706,2.16,201301270000
39710,2.11,201301270000
39722,1.26,201301270000
39731,1.81,201301270000
39750,0.89,201301270000
39755,1.8,201301270000
39759,1.84,201301270000
39762,1.08,201301270000
39764,1.23,201301270000
39765,2.0,201301270000
39766,0.75,201301270000
39767,0.82,201301270000
39769,2.02,201301270000
39772,0.6,201301270000
39776,2.19,201301270000
39777,2.53,201301270000
39790,2.42,201301270000
39791,1.36,201301270000
39796,1.03,201301270000
39832,1.82,201301270000
39883,1.6,201301270000
39930,2.85,201301270000
39932,2.96,201301270000
39941,0.93,201301270000
39948,1.56,201301270000
39969,2.09,201301270000
40018,1.88,201301270000
40031,1.86,201301270000
40133,1.51,201301270000
40180,2.2,201301270000
40188,1.21,201301270000
40196,2.3,201301270000
40242,2.1,201301270000
40246,2.31,201301270000
40259,2.5,201301270000
40264,0.56,201301270000
40267,2.24,201301270000
40268,1.36,201301270000
40270,2.09,201301270000
40276,0.76,201301270000
40286,0.51,201301270000
40295,2.1,201301270000
40431,2.86,201301270000
40432,0.93,201301270000
40442,1.84,201301270000
40447,1.79,201301270000
40448,1.67,201301270000
40451,1.0,201301270000
40457,1.5,201301270000
40500,0.81,201301270000
40512,0.81,201301270000
40518,2.66,201301270000
40519,2.43,201301270000
40522,2.2,201301270000
40524,1.24,201301270000
40525,1.69,201301270000
40532,2.92,201301270000
40560,2.31,201301270000
40566,1.77,201301270000
40633,0.69,201301270000
40687,2.44,201301270000
40713,0.94,201301270000
40719,1.31,201301270000
40732,1.65,201301270000
40733,1.12,201301270000
40766,2.28,201301270000
40810,1.33,201301270000
40894,0.77,201301270000
40933,1.46,201301270000
40936,2.94,201301270000
40939,1.3,201301270000
40954,0.89,201301270000
40982,1.18,201301270000
41021,2.37,201301270000
41024,1.48,201301270000
41061,1.34,201301270000
41145,1.78,201301270000
41157,0.84,201301270000
41183,2.66,201301270000
41200,2.24,201301270000
41262,1.24,201301270000
41265,1.85,201301270000
41270,1.8,201301270000
41277,1.53,201301270000
41318,2.45,201301270000
41401,1.21,201301270000
41407,2.29,201301270000
41437,2.76,201301270000
41459,1.4,201301270000
41465,2.88,201301270000
41469,2.59,201301270000
41508,1.21,201301270000
41520,2.65,201301270000
41522,1.24,201301270000
41526,2.43,201301270000
41532,2.55,201301270000
41558,1.54,201301270000
41635,1.63,201301270000
41653,1.32,201301270000
41658,2.28,201301270000
41692,0.99,201301270000
41696,0.6,201301270000
41764,0.74,201301270000
41772,1.0,201301270000
41893,2.29,201301270000
41904,2.74,201301270000
41905,1.76,201301270000
41936,2.48,201301270000
41941,0.55,201301270000
41958,1.76,201301270000
41990,1.39,201301270000
42023,2.82,201301270000
42026,2.38,201301270000
42029,2.29,201301270000
42074,2.47,201301270000
42085,2.09,201301270000
42095,2.58,201301270000
42147,1.49,201301270000
42160,1.63,201301270000
42200,1.77,201301270000
42213,1.37,201301270000
42267,1.65,201301270000
42271,0.61,201301270000
42274,0.74,201301270000
42283,1.96,201301270000
42291,2.38,201301270000
42342,0.72,201301270000
42411,1.2,201301270000
42438,1.67,201301270000
42454,2.25,201301270000
42471,1.28,201301270000
42478,2.37,201301270000
42487,1.06,201301270000
42503,2.03,201301270000
42514,2.56,201301270000
42521,2.65,201301270000
42533,1.33,201301270000
42644,2.52,201301270000
42661,2.18,201301270000
42695,2.26,201301270000
42744,2.7,201301270000
42750,1.92,201301270000
42846,1.45,201301270000
42905,2.0,201301270000
42912,2.4,201301270000
42939,1.11,201301270000
42940,1.24,201301270000
42944,2.87,201301270000
42949,2.26,201301270000
43011,1.17,201301270000
43021,2.01,201301270000
43030,0.88,201301270000
43151,1.24,201301270000
43160,0.9,201301270000
43162,0.67,201301270000
43213,0.64,201301270000
43220,1.79,201301270000
43261,2.73,201301270000
43412,2.59,201301270000
43413,1.6,201301270000
43440,1.62,201301270000
43443,2.24,201301270000
43449,2.0,201301270000
43483,1.63,201301270000
43484,0.85,201301270000
43494,1.89,201301270000
43518,1.56,201301270000
43523,1.31,201301270000
43526,0.88,201301270000
43530,2.11,201301270000
43571,1.12,201301270000
43642,2.85,201301270000
43662,1.78,201301270000
43738,2.9,201301270000
43760,2.79,201301270000
43779,2.0,201301270000
43914,1.53,201301270000
43957,2.72,201301270000
43980,1.0,201301270000
43984,0.94,201301270000
43992,2.3,201301270000
43995,1.89,201301270000
44002,1.31,201301270000
44039,0.6,201301270000
44194,1.73,201301270000
44197,0.97,201301270000
44204,1.02,201301270000
44215,1.26,201301270000
44226,0.76,201301270000
44247,1.69,201301270000
44255,0.63,201301270000
44282,2.5,201301270000
44284,0.66,201301270000
44356,0.9,201301270000
44470,0.91,201301270000
44486,0.91,201301270000
44503,2.18,201301270000
44504,0.65,201301270000
44510,1.38,201301270000
44517,0.61,201301270000
44534,0.93,201301270000
44578,2.67,201301270000
44666,0.68,201301270000
44694,2.84,201301270000
44697,1.69,201301270000
44716,2.41,201301270000
44724,1.62,201301270000
44743,1.56,201301270000
44755,0.63,201301270000
44756,1.07,201301270000
44757,2.93,201301270000
44758,2.05,201301270000
44786,1.4,201301270000
44787,1.88,201301270000
44911,2.18,201301270000
44963,2.54,201301270000
45005,1.16,201301270000
45006,2.41,201301270000
45007,2.26,201301270000
45008,2.53,201301270000
45039,2.79,201301270000
45114,1.83,201301270000
45168,2.4,201301270000
45200,1.2,201301270000
45203,1.69,201301270000
45208,2.85,201301270000
45237,1.57,201301270000
45254,1.43,201301270000
45256,2.07,201301270000
45258,1.67,201301270000
45261,1.29,201301270000
45265,2.36,201301270000
45266,0.9,201301270000
45401,2.55,201301270000
45479,0.76,201301270000
45502,1.06,201301270000
45507,1.48,201301270000
45509,0.92,201301270000
45526,1.32,201301270000
45538,1.42,201301270000
45582,2.58,201301270000
45661,1.66,201301270000
45701,1.7,201301270000
45703,0.74,201301270000
45716,2.63,201301270000
45720,1.59,201301270000
45725,2.52,201301270000
45735,2.23,201301270000
45747,2.32,201301270000
45766,0.54,201301270000
45793,0.87,201301270000
45795,1.8,201301270000
45919,1.22,201301270000
45948,2.19,201301270000
46008,2.7,201301270000
46036,0.52,201301270000
46041,0.53,201301270000
46052,2.69,201301270000
46074,2.39,201301270000
46145,1.54,201301270000
46202,2.35,201301270000
46209,0.67,201301270000
46242,0.72,201301270000
46265,2.98,201301270000
46372,0.8,201301270000
46384,2.29,201301270000
46455,1.44,201301270000
46508,0.67,201301270000
46523,0.58,201301270000
46538,1.11,201301270000
46565,2.57,201301270000
46574,1.45,201301270000
46626,2.68,201301270000
46700,2.19,201301270000
46738,2.18,201301270000
46770,2.51,201301270000
46778,2.17,201301270000
46787,2.75,201301270000
46803,2.4,201301270000
46954,1.49,201301270000
46964,2.08,201301270000
46972,0.59,201301270000
46976,0.51,201301270000
46981,0.93,201301270000
47011,2.28,201301270000
47015,2.77,201301270000
47047,2.81,201301270000
47253,1.71,201301270000
47288,1.18,201301270000
47295,1.57,201301270000
47342,1.95,201301270000
47454,2.3,201301270000
47535,2.26,201301270000
47543,1.47,201301270000
47705,1.04,201301270000
47709,1.26,201301270000
47711,2.72,201301270000
47758,2.16,201301270000
47806,2.73,201301270000
47889,0.6,201301270000
47926,1.3,201301270000
47968,1.48,201301270000
47972,1.88,201301270000
47977,1.18,201301270000
47982,2.88,201301270000
48032,2.35,201301270000
48209,2.88,201301270000
48239,2.7,201301270000
48244,2.7,201301270000
48278,2.41,201301270000
48420,1.03,201301270000
48427,0.99,201301270000
48499,2.5,201301270000
48503,2.48,201301270000
48552,1.48,201301270000
48584,1.87,201301270000
48713,1.05,201301270000
48759,0.84,201301270000
48848,1.95,201301270000
48898,0.98,201301270000
49017,1.63,201301270000
49049,2.09,201301270000
49229,0.84,201301270000
49241,1.2,201301270000
49472,0.72,201301270000
49483,1.82,201301270000
49542,0.58,201301270000
49555,0.71,201301270000
49679,2.36,201301270000
49750,2.12,201301270000
49760,0.61,201301270000
49777,0.72,201301270000
49968,2.28,201301270000
50053,2.97,201301270000
50103,1.63,201301270000
50180,2.85,201301270000
50285,2.6,201301270000
50430,1.84,201301270000
50470,2.47,201301270000
50494,1.35,201301270000
50511,2.38,201301270000
50549,1.65,201301270000
50680,1.17,201301270000
50682,2.39,201301270000
50731,1.48,201301270000
50812,0.73,201301270000
50872,1.55,201301270000
51029,1.73,201301270000
51046,1.01,201301270000
51053,0.62,201301270000
51056,2.27,201301270000
51162,0.64,201301270000
51177,0.81,201301270000
51182,1.08,201301270000
51228,0.78,201301270000
51258,1.92,201301270000
51430,1.73,201301270000
51431,0.82,201301270000
51432,1.8,201301270000
51520,2.49,201301270000
51681,0.83,201301270000
51682,1.59,201301270000
51725,1.59,201301270000
51790,2.15,201301270000
51832,2.36,201301270000
51857,1.38,201301270000
51931,2.03,201301270000
51932,2.74,201301270000
51986,2.69,201301270000
52003,1.99,201301270000
52182,1.17,201301270000
52244,0.69,201301270000
52259,2.43,201301270000
52280,1.56,201301270000
52319,2.09,201301270000
52473,0.62,201301270000
52518,1.91,201301270000
52631,2.01,201301270000
52679,2.38,201301270000
52729,2.43,201301270000
52811,0.8,201301270000
52983,2.98,201301270000
52988,1.44,201301270000
52993,0.82,201301270000
53000,1.73,201301270000
53016,2.05,201301270000
53027,1.48,201301270000
53072,0.9,201301270000
53090,1.83,201301270000
53177,0.75,201301270000
53178,2.08,201301270000
53381,0.81,201301270000
53427,1.9,201301270000
53429,1.19,201301270000
53761,2.51,201301270000
53774,1.03,201301270000
53797,2.86,201301270000
53810,1.53,201301270000
53822,1.59,201301270000
53864,2.56,201301270000
53927,2.49,201301270000
54038,1.43,201301270000
54071,1.28,201301270000
54234,2.47,201301270000
54281,0.62,201301270000
54284,2.05,201301270000
54327,0.94,201301270000
54334,2.23,201301270000
54349,2.73,201301270000
54427,1.47,201301270000
54503,2.56,201301270000
54510,1.63,201301270000
54520,2.18,201301270000
54550,0.77,201301270000
54578,1.88,201301270000
54678,1.86,201301270000
54828,0.84,201301270000
54983,2.72,201301270000
54996,2.52,201301270000
55070,1.71,201301270000
55329,2.75,201301270000
55331,2.5,201301270000
55535,1.38,201301270000
55633,2.49,201301270000
55680,1.54,201301270000
55761,2.69,201301270000
55831,2.32,201301270000
55832,0.84,201301270000
55838,2.51,201301270000
55845,1.0,201301270000
56106,1.92,201301270000
56493,0.96,201301270000
56571,0.94,201301270000
56586,1.76,201301270000
56587,1.9,201301270000
56591,2.36,201301270000
56738,2.05,201301270000
56835,0.75,201301270000
56882,1.75,201301270000
56887,2.28,201301270000
56888,2.78,201301270000
56933,0.81,201301270000
56934,2.46,201301270000
57042,2.91,201301270000
57062,2.65,201301270000
57189,2.65,201301270000
57261,1.85,201301270000
57329,2.16,201301270000
57342,0.85,201301270000
57376,1.61,201301270000
57378,2.95,201301270000
57380,2.27,201301270000
57397,0.76,201301270000
57440,2.27,201301270000
57495,1.82,201301270000
57523,2.66,201301270000
57555,2.3,201301270000
57597,2.34,201301270000
57613,2.39,201301270000
57615,1.4,201301270000
57628,1.97,201301270000
57631,0.53,201301270000
57823,1.57,201301270000
57837,2.84,201301270000
57851,1.11,201301270000
57852,1.63,201301270000
57906,1.59,201301270000
58179,1.81,201301270000
58251,1.07,201301270000
58421,1.17,201301270000
58511,2.69,201301270000
58632,2.4,201301270000
58744,1.39,201301270000
58802,1.26,201301270000
58814,2.66,201301270000
58879,1.91,201301270000
58892,1.76,201301270000
59010,2.29,201301270000
59043,1.12,201301270000
59104,0.88,201301270000
59125,0.89,201301270000
59134,0.81,201301270000
59285,1.64,201301270000
59329,2.22,201301270000
59555,1.9,201301270000
59635,2.65,201301270000
59745,2.87,201301270000
59927,2.1,201301270000
59941,1.33,201301270000
60008,2.24,201301270000
60011,2.79,201301270000
60114,1.26,201301270000
60141,2.49,201301270000
60147,2.52,201301270000
60331,2.11,201301270000
60344,1.01,201301270000
60350,2.86,201301270000
60578,0.64,201301270000
60593,0.53,201301270000
60613,2.72,201301270000
60630,1.11,201301270000
60635,1.36,201301270000
60649,2.78,201301270000
60750,2.09,201301270000
60774,1.91,201301270000
60819,1.37,201301270000
60880,0.62,201301270000
60888,2.31,201301270000
61062,1.67,201301270000
61110,1.85,201301270000
61263,2.28,201301270000
61343,1.98,201301270000
61591,1.76,201301270000
61597,0.97,201301270000
61654,2.88,201301270000
61818,0.67,201301270000
62077,1.35,201301270000
62104,1.11,201301270000
62135,2.08,201301270000
62140,1.27,201301270000
62252,2.01,201301270000
62558,1.81,201301270000
62589,0.77,201301270000
62757,0.99,201301270000
62772,2.01,201301270000
62850,1.61,201301270000
62926,0.97,201301270000
62948,2.7,201301270000
63044,1.6,201301270000
63153,2.87,201301270000
63383,2.33,201301270000
63397,2.61,201301270000
63398,2.7,201301270000
63407,1.71,201301270000
63574,1.01,201301270000
63586,1.16,201301270000
63816,2.22,201301270000
64102,2.03,201301270000
64150,2.72,201301270000
64200,2.98,201301270000
64515,2.61,201301270000
64529,1.29,201301270000
64573,1.99,201301270000
64581,1.35,201301270000
64815,1.3,201301270000
64915,2.02,201301270000
65059,2.18,201301270000
65144,1.94,201301270000
65320,1.16,201301270000
65375,1.39,201301270000
65454,2.05,201301270000
65528,0.54,201301270000
65607,2.71,201301270000
65774,2.98,201301270000
65838,0.69,201301270000
66068,1.31,201301270000
66084,2.89,201301270000
66151,1.59,201301270000
66353,1.26,201301270000
66538,0.68,201301270000
66575,0.89,201301270000
66637,1.34,201301270000
66827,1.92,201301270000
66870,1.8,201301270000
67110,1.13,201301270000
67207,1.14,201301270000
67335,0.8,201301270000
67385,0.76,201301270000
67599,2.0,201301270000
67601,1.32,201301270000
67602,1.35,201301270000
67698,2.91,201301270000
67824,1.74,201301270000
67842,1.32,201301270000
67854,2.59,201301270000
67855,1.0,201301270000
67918,1.68,201301270000
68103,1.18,201301270000
68104,1.14,201301270000
68110,1.54,201301270000
68111,2.58,201301270000
68349,0.78,201301270000
68354,2.55,201301270000
68356,1.76,201301270000
68454,2.92,201301270000
68455,2.93,201301270000
68587,2.77,201301270000
68857,2.32,201301270000
68858,2.12,201301270000
68897,0.68,201301270000
68924,0.9,201301270000
68930,0.77,201301270000
69106,0.82,201301270000
69190,2.37,201301270000
69206,2.94,201301270000
69359,0.94,201301270000
69371,2.58,201301270000
69455,2.65,201301270000
69582,2.18,201301270000
69613,2.98,201301270000
69676,2.1,201301270000
70115,2.09,201301270000
70132,1.31,201301270000
70181,2.37,201301270000
70342,0.7,201301270000
70352,1.75,201301270000
70360,2.9,201301270000
70374,0.97,201301270000
70440,0.75,201301270000
70462,0.67,201301270000
70619,1.83,201301270000
70659,2.44,201301270000
70715,0.65,201301270000
70903,2.25,201301270000
70934,1.65,201301270000
70961,2.37,201301270000
71122,1.26,201301270000
71187,1.95,201301270000
71399,2.61,201301270000
71601,2.65,201301270000
71629,0.62,201301270000
71888,1.14,201301270000
71961,2.64,201301270000
71964,1.95,201301270000
72201,1.2,201301270000
72218,1.03,201301270000
72345,0.83,201301270000
72367,2.66,201301270000
72407,1.37,201301270000
72416,2.85,201301270000
72706,1.99,201301270000
72894,1.8,201301270000
73104,1.51,201301270000
73135,0.83,201301270000
73211,2.86,201301270000
73223,2.35,201301270000
73451,1.41,201301270000
73460,0.73,201301270000
73461,2.21,201301270000
73557,0.77,201301270000
73669,1.85,201301270000
74158,2.63,201301270000
74216,0.52,201301270000
74388,1.19,201301270000
74396,0.71,201301270000
74466,1.47,201301270000
74467,2.78,201301270000
74638,1.11,201301270000
74677,0.68,201301270000
74678,2.96,201301270000
74711,2.19,201301270000
74721,2.23,201301270000
74962,1.15,201301270000
74968,2.14,201301270000
74973,2.24,201301270000
75224,2.74,201301270000
75329,1.55,201301270000
75386,1.28,201301270000
75424,2.33,201301270000
75436,3.0,201301270000
75475,1.81,201301270000
75619,2.02,201301270000
75721,1.69,201301270000
75722,1.52,201301270000
75724,1.94,201301270000
75725,0.96,201301270000
75726,2.19,201301270000
75727,0.92,201301270000
75974,2.57,201301270000
75975,1.43,201301270000
76133,2.25,201301270000
76227,0.66,201301270000
76393,2.75,201301270000
76473,1.44,201301270000
76477,1.76,201301270000
76654,1.14,201301270000
76728,2.36,201301270000
76959,1.69,201301270000
77169,1.38,201301270000
77230,2.81,201301270000
77381,0.56,201301270000
77458,1.32,201301270000
77641,2.89,201301270000
77942,2.1,201301270000
77981,0.69,201301270000
78205,1.11,201301270000
78418,1.35,201301270000
78654,2.75,201301270000
78733,1.7,201301270000
78881,2.87,201301270000
78896,0.81,201301270000
78909,2.14,201301270000
78983,2.68,201301270000
79234,1.44,201301270000
79379,1.54,201301270000
79394,2.28,201301270000
79484,2.96,201301270000
79712,2.8,201301270000
79911,1.76,201301270000
79915,2.26,201301270000
80160,0.65,201301270000
80161,2.66,201301270000
80193,1.69,201301270000
80352,1.02,201301270000
80397,2.02,201301270000
80406,2.69,201301270000
80411,1.1,201301270000
80412,2.7,201301270000
80413,1.85,201301270000
80420,2.4,201301270000
80485,0.52,201301270000
80635,1.96,201301270000
80659,0.81,201301270000
80663,2.96,201301270000
80664,1.14,201301270000
80703,2.74,201301270000
80877,1.55,201301270000
80916,2.73,201301270000
81163,1.7,201301270000
81164,1.24,201301270000
81354,1.36,201301270000
81363,2.64,201301270000
81390,2.46,201301270000
81625,2.7,201301270000
81651,2.79,201301270000
81899,1.64,201301270000
82135,2.55,201301270000
82168,1.79,201301270000
82169,2.95,201301270000
82237,2.22,201301270000
82613,2.63,201301270000
82622,1.35,201301270000
82664,2.58,201301270000
82892,1.36,201301270000
82951,2.39,201301270000
83410,1.42,201301270000
83489,2.81,201301270000
83735,1.55,201301270000
83865,1.97,201301270000
84123,2.7,201301270000
84179,0.51,201301270000
84207,2.83,201301270000
84212,2.02,201301270000
84221,2.62,201301270000
84366,1.08,201301270000
84689,2.64,201301270000
84712,0.84,201301270000
84902,1.38,201301270000
85474,0.82,201301270000
85487,0.78,201301270000
85620,2.92,201301270000
85705,2.52,201301270000
85715,2.52,201301270000
85738,1.82,201301270000
86440,1.9,201301270000
86622,2.19,201301270000
86623,2.37,201301270000
86672,1.25,201301270000
86873,1.53,201301270000
86895,2.16,201301270000
87121,1.67,201301270000
87227,2.27,201301270000
87460,0.67,201301270000
87690,2.55,201301270000
87873,1.39,201301270000
88242,1.82,201301270000
88463,1.74,201301270000
89120,1.18,201301270000
89152,1.32,201301270000
89175,0.78,201301270000
89198,2.34,201301270000
89615,2.11,201301270000
89625,1.79,201301270000
90116,2.09,201301270000
90183,2.48,201301270000
90497,1.4,201301270000
90699,2.47,201301270000
90719,2.43,201301270000
91200,2.88,201301270000
91432,2.93,201301270000
91434,1.44,201301270000
91684,1.36,201301270000
91713,2.29,201301270000
91744,0.85,201301270000
92233,1.43,201301270000
93205,0.92,201301270000
93244,1.98,201301270000
93252,2.72,201301270000
93463,2.42,201301270000
93675,1.0,201301270000
93944,1.23,201301270000
94431,2.49,201301270000
94710,1.16,201301270000
94755,1.66,201301270000
94997,2.96,201301270000
95000,0.74,201301270000
95707,0.82,201301270000
95949,2.62,201301270000
95998,2.1,201301270000
96188,2.83,201301270000
96225,2.42,201301270000
96249,2.08,201301270000
96468,2.26,201301270000
96486,0.98,201301270000
96718,0.82,201301270000
96972,2.27,201301270000
96995,1.17,201301270000
97251,0.91,201301270000
97440,1.45,201301270000
97471,2.79,201301270000
97969,2.66,201301270000
97990,2.56,201301270000
98224,2.48,201301270000
98229,1.36,201301270000
98450,2.97,201301270000
98475,1.91,201301270000
98739,2.78,201301270000
99256,1.64,201301270000
99468,0.64,201301270000
99730,1.02,201301270000
101215,1.07,201301270000
101911,1.77,201301270000
101912,2.99,201301270000
101989,2.99,201301270000
102999,0.67,201301270000
103242,2.48,201301270000
103431,1.44,201301270000
104177,2.17,201301270000
104221,2.03,201301270000
104239,2.5,201301270000
104701,1.17,201301270000
104984,2.59,201301270000
105196,1.33,201301270000
105219,2.31,201301270000
105460,2.69,201301270000
105461,2.8,201301270000
105481,2.01,201301270000
105489,0.8,201301270000
105709,1.33,201301270000
105710,2.97,201301270000
105711,2.44,201301270000
105712,2.33,201301270000
105713,1.84,201301270000
105715,2.67,201301270000
105726,1.06,201301270000
105727,2.04,201301270000
105736,2.89,201301270000
105960,2.71,201301270000
105961,2.51,201301270000
105962,0.63,201301270000
105963,1.64,201301270000
105964,1.96,201301270000
105975,1.23,201301270000
106195,2.66,201301270000
106213,0.57,201301270000
106214,2.69,201301270000
106215,1.86,201301270000
106221,0.57,201301270000
106231,1.21,201301270000
106232,2.38,201301270000
106234,1.79,201301270000
106235,1.01,201301270000
106237,1.77,201301270000
106446,2.75,201301270000
106447,2.77,201301270000
106462,0.69,201301270000
106463,0.59,201301270000
106465,1.23,201301270000
106466,0.64,201301270000
106467,1.81,201301270000
106480,1.79,201301270000
106712,1.08,201301270000
106717,0.52,201301270000
106718,2.03,201301270000
106741,2.75,201301270000
106958,2.62,201301270000
106964,1.8,201301270000
106965,2.35,201301270000
106966,1.77,201301270000
106967,2.13,201301270000
106971,1.29,201301270000
106983,1.83,201301270000
106997,1.31,201301270000
107200,0.67,201301270000
107212,1.68,201301270000
107219,2.81,201301270000
107240,0.94,201301270000
107460,1.13,201301270000
107465,0.58,201301270000
107466,1.2,201301270000
107468,2.46,201301270000
107491,0.51,201301270000
107711,0.74,201301270000
107725,2.09,201301270000
107726,2.9,201301270000
107954,1.21,201301270000
107966,2.1,201301270000
107971,1.64,201301270000
107979,2.12,201301270000
107993,1.56,201301270000
108205,1.71,201301270000
108211,2.11,201301270000
108214,2.65,201301270000
108215,1.92,201301270000
108217,2.54,201301270000
108219,1.67,201301270000
108220,0.99,201301270000
108222,1.02,201301270000
108225,0.63,201301270000
108230,2.46,201301270000
108454,1.67,201301270000
108463,2.64,201301270000
108499,1.11,201301270000
108717,2.73,201301270000
108722,2.25,201301270000
108724,0.54,201301270000
108733,2.22,201301270000
108968,1.02,201301270000
108975,1.91,201301270000
108984,2.2,201301270000
108985,0.66,201301270000
109216,1.57,201301270000
109219,2.84,201301270000
109222,0.5,201301270000
109227,1.73,201301270000
109231,2.37,201301270000
109236,2.16,201301270000
109245,2.52,201301270000
109473,1.51,201301270000
109487,1.28,201301270000
109494,1.35,201301270000
109495,1.11,201301270000
109496,1.51,201301270000
109497,1.93,201301270000
109742,2.53,201301270000
109744,2.68,201301270000
109748,2.07,201301270000
109750,1.05,201301270000
109980,0.52,201301270000
109991,2.96,201301270000
109994,2.46,201301270000
109998,2.66,201301270000
110001,1.2,201301270000
110243,2.85,201301270000
110247,2.79,201301270000
110249,1.78,201301270000
110251,2.76,201301270000
110253,1.92,201301270000
110254,0.54,201301270000
