cell,mobility,dtg
1610,2.79,201301181600
1846,1.53,201301181600
1851,1.01,201301181600
1853,2.46,201301181600
1856,1.21,201301181600
1857,1.93,201301181600
2103,1.01,201301181600
2105,2.37,201301181600
2106,1.85,201301181600
2107,0.53,201301181600
2114,2.96,201301181600
2342,2.65,201301181600
2347,1.99,201301181600
2351,0.77,201301181600
2354,1.67,201301181600
2357,2.76,201301181600
2372,1.89,201301181600
2374,1.91,201301181600
2591,2.53,201301181600
2595,1.71,201301181600
2605,2.89,201301181600
2611,0.57,201301181600
2615,1.76,201301181600
2620,1.07,201301181600
2627,2.29,201301181600
2839,2.51,201301181600
2847,2.24,201301181600
3086,1.64,201301181600
3094,2.37,201301181600
3100,2.38,201301181600
3124,1.88,201301181600
3128,2.9,201301181600
3334,1.87,201301181600
3337,0.5,201301181600
3375,1.79,201301181600
3614,2.84,201301181600
3619,1.31,201301181600
3632,2.29,201301181600
3635,2.79,201301181600
3830,2.05,201301181600
3831,2.51,201301181600
3833,2.89,201301181600
3837,1.67,201301181600
3845,1.39,201301181600
3856,1.37,201301181600
3860,1.2,201301181600
3865,0.57,201301181600
4078,1.3,201301181600
4081,2.82,201301181600
4137,1.31,201301181600
4141,2.17,201301181600
4142,2.79,201301181600
4328,1.49,201301181600
4329,1.7,201301181600
4341,0.72,201301181600
4345,1.22,201301181600
4348,2.27,201301181600
4354,1.34,201301181600
4372,1.71,201301181600
4577,2.87,201301181600
4578,0.73,201301181600
4580,1.0,201301181600
4582,2.69,201301181600
4605,0.74,201301181600
4608,2.39,201301181600
4631,1.11,201301181600
4636,0.99,201301181600
4637,0.75,201301181600
4829,0.71,201301181600
4830,1.28,201301181600
4831,1.18,201301181600
4834,0.8,201301181600
4837,2.67,201301181600
4852,2.1,201301181600
4863,0.63,201301181600
4868,1.62,201301181600
4890,1.92,201301181600
4891,0.57,201301181600
5078,1.68,201301181600
5081,2.24,201301181600
5084,2.01,201301181600
5127,1.45,201301181600
5153,2.28,201301181600
5327,0.95,201301181600
5329,1.93,201301181600
5333,2.43,201301181600
5334,0.8,201301181600
5339,1.11,201301181600
5369,1.62,201301181600
5402,0.86,201301181600
5410,1.11,201301181600
5577,1.93,201301181600
5581,1.56,201301181600
5592,2.03,201301181600
5612,2.62,201301181600
5623,2.47,201301181600
5876,1.13,201301181600
5893,2.87,201301181600
5898,0.99,201301181600
6078,2.24,201301181600
6118,1.17,201301181600
6136,2.63,201301181600
6158,2.75,201301181600
6159,2.36,201301181600
6333,1.94,201301181600
6353,1.35,201301181600
6365,1.94,201301181600
6366,1.63,201301181600
6414,2.69,201301181600
6588,1.9,201301181600
6609,2.51,201301181600
6635,1.54,201301181600
6668,1.25,201301181600
6841,0.6,201301181600
6849,2.33,201301181600
6896,2.93,201301181600
6924,1.27,201301181600
6928,0.51,201301181600
6935,1.56,201301181600
6939,1.67,201301181600
7077,0.62,201301181600
7078,0.53,201301181600
7085,1.22,201301181600
7088,2.1,201301181600
7113,2.33,201301181600
7114,2.97,201301181600
7129,1.47,201301181600
7133,1.73,201301181600
7165,2.31,201301181600
7192,2.34,201301181600
7354,1.94,201301181600
7375,2.88,201301181600
7379,2.65,201301181600
7401,1.42,201301181600
7410,2.45,201301181600
7436,0.7,201301181600
7584,2.22,201301181600
7646,0.9,201301181600
7849,1.81,201301181600
7871,0.89,201301181600
7927,1.86,201301181600
7948,0.99,201301181600
8080,2.44,201301181600
8170,1.76,201301181600
8182,0.65,201301181600
8195,1.45,201301181600
8342,1.17,201301181600
8582,1.73,201301181600
8602,1.9,201301181600
8609,2.07,201301181600
8638,2.39,201301181600
8656,1.95,201301181600
8830,1.8,201301181600
8839,1.52,201301181600
8876,2.59,201301181600
8897,1.07,201301181600
8912,1.37,201301181600
8918,0.58,201301181600
8929,1.21,201301181600
8940,1.36,201301181600
8954,1.22,201301181600
9140,0.72,201301181600
9333,2.83,201301181600
9468,2.25,201301181600
9473,2.67,201301181600
9589,2.47,201301181600
9601,1.52,201301181600
9607,2.99,201301181600
9658,2.1,201301181600
9724,1.9,201301181600
9833,0.96,201301181600
10084,2.69,201301181600
10089,2.31,201301181600
10096,2.62,201301181600
10144,0.98,201301181600
10170,0.58,201301181600
10181,2.16,201301181600
10189,1.8,201301181600
10201,0.93,201301181600
10334,1.13,201301181600
10335,2.74,201301181600
10383,0.79,201301181600
10414,1.58,201301181600
10444,2.78,201301181600
10458,2.31,201301181600
10477,1.76,201301181600
10586,2.44,201301181600
10601,2.8,201301181600
10609,1.1,201301181600
10616,1.54,201301181600
10633,0.62,201301181600
10655,2.15,201301181600
10665,2.26,201301181600
10681,1.0,201301181600
10717,2.96,201301181600
10835,1.1,201301181600
10837,0.72,201301181600
10847,0.59,201301181600
10903,1.92,201301181600
10911,2.49,201301181600
10918,0.62,201301181600
10973,0.97,201301181600
11087,2.47,201301181600
11092,1.81,201301181600
11128,1.4,201301181600
11222,1.01,201301181600
11223,0.95,201301181600
11225,2.55,201301181600
11238,2.38,201301181600
11361,1.41,201301181600
11393,2.28,201301181600
11424,1.4,201301181600
11601,2.89,201301181600
11682,2.76,201301181600
11704,1.09,201301181600
11858,0.77,201301181600
11884,2.35,201301181600
11901,1.5,201301181600
11946,2.26,201301181600
11960,2.7,201301181600
11972,1.48,201301181600
12089,1.73,201301181600
12090,2.88,201301181600
12096,2.77,201301181600
12120,2.07,201301181600
12157,0.99,201301181600
12230,1.77,201301181600
12383,2.95,201301181600
12431,0.95,201301181600
12601,0.73,201301181600
12625,1.38,201301181600
12632,1.7,201301181600
12842,2.06,201301181600
12875,0.63,201301181600
12901,1.17,201301181600
12913,2.75,201301181600
12933,2.16,201301181600
12934,1.24,201301181600
12985,1.29,201301181600
13099,1.1,201301181600
13114,1.74,201301181600
13150,2.19,201301181600
13175,0.76,201301181600
13183,1.44,201301181600
13222,1.39,201301181600
13358,2.2,201301181600
13444,2.2,201301181600
13455,1.21,201301181600
13456,2.51,201301181600
13670,2.17,201301181600
13694,1.9,201301181600
13845,0.99,201301181600
13849,2.66,201301181600
14011,1.86,201301181600
14095,0.5,201301181600
14133,1.59,201301181600
14161,0.83,201301181600
14167,1.71,201301181600
14184,1.23,201301181600
14241,1.05,201301181600
14255,0.92,201301181600
14349,2.49,201301181600
14350,2.48,201301181600
14375,2.78,201301181600
14452,2.78,201301181600
14475,0.85,201301181600
14620,2.69,201301181600
14673,0.93,201301181600
14745,1.71,201301181600
14859,2.29,201301181600
14936,1.32,201301181600
14995,2.42,201301181600
15097,1.2,201301181600
15098,2.06,201301181600
15246,1.25,201301181600
15349,1.37,201301181600
15440,0.73,201301181600
15600,2.79,201301181600
15656,1.91,201301181600
15672,2.8,201301181600
15699,2.61,201301181600
15714,1.86,201301181600
15725,0.97,201301181600
15744,1.81,201301181600
15849,1.19,201301181600
15850,0.58,201301181600
15851,2.12,201301181600
15853,2.69,201301181600
15871,1.04,201301181600
16100,0.71,201301181600
16105,1.16,201301181600
16114,1.12,201301181600
16171,1.55,201301181600
16184,0.61,201301181600
16400,1.33,201301181600
16414,2.7,201301181600
16601,0.85,201301181600
16604,1.61,201301181600
16625,1.82,201301181600
16670,2.39,201301181600
16853,0.89,201301181600
16868,2.38,201301181600
16932,0.86,201301181600
17232,1.33,201301181600
17355,2.01,201301181600
17358,2.64,201301181600
17367,1.92,201301181600
17635,2.28,201301181600
17673,2.97,201301181600
17681,2.35,201301181600
17884,1.9,201301181600
17984,2.58,201301181600
18108,1.44,201301181600
18115,2.16,201301181600
18118,0.98,201301181600
18123,2.38,201301181600
18139,2.41,201301181600
18154,2.33,201301181600
18160,0.85,201301181600
18177,2.81,201301181600
18185,1.13,201301181600
18383,2.75,201301181600
18404,2.27,201301181600
18427,0.97,201301181600
18466,2.74,201301181600
18616,1.73,201301181600
18629,1.85,201301181600
18861,1.05,201301181600
18866,2.57,201301181600
18925,2.83,201301181600
19110,2.88,201301181600
19112,0.76,201301181600
19114,0.74,201301181600
19122,2.95,201301181600
19360,1.54,201301181600
19443,2.21,201301181600
19481,0.65,201301181600
19611,1.06,201301181600
19612,0.68,201301181600
19618,0.64,201301181600
19633,0.73,201301181600
19678,0.63,201301181600
19878,1.28,201301181600
19913,1.56,201301181600
20113,2.3,201301181600
20114,0.98,201301181600
20116,1.3,201301181600
20170,1.78,201301181600
20363,2.56,201301181600
20387,2.51,201301181600
20396,1.41,201301181600
20436,1.96,201301181600
20616,2.81,201301181600
20621,1.94,201301181600
20628,1.0,201301181600
20651,2.17,201301181600
20671,2.98,201301181600
20682,2.05,201301181600
20864,1.43,201301181600
20882,0.64,201301181600
20931,0.54,201301181600
20995,2.85,201301181600
21115,2.19,201301181600
21118,0.84,201301181600
21201,0.96,201301181600
21373,2.69,201301181600
21377,0.76,201301181600
21392,2.52,201301181600
21407,2.01,201301181600
21428,1.38,201301181600
21448,1.84,201301181600
21617,2.53,201301181600
21619,0.95,201301181600
21639,1.89,201301181600
21658,1.66,201301181600
21663,1.8,201301181600
21701,1.78,201301181600
21721,1.44,201301181600
21868,1.56,201301181600
21871,1.16,201301181600
21999,0.98,201301181600
22126,2.87,201301181600
22133,1.68,201301181600
22174,0.99,201301181600
22176,0.65,201301181600
22205,1.13,201301181600
22368,2.29,201301181600
22395,1.48,201301181600
22419,2.59,201301181600
22420,1.22,201301181600
22421,1.34,201301181600
22422,1.06,201301181600
22619,1.07,201301181600
22630,1.57,201301181600
22634,1.5,201301181600
22671,0.84,201301181600
22673,1.34,201301181600
22700,2.6,201301181600
22751,1.42,201301181600
22768,2.34,201301181600
22869,1.08,201301181600
22877,2.01,201301181600
22928,2.46,201301181600
22940,2.5,201301181600
22955,1.32,201301181600
22963,2.94,201301181600
22966,1.88,201301181600
23120,1.41,201301181600
23124,2.17,201301181600
23125,2.67,201301181600
23131,2.96,201301181600
23138,1.2,201301181600
23169,2.92,201301181600
23194,0.68,201301181600
23216,0.58,201301181600
23370,1.83,201301181600
23371,2.86,201301181600
23379,1.15,201301181600
23386,1.4,201301181600
23388,2.56,201301181600
23427,1.74,201301181600
23621,1.29,201301181600
23627,2.71,201301181600
23635,0.81,201301181600
23641,1.66,201301181600
23662,2.53,201301181600
23669,0.66,201301181600
23690,2.48,201301181600
23744,2.76,201301181600
23750,1.85,201301181600
23872,0.89,201301181600
23873,2.21,201301181600
23875,0.95,201301181600
23881,1.05,201301181600
23894,1.69,201301181600
23896,2.71,201301181600
23907,0.55,201301181600
23925,1.17,201301181600
23973,0.57,201301181600
24005,0.8,201301181600
24009,1.61,201301181600
24032,2.15,201301181600
24122,0.71,201301181600
24123,1.74,201301181600
24149,1.79,201301181600
24247,1.94,201301181600
24251,1.78,201301181600
24265,1.68,201301181600
24266,1.79,201301181600
24373,2.49,201301181600
24374,2.43,201301181600
24380,1.21,201301181600
24381,1.15,201301181600
24383,1.55,201301181600
24387,1.16,201301181600
24402,2.13,201301181600
24405,1.03,201301181600
24423,2.24,201301181600
24623,0.64,201301181600
24626,0.62,201301181600
24643,2.95,201301181600
24732,0.81,201301181600
24734,2.55,201301181600
24739,2.9,201301181600
24774,2.03,201301181600
24775,2.01,201301181600
24781,2.6,201301181600
24837,2.95,201301181600
24874,2.88,201301181600
24877,2.73,201301181600
24879,2.68,201301181600
24880,2.07,201301181600
24895,0.51,201301181600
24920,0.91,201301181600
24990,0.76,201301181600
24991,0.7,201301181600
24993,1.59,201301181600
25124,1.8,201301181600
25125,2.22,201301181600
25126,1.82,201301181600
25129,2.39,201301181600
25130,1.2,201301181600
25132,1.24,201301181600
25136,0.53,201301181600
25138,1.11,201301181600
25141,0.55,201301181600
25179,2.56,201301181600
25187,1.3,201301181600
25375,2.21,201301181600
25376,0.62,201301181600
25377,1.04,201301181600
25379,2.97,201301181600
25385,1.65,201301181600
25395,1.64,201301181600
25400,2.91,201301181600
25405,0.53,201301181600
25412,1.83,201301181600
25427,1.22,201301181600
25626,2.05,201301181600
25627,0.79,201301181600
25628,2.56,201301181600
25629,1.57,201301181600
25632,2.48,201301181600
25633,1.54,201301181600
25642,0.87,201301181600
25715,0.71,201301181600
25747,1.35,201301181600
25763,0.92,201301181600
25876,2.2,201301181600
25877,1.66,201301181600
25878,2.19,201301181600
25881,2.47,201301181600
25882,0.83,201301181600
25886,0.72,201301181600
25888,0.93,201301181600
25926,2.11,201301181600
25997,1.61,201301181600
26005,0.61,201301181600
26035,0.71,201301181600
26127,1.23,201301181600
26129,1.44,201301181600
26130,0.64,201301181600
26133,0.54,201301181600
26135,0.96,201301181600
26136,1.36,201301181600
26138,0.55,201301181600
26139,1.32,201301181600
26141,2.16,201301181600
26148,1.43,201301181600
26168,2.02,201301181600
26378,1.33,201301181600
26379,2.79,201301181600
26380,2.77,201301181600
26381,2.14,201301181600
26382,2.67,201301181600
26383,0.98,201301181600
26385,2.91,201301181600
26386,2.59,201301181600
26387,2.22,201301181600
26389,2.09,201301181600
26391,1.93,201301181600
26392,0.51,201301181600
26393,1.0,201301181600
26396,0.96,201301181600
26403,2.3,201301181600
26408,1.4,201301181600
26427,2.52,201301181600
26450,1.76,201301181600
26492,2.48,201301181600
26546,1.16,201301181600
26563,2.1,201301181600
26564,2.63,201301181600
26628,0.95,201301181600
26629,2.63,201301181600
26630,2.79,201301181600
26631,1.28,201301181600
26633,1.15,201301181600
26634,1.51,201301181600
26656,1.86,201301181600
26674,0.94,201301181600
26708,1.5,201301181600
26752,1.68,201301181600
26754,2.39,201301181600
26755,1.57,201301181600
26782,2.76,201301181600
26846,0.88,201301181600
26879,2.29,201301181600
26880,0.54,201301181600
26881,0.64,201301181600
26882,2.71,201301181600
26883,1.2,201301181600
26884,1.26,201301181600
26885,2.88,201301181600
26886,2.44,201301181600
26887,0.98,201301181600
26889,0.67,201301181600
26890,1.85,201301181600
26891,1.19,201301181600
26892,2.99,201301181600
26893,0.99,201301181600
26894,1.68,201301181600
26895,1.36,201301181600
26897,2.27,201301181600
26905,2.57,201301181600
26938,1.88,201301181600
26964,1.56,201301181600
27006,1.47,201301181600
27042,2.12,201301181600
27098,2.14,201301181600
27130,2.05,201301181600
27131,0.62,201301181600
27132,2.59,201301181600
27133,1.86,201301181600
27134,1.41,201301181600
27135,2.29,201301181600
27136,0.76,201301181600
27137,2.28,201301181600
27138,1.93,201301181600
27142,2.23,201301181600
27143,1.41,201301181600
27145,2.88,201301181600
27148,2.95,201301181600
27149,2.41,201301181600
27152,2.9,201301181600
27155,1.96,201301181600
27175,1.04,201301181600
27209,2.6,201301181600
27247,1.39,201301181600
27381,0.52,201301181600
27382,2.4,201301181600
27383,1.1,201301181600
27384,1.03,201301181600
27386,2.45,201301181600
27387,1.3,201301181600
27388,2.14,201301181600
27389,1.05,201301181600
27390,2.57,201301181600
27392,1.18,201301181600
27395,1.8,201301181600
27404,2.48,201301181600
27415,2.59,201301181600
27427,1.98,201301181600
27489,2.05,201301181600
27494,1.95,201301181600
27498,0.96,201301181600
27518,2.26,201301181600
27632,2.68,201301181600
27633,1.6,201301181600
27634,1.35,201301181600
27635,2.19,201301181600
27636,1.48,201301181600
27637,2.44,201301181600
27638,1.41,201301181600
27639,1.09,201301181600
27640,1.21,201301181600
27642,1.14,201301181600
27643,1.61,201301181600
27645,0.73,201301181600
27646,2.45,201301181600
27647,2.55,201301181600
27649,0.7,201301181600
27654,1.66,201301181600
27763,2.6,201301181600
27764,2.7,201301181600
27796,1.35,201301181600
27797,1.0,201301181600
27883,0.57,201301181600
27884,2.08,201301181600
27885,1.58,201301181600
27886,1.78,201301181600
27887,1.27,201301181600
27888,2.62,201301181600
27889,1.1,201301181600
27890,1.11,201301181600
27891,2.15,201301181600
27892,1.89,201301181600
27894,2.4,201301181600
27895,0.66,201301181600
27897,2.51,201301181600
27902,2.44,201301181600
27908,2.09,201301181600
27911,2.73,201301181600
27930,1.48,201301181600
27971,2.94,201301181600
28004,1.37,201301181600
28015,2.39,201301181600
28049,1.08,201301181600
28102,0.71,201301181600
28134,1.14,201301181600
28135,0.64,201301181600
28136,2.3,201301181600
28137,2.37,201301181600
28138,2.84,201301181600
28139,2.44,201301181600
28140,0.78,201301181600
28142,1.74,201301181600
28143,0.77,201301181600
28144,2.32,201301181600
28146,2.44,201301181600
28154,1.05,201301181600
28156,1.7,201301181600
28216,2.53,201301181600
28239,1.39,201301181600
28384,0.59,201301181600
28385,1.33,201301181600
28386,2.99,201301181600
28387,2.67,201301181600
28388,2.86,201301181600
28389,1.33,201301181600
28390,0.72,201301181600
28391,1.37,201301181600
28392,0.55,201301181600
28393,2.87,201301181600
28394,2.65,201301181600
28396,0.79,201301181600
28397,2.72,201301181600
28400,2.47,201301181600
28401,2.93,201301181600
28405,2.9,201301181600
28427,1.75,201301181600
28467,0.8,201301181600
28496,1.28,201301181600
28497,1.53,201301181600
28519,2.12,201301181600
28535,2.51,201301181600
28539,1.35,201301181600
28545,1.28,201301181600
28557,1.04,201301181600
28635,1.6,201301181600
28636,1.19,201301181600
28637,1.49,201301181600
28638,1.21,201301181600
28639,1.97,201301181600
28640,1.63,201301181600
28641,2.74,201301181600
28642,1.16,201301181600
28643,2.86,201301181600
28644,1.04,201301181600
28645,1.75,201301181600
28646,2.18,201301181600
28649,1.82,201301181600
28658,1.63,201301181600
28667,2.67,201301181600
28675,0.83,201301181600
28751,2.31,201301181600
28753,0.83,201301181600
28754,0.91,201301181600
28788,0.9,201301181600
28812,2.58,201301181600
28823,2.04,201301181600
28886,2.15,201301181600
28887,1.92,201301181600
28888,2.96,201301181600
28889,1.66,201301181600
28890,0.9,201301181600
28891,2.68,201301181600
28892,0.53,201301181600
28893,1.21,201301181600
28894,1.34,201301181600
28895,2.52,201301181600
28896,1.75,201301181600
28897,1.38,201301181600
28899,2.66,201301181600
28900,2.85,201301181600
28901,0.75,201301181600
28902,2.51,201301181600
28905,1.16,201301181600
28912,0.65,201301181600
28960,2.03,201301181600
28969,0.71,201301181600
29004,1.54,201301181600
29012,1.68,201301181600
29026,1.97,201301181600
29068,0.92,201301181600
29076,2.43,201301181600
29088,1.75,201301181600
29094,1.15,201301181600
29136,2.97,201301181600
29137,1.98,201301181600
29138,2.78,201301181600
29139,1.8,201301181600
29140,1.34,201301181600
29141,2.42,201301181600
29142,1.39,201301181600
29143,0.6,201301181600
29144,1.33,201301181600
29146,1.98,201301181600
29147,1.46,201301181600
29148,2.39,201301181600
29149,1.04,201301181600
29151,0.65,201301181600
29158,2.05,201301181600
29165,1.07,201301181600
29171,2.43,201301181600
29190,1.19,201301181600
29247,1.65,201301181600
29387,1.15,201301181600
29388,1.54,201301181600
29389,1.28,201301181600
29390,1.29,201301181600
29391,1.58,201301181600
29392,1.39,201301181600
29393,1.78,201301181600
29394,0.97,201301181600
29395,1.77,201301181600
29396,1.41,201301181600
29397,2.9,201301181600
29398,1.58,201301181600
29399,1.47,201301181600
29401,2.0,201301181600
29402,2.99,201301181600
29403,2.75,201301181600
29405,0.67,201301181600
29409,1.57,201301181600
29425,0.59,201301181600
29429,2.77,201301181600
29495,2.04,201301181600
29498,2.51,201301181600
29533,2.52,201301181600
29556,1.41,201301181600
29638,2.55,201301181600
29639,2.89,201301181600
29640,0.73,201301181600
29641,2.82,201301181600
29642,2.24,201301181600
29643,0.82,201301181600
29644,1.61,201301181600
29645,2.85,201301181600
29648,1.3,201301181600
29649,1.61,201301181600
29650,2.98,201301181600
29654,2.68,201301181600
29663,1.17,201301181600
29670,2.43,201301181600
29710,1.1,201301181600
29730,1.93,201301181600
29733,1.65,201301181600
29736,2.87,201301181600
29766,2.52,201301181600
29891,1.0,201301181600
29892,0.68,201301181600
29893,2.17,201301181600
29894,0.67,201301181600
29895,2.51,201301181600
29896,1.07,201301181600
29897,1.04,201301181600
29898,2.41,201301181600
29900,2.9,201301181600
29903,2.07,201301181600
29906,2.52,201301181600
29909,1.62,201301181600
29912,0.68,201301181600
29917,2.59,201301181600
29925,1.32,201301181600
29966,1.76,201301181600
30021,2.07,201301181600
30026,2.22,201301181600
30036,2.11,201301181600
30142,1.88,201301181600
30143,1.02,201301181600
30144,0.64,201301181600
30145,1.73,201301181600
30146,2.0,201301181600
30147,2.2,201301181600
30148,0.94,201301181600
30152,2.36,201301181600
30154,1.47,201301181600
30157,0.6,201301181600
30158,2.72,201301181600
30181,1.25,201301181600
30242,0.8,201301181600
30243,2.69,201301181600
30244,2.54,201301181600
30261,1.17,201301181600
30300,0.75,201301181600
30322,2.85,201301181600
30393,2.8,201301181600
30394,0.69,201301181600
30395,1.73,201301181600
30396,2.97,201301181600
30397,1.8,201301181600
30398,2.14,201301181600
30400,1.12,201301181600
30401,1.23,201301181600
30403,2.24,201301181600
30407,2.27,201301181600
30410,2.15,201301181600
30420,2.37,201301181600
30430,2.47,201301181600
30434,1.72,201301181600
30439,1.8,201301181600
30481,1.84,201301181600
30489,2.03,201301181600
30494,2.31,201301181600
30495,1.09,201301181600
30496,2.77,201301181600
30645,1.15,201301181600
30646,1.0,201301181600
30647,1.7,201301181600
30648,1.32,201301181600
30649,0.88,201301181600
30650,2.22,201301181600
30651,2.03,201301181600
30652,1.37,201301181600
30653,1.13,201301181600
30654,2.06,201301181600
30661,0.88,201301181600
30664,2.51,201301181600
30666,0.97,201301181600
30669,1.38,201301181600
30673,1.22,201301181600
30683,0.52,201301181600
30745,0.66,201301181600
30750,1.77,201301181600
30777,2.3,201301181600
30780,2.18,201301181600
30812,2.02,201301181600
30897,2.6,201301181600
30898,2.97,201301181600
30899,0.67,201301181600
30900,1.7,201301181600
30901,2.25,201301181600
30902,0.6,201301181600
30903,1.79,201301181600
30904,2.32,201301181600
30908,2.82,201301181600
30909,1.14,201301181600
30912,2.52,201301181600
30913,2.51,201301181600
30928,1.52,201301181600
30953,2.61,201301181600
30979,2.57,201301181600
30994,2.71,201301181600
30995,2.55,201301181600
31027,0.73,201301181600
31028,2.03,201301181600
31029,1.65,201301181600
31082,1.32,201301181600
31148,0.6,201301181600
31149,1.3,201301181600
31150,1.71,201301181600
31151,1.22,201301181600
31152,0.51,201301181600
31156,1.64,201301181600
31157,1.86,201301181600
31161,0.93,201301181600
31166,2.95,201301181600
31172,2.98,201301181600
31274,2.02,201301181600
31281,1.73,201301181600
31369,2.7,201301181600
31398,1.52,201301181600
31401,0.74,201301181600
31407,2.11,201301181600
31408,2.77,201301181600
31409,0.6,201301181600
31410,2.55,201301181600
31413,2.31,201301181600
31419,2.4,201301181600
31427,2.46,201301181600
31457,2.96,201301181600
31466,1.48,201301181600
31651,0.99,201301181600
31652,1.69,201301181600
31656,1.22,201301181600
31660,2.84,201301181600
31663,2.32,201301181600
31666,1.06,201301181600
31675,2.6,201301181600
31738,0.81,201301181600
31754,1.69,201301181600
31782,0.9,201301181600
31903,2.22,201301181600
31904,1.64,201301181600
31905,0.78,201301181600
31906,0.9,201301181600
31908,1.36,201301181600
31912,2.27,201301181600
31921,2.26,201301181600
31928,2.19,201301181600
31949,0.66,201301181600
32028,2.74,201301181600
32032,1.93,201301181600
32045,1.51,201301181600
32150,1.68,201301181600
32155,2.91,201301181600
32157,1.45,201301181600
32161,2.29,201301181600
32162,2.55,201301181600
32167,1.5,201301181600
32169,0.56,201301181600
32175,1.51,201301181600
32182,2.36,201301181600
32185,2.42,201301181600
32195,1.94,201301181600
32235,0.63,201301181600
32404,1.77,201301181600
32405,1.69,201301181600
32410,2.93,201301181600
32411,2.07,201301181600
32415,2.25,201301181600
32449,1.05,201301181600
32490,2.61,201301181600
32558,1.05,201301181600
32622,2.13,201301181600
32656,1.08,201301181600
32658,2.16,201301181600
32660,0.8,201301181600
32662,1.92,201301181600
32668,1.41,201301181600
32682,0.91,201301181600
32697,2.48,201301181600
32712,2.47,201301181600
32729,2.32,201301181600
32739,2.33,201301181600
32742,2.53,201301181600
32744,2.68,201301181600
32802,1.83,201301181600
32834,1.9,201301181600
32905,2.44,201301181600
32907,2.75,201301181600
32912,0.81,201301181600
32916,2.51,201301181600
32922,1.67,201301181600
32924,1.13,201301181600
32926,2.32,201301181600
32929,2.21,201301181600
32977,1.46,201301181600
32978,0.8,201301181600
33154,1.93,201301181600
33158,2.44,201301181600
33160,1.02,201301181600
33165,2.84,201301181600
33170,0.94,201301181600
33186,2.47,201301181600
33286,1.53,201301181600
33405,2.84,201301181600
33409,0.64,201301181600
33412,2.8,201301181600
33418,0.58,201301181600
33420,1.68,201301181600
33424,1.04,201301181600
33435,0.89,201301181600
33442,0.64,201301181600
33519,2.6,201301181600
33594,0.79,201301181600
33656,1.73,201301181600
33659,0.99,201301181600
33662,1.99,201301181600
33664,0.86,201301181600
33666,1.29,201301181600
33669,1.96,201301181600
33673,2.09,201301181600
33675,2.8,201301181600
33694,2.82,201301181600
33724,0.93,201301181600
33742,1.69,201301181600
33812,2.83,201301181600
33909,2.5,201301181600
33911,0.7,201301181600
33912,2.54,201301181600
33913,0.78,201301181600
33922,0.77,201301181600
33923,1.91,201301181600
33924,2.01,201301181600
33931,1.06,201301181600
33935,2.5,201301181600
33986,1.63,201301181600
34013,2.73,201301181600
34160,1.71,201301181600
34161,2.83,201301181600
34162,1.53,201301181600
34163,2.06,201301181600
34167,0.86,201301181600
34190,1.28,201301181600
34211,1.4,201301181600
34303,2.22,201301181600
34380,2.54,201301181600
34407,1.11,201301181600
34413,1.02,201301181600
34423,2.1,201301181600
34424,0.82,201301181600
34427,0.72,201301181600
34430,2.96,201301181600
34437,1.14,201301181600
34440,2.98,201301181600
34486,2.01,201301181600
34495,2.49,201301181600
34510,2.85,201301181600
34520,1.31,201301181600
34528,2.06,201301181600
34563,0.57,201301181600
34662,2.81,201301181600
34667,2.83,201301181600
34668,2.45,201301181600
34670,1.73,201301181600
34672,2.9,201301181600
34673,2.18,201301181600
34676,2.37,201301181600
34679,1.52,201301181600
34682,2.19,201301181600
34695,2.86,201301181600
34710,1.92,201301181600
34714,0.64,201301181600
34720,2.53,201301181600
34882,1.95,201301181600
34913,1.49,201301181600
34914,2.94,201301181600
34915,1.52,201301181600
34924,0.82,201301181600
34925,0.93,201301181600
34934,1.8,201301181600
34939,0.96,201301181600
34959,2.66,201301181600
34990,2.02,201301181600
35102,2.55,201301181600
35164,1.02,201301181600
35166,0.59,201301181600
35173,1.7,201301181600
35178,2.82,201301181600
35183,2.48,201301181600
35185,1.24,201301181600
35187,0.63,201301181600
35193,2.11,201301181600
35203,2.37,201301181600
35218,1.01,201301181600
35237,2.33,201301181600
35244,1.15,201301181600
35249,1.9,201301181600
35295,2.16,201301181600
35368,2.88,201301181600
35410,1.79,201301181600
35414,1.38,201301181600
35415,2.5,201301181600
35417,0.84,201301181600
35421,2.01,201301181600
35440,0.7,201301181600
35455,1.34,201301181600
35492,2.13,201301181600
35515,2.81,201301181600
35665,0.65,201301181600
35675,2.26,201301181600
35683,1.32,201301181600
35686,1.69,201301181600
35700,2.68,201301181600
35745,2.57,201301181600
35755,0.66,201301181600
35769,2.18,201301181600
35916,1.52,201301181600
35917,1.16,201301181600
35918,2.88,201301181600
35919,1.82,201301181600
35921,1.42,201301181600
35929,1.59,201301181600
35931,0.93,201301181600
35941,0.68,201301181600
35944,2.93,201301181600
35971,2.8,201301181600
35981,2.38,201301181600
35992,1.71,201301181600
35994,1.65,201301181600
36067,2.8,201301181600
36162,0.89,201301181600
36167,0.94,201301181600
36169,1.94,201301181600
36170,2.02,201301181600
36173,2.95,201301181600
36176,1.96,201301181600
36177,2.35,201301181600
36205,1.13,201301181600
36237,0.65,201301181600
36245,2.01,201301181600
36246,2.83,201301181600
36293,2.55,201301181600
36311,1.34,201301181600
36417,3.0,201301181600
36420,1.79,201301181600
36421,1.17,201301181600
36441,1.93,201301181600
36448,1.91,201301181600
36494,2.48,201301181600
36498,1.86,201301181600
36502,1.55,201301181600
36510,1.04,201301181600
36513,2.38,201301181600
36519,1.99,201301181600
36524,1.17,201301181600
36576,2.27,201301181600
36668,2.09,201301181600
36673,1.47,201301181600
36675,1.86,201301181600
36677,1.01,201301181600
36679,1.3,201301181600
36682,2.38,201301181600
36688,2.07,201301181600
36690,2.9,201301181600
36711,0.86,201301181600
36717,2.48,201301181600
36758,2.17,201301181600
36889,1.34,201301181600
36915,1.79,201301181600
36918,0.92,201301181600
36933,1.74,201301181600
36934,1.27,201301181600
36953,2.63,201301181600
36959,1.06,201301181600
36996,2.89,201301181600
36999,2.86,201301181600
37001,0.97,201301181600
37167,0.52,201301181600
37168,2.43,201301181600
37169,2.96,201301181600
37172,0.84,201301181600
37176,1.76,201301181600
37178,1.8,201301181600
37179,0.75,201301181600
37182,2.26,201301181600
37192,2.68,201301181600
37200,0.53,201301181600
37206,2.75,201301181600
37232,0.73,201301181600
37239,1.2,201301181600
37270,2.45,201301181600
37298,2.65,201301181600
37304,2.77,201301181600
37419,0.79,201301181600
37421,2.7,201301181600
37423,1.06,201301181600
37425,2.44,201301181600
37446,1.94,201301181600
37454,2.12,201301181600
37477,2.95,201301181600
37487,2.03,201301181600
37501,1.48,201301181600
37503,1.15,201301181600
37513,2.26,201301181600
37523,1.06,201301181600
37562,2.45,201301181600
37609,1.49,201301181600
37642,1.45,201301181600
37643,1.61,201301181600
37670,2.51,201301181600
37671,0.83,201301181600
37672,1.7,201301181600
37676,1.21,201301181600
37688,1.92,201301181600
37689,2.06,201301181600
37690,0.74,201301181600
37695,1.12,201301181600
37701,1.67,201301181600
37710,2.36,201301181600
37711,1.6,201301181600
37754,2.25,201301181600
37874,0.67,201301181600
37891,1.56,201301181600
37893,0.68,201301181600
37894,0.6,201301181600
37926,2.63,201301181600
37928,1.02,201301181600
37929,1.03,201301181600
37932,1.76,201301181600
37936,1.39,201301181600
37943,2.97,201301181600
37952,1.06,201301181600
37962,0.54,201301181600
37968,0.73,201301181600
38003,1.31,201301181600
38060,2.99,201301181600
38145,1.7,201301181600
38172,0.71,201301181600
38173,2.23,201301181600
38178,1.28,201301181600
38200,1.17,201301181600
38204,1.62,201301181600
38209,2.74,201301181600
38215,0.88,201301181600
38220,2.43,201301181600
38225,0.89,201301181600
38228,1.42,201301181600
38230,2.58,201301181600
38243,2.97,201301181600
38247,2.92,201301181600
38255,2.46,201301181600
38263,1.57,201301181600
38268,1.57,201301181600
38272,2.13,201301181600
38367,1.48,201301181600
38381,0.81,201301181600
38423,1.11,201301181600
38425,2.41,201301181600
38426,2.72,201301181600
38431,1.56,201301181600
38440,2.41,201301181600
38479,2.15,201301181600
38481,0.72,201301181600
38483,0.53,201301181600
38488,0.56,201301181600
38490,2.82,201301181600
38498,1.08,201301181600
38499,2.35,201301181600
38500,0.85,201301181600
38505,1.64,201301181600
38506,2.54,201301181600
38508,2.4,201301181600
38517,2.11,201301181600
38534,1.67,201301181600
38648,1.16,201301181600
38674,2.74,201301181600
38676,0.66,201301181600
38679,0.91,201301181600
38684,0.91,201301181600
38693,0.53,201301181600
38697,2.65,201301181600
38716,2.3,201301181600
38722,0.81,201301181600
38736,1.52,201301181600
38738,1.05,201301181600
38752,2.66,201301181600
38753,1.83,201301181600
38758,0.98,201301181600
38760,1.36,201301181600
38761,1.39,201301181600
38762,0.58,201301181600
38766,0.82,201301181600
38769,1.81,201301181600
38778,2.98,201301181600
38812,2.97,201301181600
38939,2.93,201301181600
38953,2.4,201301181600
38958,2.62,201301181600
38967,1.11,201301181600
39006,1.78,201301181600
39008,1.72,201301181600
39010,2.59,201301181600
39011,1.36,201301181600
39017,0.5,201301181600
39113,0.51,201301181600
39148,1.49,201301181600
39149,1.94,201301181600
39176,2.08,201301181600
39178,2.28,201301181600
39191,1.56,201301181600
39201,1.11,201301181600
39230,2.12,201301181600
39236,1.78,201301181600
39246,2.8,201301181600
39252,0.62,201301181600
39255,1.76,201301181600
39260,2.08,201301181600
39262,2.7,201301181600
39263,2.35,201301181600
39268,1.02,201301181600
39269,0.63,201301181600
39271,1.59,201301181600
39274,1.09,201301181600
39275,1.63,201301181600
39375,2.38,201301181600
39391,2.75,201301181600
39427,2.18,201301181600
39428,2.46,201301181600
39430,1.95,201301181600
39433,0.61,201301181600
39446,1.7,201301181600
39457,1.48,201301181600
39514,0.7,201301181600
39515,1.64,201301181600
39516,1.49,201301181600
39517,1.04,201301181600
39535,1.2,201301181600
39554,2.33,201301181600
39559,1.19,201301181600
39631,0.53,201301181600
39632,2.96,201301181600
39633,2.25,201301181600
39652,0.67,201301181600
39683,1.69,201301181600
39687,1.76,201301181600
39706,1.45,201301181600
39710,1.68,201301181600
39722,2.4,201301181600
39731,1.27,201301181600
39750,2.7,201301181600
39755,0.59,201301181600
39759,2.33,201301181600
39762,0.69,201301181600
39764,1.88,201301181600
39765,0.73,201301181600
39766,2.92,201301181600
39767,0.89,201301181600
39769,2.22,201301181600
39772,1.54,201301181600
39776,0.6,201301181600
39777,2.69,201301181600
39790,2.81,201301181600
39791,1.95,201301181600
39796,2.81,201301181600
39832,1.66,201301181600
39883,1.21,201301181600
39930,1.26,201301181600
39932,0.61,201301181600
39941,1.38,201301181600
39948,0.95,201301181600
39969,0.58,201301181600
40018,1.68,201301181600
40031,1.4,201301181600
40133,1.12,201301181600
40180,0.64,201301181600
40188,1.73,201301181600
40196,2.0,201301181600
40242,1.53,201301181600
40246,1.62,201301181600
40259,1.21,201301181600
40264,0.85,201301181600
40267,1.11,201301181600
40268,2.81,201301181600
40270,1.84,201301181600
40276,0.93,201301181600
40286,1.85,201301181600
40295,1.4,201301181600
40431,2.77,201301181600
40432,2.18,201301181600
40442,1.44,201301181600
40447,1.19,201301181600
40448,1.67,201301181600
40451,2.69,201301181600
40457,2.76,201301181600
40500,2.52,201301181600
40512,1.24,201301181600
40518,1.28,201301181600
40519,2.71,201301181600
40522,2.09,201301181600
40524,2.32,201301181600
40525,0.97,201301181600
40532,2.46,201301181600
40560,1.92,201301181600
40566,2.34,201301181600
40633,1.34,201301181600
40687,2.55,201301181600
40713,2.88,201301181600
40719,1.49,201301181600
40732,0.95,201301181600
40733,0.57,201301181600
40766,0.94,201301181600
40810,1.54,201301181600
40894,1.12,201301181600
40933,1.4,201301181600
40936,2.14,201301181600
40939,2.92,201301181600
40954,2.88,201301181600
40982,2.68,201301181600
41021,0.77,201301181600
41024,2.91,201301181600
41061,2.61,201301181600
41145,0.82,201301181600
41157,2.66,201301181600
41183,0.65,201301181600
41200,1.71,201301181600
41262,0.66,201301181600
41265,0.77,201301181600
41270,2.57,201301181600
41277,0.79,201301181600
41318,2.83,201301181600
41401,1.53,201301181600
41407,0.71,201301181600
41437,1.76,201301181600
41459,1.33,201301181600
41465,2.41,201301181600
41469,1.26,201301181600
41508,2.52,201301181600
41520,2.77,201301181600
41522,1.95,201301181600
41526,1.97,201301181600
41532,1.63,201301181600
41558,0.7,201301181600
41635,1.58,201301181600
41653,1.33,201301181600
41658,2.28,201301181600
41692,1.91,201301181600
41696,2.34,201301181600
41764,0.84,201301181600
41772,2.66,201301181600
41893,2.68,201301181600
41904,1.47,201301181600
41905,1.66,201301181600
41936,1.97,201301181600
41941,1.24,201301181600
41958,2.27,201301181600
41990,0.5,201301181600
42023,1.62,201301181600
42026,0.69,201301181600
42029,2.86,201301181600
42074,2.51,201301181600
42085,2.26,201301181600
42095,1.57,201301181600
42147,1.74,201301181600
42160,1.53,201301181600
42200,1.09,201301181600
42213,1.47,201301181600
42267,0.62,201301181600
42271,2.73,201301181600
42274,1.28,201301181600
42283,1.03,201301181600
42291,1.05,201301181600
42342,2.04,201301181600
42411,1.13,201301181600
42438,1.91,201301181600
42454,2.41,201301181600
42471,2.84,201301181600
42478,0.97,201301181600
42487,1.65,201301181600
42503,1.68,201301181600
42514,1.35,201301181600
42521,0.83,201301181600
42533,0.83,201301181600
42644,1.32,201301181600
42661,2.87,201301181600
42695,2.84,201301181600
42744,1.64,201301181600
42750,1.58,201301181600
42846,1.18,201301181600
42905,0.55,201301181600
42912,2.92,201301181600
42939,0.76,201301181600
42940,2.76,201301181600
42944,1.82,201301181600
42949,2.65,201301181600
43011,1.58,201301181600
43021,2.83,201301181600
43030,1.78,201301181600
43151,1.0,201301181600
43160,2.69,201301181600
43162,1.07,201301181600
43213,2.61,201301181600
43220,1.73,201301181600
43261,2.45,201301181600
43412,2.71,201301181600
43413,1.53,201301181600
43440,1.8,201301181600
43443,0.99,201301181600
43449,2.51,201301181600
43483,2.9,201301181600
43484,2.4,201301181600
43494,0.74,201301181600
43518,1.42,201301181600
43523,0.79,201301181600
43526,1.15,201301181600
43530,2.85,201301181600
43571,1.58,201301181600
43642,2.82,201301181600
43662,2.9,201301181600
43738,1.31,201301181600
43760,1.02,201301181600
43779,0.54,201301181600
43914,1.53,201301181600
43957,1.35,201301181600
43980,0.8,201301181600
43984,0.56,201301181600
43992,2.51,201301181600
43995,2.14,201301181600
44002,2.84,201301181600
44039,2.64,201301181600
44194,2.5,201301181600
44197,2.55,201301181600
44204,2.27,201301181600
44215,2.08,201301181600
44226,1.99,201301181600
44247,1.76,201301181600
44255,0.78,201301181600
44282,1.11,201301181600
44284,2.76,201301181600
44356,0.6,201301181600
44470,1.8,201301181600
44486,1.35,201301181600
44503,2.89,201301181600
44504,1.74,201301181600
44510,0.52,201301181600
44517,1.38,201301181600
44534,1.51,201301181600
44578,2.05,201301181600
44666,2.37,201301181600
44694,2.95,201301181600
44697,0.75,201301181600
44716,1.25,201301181600
44724,1.18,201301181600
44743,2.34,201301181600
44755,0.9,201301181600
44756,0.66,201301181600
44757,2.39,201301181600
44758,2.07,201301181600
44786,1.16,201301181600
44787,1.48,201301181600
44911,2.75,201301181600
44963,1.06,201301181600
45005,1.01,201301181600
45006,2.29,201301181600
45007,2.52,201301181600
45008,1.0,201301181600
45039,0.61,201301181600
45114,2.31,201301181600
45168,2.51,201301181600
45200,2.0,201301181600
45203,1.84,201301181600
45208,1.42,201301181600
45237,0.74,201301181600
45254,1.22,201301181600
45256,1.06,201301181600
45258,2.04,201301181600
45261,1.67,201301181600
45265,0.75,201301181600
45266,1.34,201301181600
45401,2.87,201301181600
45479,1.76,201301181600
45502,2.36,201301181600
45507,0.83,201301181600
45509,0.8,201301181600
45526,2.01,201301181600
45538,2.59,201301181600
45582,0.98,201301181600
45661,2.56,201301181600
45701,1.52,201301181600
45703,0.87,201301181600
45716,2.23,201301181600
45720,2.83,201301181600
45725,2.0,201301181600
45735,1.94,201301181600
45747,2.01,201301181600
45766,1.89,201301181600
45793,0.9,201301181600
45795,2.49,201301181600
45919,2.18,201301181600
45948,2.8,201301181600
46008,1.63,201301181600
46036,1.9,201301181600
46041,1.95,201301181600
46052,1.26,201301181600
46074,2.62,201301181600
46145,1.15,201301181600
46202,1.6,201301181600
46209,2.04,201301181600
46242,1.76,201301181600
46265,0.78,201301181600
46372,1.85,201301181600
46384,2.72,201301181600
46455,2.34,201301181600
46508,1.97,201301181600
46523,2.82,201301181600
46538,1.3,201301181600
46565,1.31,201301181600
46574,1.96,201301181600
46626,1.56,201301181600
46700,2.69,201301181600
46738,1.92,201301181600
46770,0.75,201301181600
46778,0.79,201301181600
46787,2.48,201301181600
46803,1.6,201301181600
46954,0.57,201301181600
46964,2.02,201301181600
46972,1.55,201301181600
46976,1.49,201301181600
46981,2.09,201301181600
47011,1.29,201301181600
47015,2.12,201301181600
47047,2.03,201301181600
47253,1.57,201301181600
47288,1.74,201301181600
47295,2.64,201301181600
47342,2.33,201301181600
47454,0.95,201301181600
47535,2.66,201301181600
47543,1.68,201301181600
47705,0.52,201301181600
47709,2.05,201301181600
47711,0.96,201301181600
47758,1.08,201301181600
47806,1.72,201301181600
47889,2.53,201301181600
47926,1.17,201301181600
47968,2.18,201301181600
47972,1.05,201301181600
47977,1.44,201301181600
47982,0.67,201301181600
48032,1.56,201301181600
48209,1.31,201301181600
48239,1.66,201301181600
48244,2.71,201301181600
48278,1.1,201301181600
48420,2.05,201301181600
48427,1.44,201301181600
48499,1.37,201301181600
48503,2.24,201301181600
48552,0.92,201301181600
48584,1.44,201301181600
48713,0.54,201301181600
48759,0.84,201301181600
48848,1.27,201301181600
48898,2.11,201301181600
49017,2.98,201301181600
49049,1.47,201301181600
49229,1.95,201301181600
49241,0.71,201301181600
49472,2.9,201301181600
49483,1.04,201301181600
49542,1.95,201301181600
49555,2.67,201301181600
49679,0.51,201301181600
49750,2.77,201301181600
49760,0.55,201301181600
49777,2.92,201301181600
49968,2.45,201301181600
50053,1.31,201301181600
50103,0.84,201301181600
50180,0.99,201301181600
50285,2.57,201301181600
50430,2.64,201301181600
50470,0.8,201301181600
50494,0.88,201301181600
50511,2.16,201301181600
50549,1.93,201301181600
50680,0.59,201301181600
50682,2.6,201301181600
50731,1.18,201301181600
50812,0.63,201301181600
50872,1.76,201301181600
51029,1.34,201301181600
51046,1.02,201301181600
51053,0.84,201301181600
51056,1.36,201301181600
51162,0.65,201301181600
51177,1.54,201301181600
51182,1.99,201301181600
51228,1.65,201301181600
51258,1.76,201301181600
51430,0.6,201301181600
51431,0.78,201301181600
51432,2.86,201301181600
51520,1.2,201301181600
51681,2.82,201301181600
51682,2.24,201301181600
51725,0.92,201301181600
51790,0.91,201301181600
51832,2.44,201301181600
51857,1.11,201301181600
51931,1.69,201301181600
51932,0.63,201301181600
51986,1.5,201301181600
52003,0.69,201301181600
52182,0.86,201301181600
52244,2.98,201301181600
52259,1.16,201301181600
52280,1.63,201301181600
52319,2.63,201301181600
52473,2.24,201301181600
52518,2.64,201301181600
52631,2.03,201301181600
52679,2.1,201301181600
52729,1.44,201301181600
52811,1.57,201301181600
52983,0.71,201301181600
52988,1.96,201301181600
52993,1.38,201301181600
53000,1.71,201301181600
53016,2.41,201301181600
53027,1.59,201301181600
53072,2.54,201301181600
53090,0.77,201301181600
53177,1.97,201301181600
53178,1.84,201301181600
53381,2.83,201301181600
53427,1.96,201301181600
53429,1.77,201301181600
53761,2.59,201301181600
53774,1.82,201301181600
53797,2.67,201301181600
53810,2.94,201301181600
53822,1.13,201301181600
53864,2.76,201301181600
53927,2.44,201301181600
54038,1.97,201301181600
54071,1.85,201301181600
54234,1.11,201301181600
54281,2.0,201301181600
54284,2.95,201301181600
54327,1.55,201301181600
54334,0.6,201301181600
54349,0.94,201301181600
54427,0.56,201301181600
54503,1.99,201301181600
54510,2.19,201301181600
54520,1.72,201301181600
54550,0.7,201301181600
54578,0.61,201301181600
54678,2.61,201301181600
54828,2.69,201301181600
54983,0.78,201301181600
54996,0.8,201301181600
55070,0.9,201301181600
55329,0.81,201301181600
55331,2.8,201301181600
55535,2.51,201301181600
55633,2.46,201301181600
55680,2.72,201301181600
55761,1.2,201301181600
55831,0.54,201301181600
55832,1.6,201301181600
55838,1.91,201301181600
55845,0.97,201301181600
56106,1.06,201301181600
56493,2.67,201301181600
56571,1.36,201301181600
56586,2.47,201301181600
56587,2.55,201301181600
56591,1.24,201301181600
56738,2.06,201301181600
56835,2.43,201301181600
56882,2.6,201301181600
56887,0.63,201301181600
56888,1.62,201301181600
56933,0.99,201301181600
56934,0.9,201301181600
57042,2.69,201301181600
57062,2.84,201301181600
57189,2.57,201301181600
57261,2.81,201301181600
57329,1.05,201301181600
57342,2.87,201301181600
57376,2.15,201301181600
57378,1.04,201301181600
57380,1.25,201301181600
57397,0.6,201301181600
57440,1.5,201301181600
57495,0.87,201301181600
57523,2.08,201301181600
57555,1.55,201301181600
57597,2.14,201301181600
57613,1.59,201301181600
57615,1.83,201301181600
57628,1.2,201301181600
57631,1.13,201301181600
57823,1.84,201301181600
57837,1.89,201301181600
57851,0.81,201301181600
57852,1.94,201301181600
57906,1.99,201301181600
58179,1.94,201301181600
58251,2.74,201301181600
58421,1.6,201301181600
58511,2.34,201301181600
58632,1.86,201301181600
58744,1.0,201301181600
58802,0.99,201301181600
58814,1.4,201301181600
58879,1.49,201301181600
58892,3.0,201301181600
59010,1.01,201301181600
59043,2.16,201301181600
59104,1.04,201301181600
59125,2.94,201301181600
59134,2.82,201301181600
59285,0.96,201301181600
59329,1.68,201301181600
59555,1.46,201301181600
59635,2.31,201301181600
59745,2.38,201301181600
59927,0.58,201301181600
59941,1.27,201301181600
60008,2.43,201301181600
60011,1.21,201301181600
60114,0.63,201301181600
60141,0.79,201301181600
60147,0.57,201301181600
60331,0.53,201301181600
60344,1.88,201301181600
60350,1.59,201301181600
60578,2.59,201301181600
60593,1.85,201301181600
60613,0.79,201301181600
60630,2.59,201301181600
60635,0.8,201301181600
60649,0.58,201301181600
60750,1.26,201301181600
60774,1.76,201301181600
60819,2.71,201301181600
60880,2.03,201301181600
60888,2.4,201301181600
61062,2.77,201301181600
61110,0.96,201301181600
61263,1.8,201301181600
61343,2.79,201301181600
61591,1.92,201301181600
61597,1.95,201301181600
61654,2.71,201301181600
61818,2.06,201301181600
62077,2.73,201301181600
62104,0.66,201301181600
62135,2.89,201301181600
62140,0.66,201301181600
62252,2.95,201301181600
62558,0.5,201301181600
62589,0.55,201301181600
62757,2.13,201301181600
62772,2.24,201301181600
62850,1.41,201301181600
62926,2.71,201301181600
62948,1.66,201301181600
63044,0.67,201301181600
63153,2.83,201301181600
63383,0.65,201301181600
63397,1.64,201301181600
63398,1.07,201301181600
63407,0.78,201301181600
63574,1.32,201301181600
63586,2.37,201301181600
63816,1.78,201301181600
64102,1.43,201301181600
64150,1.89,201301181600
64200,1.08,201301181600
64515,1.63,201301181600
64529,1.8,201301181600
64573,2.04,201301181600
64581,2.03,201301181600
64815,2.08,201301181600
64915,2.33,201301181600
65059,1.14,201301181600
65144,2.78,201301181600
65320,1.27,201301181600
65375,0.92,201301181600
65454,2.93,201301181600
65528,2.9,201301181600
65607,1.05,201301181600
65774,0.72,201301181600
65838,2.18,201301181600
66068,2.67,201301181600
66084,1.92,201301181600
66151,1.06,201301181600
66353,2.03,201301181600
66538,2.08,201301181600
66575,0.69,201301181600
66637,1.12,201301181600
66827,0.83,201301181600
66870,2.88,201301181600
67110,2.87,201301181600
67207,1.08,201301181600
67335,2.08,201301181600
67385,0.76,201301181600
67599,2.63,201301181600
67601,2.96,201301181600
67602,1.34,201301181600
67698,2.97,201301181600
67824,1.9,201301181600
67842,2.21,201301181600
67854,1.1,201301181600
67855,1.09,201301181600
67918,0.72,201301181600
68103,2.18,201301181600
68104,1.88,201301181600
68110,1.88,201301181600
68111,2.95,201301181600
68349,1.37,201301181600
68354,2.55,201301181600
68356,2.08,201301181600
68454,0.96,201301181600
68455,1.28,201301181600
68587,1.39,201301181600
68857,1.5,201301181600
68858,1.37,201301181600
68897,1.99,201301181600
68924,2.0,201301181600
68930,0.99,201301181600
69106,1.89,201301181600
69190,2.6,201301181600
69206,1.65,201301181600
69359,1.13,201301181600
69371,2.28,201301181600
69455,2.99,201301181600
69582,0.59,201301181600
69613,2.79,201301181600
69676,1.81,201301181600
70115,1.39,201301181600
70132,1.3,201301181600
70181,1.43,201301181600
70342,2.18,201301181600
70352,2.42,201301181600
70360,1.73,201301181600
70374,2.7,201301181600
70440,1.36,201301181600
70462,0.8,201301181600
70619,2.47,201301181600
70659,2.58,201301181600
70715,1.69,201301181600
70903,2.19,201301181600
70934,2.82,201301181600
70961,1.06,201301181600
71122,2.72,201301181600
71187,1.43,201301181600
71399,2.13,201301181600
71601,1.24,201301181600
71629,2.11,201301181600
71888,2.87,201301181600
71961,1.14,201301181600
71964,1.78,201301181600
72201,2.93,201301181600
72218,2.4,201301181600
72345,1.44,201301181600
72367,1.23,201301181600
72407,2.73,201301181600
72416,1.8,201301181600
72706,1.48,201301181600
72894,2.07,201301181600
73104,1.12,201301181600
73135,0.76,201301181600
73211,1.14,201301181600
73223,1.35,201301181600
73451,1.89,201301181600
73460,0.73,201301181600
73461,0.83,201301181600
73557,1.18,201301181600
73669,2.56,201301181600
74158,0.62,201301181600
74216,2.34,201301181600
74388,2.06,201301181600
74396,0.78,201301181600
74466,2.04,201301181600
74467,1.81,201301181600
74638,1.28,201301181600
74677,0.99,201301181600
74678,2.35,201301181600
74711,2.63,201301181600
74721,0.85,201301181600
74962,0.77,201301181600
74968,2.44,201301181600
74973,1.87,201301181600
75224,2.41,201301181600
75329,0.87,201301181600
75386,1.33,201301181600
75424,1.54,201301181600
75436,0.92,201301181600
75475,1.94,201301181600
75619,3.0,201301181600
75721,1.41,201301181600
75722,0.65,201301181600
75724,2.77,201301181600
75725,2.06,201301181600
75726,2.73,201301181600
75727,0.85,201301181600
75974,2.69,201301181600
75975,0.54,201301181600
76133,2.35,201301181600
76227,0.57,201301181600
76393,1.26,201301181600
76473,0.85,201301181600
76477,1.73,201301181600
76654,2.45,201301181600
76728,2.14,201301181600
76959,0.75,201301181600
77169,1.38,201301181600
77230,2.72,201301181600
77381,0.62,201301181600
77458,1.25,201301181600
77641,1.51,201301181600
77942,2.4,201301181600
77981,2.82,201301181600
78205,1.03,201301181600
78418,0.56,201301181600
78654,1.03,201301181600
78733,1.84,201301181600
78881,2.19,201301181600
78896,1.14,201301181600
78909,1.37,201301181600
78983,1.02,201301181600
79234,0.92,201301181600
79379,0.7,201301181600
79394,2.15,201301181600
79484,2.41,201301181600
79712,1.87,201301181600
79911,2.99,201301181600
79915,1.92,201301181600
80160,1.63,201301181600
80161,1.33,201301181600
80193,1.28,201301181600
80352,1.12,201301181600
80397,0.71,201301181600
80406,2.96,201301181600
80411,2.95,201301181600
80412,0.66,201301181600
80413,0.95,201301181600
80420,1.46,201301181600
80485,2.84,201301181600
80635,2.66,201301181600
80659,2.91,201301181600
80663,2.98,201301181600
80664,1.92,201301181600
80703,0.64,201301181600
80877,0.59,201301181600
80916,0.61,201301181600
81163,1.65,201301181600
81164,2.31,201301181600
81354,2.63,201301181600
81363,2.84,201301181600
81390,0.95,201301181600
81625,2.27,201301181600
81651,2.43,201301181600
81899,2.88,201301181600
82135,2.2,201301181600
82168,0.85,201301181600
82169,1.43,201301181600
82237,1.78,201301181600
82613,1.03,201301181600
82622,2.68,201301181600
82664,0.63,201301181600
82892,2.93,201301181600
82951,1.47,201301181600
83410,1.02,201301181600
83489,1.82,201301181600
83735,2.48,201301181600
83865,1.81,201301181600
84123,1.34,201301181600
84179,2.34,201301181600
84207,1.65,201301181600
84212,2.42,201301181600
84221,0.77,201301181600
84366,2.14,201301181600
84689,2.59,201301181600
84712,2.88,201301181600
84902,1.03,201301181600
85474,2.85,201301181600
85487,2.93,201301181600
85620,1.33,201301181600
85705,0.89,201301181600
85715,0.72,201301181600
85738,0.65,201301181600
86440,0.83,201301181600
86622,2.24,201301181600
86623,2.77,201301181600
86672,0.53,201301181600
86873,2.26,201301181600
86895,2.08,201301181600
87121,1.79,201301181600
87227,1.1,201301181600
87460,1.15,201301181600
87690,0.75,201301181600
87873,2.81,201301181600
88242,2.05,201301181600
88463,1.18,201301181600
89120,2.29,201301181600
89152,0.66,201301181600
89175,2.42,201301181600
89198,1.28,201301181600
89615,2.92,201301181600
89625,1.1,201301181600
90116,0.77,201301181600
90183,2.75,201301181600
90497,1.69,201301181600
90699,2.66,201301181600
90719,0.52,201301181600
91200,0.87,201301181600
91432,2.19,201301181600
91434,0.57,201301181600
91684,1.95,201301181600
91713,1.7,201301181600
91744,0.55,201301181600
92233,1.0,201301181600
93205,1.9,201301181600
93244,2.04,201301181600
93252,1.58,201301181600
93463,2.23,201301181600
93675,1.64,201301181600
93944,2.62,201301181600
94431,1.67,201301181600
94710,2.39,201301181600
94755,2.49,201301181600
94997,1.26,201301181600
95000,1.63,201301181600
95707,2.06,201301181600
95949,2.08,201301181600
95998,0.56,201301181600
96188,1.51,201301181600
96225,2.05,201301181600
96249,1.99,201301181600
96468,1.28,201301181600
96486,1.99,201301181600
96718,1.46,201301181600
96972,2.5,201301181600
96995,0.58,201301181600
97251,1.97,201301181600
97440,1.8,201301181600
97471,2.25,201301181600
97969,2.75,201301181600
97990,2.24,201301181600
98224,1.67,201301181600
98229,2.82,201301181600
98450,2.91,201301181600
98475,2.14,201301181600
98739,1.55,201301181600
99256,2.34,201301181600
99468,2.75,201301181600
99730,1.16,201301181600
101215,2.81,201301181600
101911,2.31,201301181600
101912,1.57,201301181600
101989,1.55,201301181600
102999,1.43,201301181600
103242,1.23,201301181600
103431,1.29,201301181600
104177,2.59,201301181600
104221,2.04,201301181600
104239,0.76,201301181600
104701,2.91,201301181600
104984,1.56,201301181600
105196,1.75,201301181600
105219,2.46,201301181600
105460,2.47,201301181600
105461,1.73,201301181600
105481,0.82,201301181600
105489,1.35,201301181600
105709,2.09,201301181600
105710,0.71,201301181600
105711,2.11,201301181600
105712,2.4,201301181600
105713,0.69,201301181600
105715,1.97,201301181600
105726,2.31,201301181600
105727,1.82,201301181600
105736,1.99,201301181600
105960,2.72,201301181600
105961,0.89,201301181600
105962,2.95,201301181600
105963,0.66,201301181600
105964,2.39,201301181600
105975,1.83,201301181600
106195,2.8,201301181600
106213,2.06,201301181600
106214,2.06,201301181600
106215,2.1,201301181600
106221,2.92,201301181600
106231,2.31,201301181600
106232,1.94,201301181600
106234,1.98,201301181600
106235,2.26,201301181600
106237,1.26,201301181600
106446,1.41,201301181600
106447,1.34,201301181600
106462,1.96,201301181600
106463,1.09,201301181600
106465,1.54,201301181600
106466,0.81,201301181600
106467,1.77,201301181600
106480,1.52,201301181600
106712,2.45,201301181600
106717,0.93,201301181600
106718,2.07,201301181600
106741,2.53,201301181600
106958,1.23,201301181600
106964,0.55,201301181600
106965,2.44,201301181600
106966,1.47,201301181600
106967,2.16,201301181600
106971,1.87,201301181600
106983,2.19,201301181600
106997,1.41,201301181600
107200,2.1,201301181600
107212,2.81,201301181600
107219,1.83,201301181600
107240,0.92,201301181600
107460,1.15,201301181600
107465,2.83,201301181600
107466,2.01,201301181600
107468,1.17,201301181600
107491,1.86,201301181600
107711,0.64,201301181600
107725,1.44,201301181600
107726,2.98,201301181600
107954,0.61,201301181600
107966,0.74,201301181600
107971,1.39,201301181600
107979,1.8,201301181600
107993,0.54,201301181600
108205,1.6,201301181600
108211,1.38,201301181600
108214,1.22,201301181600
108215,1.87,201301181600
108217,1.38,201301181600
108219,2.79,201301181600
108220,1.83,201301181600
108222,2.24,201301181600
108225,1.67,201301181600
108230,0.92,201301181600
108454,2.28,201301181600
108463,1.74,201301181600
108499,2.36,201301181600
108717,0.66,201301181600
108722,1.49,201301181600
108724,1.62,201301181600
108733,1.84,201301181600
108968,0.67,201301181600
108975,2.82,201301181600
108984,2.17,201301181600
108985,1.19,201301181600
109216,0.94,201301181600
109219,2.63,201301181600
109222,1.49,201301181600
109227,2.08,201301181600
109231,1.23,201301181600
109236,1.27,201301181600
109245,1.47,201301181600
109473,2.61,201301181600
109487,0.7,201301181600
109494,2.51,201301181600
109495,0.88,201301181600
109496,1.95,201301181600
109497,1.78,201301181600
109742,1.89,201301181600
109744,0.51,201301181600
109748,2.4,201301181600
109750,2.15,201301181600
109980,1.01,201301181600
109991,0.84,201301181600
109994,1.05,201301181600
109998,0.75,201301181600
110001,0.73,201301181600
110243,1.92,201301181600
110247,1.09,201301181600
110249,1.14,201301181600
110251,2.49,201301181600
110253,2.52,201301181600
110254,2.64,201301181600
