cell,mobility,dtg
1610,1.73,201301141600
1846,2.15,201301141600
1851,2.17,201301141600
1853,1.42,201301141600
1856,2.82,201301141600
1857,1.49,201301141600
2103,2.93,201301141600
2105,2.68,201301141600
2106,1.77,201301141600
2107,2.48,201301141600
2114,1.26,201301141600
2342,1.69,201301141600
2347,2.17,201301141600
2351,1.04,201301141600
2354,2.01,201301141600
2357,1.39,201301141600
2372,1.56,201301141600
2374,2.68,201301141600
2591,1.34,201301141600
2595,1.6,201301141600
2605,1.87,201301141600
2611,1.44,201301141600
2615,1.87,201301141600
2620,0.7,201301141600
2627,1.15,201301141600
2839,1.66,201301141600
2847,2.56,201301141600
3086,0.81,201301141600
3094,0.95,201301141600
3100,2.81,201301141600
3124,1.89,201301141600
3128,2.8,201301141600
3334,1.97,201301141600
3337,2.07,201301141600
3375,1.87,201301141600
3614,1.18,201301141600
3619,1.65,201301141600
3632,0.81,201301141600
3635,2.02,201301141600
3830,2.84,201301141600
3831,1.1,201301141600
3833,2.13,201301141600
3837,2.41,201301141600
3845,1.55,201301141600
3856,2.75,201301141600
3860,1.69,201301141600
3865,1.65,201301141600
4078,0.58,201301141600
4081,2.99,201301141600
4137,0.98,201301141600
4141,1.67,201301141600
4142,1.85,201301141600
4328,0.62,201301141600
4329,2.38,201301141600
4341,2.26,201301141600
4345,0.91,201301141600
4348,1.0,201301141600
4354,2.74,201301141600
4372,1.94,201301141600
4577,1.37,201301141600
4578,2.97,201301141600
4580,1.37,201301141600
4582,1.75,201301141600
4605,0.51,201301141600
4608,0.72,201301141600
4631,1.44,201301141600
4636,2.05,201301141600
4637,1.93,201301141600
4829,1.66,201301141600
4830,2.3,201301141600
4831,2.1,201301141600
4834,1.34,201301141600
4837,2.97,201301141600
4852,0.58,201301141600
4863,1.06,201301141600
4868,1.68,201301141600
4890,0.55,201301141600
4891,2.08,201301141600
5078,2.78,201301141600
5081,1.46,201301141600
5084,2.03,201301141600
5127,1.19,201301141600
5153,1.71,201301141600
5327,0.74,201301141600
5329,1.11,201301141600
5333,1.43,201301141600
5334,2.22,201301141600
5339,2.12,201301141600
5369,1.1,201301141600
5402,0.67,201301141600
5410,2.54,201301141600
5577,2.72,201301141600
5581,2.98,201301141600
5592,2.13,201301141600
5612,2.32,201301141600
5623,1.84,201301141600
5876,1.08,201301141600
5893,1.83,201301141600
5898,2.2,201301141600
6078,1.05,201301141600
6118,2.87,201301141600
6136,0.6,201301141600
6158,2.67,201301141600
6159,1.01,201301141600
6333,2.47,201301141600
6353,1.45,201301141600
6365,1.08,201301141600
6366,0.66,201301141600
6414,2.87,201301141600
6588,2.75,201301141600
6609,2.94,201301141600
6635,2.03,201301141600
6668,2.82,201301141600
6841,2.43,201301141600
6849,1.93,201301141600
6896,2.36,201301141600
6924,2.79,201301141600
6928,1.77,201301141600
6935,2.28,201301141600
6939,1.44,201301141600
7077,2.52,201301141600
7078,1.73,201301141600
7085,2.34,201301141600
7088,2.14,201301141600
7113,0.73,201301141600
7114,1.92,201301141600
7129,2.26,201301141600
7133,1.04,201301141600
7165,1.45,201301141600
7192,1.88,201301141600
7354,0.64,201301141600
7375,2.28,201301141600
7379,2.19,201301141600
7401,2.85,201301141600
7410,1.09,201301141600
7436,1.33,201301141600
7584,2.02,201301141600
7646,2.07,201301141600
7849,1.64,201301141600
7871,0.78,201301141600
7927,2.09,201301141600
7948,1.62,201301141600
8080,2.56,201301141600
8170,0.78,201301141600
8182,1.51,201301141600
8195,2.25,201301141600
8342,2.41,201301141600
8582,2.14,201301141600
8602,3.0,201301141600
8609,2.87,201301141600
8638,1.19,201301141600
8656,1.14,201301141600
8830,3.0,201301141600
8839,2.96,201301141600
8876,0.96,201301141600
8897,1.07,201301141600
8912,2.91,201301141600
8918,1.36,201301141600
8929,0.51,201301141600
8940,2.56,201301141600
8954,1.11,201301141600
9140,1.63,201301141600
9333,0.74,201301141600
9468,1.68,201301141600
9473,1.92,201301141600
9589,0.81,201301141600
9601,0.88,201301141600
9607,1.73,201301141600
9658,0.6,201301141600
9724,1.88,201301141600
9833,1.76,201301141600
10084,2.21,201301141600
10089,2.5,201301141600
10096,2.05,201301141600
10144,2.06,201301141600
10170,1.26,201301141600
10181,2.75,201301141600
10189,2.64,201301141600
10201,2.54,201301141600
10334,2.06,201301141600
10335,1.25,201301141600
10383,1.39,201301141600
10414,2.81,201301141600
10444,1.45,201301141600
10458,1.78,201301141600
10477,2.15,201301141600
10586,1.42,201301141600
10601,2.44,201301141600
10609,2.85,201301141600
10616,2.7,201301141600
10633,1.94,201301141600
10655,1.06,201301141600
10665,0.6,201301141600
10681,1.91,201301141600
10717,2.5,201301141600
10835,0.54,201301141600
10837,1.65,201301141600
10847,1.76,201301141600
10903,2.04,201301141600
10911,1.6,201301141600
10918,2.86,201301141600
10973,1.14,201301141600
11087,1.43,201301141600
11092,1.66,201301141600
11128,1.69,201301141600
11222,1.01,201301141600
11223,1.61,201301141600
11225,0.55,201301141600
11238,2.21,201301141600
11361,1.28,201301141600
11393,2.22,201301141600
11424,2.57,201301141600
11601,1.0,201301141600
11682,1.71,201301141600
11704,2.32,201301141600
11858,1.5,201301141600
11884,1.05,201301141600
11901,2.21,201301141600
11946,2.98,201301141600
11960,1.92,201301141600
11972,2.13,201301141600
12089,1.72,201301141600
12090,1.94,201301141600
12096,2.01,201301141600
12120,2.84,201301141600
12157,2.04,201301141600
12230,2.67,201301141600
12383,0.51,201301141600
12431,2.78,201301141600
12601,1.08,201301141600
12625,0.95,201301141600
12632,1.39,201301141600
12842,0.73,201301141600
12875,1.41,201301141600
12901,1.84,201301141600
12913,2.99,201301141600
12933,1.12,201301141600
12934,2.89,201301141600
12985,2.36,201301141600
13099,0.8,201301141600
13114,1.16,201301141600
13150,1.81,201301141600
13175,2.49,201301141600
13183,0.76,201301141600
13222,0.95,201301141600
13358,2.85,201301141600
13444,2.91,201301141600
13455,2.36,201301141600
13456,2.81,201301141600
13670,2.54,201301141600
13694,0.81,201301141600
13845,1.96,201301141600
13849,2.71,201301141600
14011,1.7,201301141600
14095,1.12,201301141600
14133,1.7,201301141600
14161,1.63,201301141600
14167,1.58,201301141600
14184,0.87,201301141600
14241,1.53,201301141600
14255,1.93,201301141600
14349,1.73,201301141600
14350,2.67,201301141600
14375,2.9,201301141600
14452,2.85,201301141600
14475,2.57,201301141600
14620,0.58,201301141600
14673,2.89,201301141600
14745,2.74,201301141600
14859,2.96,201301141600
14936,0.86,201301141600
14995,2.23,201301141600
15097,2.58,201301141600
15098,1.04,201301141600
15246,1.95,201301141600
15349,1.33,201301141600
15440,1.69,201301141600
15600,0.5,201301141600
15656,2.1,201301141600
15672,2.0,201301141600
15699,2.7,201301141600
15714,2.26,201301141600
15725,2.37,201301141600
15744,1.14,201301141600
15849,1.2,201301141600
15850,1.97,201301141600
15851,0.55,201301141600
15853,2.85,201301141600
15871,2.93,201301141600
16100,0.57,201301141600
16105,1.94,201301141600
16114,2.13,201301141600
16171,2.07,201301141600
16184,0.76,201301141600
16400,2.05,201301141600
16414,2.65,201301141600
16601,0.85,201301141600
16604,1.63,201301141600
16625,1.61,201301141600
16670,2.95,201301141600
16853,1.86,201301141600
16868,0.97,201301141600
16932,2.96,201301141600
17232,2.86,201301141600
17355,1.86,201301141600
17358,1.7,201301141600
17367,2.94,201301141600
17635,2.33,201301141600
17673,2.91,201301141600
17681,1.86,201301141600
17884,1.63,201301141600
17984,0.55,201301141600
18108,1.21,201301141600
18115,1.61,201301141600
18118,2.36,201301141600
18123,0.9,201301141600
18139,1.48,201301141600
18154,2.64,201301141600
18160,0.9,201301141600
18177,1.19,201301141600
18185,2.38,201301141600
18383,0.89,201301141600
18404,0.75,201301141600
18427,2.92,201301141600
18466,1.22,201301141600
18616,2.29,201301141600
18629,2.18,201301141600
18861,1.25,201301141600
18866,2.74,201301141600
18925,1.81,201301141600
19110,1.91,201301141600
19112,1.88,201301141600
19114,1.12,201301141600
19122,1.56,201301141600
19360,2.5,201301141600
19443,2.02,201301141600
19481,2.22,201301141600
19611,1.35,201301141600
19612,2.91,201301141600
19618,2.44,201301141600
19633,1.69,201301141600
19678,2.39,201301141600
19878,0.63,201301141600
19913,2.52,201301141600
20113,1.28,201301141600
20114,1.92,201301141600
20116,0.83,201301141600
20170,0.87,201301141600
20363,1.16,201301141600
20387,2.42,201301141600
20396,1.58,201301141600
20436,1.66,201301141600
20616,2.67,201301141600
20621,2.76,201301141600
20628,0.84,201301141600
20651,1.73,201301141600
20671,0.8,201301141600
20682,2.22,201301141600
20864,0.73,201301141600
20882,1.93,201301141600
20931,0.94,201301141600
20995,2.31,201301141600
21115,1.13,201301141600
21118,2.1,201301141600
21201,0.79,201301141600
21373,0.97,201301141600
21377,2.98,201301141600
21392,2.79,201301141600
21407,0.66,201301141600
21428,1.35,201301141600
21448,2.15,201301141600
21617,1.25,201301141600
21619,1.3,201301141600
21639,1.39,201301141600
21658,0.88,201301141600
21663,0.66,201301141600
21701,2.09,201301141600
21721,2.88,201301141600
21868,1.06,201301141600
21871,1.71,201301141600
21999,2.9,201301141600
22126,1.92,201301141600
22133,0.61,201301141600
22174,2.45,201301141600
22176,0.75,201301141600
22205,2.95,201301141600
22368,0.93,201301141600
22395,2.44,201301141600
22419,2.0,201301141600
22420,2.75,201301141600
22421,1.39,201301141600
22422,2.42,201301141600
22619,1.02,201301141600
22630,1.2,201301141600
22634,1.79,201301141600
22671,1.74,201301141600
22673,2.46,201301141600
22700,1.87,201301141600
22751,0.55,201301141600
22768,0.58,201301141600
22869,0.53,201301141600
22877,1.95,201301141600
22928,2.19,201301141600
22940,1.67,201301141600
22955,0.6,201301141600
22963,2.51,201301141600
22966,2.87,201301141600
23120,0.99,201301141600
23124,0.64,201301141600
23125,2.24,201301141600
23131,0.99,201301141600
23138,1.07,201301141600
23169,1.18,201301141600
23194,2.28,201301141600
23216,2.09,201301141600
23370,1.75,201301141600
23371,2.89,201301141600
23379,1.51,201301141600
23386,2.62,201301141600
23388,1.98,201301141600
23427,1.78,201301141600
23621,0.58,201301141600
23627,1.19,201301141600
23635,1.07,201301141600
23641,2.88,201301141600
23662,1.16,201301141600
23669,2.19,201301141600
23690,1.43,201301141600
23744,2.07,201301141600
23750,1.28,201301141600
23872,2.72,201301141600
23873,1.77,201301141600
23875,2.08,201301141600
23881,2.11,201301141600
23894,2.48,201301141600
23896,2.06,201301141600
23907,1.45,201301141600
23925,2.11,201301141600
23973,1.04,201301141600
24005,0.66,201301141600
24009,0.72,201301141600
24032,0.64,201301141600
24122,2.42,201301141600
24123,2.47,201301141600
24149,0.83,201301141600
24247,0.59,201301141600
24251,0.8,201301141600
24265,1.18,201301141600
24266,1.71,201301141600
24373,1.07,201301141600
24374,0.69,201301141600
24380,2.17,201301141600
24381,2.3,201301141600
24383,0.93,201301141600
24387,2.7,201301141600
24402,0.76,201301141600
24405,2.1,201301141600
24423,0.95,201301141600
24623,0.52,201301141600
24626,0.51,201301141600
24643,1.19,201301141600
24732,1.69,201301141600
24734,1.47,201301141600
24739,0.61,201301141600
24774,0.77,201301141600
24775,0.51,201301141600
24781,1.86,201301141600
24837,0.99,201301141600
24874,1.18,201301141600
24877,2.48,201301141600
24879,2.49,201301141600
24880,2.77,201301141600
24895,2.86,201301141600
24920,2.19,201301141600
24990,1.05,201301141600
24991,1.37,201301141600
24993,0.66,201301141600
25124,1.23,201301141600
25125,2.75,201301141600
25126,2.89,201301141600
25129,1.49,201301141600
25130,1.47,201301141600
25132,0.83,201301141600
25136,2.68,201301141600
25138,1.69,201301141600
25141,1.06,201301141600
25179,2.62,201301141600
25187,2.78,201301141600
25375,0.69,201301141600
25376,0.85,201301141600
25377,2.29,201301141600
25379,2.39,201301141600
25385,2.01,201301141600
25395,1.82,201301141600
25400,2.9,201301141600
25405,2.49,201301141600
25412,1.31,201301141600
25427,1.2,201301141600
25626,1.78,201301141600
25627,2.51,201301141600
25628,1.46,201301141600
25629,2.25,201301141600
25632,2.13,201301141600
25633,2.45,201301141600
25642,0.87,201301141600
25715,1.38,201301141600
25747,0.61,201301141600
25763,2.3,201301141600
25876,2.11,201301141600
25877,0.7,201301141600
25878,2.03,201301141600
25881,1.45,201301141600
25882,1.34,201301141600
25886,0.78,201301141600
25888,1.18,201301141600
25926,1.75,201301141600
25997,2.89,201301141600
26005,2.65,201301141600
26035,1.68,201301141600
26127,1.89,201301141600
26129,0.6,201301141600
26130,0.62,201301141600
26133,2.21,201301141600
26135,2.03,201301141600
26136,2.87,201301141600
26138,1.27,201301141600
26139,1.72,201301141600
26141,0.74,201301141600
26148,1.04,201301141600
26168,1.66,201301141600
26378,0.55,201301141600
26379,1.64,201301141600
26380,1.09,201301141600
26381,0.73,201301141600
26382,1.57,201301141600
26383,0.92,201301141600
26385,0.64,201301141600
26386,2.77,201301141600
26387,0.56,201301141600
26389,1.14,201301141600
26391,1.32,201301141600
26392,2.11,201301141600
26393,2.01,201301141600
26396,1.59,201301141600
26403,2.8,201301141600
26408,0.77,201301141600
26427,2.65,201301141600
26450,1.41,201301141600
26492,1.39,201301141600
26546,0.94,201301141600
26563,2.68,201301141600
26564,1.3,201301141600
26628,2.15,201301141600
26629,0.92,201301141600
26630,1.49,201301141600
26631,2.86,201301141600
26633,1.98,201301141600
26634,0.81,201301141600
26656,1.38,201301141600
26674,1.9,201301141600
26708,1.85,201301141600
26752,1.64,201301141600
26754,1.61,201301141600
26755,2.85,201301141600
26782,0.86,201301141600
26846,2.93,201301141600
26879,0.51,201301141600
26880,2.26,201301141600
26881,1.99,201301141600
26882,1.45,201301141600
26883,1.27,201301141600
26884,1.0,201301141600
26885,1.86,201301141600
26886,1.58,201301141600
26887,0.96,201301141600
26889,2.77,201301141600
26890,2.63,201301141600
26891,2.94,201301141600
26892,0.62,201301141600
26893,1.42,201301141600
26894,2.44,201301141600
26895,2.62,201301141600
26897,1.56,201301141600
26905,1.54,201301141600
26938,2.52,201301141600
26964,2.09,201301141600
27006,1.42,201301141600
27042,2.6,201301141600
27098,1.01,201301141600
27130,1.56,201301141600
27131,0.99,201301141600
27132,2.31,201301141600
27133,2.92,201301141600
27134,1.92,201301141600
27135,1.58,201301141600
27136,2.38,201301141600
27137,2.69,201301141600
27138,1.06,201301141600
27142,0.92,201301141600
27143,2.13,201301141600
27145,2.62,201301141600
27148,2.73,201301141600
27149,2.57,201301141600
27152,1.65,201301141600
27155,1.05,201301141600
27175,2.75,201301141600
27209,1.32,201301141600
27247,2.48,201301141600
27381,1.94,201301141600
27382,1.06,201301141600
27383,2.95,201301141600
27384,2.45,201301141600
27386,2.01,201301141600
27387,1.44,201301141600
27388,1.93,201301141600
27389,1.67,201301141600
27390,2.93,201301141600
27392,2.7,201301141600
27395,2.03,201301141600
27404,1.36,201301141600
27415,1.23,201301141600
27427,1.16,201301141600
27489,1.31,201301141600
27494,2.85,201301141600
27498,1.82,201301141600
27518,1.48,201301141600
27632,1.45,201301141600
27633,3.0,201301141600
27634,0.54,201301141600
27635,2.57,201301141600
27636,0.82,201301141600
27637,1.06,201301141600
27638,0.85,201301141600
27639,1.86,201301141600
27640,0.98,201301141600
27642,1.25,201301141600
27643,2.84,201301141600
27645,1.93,201301141600
27646,0.54,201301141600
27647,1.2,201301141600
27649,1.87,201301141600
27654,0.84,201301141600
27763,1.27,201301141600
27764,2.72,201301141600
27796,1.37,201301141600
27797,2.41,201301141600
27883,2.96,201301141600
27884,2.13,201301141600
27885,0.54,201301141600
27886,1.77,201301141600
27887,2.56,201301141600
27888,1.15,201301141600
27889,2.18,201301141600
27890,2.58,201301141600
27891,2.13,201301141600
27892,2.06,201301141600
27894,2.4,201301141600
27895,2.17,201301141600
27897,1.88,201301141600
27902,1.09,201301141600
27908,2.12,201301141600
27911,1.6,201301141600
27930,2.57,201301141600
27971,2.34,201301141600
28004,0.51,201301141600
28015,2.98,201301141600
28049,1.14,201301141600
28102,1.48,201301141600
28134,1.94,201301141600
28135,1.9,201301141600
28136,1.21,201301141600
28137,0.89,201301141600
28138,1.53,201301141600
28139,1.65,201301141600
28140,1.04,201301141600
28142,2.96,201301141600
28143,2.58,201301141600
28144,2.93,201301141600
28146,2.42,201301141600
28154,1.87,201301141600
28156,0.63,201301141600
28216,0.54,201301141600
28239,1.92,201301141600
28384,1.58,201301141600
28385,2.44,201301141600
28386,2.09,201301141600
28387,0.63,201301141600
28388,1.28,201301141600
28389,2.62,201301141600
28390,0.58,201301141600
28391,2.46,201301141600
28392,1.76,201301141600
28393,1.7,201301141600
28394,2.16,201301141600
28396,2.85,201301141600
28397,1.12,201301141600
28400,1.7,201301141600
28401,0.71,201301141600
28405,1.16,201301141600
28427,1.2,201301141600
28467,0.51,201301141600
28496,1.42,201301141600
28497,2.43,201301141600
28519,1.08,201301141600
28535,2.55,201301141600
28539,0.57,201301141600
28545,2.37,201301141600
28557,2.77,201301141600
28635,1.89,201301141600
28636,1.72,201301141600
28637,0.57,201301141600
28638,2.41,201301141600
28639,2.3,201301141600
28640,1.79,201301141600
28641,0.8,201301141600
28642,0.61,201301141600
28643,2.24,201301141600
28644,0.54,201301141600
28645,1.7,201301141600
28646,2.79,201301141600
28649,0.62,201301141600
28658,2.42,201301141600
28667,1.99,201301141600
28675,0.7,201301141600
28751,0.61,201301141600
28753,2.53,201301141600
28754,1.5,201301141600
28788,0.88,201301141600
28812,1.21,201301141600
28823,2.81,201301141600
28886,2.41,201301141600
28887,2.45,201301141600
28888,2.71,201301141600
28889,2.37,201301141600
28890,2.28,201301141600
28891,2.29,201301141600
28892,2.76,201301141600
28893,2.1,201301141600
28894,1.59,201301141600
28895,0.71,201301141600
28896,0.97,201301141600
28897,1.11,201301141600
28899,0.77,201301141600
28900,1.16,201301141600
28901,1.82,201301141600
28902,1.59,201301141600
28905,2.95,201301141600
28912,2.65,201301141600
28960,0.9,201301141600
28969,2.5,201301141600
29004,0.79,201301141600
29012,2.8,201301141600
29026,0.56,201301141600
29068,1.89,201301141600
29076,1.43,201301141600
29088,2.64,201301141600
29094,1.36,201301141600
29136,1.54,201301141600
29137,0.99,201301141600
29138,2.63,201301141600
29139,2.11,201301141600
29140,2.77,201301141600
29141,0.89,201301141600
29142,2.64,201301141600
29143,1.21,201301141600
29144,1.7,201301141600
29146,1.45,201301141600
29147,1.12,201301141600
29148,1.31,201301141600
29149,0.53,201301141600
29151,1.46,201301141600
29158,2.37,201301141600
29165,1.87,201301141600
29171,1.83,201301141600
29190,1.1,201301141600
29247,2.15,201301141600
29387,1.05,201301141600
29388,2.17,201301141600
29389,2.68,201301141600
29390,2.79,201301141600
29391,1.8,201301141600
29392,0.52,201301141600
29393,2.71,201301141600
29394,1.25,201301141600
29395,1.03,201301141600
29396,0.82,201301141600
29397,2.88,201301141600
29398,2.22,201301141600
29399,1.24,201301141600
29401,2.59,201301141600
29402,0.97,201301141600
29403,1.89,201301141600
29405,2.59,201301141600
29409,2.57,201301141600
29425,2.9,201301141600
29429,1.47,201301141600
29495,1.09,201301141600
29498,1.46,201301141600
29533,1.87,201301141600
29556,2.21,201301141600
29638,0.7,201301141600
29639,1.41,201301141600
29640,0.77,201301141600
29641,2.38,201301141600
29642,0.8,201301141600
29643,1.23,201301141600
29644,2.78,201301141600
29645,1.13,201301141600
29648,1.57,201301141600
29649,1.57,201301141600
29650,1.58,201301141600
29654,2.9,201301141600
29663,0.68,201301141600
29670,2.54,201301141600
29710,2.81,201301141600
29730,1.35,201301141600
29733,0.62,201301141600
29736,2.03,201301141600
29766,0.81,201301141600
29891,1.4,201301141600
29892,0.78,201301141600
29893,1.44,201301141600
29894,2.63,201301141600
29895,1.97,201301141600
29896,1.03,201301141600
29897,1.5,201301141600
29898,1.99,201301141600
29900,1.78,201301141600
29903,2.42,201301141600
29906,1.25,201301141600
29909,2.94,201301141600
29912,2.43,201301141600
29917,1.37,201301141600
29925,1.94,201301141600
29966,1.23,201301141600
30021,0.53,201301141600
30026,2.05,201301141600
30036,2.69,201301141600
30142,0.64,201301141600
30143,1.1,201301141600
30144,2.48,201301141600
30145,0.69,201301141600
30146,2.74,201301141600
30147,2.85,201301141600
30148,1.01,201301141600
30152,2.64,201301141600
30154,1.21,201301141600
30157,1.05,201301141600
30158,2.83,201301141600
30181,1.63,201301141600
30242,0.81,201301141600
30243,2.35,201301141600
30244,0.74,201301141600
30261,2.8,201301141600
30300,2.31,201301141600
30322,0.86,201301141600
30393,2.56,201301141600
30394,2.11,201301141600
30395,2.64,201301141600
30396,1.22,201301141600
30397,2.87,201301141600
30398,0.77,201301141600
30400,2.12,201301141600
30401,1.3,201301141600
30403,2.41,201301141600
30407,1.03,201301141600
30410,2.33,201301141600
30420,2.74,201301141600
30430,1.53,201301141600
30434,2.6,201301141600
30439,1.54,201301141600
30481,2.42,201301141600
30489,1.14,201301141600
30494,0.99,201301141600
30495,1.24,201301141600
30496,1.31,201301141600
30645,1.76,201301141600
30646,1.83,201301141600
30647,1.53,201301141600
30648,1.93,201301141600
30649,1.41,201301141600
30650,2.21,201301141600
30651,0.56,201301141600
30652,2.92,201301141600
30653,2.44,201301141600
30654,2.85,201301141600
30661,2.26,201301141600
30664,2.4,201301141600
30666,0.73,201301141600
30669,0.64,201301141600
30673,1.37,201301141600
30683,0.55,201301141600
30745,2.82,201301141600
30750,1.23,201301141600
30777,0.64,201301141600
30780,2.66,201301141600
30812,1.92,201301141600
30897,0.55,201301141600
30898,2.86,201301141600
30899,1.61,201301141600
30900,1.91,201301141600
30901,1.57,201301141600
30902,2.17,201301141600
30903,2.82,201301141600
30904,0.82,201301141600
30908,2.68,201301141600
30909,1.14,201301141600
30912,1.16,201301141600
30913,1.17,201301141600
30928,1.07,201301141600
30953,0.63,201301141600
30979,2.46,201301141600
30994,2.76,201301141600
30995,1.57,201301141600
31027,2.7,201301141600
31028,2.5,201301141600
31029,1.96,201301141600
31082,2.66,201301141600
31148,2.82,201301141600
31149,1.98,201301141600
31150,2.37,201301141600
31151,1.42,201301141600
31152,2.5,201301141600
31156,0.6,201301141600
31157,1.84,201301141600
31161,1.23,201301141600
31166,2.94,201301141600
31172,2.01,201301141600
31274,1.76,201301141600
31281,0.92,201301141600
31369,0.64,201301141600
31398,1.19,201301141600
31401,1.24,201301141600
31407,2.68,201301141600
31408,2.63,201301141600
31409,1.99,201301141600
31410,2.99,201301141600
31413,1.22,201301141600
31419,2.88,201301141600
31427,0.74,201301141600
31457,0.79,201301141600
31466,2.7,201301141600
31651,1.99,201301141600
31652,2.3,201301141600
31656,0.52,201301141600
31660,2.08,201301141600
31663,2.82,201301141600
31666,2.32,201301141600
31675,1.17,201301141600
31738,0.55,201301141600
31754,0.93,201301141600
31782,1.91,201301141600
31903,1.89,201301141600
31904,0.89,201301141600
31905,1.84,201301141600
31906,2.34,201301141600
31908,2.89,201301141600
31912,1.54,201301141600
31921,1.17,201301141600
31928,2.84,201301141600
31949,2.07,201301141600
32028,1.45,201301141600
32032,2.97,201301141600
32045,0.78,201301141600
32150,1.54,201301141600
32155,2.39,201301141600
32157,2.87,201301141600
32161,2.94,201301141600
32162,1.45,201301141600
32167,1.74,201301141600
32169,2.37,201301141600
32175,1.27,201301141600
32182,1.61,201301141600
32185,2.87,201301141600
32195,2.38,201301141600
32235,0.87,201301141600
32404,1.06,201301141600
32405,1.28,201301141600
32410,0.89,201301141600
32411,2.03,201301141600
32415,1.84,201301141600
32449,2.52,201301141600
32490,2.35,201301141600
32558,2.5,201301141600
32622,2.33,201301141600
32656,0.57,201301141600
32658,1.02,201301141600
32660,2.94,201301141600
32662,1.7,201301141600
32668,2.0,201301141600
32682,1.31,201301141600
32697,0.56,201301141600
32712,0.65,201301141600
32729,1.57,201301141600
32739,2.97,201301141600
32742,2.01,201301141600
32744,2.73,201301141600
32802,1.21,201301141600
32834,1.39,201301141600
32905,2.89,201301141600
32907,2.16,201301141600
32912,1.02,201301141600
32916,2.83,201301141600
32922,0.78,201301141600
32924,2.17,201301141600
32926,1.46,201301141600
32929,1.07,201301141600
32977,1.6,201301141600
32978,2.88,201301141600
33154,2.11,201301141600
33158,1.69,201301141600
33160,1.6,201301141600
33165,0.94,201301141600
33170,1.98,201301141600
33186,1.97,201301141600
33286,1.35,201301141600
33405,2.44,201301141600
33409,2.85,201301141600
33412,0.86,201301141600
33418,1.75,201301141600
33420,1.97,201301141600
33424,1.14,201301141600
33435,0.59,201301141600
33442,2.99,201301141600
33519,0.78,201301141600
33594,0.51,201301141600
33656,2.06,201301141600
33659,2.96,201301141600
33662,1.42,201301141600
33664,1.39,201301141600
33666,0.62,201301141600
33669,1.57,201301141600
33673,2.07,201301141600
33675,1.2,201301141600
33694,0.56,201301141600
33724,2.09,201301141600
33742,2.91,201301141600
33812,1.59,201301141600
33909,2.21,201301141600
33911,1.65,201301141600
33912,2.09,201301141600
33913,2.07,201301141600
33922,2.91,201301141600
33923,1.99,201301141600
33924,1.66,201301141600
33931,2.38,201301141600
33935,1.45,201301141600
33986,0.88,201301141600
34013,2.44,201301141600
34160,0.85,201301141600
34161,1.44,201301141600
34162,2.74,201301141600
34163,1.82,201301141600
34167,1.19,201301141600
34190,1.33,201301141600
34211,2.4,201301141600
34303,0.99,201301141600
34380,2.07,201301141600
34407,0.73,201301141600
34413,1.14,201301141600
34423,1.15,201301141600
34424,1.63,201301141600
34427,1.87,201301141600
34430,2.29,201301141600
34437,0.84,201301141600
34440,2.09,201301141600
34486,2.6,201301141600
34495,1.22,201301141600
34510,1.33,201301141600
34520,2.06,201301141600
34528,1.31,201301141600
34563,2.16,201301141600
34662,2.97,201301141600
34667,1.18,201301141600
34668,1.88,201301141600
34670,1.31,201301141600
34672,0.89,201301141600
34673,2.46,201301141600
34676,1.54,201301141600
34679,1.36,201301141600
34682,0.7,201301141600
34695,1.97,201301141600
34710,2.46,201301141600
34714,1.09,201301141600
34720,2.12,201301141600
34882,1.39,201301141600
34913,2.88,201301141600
34914,0.95,201301141600
34915,2.46,201301141600
34924,1.86,201301141600
34925,0.59,201301141600
34934,2.77,201301141600
34939,2.22,201301141600
34959,1.47,201301141600
34990,1.77,201301141600
35102,2.27,201301141600
35164,2.18,201301141600
35166,1.66,201301141600
35173,2.13,201301141600
35178,0.84,201301141600
35183,0.62,201301141600
35185,0.68,201301141600
35187,1.04,201301141600
35193,0.93,201301141600
35203,1.28,201301141600
35218,1.64,201301141600
35237,0.6,201301141600
35244,1.01,201301141600
35249,0.78,201301141600
35295,0.56,201301141600
35368,2.62,201301141600
35410,0.99,201301141600
35414,2.58,201301141600
35415,2.12,201301141600
35417,1.56,201301141600
35421,1.57,201301141600
35440,1.21,201301141600
35455,1.69,201301141600
35492,0.63,201301141600
35515,1.92,201301141600
35665,2.4,201301141600
35675,2.22,201301141600
35683,0.52,201301141600
35686,0.97,201301141600
35700,2.96,201301141600
35745,2.92,201301141600
35755,2.55,201301141600
35769,1.51,201301141600
35916,0.7,201301141600
35917,0.54,201301141600
35918,1.86,201301141600
35919,0.86,201301141600
35921,0.71,201301141600
35929,2.08,201301141600
35931,0.94,201301141600
35941,1.97,201301141600
35944,1.39,201301141600
35971,2.49,201301141600
35981,0.69,201301141600
35992,2.6,201301141600
35994,0.54,201301141600
36067,1.47,201301141600
36162,2.42,201301141600
36167,1.2,201301141600
36169,2.68,201301141600
36170,1.61,201301141600
36173,2.59,201301141600
36176,1.66,201301141600
36177,2.2,201301141600
36205,2.3,201301141600
36237,2.38,201301141600
36245,1.55,201301141600
36246,1.16,201301141600
36293,1.41,201301141600
36311,2.65,201301141600
36417,1.71,201301141600
36420,2.22,201301141600
36421,1.03,201301141600
36441,1.39,201301141600
36448,2.51,201301141600
36494,2.35,201301141600
36498,1.9,201301141600
36502,1.6,201301141600
36510,2.1,201301141600
36513,2.16,201301141600
36519,1.37,201301141600
36524,2.23,201301141600
36576,2.14,201301141600
36668,1.83,201301141600
36673,2.79,201301141600
36675,2.18,201301141600
36677,1.29,201301141600
36679,2.58,201301141600
36682,0.82,201301141600
36688,1.01,201301141600
36690,2.34,201301141600
36711,2.22,201301141600
36717,2.12,201301141600
36758,2.11,201301141600
36889,1.47,201301141600
36915,2.43,201301141600
36918,1.03,201301141600
36933,2.17,201301141600
36934,1.09,201301141600
36953,2.48,201301141600
36959,0.76,201301141600
36996,0.68,201301141600
36999,2.35,201301141600
37001,1.45,201301141600
37167,1.08,201301141600
37168,0.89,201301141600
37169,2.97,201301141600
37172,1.15,201301141600
37176,2.19,201301141600
37178,1.21,201301141600
37179,1.37,201301141600
37182,2.03,201301141600
37192,1.28,201301141600
37200,1.45,201301141600
37206,1.43,201301141600
37232,2.04,201301141600
37239,1.96,201301141600
37270,1.33,201301141600
37298,2.36,201301141600
37304,1.39,201301141600
37419,0.72,201301141600
37421,2.15,201301141600
37423,2.92,201301141600
37425,1.69,201301141600
37446,2.77,201301141600
37454,1.57,201301141600
37477,2.22,201301141600
37487,1.22,201301141600
37501,1.46,201301141600
37503,2.28,201301141600
37513,0.89,201301141600
37523,2.76,201301141600
37562,2.85,201301141600
37609,1.22,201301141600
37642,0.75,201301141600
37643,2.96,201301141600
37670,0.72,201301141600
37671,1.95,201301141600
37672,1.56,201301141600
37676,2.97,201301141600
37688,2.15,201301141600
37689,1.15,201301141600
37690,1.34,201301141600
37695,1.32,201301141600
37701,1.53,201301141600
37710,2.12,201301141600
37711,0.76,201301141600
37754,1.73,201301141600
37874,2.84,201301141600
37891,2.85,201301141600
37893,2.27,201301141600
37894,1.82,201301141600
37926,2.76,201301141600
37928,1.92,201301141600
37929,0.75,201301141600
37932,1.38,201301141600
37936,2.06,201301141600
37943,2.1,201301141600
37952,1.88,201301141600
37962,1.15,201301141600
37968,0.89,201301141600
38003,1.02,201301141600
38060,1.88,201301141600
38145,1.72,201301141600
38172,2.3,201301141600
38173,1.3,201301141600
38178,2.72,201301141600
38200,2.26,201301141600
38204,0.69,201301141600
38209,2.89,201301141600
38215,1.77,201301141600
38220,1.3,201301141600
38225,2.26,201301141600
38228,1.24,201301141600
38230,1.77,201301141600
38243,2.37,201301141600
38247,2.91,201301141600
38255,2.1,201301141600
38263,2.77,201301141600
38268,1.25,201301141600
38272,1.37,201301141600
38367,0.91,201301141600
38381,0.71,201301141600
38423,2.66,201301141600
38425,0.95,201301141600
38426,0.79,201301141600
38431,2.11,201301141600
38440,2.2,201301141600
38479,2.67,201301141600
38481,2.13,201301141600
38483,2.38,201301141600
38488,1.37,201301141600
38490,0.95,201301141600
38498,2.81,201301141600
38499,2.29,201301141600
38500,0.95,201301141600
38505,2.63,201301141600
38506,1.04,201301141600
38508,1.96,201301141600
38517,2.09,201301141600
38534,2.63,201301141600
38648,1.43,201301141600
38674,2.34,201301141600
38676,2.65,201301141600
38679,0.9,201301141600
38684,2.69,201301141600
38693,2.08,201301141600
38697,0.64,201301141600
38716,2.67,201301141600
38722,1.59,201301141600
38736,1.68,201301141600
38738,1.11,201301141600
38752,1.39,201301141600
38753,2.46,201301141600
38758,0.87,201301141600
38760,1.82,201301141600
38761,2.25,201301141600
38762,2.19,201301141600
38766,1.45,201301141600
38769,0.9,201301141600
38778,1.41,201301141600
38812,2.06,201301141600
38939,1.43,201301141600
38953,2.46,201301141600
38958,2.28,201301141600
38967,2.72,201301141600
39006,2.68,201301141600
39008,0.55,201301141600
39010,2.28,201301141600
39011,0.89,201301141600
39017,2.1,201301141600
39113,2.91,201301141600
39148,0.74,201301141600
39149,1.37,201301141600
39176,2.05,201301141600
39178,2.78,201301141600
39191,0.6,201301141600
39201,2.47,201301141600
39230,0.6,201301141600
39236,0.9,201301141600
39246,1.98,201301141600
39252,1.41,201301141600
39255,2.84,201301141600
39260,1.56,201301141600
39262,2.51,201301141600
39263,2.13,201301141600
39268,1.61,201301141600
39269,1.69,201301141600
39271,2.89,201301141600
39274,2.25,201301141600
39275,1.01,201301141600
39375,2.57,201301141600
39391,0.56,201301141600
39427,1.32,201301141600
39428,2.21,201301141600
39430,2.65,201301141600
39433,1.28,201301141600
39446,2.87,201301141600
39457,1.08,201301141600
39514,2.49,201301141600
39515,1.02,201301141600
39516,2.15,201301141600
39517,1.56,201301141600
39535,0.6,201301141600
39554,1.22,201301141600
39559,1.52,201301141600
39631,0.85,201301141600
39632,2.7,201301141600
39633,1.09,201301141600
39652,0.58,201301141600
39683,2.9,201301141600
39687,1.91,201301141600
39706,2.82,201301141600
39710,2.4,201301141600
39722,2.79,201301141600
39731,0.98,201301141600
39750,2.33,201301141600
39755,1.87,201301141600
39759,2.33,201301141600
39762,1.73,201301141600
39764,2.76,201301141600
39765,1.72,201301141600
39766,1.24,201301141600
39767,2.67,201301141600
39769,2.91,201301141600
39772,1.56,201301141600
39776,2.04,201301141600
39777,2.23,201301141600
39790,2.07,201301141600
39791,1.07,201301141600
39796,1.44,201301141600
39832,2.85,201301141600
39883,1.16,201301141600
39930,1.73,201301141600
39932,0.6,201301141600
39941,1.89,201301141600
39948,0.79,201301141600
39969,2.9,201301141600
40018,2.46,201301141600
40031,1.98,201301141600
40133,2.8,201301141600
40180,0.5,201301141600
40188,2.11,201301141600
40196,2.72,201301141600
40242,2.93,201301141600
40246,2.32,201301141600
40259,0.74,201301141600
40264,2.27,201301141600
40267,1.81,201301141600
40268,2.49,201301141600
40270,0.81,201301141600
40276,0.86,201301141600
40286,1.23,201301141600
40295,2.53,201301141600
40431,2.25,201301141600
40432,2.05,201301141600
40442,2.59,201301141600
40447,2.95,201301141600
40448,1.25,201301141600
40451,2.75,201301141600
40457,2.05,201301141600
40500,0.98,201301141600
40512,1.18,201301141600
40518,2.82,201301141600
40519,1.76,201301141600
40522,2.99,201301141600
40524,2.07,201301141600
40525,2.73,201301141600
40532,2.26,201301141600
40560,2.83,201301141600
40566,2.12,201301141600
40633,2.39,201301141600
40687,2.42,201301141600
40713,0.83,201301141600
40719,1.99,201301141600
40732,2.39,201301141600
40733,2.54,201301141600
40766,2.48,201301141600
40810,2.76,201301141600
40894,2.65,201301141600
40933,0.87,201301141600
40936,2.52,201301141600
40939,0.64,201301141600
40954,1.23,201301141600
40982,2.41,201301141600
41021,2.03,201301141600
41024,2.87,201301141600
41061,1.38,201301141600
41145,0.84,201301141600
41157,1.8,201301141600
41183,1.02,201301141600
41200,0.98,201301141600
41262,2.73,201301141600
41265,2.07,201301141600
41270,2.24,201301141600
41277,1.83,201301141600
41318,0.78,201301141600
41401,2.49,201301141600
41407,2.66,201301141600
41437,2.07,201301141600
41459,2.15,201301141600
41465,2.19,201301141600
41469,2.2,201301141600
41508,2.04,201301141600
41520,2.69,201301141600
41522,0.82,201301141600
41526,2.78,201301141600
41532,1.45,201301141600
41558,1.93,201301141600
41635,1.92,201301141600
41653,1.42,201301141600
41658,1.46,201301141600
41692,2.32,201301141600
41696,0.99,201301141600
41764,0.81,201301141600
41772,1.51,201301141600
41893,0.52,201301141600
41904,1.1,201301141600
41905,0.98,201301141600
41936,2.0,201301141600
41941,1.16,201301141600
41958,2.65,201301141600
41990,2.29,201301141600
42023,0.56,201301141600
42026,0.94,201301141600
42029,0.58,201301141600
42074,1.15,201301141600
42085,0.77,201301141600
42095,1.08,201301141600
42147,1.85,201301141600
42160,1.92,201301141600
42200,2.25,201301141600
42213,1.61,201301141600
42267,2.05,201301141600
42271,2.34,201301141600
42274,2.21,201301141600
42283,1.28,201301141600
42291,2.9,201301141600
42342,2.05,201301141600
42411,0.65,201301141600
42438,1.82,201301141600
42454,0.97,201301141600
42471,2.57,201301141600
42478,1.16,201301141600
42487,1.54,201301141600
42503,1.66,201301141600
42514,0.89,201301141600
42521,1.48,201301141600
42533,2.16,201301141600
42644,1.95,201301141600
42661,1.77,201301141600
42695,2.44,201301141600
42744,1.1,201301141600
42750,1.59,201301141600
42846,1.93,201301141600
42905,2.35,201301141600
42912,2.44,201301141600
42939,2.38,201301141600
42940,0.52,201301141600
42944,0.58,201301141600
42949,2.91,201301141600
43011,2.97,201301141600
43021,2.87,201301141600
43030,2.91,201301141600
43151,1.48,201301141600
43160,1.54,201301141600
43162,1.81,201301141600
43213,1.02,201301141600
43220,0.83,201301141600
43261,1.23,201301141600
43412,2.2,201301141600
43413,2.23,201301141600
43440,1.64,201301141600
43443,2.63,201301141600
43449,1.42,201301141600
43483,2.76,201301141600
43484,1.23,201301141600
43494,2.98,201301141600
43518,0.71,201301141600
43523,2.7,201301141600
43526,1.66,201301141600
43530,2.14,201301141600
43571,1.46,201301141600
43642,1.17,201301141600
43662,2.21,201301141600
43738,2.38,201301141600
43760,1.67,201301141600
43779,1.23,201301141600
43914,2.53,201301141600
43957,0.68,201301141600
43980,2.98,201301141600
43984,2.45,201301141600
43992,2.87,201301141600
43995,2.0,201301141600
44002,0.64,201301141600
44039,1.25,201301141600
44194,1.57,201301141600
44197,2.76,201301141600
44204,1.88,201301141600
44215,2.0,201301141600
44226,2.23,201301141600
44247,2.19,201301141600
44255,1.09,201301141600
44282,1.98,201301141600
44284,0.74,201301141600
44356,1.22,201301141600
44470,0.68,201301141600
44486,1.04,201301141600
44503,2.92,201301141600
44504,1.66,201301141600
44510,0.78,201301141600
44517,2.51,201301141600
44534,2.88,201301141600
44578,2.6,201301141600
44666,0.54,201301141600
44694,1.55,201301141600
44697,1.5,201301141600
44716,1.44,201301141600
44724,2.9,201301141600
44743,1.4,201301141600
44755,1.82,201301141600
44756,1.58,201301141600
44757,0.58,201301141600
44758,0.85,201301141600
44786,2.15,201301141600
44787,1.45,201301141600
44911,0.61,201301141600
44963,0.76,201301141600
45005,0.55,201301141600
45006,1.04,201301141600
45007,1.66,201301141600
45008,2.27,201301141600
45039,2.35,201301141600
45114,0.75,201301141600
45168,2.74,201301141600
45200,0.6,201301141600
45203,1.23,201301141600
45208,1.04,201301141600
45237,2.41,201301141600
45254,2.47,201301141600
45256,2.67,201301141600
45258,1.12,201301141600
45261,2.15,201301141600
45265,1.51,201301141600
45266,0.78,201301141600
45401,2.96,201301141600
45479,0.85,201301141600
45502,1.55,201301141600
45507,2.17,201301141600
45509,1.58,201301141600
45526,1.08,201301141600
45538,2.25,201301141600
45582,1.91,201301141600
45661,0.67,201301141600
45701,1.34,201301141600
45703,1.71,201301141600
45716,1.89,201301141600
45720,0.79,201301141600
45725,1.7,201301141600
45735,1.88,201301141600
45747,1.38,201301141600
45766,1.75,201301141600
45793,1.14,201301141600
45795,1.65,201301141600
45919,1.9,201301141600
45948,1.72,201301141600
46008,2.34,201301141600
46036,1.83,201301141600
46041,1.23,201301141600
46052,2.91,201301141600
46074,2.66,201301141600
46145,2.47,201301141600
46202,1.11,201301141600
46209,1.9,201301141600
46242,2.19,201301141600
46265,0.99,201301141600
46372,2.76,201301141600
46384,0.78,201301141600
46455,2.5,201301141600
46508,1.84,201301141600
46523,2.55,201301141600
46538,2.77,201301141600
46565,1.38,201301141600
46574,2.95,201301141600
46626,0.5,201301141600
46700,0.56,201301141600
46738,0.89,201301141600
46770,0.83,201301141600
46778,1.49,201301141600
46787,2.11,201301141600
46803,1.23,201301141600
46954,0.84,201301141600
46964,2.28,201301141600
46972,1.1,201301141600
46976,2.19,201301141600
46981,2.34,201301141600
47011,2.7,201301141600
47015,1.17,201301141600
47047,2.85,201301141600
47253,1.81,201301141600
47288,2.22,201301141600
47295,0.75,201301141600
47342,0.89,201301141600
47454,0.7,201301141600
47535,0.56,201301141600
47543,2.26,201301141600
47705,1.82,201301141600
47709,1.25,201301141600
47711,2.51,201301141600
47758,1.05,201301141600
47806,1.2,201301141600
47889,1.84,201301141600
47926,1.75,201301141600
47968,1.29,201301141600
47972,0.9,201301141600
47977,2.21,201301141600
47982,1.9,201301141600
48032,2.47,201301141600
48209,2.46,201301141600
48239,1.95,201301141600
48244,0.82,201301141600
48278,2.42,201301141600
48420,2.21,201301141600
48427,2.1,201301141600
48499,0.64,201301141600
48503,0.56,201301141600
48552,1.49,201301141600
48584,0.93,201301141600
48713,2.78,201301141600
48759,0.88,201301141600
48848,2.57,201301141600
48898,0.68,201301141600
49017,1.81,201301141600
49049,1.26,201301141600
49229,1.94,201301141600
49241,2.57,201301141600
49472,1.46,201301141600
49483,1.76,201301141600
49542,0.86,201301141600
49555,0.81,201301141600
49679,2.79,201301141600
49750,0.98,201301141600
49760,0.59,201301141600
49777,1.06,201301141600
49968,2.34,201301141600
50053,2.9,201301141600
50103,2.31,201301141600
50180,1.33,201301141600
50285,1.85,201301141600
50430,2.98,201301141600
50470,2.25,201301141600
50494,2.79,201301141600
50511,1.67,201301141600
50549,0.98,201301141600
50680,1.61,201301141600
50682,1.18,201301141600
50731,0.8,201301141600
50812,0.98,201301141600
50872,1.74,201301141600
51029,1.31,201301141600
51046,1.16,201301141600
51053,0.69,201301141600
51056,1.18,201301141600
51162,1.78,201301141600
51177,2.51,201301141600
51182,2.3,201301141600
51228,0.95,201301141600
51258,2.79,201301141600
51430,2.4,201301141600
51431,1.66,201301141600
51432,1.73,201301141600
51520,2.25,201301141600
51681,1.81,201301141600
51682,0.97,201301141600
51725,1.9,201301141600
51790,1.91,201301141600
51832,1.97,201301141600
51857,2.97,201301141600
51931,2.48,201301141600
51932,0.55,201301141600
51986,0.68,201301141600
52003,2.15,201301141600
52182,2.1,201301141600
52244,1.93,201301141600
52259,1.47,201301141600
52280,2.52,201301141600
52319,0.89,201301141600
52473,1.63,201301141600
52518,1.51,201301141600
52631,2.59,201301141600
52679,2.44,201301141600
52729,2.5,201301141600
52811,1.26,201301141600
52983,2.02,201301141600
52988,1.5,201301141600
52993,2.69,201301141600
53000,2.47,201301141600
53016,1.84,201301141600
53027,0.65,201301141600
53072,2.32,201301141600
53090,2.12,201301141600
53177,1.91,201301141600
53178,2.0,201301141600
53381,2.77,201301141600
53427,1.57,201301141600
53429,2.47,201301141600
53761,1.41,201301141600
53774,2.5,201301141600
53797,2.91,201301141600
53810,2.29,201301141600
53822,2.6,201301141600
53864,1.24,201301141600
53927,2.4,201301141600
54038,1.65,201301141600
54071,1.14,201301141600
54234,1.51,201301141600
54281,2.52,201301141600
54284,2.33,201301141600
54327,2.67,201301141600
54334,0.53,201301141600
54349,1.16,201301141600
54427,2.48,201301141600
54503,2.46,201301141600
54510,2.82,201301141600
54520,2.45,201301141600
54550,1.19,201301141600
54578,1.79,201301141600
54678,1.52,201301141600
54828,1.07,201301141600
54983,0.9,201301141600
54996,2.97,201301141600
55070,1.05,201301141600
55329,0.62,201301141600
55331,1.46,201301141600
55535,1.69,201301141600
55633,1.81,201301141600
55680,2.96,201301141600
55761,1.36,201301141600
55831,2.14,201301141600
55832,0.51,201301141600
55838,2.17,201301141600
55845,0.85,201301141600
56106,2.37,201301141600
56493,0.82,201301141600
56571,0.59,201301141600
56586,2.78,201301141600
56587,2.67,201301141600
56591,0.87,201301141600
56738,0.65,201301141600
56835,2.59,201301141600
56882,0.64,201301141600
56887,1.53,201301141600
56888,2.48,201301141600
56933,1.58,201301141600
56934,2.03,201301141600
57042,0.85,201301141600
57062,0.55,201301141600
57189,0.54,201301141600
57261,2.85,201301141600
57329,2.4,201301141600
57342,2.61,201301141600
57376,2.94,201301141600
57378,2.7,201301141600
57380,1.48,201301141600
57397,1.42,201301141600
57440,1.16,201301141600
57495,2.09,201301141600
57523,1.43,201301141600
57555,0.63,201301141600
57597,1.19,201301141600
57613,2.05,201301141600
57615,1.43,201301141600
57628,1.92,201301141600
57631,0.86,201301141600
57823,0.88,201301141600
57837,1.28,201301141600
57851,0.87,201301141600
57852,2.6,201301141600
57906,1.55,201301141600
58179,1.52,201301141600
58251,2.96,201301141600
58421,1.49,201301141600
58511,2.84,201301141600
58632,1.66,201301141600
58744,2.45,201301141600
58802,1.01,201301141600
58814,0.71,201301141600
58879,1.15,201301141600
58892,1.42,201301141600
59010,1.23,201301141600
59043,0.73,201301141600
59104,0.94,201301141600
59125,1.7,201301141600
59134,0.92,201301141600
59285,2.94,201301141600
59329,2.03,201301141600
59555,2.97,201301141600
59635,2.58,201301141600
59745,2.56,201301141600
59927,1.69,201301141600
59941,1.98,201301141600
60008,2.0,201301141600
60011,1.71,201301141600
60114,2.03,201301141600
60141,2.66,201301141600
60147,0.95,201301141600
60331,0.88,201301141600
60344,0.51,201301141600
60350,2.98,201301141600
60578,0.55,201301141600
60593,0.53,201301141600
60613,0.9,201301141600
60630,1.1,201301141600
60635,2.85,201301141600
60649,1.27,201301141600
60750,2.05,201301141600
60774,1.76,201301141600
60819,1.51,201301141600
60880,1.13,201301141600
60888,1.38,201301141600
61062,2.29,201301141600
61110,1.3,201301141600
61263,2.91,201301141600
61343,1.38,201301141600
61591,1.86,201301141600
61597,2.52,201301141600
61654,0.55,201301141600
61818,0.61,201301141600
62077,1.94,201301141600
62104,2.21,201301141600
62135,0.92,201301141600
62140,2.42,201301141600
62252,2.06,201301141600
62558,1.41,201301141600
62589,2.12,201301141600
62757,2.15,201301141600
62772,0.91,201301141600
62850,2.02,201301141600
62926,2.4,201301141600
62948,0.99,201301141600
63044,1.43,201301141600
63153,1.97,201301141600
63383,2.39,201301141600
63397,1.6,201301141600
63398,1.68,201301141600
63407,1.02,201301141600
63574,1.35,201301141600
63586,1.26,201301141600
63816,1.39,201301141600
64102,1.68,201301141600
64150,2.96,201301141600
64200,1.44,201301141600
64515,1.21,201301141600
64529,1.11,201301141600
64573,0.88,201301141600
64581,2.09,201301141600
64815,1.29,201301141600
64915,1.73,201301141600
65059,1.69,201301141600
65144,2.23,201301141600
65320,1.56,201301141600
65375,1.06,201301141600
65454,2.79,201301141600
65528,2.75,201301141600
65607,0.76,201301141600
65774,0.5,201301141600
65838,2.66,201301141600
66068,0.72,201301141600
66084,2.9,201301141600
66151,1.91,201301141600
66353,1.29,201301141600
66538,1.93,201301141600
66575,1.91,201301141600
66637,2.1,201301141600
66827,1.06,201301141600
66870,1.72,201301141600
67110,0.89,201301141600
67207,0.72,201301141600
67335,0.88,201301141600
67385,0.53,201301141600
67599,0.67,201301141600
67601,0.72,201301141600
67602,2.49,201301141600
67698,1.79,201301141600
67824,1.92,201301141600
67842,1.48,201301141600
67854,0.94,201301141600
67855,2.3,201301141600
67918,1.34,201301141600
68103,2.05,201301141600
68104,0.95,201301141600
68110,0.76,201301141600
68111,1.32,201301141600
68349,2.88,201301141600
68354,2.41,201301141600
68356,2.31,201301141600
68454,2.92,201301141600
68455,1.08,201301141600
68587,0.57,201301141600
68857,1.59,201301141600
68858,1.76,201301141600
68897,2.87,201301141600
68924,0.9,201301141600
68930,2.3,201301141600
69106,0.88,201301141600
69190,1.73,201301141600
69206,1.06,201301141600
69359,1.07,201301141600
69371,1.36,201301141600
69455,0.68,201301141600
69582,2.74,201301141600
69613,0.96,201301141600
69676,2.88,201301141600
70115,1.04,201301141600
70132,1.4,201301141600
70181,1.65,201301141600
70342,2.17,201301141600
70352,1.44,201301141600
70360,2.72,201301141600
70374,1.91,201301141600
70440,2.65,201301141600
70462,1.23,201301141600
70619,0.94,201301141600
70659,1.31,201301141600
70715,1.27,201301141600
70903,0.67,201301141600
70934,1.35,201301141600
70961,1.14,201301141600
71122,1.5,201301141600
71187,1.92,201301141600
71399,2.58,201301141600
71601,2.87,201301141600
71629,0.99,201301141600
71888,2.67,201301141600
71961,1.34,201301141600
71964,1.64,201301141600
72201,1.49,201301141600
72218,1.16,201301141600
72345,2.68,201301141600
72367,1.77,201301141600
72407,2.96,201301141600
72416,2.44,201301141600
72706,1.73,201301141600
72894,0.87,201301141600
73104,1.8,201301141600
73135,2.07,201301141600
73211,0.92,201301141600
73223,1.07,201301141600
73451,1.7,201301141600
73460,0.56,201301141600
73461,2.86,201301141600
73557,1.32,201301141600
73669,2.43,201301141600
74158,2.61,201301141600
74216,0.74,201301141600
74388,2.99,201301141600
74396,2.0,201301141600
74466,0.79,201301141600
74467,1.29,201301141600
74638,2.29,201301141600
74677,1.09,201301141600
74678,2.29,201301141600
74711,2.02,201301141600
74721,1.64,201301141600
74962,2.38,201301141600
74968,2.89,201301141600
74973,2.59,201301141600
75224,2.67,201301141600
75329,1.96,201301141600
75386,0.71,201301141600
75424,2.11,201301141600
75436,2.82,201301141600
75475,2.16,201301141600
75619,2.78,201301141600
75721,2.0,201301141600
75722,2.42,201301141600
75724,1.47,201301141600
75725,1.82,201301141600
75726,1.81,201301141600
75727,2.66,201301141600
75974,1.81,201301141600
75975,0.59,201301141600
76133,2.16,201301141600
76227,1.42,201301141600
76393,1.94,201301141600
76473,2.0,201301141600
76477,0.98,201301141600
76654,1.46,201301141600
76728,2.07,201301141600
76959,2.25,201301141600
77169,0.75,201301141600
77230,2.88,201301141600
77381,2.65,201301141600
77458,0.68,201301141600
77641,2.55,201301141600
77942,0.63,201301141600
77981,1.5,201301141600
78205,1.5,201301141600
78418,0.52,201301141600
78654,2.52,201301141600
78733,2.59,201301141600
78881,2.56,201301141600
78896,1.64,201301141600
78909,1.08,201301141600
78983,0.97,201301141600
79234,2.2,201301141600
79379,1.97,201301141600
79394,2.18,201301141600
79484,1.72,201301141600
79712,0.64,201301141600
79911,2.04,201301141600
79915,0.91,201301141600
80160,1.35,201301141600
80161,0.54,201301141600
80193,1.79,201301141600
80352,1.35,201301141600
80397,1.57,201301141600
80406,1.1,201301141600
80411,2.65,201301141600
80412,0.89,201301141600
80413,2.86,201301141600
80420,1.12,201301141600
80485,0.65,201301141600
80635,0.87,201301141600
80659,0.86,201301141600
80663,2.02,201301141600
80664,1.96,201301141600
80703,0.71,201301141600
80877,0.54,201301141600
80916,2.5,201301141600
81163,1.02,201301141600
81164,0.6,201301141600
81354,2.67,201301141600
81363,0.74,201301141600
81390,2.24,201301141600
81625,2.5,201301141600
81651,1.19,201301141600
81899,0.73,201301141600
82135,2.35,201301141600
82168,2.65,201301141600
82169,2.42,201301141600
82237,1.41,201301141600
82613,1.88,201301141600
82622,2.14,201301141600
82664,0.57,201301141600
82892,1.55,201301141600
82951,0.75,201301141600
83410,2.4,201301141600
83489,0.69,201301141600
83735,2.88,201301141600
83865,2.84,201301141600
84123,1.6,201301141600
84179,2.25,201301141600
84207,1.91,201301141600
84212,1.45,201301141600
84221,1.8,201301141600
84366,2.33,201301141600
84689,1.61,201301141600
84712,2.68,201301141600
84902,0.69,201301141600
85474,2.85,201301141600
85487,0.75,201301141600
85620,2.21,201301141600
85705,1.05,201301141600
85715,2.06,201301141600
85738,1.96,201301141600
86440,2.91,201301141600
86622,0.67,201301141600
86623,2.18,201301141600
86672,2.85,201301141600
86873,0.8,201301141600
86895,1.38,201301141600
87121,0.54,201301141600
87227,0.55,201301141600
87460,1.26,201301141600
87690,1.07,201301141600
87873,1.69,201301141600
88242,2.18,201301141600
88463,2.12,201301141600
89120,2.25,201301141600
89152,0.66,201301141600
89175,1.1,201301141600
89198,1.41,201301141600
89615,1.45,201301141600
89625,2.87,201301141600
90116,2.43,201301141600
90183,2.22,201301141600
90497,0.97,201301141600
90699,1.25,201301141600
90719,1.94,201301141600
91200,2.27,201301141600
91432,1.02,201301141600
91434,1.72,201301141600
91684,2.76,201301141600
91713,1.94,201301141600
91744,1.13,201301141600
92233,2.98,201301141600
93205,0.69,201301141600
93244,2.81,201301141600
93252,1.92,201301141600
93463,2.58,201301141600
93675,2.6,201301141600
93944,0.98,201301141600
94431,0.76,201301141600
94710,2.31,201301141600
94755,2.96,201301141600
94997,0.92,201301141600
95000,0.64,201301141600
95707,2.0,201301141600
95949,1.19,201301141600
95998,0.86,201301141600
96188,1.33,201301141600
96225,1.7,201301141600
96249,2.76,201301141600
96468,0.81,201301141600
96486,0.7,201301141600
96718,0.95,201301141600
96972,2.61,201301141600
96995,0.95,201301141600
97251,1.89,201301141600
97440,1.15,201301141600
97471,0.75,201301141600
97969,1.7,201301141600
97990,1.75,201301141600
98224,1.35,201301141600
98229,2.05,201301141600
98450,1.25,201301141600
98475,2.89,201301141600
98739,1.79,201301141600
99256,1.69,201301141600
99468,2.27,201301141600
99730,0.6,201301141600
101215,1.74,201301141600
101911,2.09,201301141600
101912,1.98,201301141600
101989,2.86,201301141600
102999,0.66,201301141600
103242,2.55,201301141600
103431,0.6,201301141600
104177,2.39,201301141600
104221,2.92,201301141600
104239,1.85,201301141600
104701,2.07,201301141600
104984,2.85,201301141600
105196,2.7,201301141600
105219,0.8,201301141600
105460,0.59,201301141600
105461,2.18,201301141600
105481,2.47,201301141600
105489,2.12,201301141600
105709,1.37,201301141600
105710,2.76,201301141600
105711,2.25,201301141600
105712,1.61,201301141600
105713,2.21,201301141600
105715,1.42,201301141600
105726,1.23,201301141600
105727,0.6,201301141600
105736,1.43,201301141600
105960,1.69,201301141600
105961,1.37,201301141600
105962,2.27,201301141600
105963,0.8,201301141600
105964,1.21,201301141600
105975,2.92,201301141600
106195,1.58,201301141600
106213,2.48,201301141600
106214,0.97,201301141600
106215,2.93,201301141600
106221,1.55,201301141600
106231,2.7,201301141600
106232,1.58,201301141600
106234,1.93,201301141600
106235,2.83,201301141600
106237,0.72,201301141600
106446,1.44,201301141600
106447,1.86,201301141600
106462,0.64,201301141600
106463,2.78,201301141600
106465,1.91,201301141600
106466,2.74,201301141600
106467,1.1,201301141600
106480,0.51,201301141600
106712,2.89,201301141600
106717,1.25,201301141600
106718,1.09,201301141600
106741,1.37,201301141600
106958,2.03,201301141600
106964,1.34,201301141600
106965,0.88,201301141600
106966,0.65,201301141600
106967,1.32,201301141600
106971,2.5,201301141600
106983,1.65,201301141600
106997,2.69,201301141600
107200,2.16,201301141600
107212,2.93,201301141600
107219,1.3,201301141600
107240,2.79,201301141600
107460,2.39,201301141600
107465,2.6,201301141600
107466,2.52,201301141600
107468,2.01,201301141600
107491,0.58,201301141600
107711,1.85,201301141600
107725,1.97,201301141600
107726,1.43,201301141600
107954,2.79,201301141600
107966,1.49,201301141600
107971,2.0,201301141600
107979,2.0,201301141600
107993,2.05,201301141600
108205,1.08,201301141600
108211,1.95,201301141600
108214,1.31,201301141600
108215,2.48,201301141600
108217,1.04,201301141600
108219,1.58,201301141600
108220,2.56,201301141600
108222,0.52,201301141600
108225,2.79,201301141600
108230,2.74,201301141600
108454,1.44,201301141600
108463,2.08,201301141600
108499,2.41,201301141600
108717,1.39,201301141600
108722,0.63,201301141600
108724,0.68,201301141600
108733,0.58,201301141600
108968,2.3,201301141600
108975,1.54,201301141600
108984,0.51,201301141600
108985,1.51,201301141600
109216,1.93,201301141600
109219,2.31,201301141600
109222,2.93,201301141600
109227,1.4,201301141600
109231,2.15,201301141600
109236,2.93,201301141600
109245,2.65,201301141600
109473,0.66,201301141600
109487,2.18,201301141600
109494,2.96,201301141600
109495,2.23,201301141600
109496,1.46,201301141600
109497,2.57,201301141600
109742,0.92,201301141600
109744,2.74,201301141600
109748,2.44,201301141600
109750,0.97,201301141600
109980,1.57,201301141600
109991,0.85,201301141600
109994,2.93,201301141600
109998,0.69,201301141600
110001,1.62,201301141600
110243,2.12,201301141600
110247,0.85,201301141600
110249,0.59,201301141600
110251,2.15,201301141600
110253,1.29,201301141600
110254,2.96,201301141600
