cell,mobility,dtg
1610,0.91,201301100800
1846,2.35,201301100800
1851,1.56,201301100800
1853,1.08,201301100800
1856,0.82,201301100800
1857,2.41,201301100800
2103,2.78,201301100800
2105,2.87,201301100800
2106,2.0,201301100800
2107,0.87,201301100800
2114,2.21,201301100800
2342,0.64,201301100800
2347,0.81,201301100800
2351,1.76,201301100800
2354,1.68,201301100800
2357,0.51,201301100800
2372,2.85,201301100800
2374,1.36,201301100800
2591,0.92,201301100800
2595,1.82,201301100800
2605,0.66,201301100800
2611,1.45,201301100800
2615,1.8,201301100800
2620,1.65,201301100800
2627,2.02,201301100800
2839,0.53,201301100800
2847,0.87,201301100800
3086,1.47,201301100800
3094,1.47,201301100800
3100,1.51,201301100800
3124,2.15,201301100800
3128,2.58,201301100800
3334,1.91,201301100800
3337,1.45,201301100800
3375,0.69,201301100800
3614,1.61,201301100800
3619,1.84,201301100800
3632,0.58,201301100800
3635,1.15,201301100800
3830,2.13,201301100800
3831,1.08,201301100800
3833,2.74,201301100800
3837,2.09,201301100800
3845,0.81,201301100800
3856,1.76,201301100800
3860,1.51,201301100800
3865,0.91,201301100800
4078,0.87,201301100800
4081,1.95,201301100800
4137,1.34,201301100800
4141,0.66,201301100800
4142,1.46,201301100800
4328,1.64,201301100800
4329,2.58,201301100800
4341,0.88,201301100800
4345,2.96,201301100800
4348,1.48,201301100800
4354,1.73,201301100800
4372,1.05,201301100800
4577,0.78,201301100800
4578,2.88,201301100800
4580,2.67,201301100800
4582,0.64,201301100800
4605,1.36,201301100800
4608,0.91,201301100800
4631,0.94,201301100800
4636,1.91,201301100800
4637,2.19,201301100800
4829,1.8,201301100800
4830,1.46,201301100800
4831,1.79,201301100800
4834,1.64,201301100800
4837,0.7,201301100800
4852,1.99,201301100800
4863,2.66,201301100800
4868,1.98,201301100800
4890,1.99,201301100800
4891,2.97,201301100800
5078,1.12,201301100800
5081,2.92,201301100800
5084,1.85,201301100800
5127,2.02,201301100800
5153,1.98,201301100800
5327,1.85,201301100800
5329,1.4,201301100800
5333,2.29,201301100800
5334,0.57,201301100800
5339,1.78,201301100800
5369,2.79,201301100800
5402,2.65,201301100800
5410,1.39,201301100800
5577,2.73,201301100800
5581,2.7,201301100800
5592,0.79,201301100800
5612,0.76,201301100800
5623,1.0,201301100800
5876,2.27,201301100800
5893,1.03,201301100800
5898,1.22,201301100800
6078,2.98,201301100800
6118,1.33,201301100800
6136,1.06,201301100800
6158,2.69,201301100800
6159,0.67,201301100800
6333,1.71,201301100800
6353,2.77,201301100800
6365,1.14,201301100800
6366,1.92,201301100800
6414,2.55,201301100800
6588,2.22,201301100800
6609,0.92,201301100800
6635,0.93,201301100800
6668,2.48,201301100800
6841,2.41,201301100800
6849,2.36,201301100800
6896,2.98,201301100800
6924,0.6,201301100800
6928,2.72,201301100800
6935,3.0,201301100800
6939,2.1,201301100800
7077,1.06,201301100800
7078,0.87,201301100800
7085,1.17,201301100800
7088,1.23,201301100800
7113,2.28,201301100800
7114,2.82,201301100800
7129,0.74,201301100800
7133,1.56,201301100800
7165,1.99,201301100800
7192,1.51,201301100800
7354,2.28,201301100800
7375,1.6,201301100800
7379,1.23,201301100800
7401,1.07,201301100800
7410,1.6,201301100800
7436,2.17,201301100800
7584,2.95,201301100800
7646,2.8,201301100800
7849,1.84,201301100800
7871,0.71,201301100800
7927,2.49,201301100800
7948,2.23,201301100800
8080,2.45,201301100800
8170,0.59,201301100800
8182,2.13,201301100800
8195,2.37,201301100800
8342,2.08,201301100800
8582,0.93,201301100800
8602,2.32,201301100800
8609,1.86,201301100800
8638,2.99,201301100800
8656,1.64,201301100800
8830,1.01,201301100800
8839,0.83,201301100800
8876,1.64,201301100800
8897,0.88,201301100800
8912,0.58,201301100800
8918,2.31,201301100800
8929,1.1,201301100800
8940,2.66,201301100800
8954,1.41,201301100800
9140,2.5,201301100800
9333,1.22,201301100800
9468,2.92,201301100800
9473,1.61,201301100800
9589,1.08,201301100800
9601,1.34,201301100800
9607,1.3,201301100800
9658,1.2,201301100800
9724,0.82,201301100800
9833,0.7,201301100800
10084,1.98,201301100800
10089,2.66,201301100800
10096,1.94,201301100800
10144,1.67,201301100800
10170,1.22,201301100800
10181,1.05,201301100800
10189,1.8,201301100800
10201,1.58,201301100800
10334,3.0,201301100800
10335,1.58,201301100800
10383,0.77,201301100800
10414,2.34,201301100800
10444,2.36,201301100800
10458,0.69,201301100800
10477,0.9,201301100800
10586,2.32,201301100800
10601,2.56,201301100800
10609,1.5,201301100800
10616,1.1,201301100800
10633,0.97,201301100800
10655,0.61,201301100800
10665,2.7,201301100800
10681,2.59,201301100800
10717,1.28,201301100800
10835,1.1,201301100800
10837,2.14,201301100800
10847,2.28,201301100800
10903,2.54,201301100800
10911,1.24,201301100800
10918,2.38,201301100800
10973,1.74,201301100800
11087,1.01,201301100800
11092,2.68,201301100800
11128,0.8,201301100800
11222,0.73,201301100800
11223,2.61,201301100800
11225,2.29,201301100800
11238,2.21,201301100800
11361,1.75,201301100800
11393,2.39,201301100800
11424,1.92,201301100800
11601,1.22,201301100800
11682,0.92,201301100800
11704,2.88,201301100800
11858,2.78,201301100800
11884,1.35,201301100800
11901,2.25,201301100800
11946,1.68,201301100800
11960,0.72,201301100800
11972,1.39,201301100800
12089,0.65,201301100800
12090,1.82,201301100800
12096,0.68,201301100800
12120,2.95,201301100800
12157,2.96,201301100800
12230,0.64,201301100800
12383,2.75,201301100800
12431,2.99,201301100800
12601,0.83,201301100800
12625,0.54,201301100800
12632,0.64,201301100800
12842,2.19,201301100800
12875,2.96,201301100800
12901,1.51,201301100800
12913,1.82,201301100800
12933,1.02,201301100800
12934,2.8,201301100800
12985,0.81,201301100800
13099,1.96,201301100800
13114,2.88,201301100800
13150,2.72,201301100800
13175,0.96,201301100800
13183,2.4,201301100800
13222,1.51,201301100800
13358,2.08,201301100800
13444,1.43,201301100800
13455,0.5,201301100800
13456,1.47,201301100800
13670,1.78,201301100800
13694,0.67,201301100800
13845,1.54,201301100800
13849,1.73,201301100800
14011,2.63,201301100800
14095,1.44,201301100800
14133,2.05,201301100800
14161,2.35,201301100800
14167,2.14,201301100800
14184,1.11,201301100800
14241,1.19,201301100800
14255,2.47,201301100800
14349,2.09,201301100800
14350,1.38,201301100800
14375,1.32,201301100800
14452,2.88,201301100800
14475,2.45,201301100800
14620,0.9,201301100800
14673,2.28,201301100800
14745,2.78,201301100800
14859,1.41,201301100800
14936,2.13,201301100800
14995,0.85,201301100800
15097,2.33,201301100800
15098,2.32,201301100800
15246,1.96,201301100800
15349,2.49,201301100800
15440,2.47,201301100800
15600,0.66,201301100800
15656,2.19,201301100800
15672,1.7,201301100800
15699,2.77,201301100800
15714,1.0,201301100800
15725,2.08,201301100800
15744,1.36,201301100800
15849,1.37,201301100800
15850,2.43,201301100800
15851,2.96,201301100800
15853,2.37,201301100800
15871,1.01,201301100800
16100,2.06,201301100800
16105,2.16,201301100800
16114,1.83,201301100800
16171,1.81,201301100800
16184,1.21,201301100800
16400,2.02,201301100800
16414,0.89,201301100800
16601,2.31,201301100800
16604,2.93,201301100800
16625,1.65,201301100800
16670,2.19,201301100800
16853,2.09,201301100800
16868,0.53,201301100800
16932,0.56,201301100800
17232,2.08,201301100800
17355,0.84,201301100800
17358,0.83,201301100800
17367,1.57,201301100800
17635,0.92,201301100800
17673,0.5,201301100800
17681,2.48,201301100800
17884,2.21,201301100800
17984,2.07,201301100800
18108,1.07,201301100800
18115,0.99,201301100800
18118,1.54,201301100800
18123,0.85,201301100800
18139,2.83,201301100800
18154,1.35,201301100800
18160,1.55,201301100800
18177,2.26,201301100800
18185,2.87,201301100800
18383,2.41,201301100800
18404,2.56,201301100800
18427,0.82,201301100800
18466,2.14,201301100800
18616,2.63,201301100800
18629,0.51,201301100800
18861,0.84,201301100800
18866,2.13,201301100800
18925,2.14,201301100800
19110,0.85,201301100800
19112,1.44,201301100800
19114,1.97,201301100800
19122,2.44,201301100800
19360,2.72,201301100800
19443,1.53,201301100800
19481,2.27,201301100800
19611,0.59,201301100800
19612,0.94,201301100800
19618,0.95,201301100800
19633,2.72,201301100800
19678,2.49,201301100800
19878,0.67,201301100800
19913,1.69,201301100800
20113,2.8,201301100800
20114,2.94,201301100800
20116,2.31,201301100800
20170,1.62,201301100800
20363,0.74,201301100800
20387,1.46,201301100800
20396,1.74,201301100800
20436,1.0,201301100800
20616,2.01,201301100800
20621,1.45,201301100800
20628,2.13,201301100800
20651,3.0,201301100800
20671,0.94,201301100800
20682,2.57,201301100800
20864,0.74,201301100800
20882,1.38,201301100800
20931,2.16,201301100800
20995,2.06,201301100800
21115,1.49,201301100800
21118,0.5,201301100800
21201,1.71,201301100800
21373,2.46,201301100800
21377,1.3,201301100800
21392,2.66,201301100800
21407,1.15,201301100800
21428,0.78,201301100800
21448,2.8,201301100800
21617,0.54,201301100800
21619,0.86,201301100800
21639,1.71,201301100800
21658,1.41,201301100800
21663,1.18,201301100800
21701,1.12,201301100800
21721,2.35,201301100800
21868,1.13,201301100800
21871,1.19,201301100800
21999,1.14,201301100800
22126,2.98,201301100800
22133,0.54,201301100800
22174,1.38,201301100800
22176,0.71,201301100800
22205,2.94,201301100800
22368,1.06,201301100800
22395,2.9,201301100800
22419,0.94,201301100800
22420,1.41,201301100800
22421,1.07,201301100800
22422,0.52,201301100800
22619,2.63,201301100800
22630,2.14,201301100800
22634,0.6,201301100800
22671,1.0,201301100800
22673,2.85,201301100800
22700,2.23,201301100800
22751,0.67,201301100800
22768,1.56,201301100800
22869,1.54,201301100800
22877,2.06,201301100800
22928,0.55,201301100800
22940,2.01,201301100800
22955,1.48,201301100800
22963,2.47,201301100800
22966,0.55,201301100800
23120,2.28,201301100800
23124,2.33,201301100800
23125,2.66,201301100800
23131,0.71,201301100800
23138,0.94,201301100800
23169,1.61,201301100800
23194,2.42,201301100800
23216,1.17,201301100800
23370,1.62,201301100800
23371,1.35,201301100800
23379,2.57,201301100800
23386,0.82,201301100800
23388,1.79,201301100800
23427,2.98,201301100800
23621,0.88,201301100800
23627,0.85,201301100800
23635,2.46,201301100800
23641,1.59,201301100800
23662,2.41,201301100800
23669,2.04,201301100800
23690,2.62,201301100800
23744,2.87,201301100800
23750,2.65,201301100800
23872,0.56,201301100800
23873,2.28,201301100800
23875,0.82,201301100800
23881,1.92,201301100800
23894,2.67,201301100800
23896,1.31,201301100800
23907,1.73,201301100800
23925,1.44,201301100800
23973,2.79,201301100800
24005,0.75,201301100800
24009,2.51,201301100800
24032,0.72,201301100800
24122,2.47,201301100800
24123,2.51,201301100800
24149,1.28,201301100800
24247,1.65,201301100800
24251,2.99,201301100800
24265,1.87,201301100800
24266,1.49,201301100800
24373,2.95,201301100800
24374,2.15,201301100800
24380,1.13,201301100800
24381,2.42,201301100800
24383,2.3,201301100800
24387,2.87,201301100800
24402,1.63,201301100800
24405,2.02,201301100800
24423,2.42,201301100800
24623,2.83,201301100800
24626,2.34,201301100800
24643,2.78,201301100800
24732,2.09,201301100800
24734,1.01,201301100800
24739,1.63,201301100800
24774,0.85,201301100800
24775,2.71,201301100800
24781,1.04,201301100800
24837,1.66,201301100800
24874,1.18,201301100800
24877,1.9,201301100800
24879,1.81,201301100800
24880,1.76,201301100800
24895,2.64,201301100800
24920,2.73,201301100800
24990,1.03,201301100800
24991,0.82,201301100800
24993,1.29,201301100800
25124,2.89,201301100800
25125,2.49,201301100800
25126,1.86,201301100800
25129,2.98,201301100800
25130,1.4,201301100800
25132,1.84,201301100800
25136,2.64,201301100800
25138,1.12,201301100800
25141,2.32,201301100800
25179,0.75,201301100800
25187,2.84,201301100800
25375,2.58,201301100800
25376,2.41,201301100800
25377,1.53,201301100800
25379,1.93,201301100800
25385,2.73,201301100800
25395,2.21,201301100800
25400,1.23,201301100800
25405,1.73,201301100800
25412,2.34,201301100800
25427,2.79,201301100800
25626,2.51,201301100800
25627,1.2,201301100800
25628,0.77,201301100800
25629,0.78,201301100800
25632,2.86,201301100800
25633,1.62,201301100800
25642,0.61,201301100800
25715,2.54,201301100800
25747,2.87,201301100800
25763,1.27,201301100800
25876,1.1,201301100800
25877,2.81,201301100800
25878,0.83,201301100800
25881,1.38,201301100800
25882,2.79,201301100800
25886,0.66,201301100800
25888,1.39,201301100800
25926,2.01,201301100800
25997,2.47,201301100800
26005,2.97,201301100800
26035,2.88,201301100800
26127,0.92,201301100800
26129,0.64,201301100800
26130,1.89,201301100800
26133,0.58,201301100800
26135,1.26,201301100800
26136,2.96,201301100800
26138,2.15,201301100800
26139,2.08,201301100800
26141,0.84,201301100800
26148,2.86,201301100800
26168,1.85,201301100800
26378,2.99,201301100800
26379,1.1,201301100800
26380,1.41,201301100800
26381,0.5,201301100800
26382,1.73,201301100800
26383,0.99,201301100800
26385,1.08,201301100800
26386,2.58,201301100800
26387,2.26,201301100800
26389,1.96,201301100800
26391,0.68,201301100800
26392,0.94,201301100800
26393,0.51,201301100800
26396,1.84,201301100800
26403,1.0,201301100800
26408,1.07,201301100800
26427,0.84,201301100800
26450,0.61,201301100800
26492,1.99,201301100800
26546,2.85,201301100800
26563,0.87,201301100800
26564,0.52,201301100800
26628,1.26,201301100800
26629,1.05,201301100800
26630,2.24,201301100800
26631,2.79,201301100800
26633,1.36,201301100800
26634,1.98,201301100800
26656,1.77,201301100800
26674,1.76,201301100800
26708,1.17,201301100800
26752,1.52,201301100800
26754,0.8,201301100800
26755,1.24,201301100800
26782,0.8,201301100800
26846,0.53,201301100800
26879,2.27,201301100800
26880,2.61,201301100800
26881,2.01,201301100800
26882,1.12,201301100800
26883,2.74,201301100800
26884,2.57,201301100800
26885,0.56,201301100800
26886,0.89,201301100800
26887,2.29,201301100800
26889,2.64,201301100800
26890,2.64,201301100800
26891,2.73,201301100800
26892,0.94,201301100800
26893,2.9,201301100800
26894,0.81,201301100800
26895,2.72,201301100800
26897,1.39,201301100800
26905,1.86,201301100800
26938,1.78,201301100800
26964,1.15,201301100800
27006,1.7,201301100800
27042,2.84,201301100800
27098,0.68,201301100800
27130,0.52,201301100800
27131,1.58,201301100800
27132,2.68,201301100800
27133,1.69,201301100800
27134,1.61,201301100800
27135,0.86,201301100800
27136,2.54,201301100800
27137,2.32,201301100800
27138,2.47,201301100800
27142,2.02,201301100800
27143,2.63,201301100800
27145,0.85,201301100800
27148,2.19,201301100800
27149,0.68,201301100800
27152,1.98,201301100800
27155,1.39,201301100800
27175,1.76,201301100800
27209,0.9,201301100800
27247,2.62,201301100800
27381,1.7,201301100800
27382,1.38,201301100800
27383,2.35,201301100800
27384,1.54,201301100800
27386,2.03,201301100800
27387,1.17,201301100800
27388,0.99,201301100800
27389,1.98,201301100800
27390,1.41,201301100800
27392,0.79,201301100800
27395,0.52,201301100800
27404,2.74,201301100800
27415,2.8,201301100800
27427,1.57,201301100800
27489,0.72,201301100800
27494,2.72,201301100800
27498,0.95,201301100800
27518,2.4,201301100800
27632,0.71,201301100800
27633,1.03,201301100800
27634,0.57,201301100800
27635,1.3,201301100800
27636,2.23,201301100800
27637,1.38,201301100800
27638,2.61,201301100800
27639,0.5,201301100800
27640,1.59,201301100800
27642,1.0,201301100800
27643,0.58,201301100800
27645,2.3,201301100800
27646,1.8,201301100800
27647,0.78,201301100800
27649,0.5,201301100800
27654,1.15,201301100800
27763,2.76,201301100800
27764,1.5,201301100800
27796,1.51,201301100800
27797,0.78,201301100800
27883,2.13,201301100800
27884,0.79,201301100800
27885,1.29,201301100800
27886,0.71,201301100800
27887,1.54,201301100800
27888,1.33,201301100800
27889,3.0,201301100800
27890,1.93,201301100800
27891,1.83,201301100800
27892,0.94,201301100800
27894,2.81,201301100800
27895,2.8,201301100800
27897,2.51,201301100800
27902,0.55,201301100800
27908,2.62,201301100800
27911,1.33,201301100800
27930,0.7,201301100800
27971,1.3,201301100800
28004,1.03,201301100800
28015,1.24,201301100800
28049,0.79,201301100800
28102,1.86,201301100800
28134,2.26,201301100800
28135,0.56,201301100800
28136,1.02,201301100800
28137,1.42,201301100800
28138,0.93,201301100800
28139,1.72,201301100800
28140,0.78,201301100800
28142,1.31,201301100800
28143,2.03,201301100800
28144,2.63,201301100800
28146,1.11,201301100800
28154,2.14,201301100800
28156,1.64,201301100800
28216,2.42,201301100800
28239,1.32,201301100800
28384,1.5,201301100800
28385,2.78,201301100800
28386,2.18,201301100800
28387,2.25,201301100800
28388,1.55,201301100800
28389,0.67,201301100800
28390,0.75,201301100800
28391,1.7,201301100800
28392,1.44,201301100800
28393,2.38,201301100800
28394,0.99,201301100800
28396,0.98,201301100800
28397,2.95,201301100800
28400,1.45,201301100800
28401,2.46,201301100800
28405,2.38,201301100800
28427,1.85,201301100800
28467,2.26,201301100800
28496,0.88,201301100800
28497,2.69,201301100800
28519,1.88,201301100800
28535,2.31,201301100800
28539,1.51,201301100800
28545,2.12,201301100800
28557,1.96,201301100800
28635,2.06,201301100800
28636,0.54,201301100800
28637,2.14,201301100800
28638,0.65,201301100800
28639,1.82,201301100800
28640,0.87,201301100800
28641,2.24,201301100800
28642,2.59,201301100800
28643,2.86,201301100800
28644,1.83,201301100800
28645,1.75,201301100800
28646,0.99,201301100800
28649,0.95,201301100800
28658,1.68,201301100800
28667,2.28,201301100800
28675,1.65,201301100800
28751,2.55,201301100800
28753,2.35,201301100800
28754,1.34,201301100800
28788,1.35,201301100800
28812,2.87,201301100800
28823,0.55,201301100800
28886,2.79,201301100800
28887,1.52,201301100800
28888,1.76,201301100800
28889,2.23,201301100800
28890,2.81,201301100800
28891,1.54,201301100800
28892,1.43,201301100800
28893,2.35,201301100800
28894,2.91,201301100800
28895,1.53,201301100800
28896,1.16,201301100800
28897,1.05,201301100800
28899,1.35,201301100800
28900,2.15,201301100800
28901,2.89,201301100800
28902,0.96,201301100800
28905,1.27,201301100800
28912,2.14,201301100800
28960,2.88,201301100800
28969,1.53,201301100800
29004,1.78,201301100800
29012,2.75,201301100800
29026,2.0,201301100800
29068,0.75,201301100800
29076,0.61,201301100800
29088,1.36,201301100800
29094,1.92,201301100800
29136,1.05,201301100800
29137,0.62,201301100800
29138,1.72,201301100800
29139,2.55,201301100800
29140,2.78,201301100800
29141,0.92,201301100800
29142,2.05,201301100800
29143,1.4,201301100800
29144,1.15,201301100800
29146,2.17,201301100800
29147,1.73,201301100800
29148,0.55,201301100800
29149,2.28,201301100800
29151,1.24,201301100800
29158,1.54,201301100800
29165,0.82,201301100800
29171,0.53,201301100800
29190,0.9,201301100800
29247,2.26,201301100800
29387,2.23,201301100800
29388,0.59,201301100800
29389,2.43,201301100800
29390,2.18,201301100800
29391,2.58,201301100800
29392,1.4,201301100800
29393,2.9,201301100800
29394,1.41,201301100800
29395,2.86,201301100800
29396,2.27,201301100800
29397,2.12,201301100800
29398,0.54,201301100800
29399,1.29,201301100800
29401,2.79,201301100800
29402,1.64,201301100800
29403,2.79,201301100800
29405,2.65,201301100800
29409,0.81,201301100800
29425,0.97,201301100800
29429,2.43,201301100800
29495,2.8,201301100800
29498,2.38,201301100800
29533,1.33,201301100800
29556,1.39,201301100800
29638,2.48,201301100800
29639,0.72,201301100800
29640,1.69,201301100800
29641,1.78,201301100800
29642,2.57,201301100800
29643,0.85,201301100800
29644,1.81,201301100800
29645,1.27,201301100800
29648,1.37,201301100800
29649,2.39,201301100800
29650,1.67,201301100800
29654,1.29,201301100800
29663,1.55,201301100800
29670,2.29,201301100800
29710,0.52,201301100800
29730,1.66,201301100800
29733,0.68,201301100800
29736,1.86,201301100800
29766,1.51,201301100800
29891,2.98,201301100800
29892,1.41,201301100800
29893,2.27,201301100800
29894,0.66,201301100800
29895,1.74,201301100800
29896,0.82,201301100800
29897,1.11,201301100800
29898,1.62,201301100800
29900,2.58,201301100800
29903,2.48,201301100800
29906,2.41,201301100800
29909,2.26,201301100800
29912,2.3,201301100800
29917,1.64,201301100800
29925,2.55,201301100800
29966,2.51,201301100800
30021,2.05,201301100800
30026,1.79,201301100800
30036,2.34,201301100800
30142,2.88,201301100800
30143,2.61,201301100800
30144,1.89,201301100800
30145,1.45,201301100800
30146,1.59,201301100800
30147,2.13,201301100800
30148,1.87,201301100800
30152,1.51,201301100800
30154,0.51,201301100800
30157,2.45,201301100800
30158,2.99,201301100800
30181,0.71,201301100800
30242,1.9,201301100800
30243,1.7,201301100800
30244,2.47,201301100800
30261,0.61,201301100800
30300,0.96,201301100800
30322,1.07,201301100800
30393,1.81,201301100800
30394,2.56,201301100800
30395,2.78,201301100800
30396,1.1,201301100800
30397,1.79,201301100800
30398,2.07,201301100800
30400,1.03,201301100800
30401,1.84,201301100800
30403,1.88,201301100800
30407,0.66,201301100800
30410,1.92,201301100800
30420,0.89,201301100800
30430,2.41,201301100800
30434,0.67,201301100800
30439,2.81,201301100800
30481,2.48,201301100800
30489,0.84,201301100800
30494,2.12,201301100800
30495,1.63,201301100800
30496,2.21,201301100800
30645,0.81,201301100800
30646,2.57,201301100800
30647,1.02,201301100800
30648,1.62,201301100800
30649,2.4,201301100800
30650,2.58,201301100800
30651,2.08,201301100800
30652,0.76,201301100800
30653,1.8,201301100800
30654,2.92,201301100800
30661,0.71,201301100800
30664,1.93,201301100800
30666,0.76,201301100800
30669,2.62,201301100800
30673,1.55,201301100800
30683,2.32,201301100800
30745,1.81,201301100800
30750,0.63,201301100800
30777,2.79,201301100800
30780,1.37,201301100800
30812,1.06,201301100800
30897,1.3,201301100800
30898,2.73,201301100800
30899,2.83,201301100800
30900,2.78,201301100800
30901,1.83,201301100800
30902,2.04,201301100800
30903,2.82,201301100800
30904,0.97,201301100800
30908,1.26,201301100800
30909,0.72,201301100800
30912,0.97,201301100800
30913,1.37,201301100800
30928,0.62,201301100800
30953,0.94,201301100800
30979,1.75,201301100800
30994,1.31,201301100800
30995,1.69,201301100800
31027,2.77,201301100800
31028,2.76,201301100800
31029,2.89,201301100800
31082,2.64,201301100800
31148,0.75,201301100800
31149,0.99,201301100800
31150,1.04,201301100800
31151,2.56,201301100800
31152,1.6,201301100800
31156,2.3,201301100800
31157,1.25,201301100800
31161,1.58,201301100800
31166,0.54,201301100800
31172,1.49,201301100800
31274,1.09,201301100800
31281,2.47,201301100800
31369,1.87,201301100800
31398,1.69,201301100800
31401,1.31,201301100800
31407,1.48,201301100800
31408,0.67,201301100800
31409,1.82,201301100800
31410,2.21,201301100800
31413,0.58,201301100800
31419,2.48,201301100800
31427,0.6,201301100800
31457,2.14,201301100800
31466,1.69,201301100800
31651,1.55,201301100800
31652,0.84,201301100800
31656,2.8,201301100800
31660,1.67,201301100800
31663,1.4,201301100800
31666,1.87,201301100800
31675,1.17,201301100800
31738,1.15,201301100800
31754,0.81,201301100800
31782,1.9,201301100800
31903,0.66,201301100800
31904,1.32,201301100800
31905,2.53,201301100800
31906,1.07,201301100800
31908,2.0,201301100800
31912,2.37,201301100800
31921,1.91,201301100800
31928,0.81,201301100800
31949,2.72,201301100800
32028,0.52,201301100800
32032,0.9,201301100800
32045,1.16,201301100800
32150,1.51,201301100800
32155,1.08,201301100800
32157,2.33,201301100800
32161,1.81,201301100800
32162,1.8,201301100800
32167,2.13,201301100800
32169,1.01,201301100800
32175,2.79,201301100800
32182,2.19,201301100800
32185,2.15,201301100800
32195,2.49,201301100800
32235,2.76,201301100800
32404,0.6,201301100800
32405,2.42,201301100800
32410,2.85,201301100800
32411,1.1,201301100800
32415,1.53,201301100800
32449,1.03,201301100800
32490,1.67,201301100800
32558,2.1,201301100800
32622,2.02,201301100800
32656,1.92,201301100800
32658,2.98,201301100800
32660,2.25,201301100800
32662,2.79,201301100800
32668,2.08,201301100800
32682,2.19,201301100800
32697,1.23,201301100800
32712,1.23,201301100800
32729,1.6,201301100800
32739,2.91,201301100800
32742,1.91,201301100800
32744,1.25,201301100800
32802,2.31,201301100800
32834,1.2,201301100800
32905,1.65,201301100800
32907,1.16,201301100800
32912,0.72,201301100800
32916,1.44,201301100800
32922,2.82,201301100800
32924,1.24,201301100800
32926,2.59,201301100800
32929,2.22,201301100800
32977,2.8,201301100800
32978,1.82,201301100800
33154,1.5,201301100800
33158,2.53,201301100800
33160,2.14,201301100800
33165,1.73,201301100800
33170,1.69,201301100800
33186,2.16,201301100800
33286,0.75,201301100800
33405,1.08,201301100800
33409,2.44,201301100800
33412,0.57,201301100800
33418,1.62,201301100800
33420,2.24,201301100800
33424,1.39,201301100800
33435,1.06,201301100800
33442,2.2,201301100800
33519,2.71,201301100800
33594,2.55,201301100800
33656,1.98,201301100800
33659,1.45,201301100800
33662,2.69,201301100800
33664,2.73,201301100800
33666,2.16,201301100800
33669,2.14,201301100800
33673,1.97,201301100800
33675,1.08,201301100800
33694,2.92,201301100800
33724,2.83,201301100800
33742,0.88,201301100800
33812,1.36,201301100800
33909,1.85,201301100800
33911,2.42,201301100800
33912,0.91,201301100800
33913,0.83,201301100800
33922,0.56,201301100800
33923,1.28,201301100800
33924,0.69,201301100800
33931,1.13,201301100800
33935,1.9,201301100800
33986,0.78,201301100800
34013,0.51,201301100800
34160,2.76,201301100800
34161,1.27,201301100800
34162,0.7,201301100800
34163,2.13,201301100800
34167,2.13,201301100800
34190,2.32,201301100800
34211,0.74,201301100800
34303,1.47,201301100800
34380,2.65,201301100800
34407,0.93,201301100800
34413,2.73,201301100800
34423,2.73,201301100800
34424,2.63,201301100800
34427,1.13,201301100800
34430,1.15,201301100800
34437,1.95,201301100800
34440,0.58,201301100800
34486,1.6,201301100800
34495,0.54,201301100800
34510,1.09,201301100800
34520,2.53,201301100800
34528,0.83,201301100800
34563,2.12,201301100800
34662,2.57,201301100800
34667,1.87,201301100800
34668,1.53,201301100800
34670,0.97,201301100800
34672,2.55,201301100800
34673,1.78,201301100800
34676,2.92,201301100800
34679,2.03,201301100800
34682,1.86,201301100800
34695,2.53,201301100800
34710,1.88,201301100800
34714,1.95,201301100800
34720,0.69,201301100800
34882,0.93,201301100800
34913,2.48,201301100800
34914,1.0,201301100800
34915,2.54,201301100800
34924,1.26,201301100800
34925,2.52,201301100800
34934,1.03,201301100800
34939,1.11,201301100800
34959,2.52,201301100800
34990,2.39,201301100800
35102,2.36,201301100800
35164,1.23,201301100800
35166,1.8,201301100800
35173,0.77,201301100800
35178,1.0,201301100800
35183,0.64,201301100800
35185,1.91,201301100800
35187,2.95,201301100800
35193,1.16,201301100800
35203,2.54,201301100800
35218,2.8,201301100800
35237,2.64,201301100800
35244,0.53,201301100800
35249,1.31,201301100800
35295,1.93,201301100800
35368,2.04,201301100800
35410,1.91,201301100800
35414,2.18,201301100800
35415,1.12,201301100800
35417,1.23,201301100800
35421,2.62,201301100800
35440,1.55,201301100800
35455,2.19,201301100800
35492,1.51,201301100800
35515,0.89,201301100800
35665,1.29,201301100800
35675,2.97,201301100800
35683,2.74,201301100800
35686,2.07,201301100800
35700,1.04,201301100800
35745,1.46,201301100800
35755,2.1,201301100800
35769,2.53,201301100800
35916,1.42,201301100800
35917,2.3,201301100800
35918,0.78,201301100800
35919,0.85,201301100800
35921,2.44,201301100800
35929,0.57,201301100800
35931,0.68,201301100800
35941,1.8,201301100800
35944,1.88,201301100800
35971,1.58,201301100800
35981,2.8,201301100800
35992,1.81,201301100800
35994,1.73,201301100800
36067,2.78,201301100800
36162,2.3,201301100800
36167,1.13,201301100800
36169,1.25,201301100800
36170,1.84,201301100800
36173,1.62,201301100800
36176,1.82,201301100800
36177,2.77,201301100800
36205,1.01,201301100800
36237,1.72,201301100800
36245,1.37,201301100800
36246,1.81,201301100800
36293,2.3,201301100800
36311,0.92,201301100800
36417,0.71,201301100800
36420,0.71,201301100800
36421,2.01,201301100800
36441,0.66,201301100800
36448,2.32,201301100800
36494,2.6,201301100800
36498,1.39,201301100800
36502,2.96,201301100800
36510,2.65,201301100800
36513,0.52,201301100800
36519,0.82,201301100800
36524,1.81,201301100800
36576,1.98,201301100800
36668,0.88,201301100800
36673,2.03,201301100800
36675,1.41,201301100800
36677,0.84,201301100800
36679,2.86,201301100800
36682,2.08,201301100800
36688,2.72,201301100800
36690,1.25,201301100800
36711,2.34,201301100800
36717,1.64,201301100800
36758,2.43,201301100800
36889,2.47,201301100800
36915,1.35,201301100800
36918,1.06,201301100800
36933,1.38,201301100800
36934,2.09,201301100800
36953,2.75,201301100800
36959,1.5,201301100800
36996,2.65,201301100800
36999,0.68,201301100800
37001,1.2,201301100800
37167,2.91,201301100800
37168,2.38,201301100800
37169,1.74,201301100800
37172,0.72,201301100800
37176,0.83,201301100800
37178,1.15,201301100800
37179,1.0,201301100800
37182,1.11,201301100800
37192,2.6,201301100800
37200,0.66,201301100800
37206,1.47,201301100800
37232,1.4,201301100800
37239,1.65,201301100800
37270,1.86,201301100800
37298,2.13,201301100800
37304,0.89,201301100800
37419,1.52,201301100800
37421,2.96,201301100800
37423,2.55,201301100800
37425,1.92,201301100800
37446,2.74,201301100800
37454,2.27,201301100800
37477,0.62,201301100800
37487,2.11,201301100800
37501,0.99,201301100800
37503,0.66,201301100800
37513,0.95,201301100800
37523,2.05,201301100800
37562,1.35,201301100800
37609,2.83,201301100800
37642,1.74,201301100800
37643,1.69,201301100800
37670,1.07,201301100800
37671,2.63,201301100800
37672,1.23,201301100800
37676,2.8,201301100800
37688,1.22,201301100800
37689,2.27,201301100800
37690,1.02,201301100800
37695,2.52,201301100800
37701,2.11,201301100800
37710,2.6,201301100800
37711,0.87,201301100800
37754,2.68,201301100800
37874,0.99,201301100800
37891,0.69,201301100800
37893,1.48,201301100800
37894,1.72,201301100800
37926,0.83,201301100800
37928,0.83,201301100800
37929,1.87,201301100800
37932,0.88,201301100800
37936,2.81,201301100800
37943,0.88,201301100800
37952,2.36,201301100800
37962,1.86,201301100800
37968,1.61,201301100800
38003,1.01,201301100800
38060,0.97,201301100800
38145,0.6,201301100800
38172,2.1,201301100800
38173,0.62,201301100800
38178,2.22,201301100800
38200,2.81,201301100800
38204,0.72,201301100800
38209,1.28,201301100800
38215,1.49,201301100800
38220,0.74,201301100800
38225,2.68,201301100800
38228,0.76,201301100800
38230,0.51,201301100800
38243,1.33,201301100800
38247,1.39,201301100800
38255,2.37,201301100800
38263,0.76,201301100800
38268,0.86,201301100800
38272,2.36,201301100800
38367,2.79,201301100800
38381,2.8,201301100800
38423,2.27,201301100800
38425,2.1,201301100800
38426,2.87,201301100800
38431,0.65,201301100800
38440,1.37,201301100800
38479,1.37,201301100800
38481,1.61,201301100800
38483,0.5,201301100800
38488,2.14,201301100800
38490,1.04,201301100800
38498,2.23,201301100800
38499,1.58,201301100800
38500,0.74,201301100800
38505,1.87,201301100800
38506,1.82,201301100800
38508,2.47,201301100800
38517,1.44,201301100800
38534,1.1,201301100800
38648,1.4,201301100800
38674,1.76,201301100800
38676,2.17,201301100800
38679,0.82,201301100800
38684,2.17,201301100800
38693,2.82,201301100800
38697,1.2,201301100800
38716,1.17,201301100800
38722,2.55,201301100800
38736,1.42,201301100800
38738,2.27,201301100800
38752,0.76,201301100800
38753,2.05,201301100800
38758,0.59,201301100800
38760,1.27,201301100800
38761,2.4,201301100800
38762,2.88,201301100800
38766,2.1,201301100800
38769,1.65,201301100800
38778,2.48,201301100800
38812,2.77,201301100800
38939,0.74,201301100800
38953,1.69,201301100800
38958,1.0,201301100800
38967,1.03,201301100800
39006,2.15,201301100800
39008,1.2,201301100800
39010,2.86,201301100800
39011,0.67,201301100800
39017,1.36,201301100800
39113,1.38,201301100800
39148,2.83,201301100800
39149,1.46,201301100800
39176,2.05,201301100800
39178,1.3,201301100800
39191,2.94,201301100800
39201,1.41,201301100800
39230,0.91,201301100800
39236,1.92,201301100800
39246,0.56,201301100800
39252,0.55,201301100800
39255,1.15,201301100800
39260,1.36,201301100800
39262,2.54,201301100800
39263,0.85,201301100800
39268,1.28,201301100800
39269,1.68,201301100800
39271,1.02,201301100800
39274,0.7,201301100800
39275,1.77,201301100800
39375,0.76,201301100800
39391,2.16,201301100800
39427,2.2,201301100800
39428,2.98,201301100800
39430,1.5,201301100800
39433,2.38,201301100800
39446,2.47,201301100800
39457,0.84,201301100800
39514,2.08,201301100800
39515,0.72,201301100800
39516,2.88,201301100800
39517,2.13,201301100800
39535,1.11,201301100800
39554,1.22,201301100800
39559,2.74,201301100800
39631,2.74,201301100800
39632,2.52,201301100800
39633,0.81,201301100800
39652,2.54,201301100800
39683,2.7,201301100800
39687,0.74,201301100800
39706,0.81,201301100800
39710,1.71,201301100800
39722,0.93,201301100800
39731,2.09,201301100800
39750,2.57,201301100800
39755,1.21,201301100800
39759,2.0,201301100800
39762,0.89,201301100800
39764,2.55,201301100800
39765,0.59,201301100800
39766,2.94,201301100800
39767,2.44,201301100800
39769,1.27,201301100800
39772,2.65,201301100800
39776,0.65,201301100800
39777,2.44,201301100800
39790,1.23,201301100800
39791,1.33,201301100800
39796,2.18,201301100800
39832,2.52,201301100800
39883,1.77,201301100800
39930,0.93,201301100800
39932,1.66,201301100800
39941,1.56,201301100800
39948,2.96,201301100800
39969,2.22,201301100800
40018,0.9,201301100800
40031,1.56,201301100800
40133,0.55,201301100800
40180,2.66,201301100800
40188,1.19,201301100800
40196,0.87,201301100800
40242,0.68,201301100800
40246,2.57,201301100800
40259,2.63,201301100800
40264,1.33,201301100800
40267,2.31,201301100800
40268,2.86,201301100800
40270,2.91,201301100800
40276,1.02,201301100800
40286,2.77,201301100800
40295,0.9,201301100800
40431,1.49,201301100800
40432,1.91,201301100800
40442,2.01,201301100800
40447,2.88,201301100800
40448,2.26,201301100800
40451,0.5,201301100800
40457,1.85,201301100800
40500,1.09,201301100800
40512,1.87,201301100800
40518,1.68,201301100800
40519,1.31,201301100800
40522,1.67,201301100800
40524,0.57,201301100800
40525,1.05,201301100800
40532,1.86,201301100800
40560,1.69,201301100800
40566,1.9,201301100800
40633,2.05,201301100800
40687,2.98,201301100800
40713,2.62,201301100800
40719,2.51,201301100800
40732,1.45,201301100800
40733,1.27,201301100800
40766,2.37,201301100800
40810,1.88,201301100800
40894,1.47,201301100800
40933,0.63,201301100800
40936,2.09,201301100800
40939,0.74,201301100800
40954,2.65,201301100800
40982,1.21,201301100800
41021,1.63,201301100800
41024,2.1,201301100800
41061,0.85,201301100800
41145,2.46,201301100800
41157,2.91,201301100800
41183,2.07,201301100800
41200,1.64,201301100800
41262,2.3,201301100800
41265,1.47,201301100800
41270,2.7,201301100800
41277,2.35,201301100800
41318,2.5,201301100800
41401,0.55,201301100800
41407,2.59,201301100800
41437,2.44,201301100800
41459,2.03,201301100800
41465,2.51,201301100800
41469,2.08,201301100800
41508,0.81,201301100800
41520,1.29,201301100800
41522,2.1,201301100800
41526,1.25,201301100800
41532,0.61,201301100800
41558,1.77,201301100800
41635,0.69,201301100800
41653,0.75,201301100800
41658,1.71,201301100800
41692,0.56,201301100800
41696,2.69,201301100800
41764,1.61,201301100800
41772,1.38,201301100800
41893,0.97,201301100800
41904,1.8,201301100800
41905,2.11,201301100800
41936,1.61,201301100800
41941,1.4,201301100800
41958,0.91,201301100800
41990,1.11,201301100800
42023,1.5,201301100800
42026,0.61,201301100800
42029,1.16,201301100800
42074,1.06,201301100800
42085,1.73,201301100800
42095,2.67,201301100800
42147,2.29,201301100800
42160,2.91,201301100800
42200,1.62,201301100800
42213,0.59,201301100800
42267,2.95,201301100800
42271,1.71,201301100800
42274,2.84,201301100800
42283,0.75,201301100800
42291,2.09,201301100800
42342,2.63,201301100800
42411,2.69,201301100800
42438,1.85,201301100800
42454,1.68,201301100800
42471,1.71,201301100800
42478,1.02,201301100800
42487,2.72,201301100800
42503,1.87,201301100800
42514,2.87,201301100800
42521,1.48,201301100800
42533,1.89,201301100800
42644,2.97,201301100800
42661,0.6,201301100800
42695,0.59,201301100800
42744,2.58,201301100800
42750,2.93,201301100800
42846,2.6,201301100800
42905,2.3,201301100800
42912,1.56,201301100800
42939,2.87,201301100800
42940,2.04,201301100800
42944,2.4,201301100800
42949,1.07,201301100800
43011,1.01,201301100800
43021,1.48,201301100800
43030,2.11,201301100800
43151,0.82,201301100800
43160,2.23,201301100800
43162,2.22,201301100800
43213,0.53,201301100800
43220,0.83,201301100800
43261,1.61,201301100800
43412,2.01,201301100800
43413,0.79,201301100800
43440,1.44,201301100800
43443,1.11,201301100800
43449,2.12,201301100800
43483,1.69,201301100800
43484,2.41,201301100800
43494,0.93,201301100800
43518,2.7,201301100800
43523,1.26,201301100800
43526,2.8,201301100800
43530,0.5,201301100800
43571,0.58,201301100800
43642,0.73,201301100800
43662,2.53,201301100800
43738,1.61,201301100800
43760,2.28,201301100800
43779,2.83,201301100800
43914,1.69,201301100800
43957,0.82,201301100800
43980,2.44,201301100800
43984,1.85,201301100800
43992,2.98,201301100800
43995,1.88,201301100800
44002,1.62,201301100800
44039,1.01,201301100800
44194,0.74,201301100800
44197,1.28,201301100800
44204,0.56,201301100800
44215,2.97,201301100800
44226,1.76,201301100800
44247,0.75,201301100800
44255,2.37,201301100800
44282,2.54,201301100800
44284,2.4,201301100800
44356,0.83,201301100800
44470,0.68,201301100800
44486,2.59,201301100800
44503,1.62,201301100800
44504,1.15,201301100800
44510,2.04,201301100800
44517,1.57,201301100800
44534,2.23,201301100800
44578,1.67,201301100800
44666,2.69,201301100800
44694,1.57,201301100800
44697,0.77,201301100800
44716,0.78,201301100800
44724,2.08,201301100800
44743,2.54,201301100800
44755,2.13,201301100800
44756,1.32,201301100800
44757,2.42,201301100800
44758,0.73,201301100800
44786,0.89,201301100800
44787,2.95,201301100800
44911,2.44,201301100800
44963,1.67,201301100800
45005,0.95,201301100800
45006,2.98,201301100800
45007,1.38,201301100800
45008,2.87,201301100800
45039,0.53,201301100800
45114,0.6,201301100800
45168,0.8,201301100800
45200,1.71,201301100800
45203,2.91,201301100800
45208,0.71,201301100800
45237,2.9,201301100800
45254,1.74,201301100800
45256,0.79,201301100800
45258,0.86,201301100800
45261,1.03,201301100800
45265,1.99,201301100800
45266,0.98,201301100800
45401,2.56,201301100800
45479,1.33,201301100800
45502,0.58,201301100800
45507,2.29,201301100800
45509,1.66,201301100800
45526,2.17,201301100800
45538,0.96,201301100800
45582,2.02,201301100800
45661,1.56,201301100800
45701,0.76,201301100800
45703,2.78,201301100800
45716,2.34,201301100800
45720,2.26,201301100800
45725,2.72,201301100800
45735,1.84,201301100800
45747,2.19,201301100800
45766,2.8,201301100800
45793,1.16,201301100800
45795,0.96,201301100800
45919,1.76,201301100800
45948,1.93,201301100800
46008,1.93,201301100800
46036,0.86,201301100800
46041,1.72,201301100800
46052,0.92,201301100800
46074,1.44,201301100800
46145,2.68,201301100800
46202,0.7,201301100800
46209,1.67,201301100800
46242,2.38,201301100800
46265,0.82,201301100800
46372,1.07,201301100800
46384,0.95,201301100800
46455,1.78,201301100800
46508,2.98,201301100800
46523,0.78,201301100800
46538,1.37,201301100800
46565,0.92,201301100800
46574,2.71,201301100800
46626,2.32,201301100800
46700,0.76,201301100800
46738,1.99,201301100800
46770,1.76,201301100800
46778,1.19,201301100800
46787,2.71,201301100800
46803,0.74,201301100800
46954,2.4,201301100800
46964,2.26,201301100800
46972,1.14,201301100800
46976,1.55,201301100800
46981,1.92,201301100800
47011,1.26,201301100800
47015,2.82,201301100800
47047,0.91,201301100800
47253,0.62,201301100800
47288,2.74,201301100800
47295,2.92,201301100800
47342,1.46,201301100800
47454,1.85,201301100800
47535,1.7,201301100800
47543,2.66,201301100800
47705,2.78,201301100800
47709,0.89,201301100800
47711,1.66,201301100800
47758,0.6,201301100800
47806,2.33,201301100800
47889,1.93,201301100800
47926,1.61,201301100800
47968,1.95,201301100800
47972,1.86,201301100800
47977,1.12,201301100800
47982,1.7,201301100800
48032,2.67,201301100800
48209,0.8,201301100800
48239,2.73,201301100800
48244,1.07,201301100800
48278,2.51,201301100800
48420,0.84,201301100800
48427,1.21,201301100800
48499,2.47,201301100800
48503,2.68,201301100800
48552,2.07,201301100800
48584,0.6,201301100800
48713,1.67,201301100800
48759,1.52,201301100800
48848,1.68,201301100800
48898,1.57,201301100800
49017,1.1,201301100800
49049,0.79,201301100800
49229,2.49,201301100800
49241,1.0,201301100800
49472,1.94,201301100800
49483,1.32,201301100800
49542,2.98,201301100800
49555,1.65,201301100800
49679,2.15,201301100800
49750,2.12,201301100800
49760,1.96,201301100800
49777,1.03,201301100800
49968,2.0,201301100800
50053,3.0,201301100800
50103,2.73,201301100800
50180,1.28,201301100800
50285,0.88,201301100800
50430,2.26,201301100800
50470,0.71,201301100800
50494,2.29,201301100800
50511,2.76,201301100800
50549,1.03,201301100800
50680,0.89,201301100800
50682,1.25,201301100800
50731,0.71,201301100800
50812,2.25,201301100800
50872,1.06,201301100800
51029,2.21,201301100800
51046,2.47,201301100800
51053,1.05,201301100800
51056,2.58,201301100800
51162,0.57,201301100800
51177,2.88,201301100800
51182,2.59,201301100800
51228,2.37,201301100800
51258,1.76,201301100800
51430,2.73,201301100800
51431,2.45,201301100800
51432,2.67,201301100800
51520,2.95,201301100800
51681,2.92,201301100800
51682,1.72,201301100800
51725,1.85,201301100800
51790,1.62,201301100800
51832,0.68,201301100800
51857,1.05,201301100800
51931,1.16,201301100800
51932,0.71,201301100800
51986,2.08,201301100800
52003,2.81,201301100800
52182,1.39,201301100800
52244,1.96,201301100800
52259,1.78,201301100800
52280,1.45,201301100800
52319,0.63,201301100800
52473,1.81,201301100800
52518,2.09,201301100800
52631,1.24,201301100800
52679,1.0,201301100800
52729,2.42,201301100800
52811,2.73,201301100800
52983,1.69,201301100800
52988,2.8,201301100800
52993,1.05,201301100800
53000,1.11,201301100800
53016,1.43,201301100800
53027,2.89,201301100800
53072,2.52,201301100800
53090,2.54,201301100800
53177,0.84,201301100800
53178,1.06,201301100800
53381,2.97,201301100800
53427,0.88,201301100800
53429,0.64,201301100800
53761,1.52,201301100800
53774,2.36,201301100800
53797,1.59,201301100800
53810,2.6,201301100800
53822,2.95,201301100800
53864,1.58,201301100800
53927,0.68,201301100800
54038,1.67,201301100800
54071,0.7,201301100800
54234,2.87,201301100800
54281,2.38,201301100800
54284,2.25,201301100800
54327,1.05,201301100800
54334,0.74,201301100800
54349,0.52,201301100800
54427,0.81,201301100800
54503,1.55,201301100800
54510,1.84,201301100800
54520,1.13,201301100800
54550,1.89,201301100800
54578,0.9,201301100800
54678,1.42,201301100800
54828,1.52,201301100800
54983,0.57,201301100800
54996,2.09,201301100800
55070,1.42,201301100800
55329,1.5,201301100800
55331,1.5,201301100800
55535,1.6,201301100800
55633,2.59,201301100800
55680,2.84,201301100800
55761,1.53,201301100800
55831,1.08,201301100800
55832,2.87,201301100800
55838,1.42,201301100800
55845,2.75,201301100800
56106,2.35,201301100800
56493,0.55,201301100800
56571,1.6,201301100800
56586,0.88,201301100800
56587,1.13,201301100800
56591,2.36,201301100800
56738,2.3,201301100800
56835,1.07,201301100800
56882,2.07,201301100800
56887,2.51,201301100800
56888,0.6,201301100800
56933,1.42,201301100800
56934,0.6,201301100800
57042,2.49,201301100800
57062,2.95,201301100800
57189,1.88,201301100800
57261,2.91,201301100800
57329,1.5,201301100800
57342,2.12,201301100800
57376,1.53,201301100800
57378,2.81,201301100800
57380,2.14,201301100800
57397,2.53,201301100800
57440,2.1,201301100800
57495,1.98,201301100800
57523,1.37,201301100800
57555,0.5,201301100800
57597,2.26,201301100800
57613,2.15,201301100800
57615,0.59,201301100800
57628,0.85,201301100800
57631,0.66,201301100800
57823,1.75,201301100800
57837,1.99,201301100800
57851,2.55,201301100800
57852,1.31,201301100800
57906,0.85,201301100800
58179,0.74,201301100800
58251,1.61,201301100800
58421,1.96,201301100800
58511,0.74,201301100800
58632,1.19,201301100800
58744,2.57,201301100800
58802,2.56,201301100800
58814,2.58,201301100800
58879,0.92,201301100800
58892,0.89,201301100800
59010,0.53,201301100800
59043,1.73,201301100800
59104,2.38,201301100800
59125,1.06,201301100800
59134,1.77,201301100800
59285,1.94,201301100800
59329,0.61,201301100800
59555,1.11,201301100800
59635,2.86,201301100800
59745,2.14,201301100800
59927,2.1,201301100800
59941,2.58,201301100800
60008,2.27,201301100800
60011,1.47,201301100800
60114,2.53,201301100800
60141,2.07,201301100800
60147,2.72,201301100800
60331,2.57,201301100800
60344,2.46,201301100800
60350,0.51,201301100800
60578,2.2,201301100800
60593,2.08,201301100800
60613,1.5,201301100800
60630,1.48,201301100800
60635,0.98,201301100800
60649,1.86,201301100800
60750,1.82,201301100800
60774,0.69,201301100800
60819,2.56,201301100800
60880,0.9,201301100800
60888,0.6,201301100800
61062,1.19,201301100800
61110,0.74,201301100800
61263,0.81,201301100800
61343,2.51,201301100800
61591,1.88,201301100800
61597,2.47,201301100800
61654,0.81,201301100800
61818,2.87,201301100800
62077,2.54,201301100800
62104,1.67,201301100800
62135,2.77,201301100800
62140,2.14,201301100800
62252,1.57,201301100800
62558,1.6,201301100800
62589,2.01,201301100800
62757,2.33,201301100800
62772,1.45,201301100800
62850,1.82,201301100800
62926,0.84,201301100800
62948,2.36,201301100800
63044,1.12,201301100800
63153,0.74,201301100800
63383,2.57,201301100800
63397,2.97,201301100800
63398,2.77,201301100800
63407,1.62,201301100800
63574,1.77,201301100800
63586,0.97,201301100800
63816,2.23,201301100800
64102,0.82,201301100800
64150,0.81,201301100800
64200,0.68,201301100800
64515,1.19,201301100800
64529,2.58,201301100800
64573,0.55,201301100800
64581,2.49,201301100800
64815,1.35,201301100800
64915,0.79,201301100800
65059,2.53,201301100800
65144,2.75,201301100800
65320,2.41,201301100800
65375,0.56,201301100800
65454,1.84,201301100800
65528,1.09,201301100800
65607,2.45,201301100800
65774,1.87,201301100800
65838,2.21,201301100800
66068,1.21,201301100800
66084,1.99,201301100800
66151,1.8,201301100800
66353,1.2,201301100800
66538,0.67,201301100800
66575,2.86,201301100800
66637,2.73,201301100800
66827,2.99,201301100800
66870,2.62,201301100800
67110,2.83,201301100800
67207,2.3,201301100800
67335,0.58,201301100800
67385,2.16,201301100800
67599,0.54,201301100800
67601,2.45,201301100800
67602,0.9,201301100800
67698,1.11,201301100800
67824,0.93,201301100800
67842,1.08,201301100800
67854,0.82,201301100800
67855,1.77,201301100800
67918,1.65,201301100800
68103,0.77,201301100800
68104,0.72,201301100800
68110,1.6,201301100800
68111,1.78,201301100800
68349,2.44,201301100800
68354,0.93,201301100800
68356,2.68,201301100800
68454,2.98,201301100800
68455,1.05,201301100800
68587,1.09,201301100800
68857,0.8,201301100800
68858,2.3,201301100800
68897,0.66,201301100800
68924,2.75,201301100800
68930,1.1,201301100800
69106,2.88,201301100800
69190,2.16,201301100800
69206,1.17,201301100800
69359,1.39,201301100800
69371,2.22,201301100800
69455,0.67,201301100800
69582,2.22,201301100800
69613,1.68,201301100800
69676,1.75,201301100800
70115,2.53,201301100800
70132,1.36,201301100800
70181,1.14,201301100800
70342,0.56,201301100800
70352,1.04,201301100800
70360,1.87,201301100800
70374,2.9,201301100800
70440,2.49,201301100800
70462,1.47,201301100800
70619,2.79,201301100800
70659,0.65,201301100800
70715,2.68,201301100800
70903,2.81,201301100800
70934,1.17,201301100800
70961,1.93,201301100800
71122,1.68,201301100800
71187,1.73,201301100800
71399,1.21,201301100800
71601,0.58,201301100800
71629,2.04,201301100800
71888,2.69,201301100800
71961,1.44,201301100800
71964,2.22,201301100800
72201,1.17,201301100800
72218,2.72,201301100800
72345,2.93,201301100800
72367,2.55,201301100800
72407,0.97,201301100800
72416,0.87,201301100800
72706,1.83,201301100800
72894,2.4,201301100800
73104,1.21,201301100800
73135,1.16,201301100800
73211,2.61,201301100800
73223,1.95,201301100800
73451,2.58,201301100800
73460,0.55,201301100800
73461,1.61,201301100800
73557,1.94,201301100800
73669,1.75,201301100800
74158,2.51,201301100800
74216,2.18,201301100800
74388,1.45,201301100800
74396,2.0,201301100800
74466,2.58,201301100800
74467,0.78,201301100800
74638,0.85,201301100800
74677,1.87,201301100800
74678,2.9,201301100800
74711,1.31,201301100800
74721,2.75,201301100800
74962,2.98,201301100800
74968,1.56,201301100800
74973,1.49,201301100800
75224,1.42,201301100800
75329,1.71,201301100800
75386,1.18,201301100800
75424,2.97,201301100800
75436,1.25,201301100800
75475,1.18,201301100800
75619,0.7,201301100800
75721,2.13,201301100800
75722,0.8,201301100800
75724,0.75,201301100800
75725,2.56,201301100800
75726,2.39,201301100800
75727,1.38,201301100800
75974,2.56,201301100800
75975,2.1,201301100800
76133,1.06,201301100800
76227,1.02,201301100800
76393,1.24,201301100800
76473,1.88,201301100800
76477,2.68,201301100800
76654,1.65,201301100800
76728,2.85,201301100800
76959,0.92,201301100800
77169,0.63,201301100800
77230,1.58,201301100800
77381,1.87,201301100800
77458,0.74,201301100800
77641,2.27,201301100800
77942,2.77,201301100800
77981,2.4,201301100800
78205,1.74,201301100800
78418,1.76,201301100800
78654,2.06,201301100800
78733,1.64,201301100800
78881,2.48,201301100800
78896,2.08,201301100800
78909,1.81,201301100800
78983,2.87,201301100800
79234,1.01,201301100800
79379,0.57,201301100800
79394,1.19,201301100800
79484,2.64,201301100800
79712,1.7,201301100800
79911,1.31,201301100800
79915,0.51,201301100800
80160,2.12,201301100800
80161,1.11,201301100800
80193,0.53,201301100800
80352,1.79,201301100800
80397,2.19,201301100800
80406,1.43,201301100800
80411,1.67,201301100800
80412,2.47,201301100800
80413,1.35,201301100800
80420,0.64,201301100800
80485,1.61,201301100800
80635,1.95,201301100800
80659,1.68,201301100800
80663,0.96,201301100800
80664,2.14,201301100800
80703,0.51,201301100800
80877,1.19,201301100800
80916,1.34,201301100800
81163,2.31,201301100800
81164,0.6,201301100800
81354,1.72,201301100800
81363,1.03,201301100800
81390,2.66,201301100800
81625,2.21,201301100800
81651,1.3,201301100800
81899,1.12,201301100800
82135,0.72,201301100800
82168,2.79,201301100800
82169,1.53,201301100800
82237,1.12,201301100800
82613,2.02,201301100800
82622,2.48,201301100800
82664,0.93,201301100800
82892,2.6,201301100800
82951,2.2,201301100800
83410,2.06,201301100800
83489,1.18,201301100800
83735,1.1,201301100800
83865,1.7,201301100800
84123,2.66,201301100800
84179,2.13,201301100800
84207,1.61,201301100800
84212,1.64,201301100800
84221,0.65,201301100800
84366,2.02,201301100800
84689,0.61,201301100800
84712,1.83,201301100800
84902,1.43,201301100800
85474,1.9,201301100800
85487,0.81,201301100800
85620,2.95,201301100800
85705,1.02,201301100800
85715,0.63,201301100800
85738,0.85,201301100800
86440,1.08,201301100800
86622,1.35,201301100800
86623,1.25,201301100800
86672,1.48,201301100800
86873,1.59,201301100800
86895,1.08,201301100800
87121,2.47,201301100800
87227,1.05,201301100800
87460,2.15,201301100800
87690,1.42,201301100800
87873,2.17,201301100800
88242,2.67,201301100800
88463,2.0,201301100800
89120,1.41,201301100800
89152,2.31,201301100800
89175,1.44,201301100800
89198,1.82,201301100800
89615,2.5,201301100800
89625,1.18,201301100800
90116,2.88,201301100800
90183,2.54,201301100800
90497,2.13,201301100800
90699,0.73,201301100800
90719,1.17,201301100800
91200,1.61,201301100800
91432,1.56,201301100800
91434,0.54,201301100800
91684,1.41,201301100800
91713,2.8,201301100800
91744,1.74,201301100800
92233,0.72,201301100800
93205,2.73,201301100800
93244,2.72,201301100800
93252,1.52,201301100800
93463,1.94,201301100800
93675,0.8,201301100800
93944,0.83,201301100800
94431,2.66,201301100800
94710,0.77,201301100800
94755,2.95,201301100800
94997,0.95,201301100800
95000,1.48,201301100800
95707,0.73,201301100800
95949,2.76,201301100800
95998,1.08,201301100800
96188,1.63,201301100800
96225,2.21,201301100800
96249,0.71,201301100800
96468,2.41,201301100800
96486,1.43,201301100800
96718,1.73,201301100800
96972,2.53,201301100800
96995,1.83,201301100800
97251,0.89,201301100800
97440,2.49,201301100800
97471,1.34,201301100800
97969,1.14,201301100800
97990,1.48,201301100800
98224,1.19,201301100800
98229,1.39,201301100800
98450,0.61,201301100800
98475,0.63,201301100800
98739,1.74,201301100800
99256,0.98,201301100800
99468,1.91,201301100800
99730,0.81,201301100800
101215,1.11,201301100800
101911,1.16,201301100800
101912,2.92,201301100800
101989,0.85,201301100800
102999,1.45,201301100800
103242,1.16,201301100800
103431,2.32,201301100800
104177,1.01,201301100800
104221,2.16,201301100800
104239,1.61,201301100800
104701,1.48,201301100800
104984,1.1,201301100800
105196,1.02,201301100800
105219,1.81,201301100800
105460,2.74,201301100800
105461,0.99,201301100800
105481,0.64,201301100800
105489,2.98,201301100800
105709,1.43,201301100800
105710,0.83,201301100800
105711,0.65,201301100800
105712,2.57,201301100800
105713,1.98,201301100800
105715,1.32,201301100800
105726,2.27,201301100800
105727,1.13,201301100800
105736,0.72,201301100800
105960,2.41,201301100800
105961,1.5,201301100800
105962,1.33,201301100800
105963,2.77,201301100800
105964,1.0,201301100800
105975,2.05,201301100800
106195,1.23,201301100800
106213,2.96,201301100800
106214,1.75,201301100800
106215,1.21,201301100800
106221,0.52,201301100800
106231,1.48,201301100800
106232,1.74,201301100800
106234,1.8,201301100800
106235,2.28,201301100800
106237,1.21,201301100800
106446,2.88,201301100800
106447,2.69,201301100800
106462,2.72,201301100800
106463,0.64,201301100800
106465,0.73,201301100800
106466,1.18,201301100800
106467,1.71,201301100800
106480,0.9,201301100800
106712,1.87,201301100800
106717,1.14,201301100800
106718,0.74,201301100800
106741,0.91,201301100800
106958,1.36,201301100800
106964,1.62,201301100800
106965,1.34,201301100800
106966,0.7,201301100800
106967,1.84,201301100800
106971,1.97,201301100800
106983,1.48,201301100800
106997,2.19,201301100800
107200,1.5,201301100800
107212,0.67,201301100800
107219,2.43,201301100800
107240,1.16,201301100800
107460,0.53,201301100800
107465,2.55,201301100800
107466,0.82,201301100800
107468,1.37,201301100800
107491,2.89,201301100800
107711,1.2,201301100800
107725,2.05,201301100800
107726,1.11,201301100800
107954,0.52,201301100800
107966,1.1,201301100800
107971,2.53,201301100800
107979,2.21,201301100800
107993,2.34,201301100800
108205,1.86,201301100800
108211,2.31,201301100800
108214,2.71,201301100800
108215,2.32,201301100800
108217,1.68,201301100800
108219,0.6,201301100800
108220,1.53,201301100800
108222,1.11,201301100800
108225,1.32,201301100800
108230,1.94,201301100800
108454,0.83,201301100800
108463,2.41,201301100800
108499,1.39,201301100800
108717,2.32,201301100800
108722,2.34,201301100800
108724,0.98,201301100800
108733,2.69,201301100800
108968,2.98,201301100800
108975,2.64,201301100800
108984,1.97,201301100800
108985,0.73,201301100800
109216,1.03,201301100800
109219,1.78,201301100800
109222,0.75,201301100800
109227,0.67,201301100800
109231,2.64,201301100800
109236,0.95,201301100800
109245,1.41,201301100800
109473,2.55,201301100800
109487,1.71,201301100800
109494,2.02,201301100800
109495,0.67,201301100800
109496,2.21,201301100800
109497,2.16,201301100800
109742,1.68,201301100800
109744,0.6,201301100800
109748,2.66,201301100800
109750,0.56,201301100800
109980,1.33,201301100800
109991,1.28,201301100800
109994,2.62,201301100800
109998,2.64,201301100800
110001,2.52,201301100800
110243,0.81,201301100800
110247,2.67,201301100800
110249,2.34,201301100800
110251,1.21,201301100800
110253,1.12,201301100800
110254,1.82,201301100800
