cell,mobility,dtg
1610,1.7,201301110800
1846,2.13,201301110800
1851,2.93,201301110800
1853,2.8,201301110800
1856,2.28,201301110800
1857,1.82,201301110800
2103,0.6,201301110800
2105,1.2,201301110800
2106,1.59,201301110800
2107,2.62,201301110800
2114,1.58,201301110800
2342,2.74,201301110800
2347,2.01,201301110800
2351,1.81,201301110800
2354,1.0,201301110800
2357,1.74,201301110800
2372,2.33,201301110800
2374,2.87,201301110800
2591,1.16,201301110800
2595,2.15,201301110800
2605,1.17,201301110800
2611,2.74,201301110800
2615,1.3,201301110800
2620,0.96,201301110800
2627,1.13,201301110800
2839,3.0,201301110800
2847,0.85,201301110800
3086,2.87,201301110800
3094,1.45,201301110800
3100,1.72,201301110800
3124,0.96,201301110800
3128,0.78,201301110800
3334,0.9,201301110800
3337,2.41,201301110800
3375,2.06,201301110800
3614,2.12,201301110800
3619,1.4,201301110800
3632,1.76,201301110800
3635,1.67,201301110800
3830,1.84,201301110800
3831,1.62,201301110800
3833,2.44,201301110800
3837,1.22,201301110800
3845,1.67,201301110800
3856,2.22,201301110800
3860,1.3,201301110800
3865,3.0,201301110800
4078,2.42,201301110800
4081,1.22,201301110800
4137,1.79,201301110800
4141,0.69,201301110800
4142,2.2,201301110800
4328,1.8,201301110800
4329,2.61,201301110800
4341,1.88,201301110800
4345,1.56,201301110800
4348,1.76,201301110800
4354,2.16,201301110800
4372,0.93,201301110800
4577,1.96,201301110800
4578,2.91,201301110800
4580,0.7,201301110800
4582,2.99,201301110800
4605,0.7,201301110800
4608,2.88,201301110800
4631,1.33,201301110800
4636,1.32,201301110800
4637,2.37,201301110800
4829,2.11,201301110800
4830,2.49,201301110800
4831,2.54,201301110800
4834,1.65,201301110800
4837,2.67,201301110800
4852,1.22,201301110800
4863,0.94,201301110800
4868,2.27,201301110800
4890,1.05,201301110800
4891,1.19,201301110800
5078,0.51,201301110800
5081,1.32,201301110800
5084,1.29,201301110800
5127,1.35,201301110800
5153,0.99,201301110800
5327,0.74,201301110800
5329,1.96,201301110800
5333,0.74,201301110800
5334,2.54,201301110800
5339,2.55,201301110800
5369,1.65,201301110800
5402,2.56,201301110800
5410,2.08,201301110800
5577,1.87,201301110800
5581,2.35,201301110800
5592,2.42,201301110800
5612,2.89,201301110800
5623,2.83,201301110800
5876,2.8,201301110800
5893,1.72,201301110800
5898,2.96,201301110800
6078,2.53,201301110800
6118,0.79,201301110800
6136,0.9,201301110800
6158,2.33,201301110800
6159,2.84,201301110800
6333,0.63,201301110800
6353,1.49,201301110800
6365,1.19,201301110800
6366,2.65,201301110800
6414,2.99,201301110800
6588,2.1,201301110800
6609,0.94,201301110800
6635,1.45,201301110800
6668,1.0,201301110800
6841,2.36,201301110800
6849,0.5,201301110800
6896,1.28,201301110800
6924,1.0,201301110800
6928,0.68,201301110800
6935,2.88,201301110800
6939,1.41,201301110800
7077,2.86,201301110800
7078,1.68,201301110800
7085,0.76,201301110800
7088,2.84,201301110800
7113,2.05,201301110800
7114,2.45,201301110800
7129,0.91,201301110800
7133,2.89,201301110800
7165,2.47,201301110800
7192,2.19,201301110800
7354,2.0,201301110800
7375,2.83,201301110800
7379,1.36,201301110800
7401,1.21,201301110800
7410,1.62,201301110800
7436,1.51,201301110800
7584,2.71,201301110800
7646,2.98,201301110800
7849,1.68,201301110800
7871,1.92,201301110800
7927,1.71,201301110800
7948,2.33,201301110800
8080,2.66,201301110800
8170,2.37,201301110800
8182,1.35,201301110800
8195,1.77,201301110800
8342,2.48,201301110800
8582,0.87,201301110800
8602,1.92,201301110800
8609,1.79,201301110800
8638,1.49,201301110800
8656,0.68,201301110800
8830,2.59,201301110800
8839,2.38,201301110800
8876,1.22,201301110800
8897,1.12,201301110800
8912,2.77,201301110800
8918,1.42,201301110800
8929,1.81,201301110800
8940,1.14,201301110800
8954,0.59,201301110800
9140,0.78,201301110800
9333,0.96,201301110800
9468,1.28,201301110800
9473,1.52,201301110800
9589,2.9,201301110800
9601,2.66,201301110800
9607,0.86,201301110800
9658,2.2,201301110800
9724,0.72,201301110800
9833,1.43,201301110800
10084,1.88,201301110800
10089,1.74,201301110800
10096,1.36,201301110800
10144,2.18,201301110800
10170,1.61,201301110800
10181,1.3,201301110800
10189,1.61,201301110800
10201,0.58,201301110800
10334,1.26,201301110800
10335,2.69,201301110800
10383,1.09,201301110800
10414,1.28,201301110800
10444,0.91,201301110800
10458,0.84,201301110800
10477,0.97,201301110800
10586,1.83,201301110800
10601,1.52,201301110800
10609,0.59,201301110800
10616,1.71,201301110800
10633,2.1,201301110800
10655,0.92,201301110800
10665,1.81,201301110800
10681,2.53,201301110800
10717,1.48,201301110800
10835,1.68,201301110800
10837,0.68,201301110800
10847,0.7,201301110800
10903,1.72,201301110800
10911,1.62,201301110800
10918,1.61,201301110800
10973,2.36,201301110800
11087,2.02,201301110800
11092,1.14,201301110800
11128,1.02,201301110800
11222,2.3,201301110800
11223,1.79,201301110800
11225,1.57,201301110800
11238,1.85,201301110800
11361,1.52,201301110800
11393,2.46,201301110800
11424,1.0,201301110800
11601,1.36,201301110800
11682,2.43,201301110800
11704,0.95,201301110800
11858,1.29,201301110800
11884,2.47,201301110800
11901,1.16,201301110800
11946,2.54,201301110800
11960,1.02,201301110800
11972,1.48,201301110800
12089,1.74,201301110800
12090,1.75,201301110800
12096,2.66,201301110800
12120,2.24,201301110800
12157,0.54,201301110800
12230,1.94,201301110800
12383,2.46,201301110800
12431,1.15,201301110800
12601,0.89,201301110800
12625,2.25,201301110800
12632,0.66,201301110800
12842,2.89,201301110800
12875,0.62,201301110800
12901,2.54,201301110800
12913,0.61,201301110800
12933,2.0,201301110800
12934,2.55,201301110800
12985,0.87,201301110800
13099,2.59,201301110800
13114,0.91,201301110800
13150,2.87,201301110800
13175,2.26,201301110800
13183,2.48,201301110800
13222,2.88,201301110800
13358,1.0,201301110800
13444,2.57,201301110800
13455,0.89,201301110800
13456,0.94,201301110800
13670,1.66,201301110800
13694,0.73,201301110800
13845,1.03,201301110800
13849,1.1,201301110800
14011,2.85,201301110800
14095,2.01,201301110800
14133,0.72,201301110800
14161,1.94,201301110800
14167,1.82,201301110800
14184,2.86,201301110800
14241,0.6,201301110800
14255,1.24,201301110800
14349,2.61,201301110800
14350,2.95,201301110800
14375,2.39,201301110800
14452,1.95,201301110800
14475,1.21,201301110800
14620,2.13,201301110800
14673,2.4,201301110800
14745,1.51,201301110800
14859,1.88,201301110800
14936,2.87,201301110800
14995,2.89,201301110800
15097,1.05,201301110800
15098,2.43,201301110800
15246,1.6,201301110800
15349,2.9,201301110800
15440,1.56,201301110800
15600,1.19,201301110800
15656,2.15,201301110800
15672,1.65,201301110800
15699,1.25,201301110800
15714,1.76,201301110800
15725,2.75,201301110800
15744,1.69,201301110800
15849,1.37,201301110800
15850,1.57,201301110800
15851,1.86,201301110800
15853,1.56,201301110800
15871,0.93,201301110800
16100,1.83,201301110800
16105,1.98,201301110800
16114,0.59,201301110800
16171,1.77,201301110800
16184,1.78,201301110800
16400,2.44,201301110800
16414,2.67,201301110800
16601,1.04,201301110800
16604,0.95,201301110800
16625,1.1,201301110800
16670,1.65,201301110800
16853,1.19,201301110800
16868,1.03,201301110800
16932,0.87,201301110800
17232,1.11,201301110800
17355,1.46,201301110800
17358,0.6,201301110800
17367,1.26,201301110800
17635,1.46,201301110800
17673,2.57,201301110800
17681,1.33,201301110800
17884,0.88,201301110800
17984,2.55,201301110800
18108,1.56,201301110800
18115,1.48,201301110800
18118,1.8,201301110800
18123,2.95,201301110800
18139,0.69,201301110800
18154,2.3,201301110800
18160,2.66,201301110800
18177,1.28,201301110800
18185,0.59,201301110800
18383,0.79,201301110800
18404,1.57,201301110800
18427,0.53,201301110800
18466,2.48,201301110800
18616,2.03,201301110800
18629,1.34,201301110800
18861,1.78,201301110800
18866,2.11,201301110800
18925,1.59,201301110800
19110,2.68,201301110800
19112,2.5,201301110800
19114,1.4,201301110800
19122,0.82,201301110800
19360,2.58,201301110800
19443,1.39,201301110800
19481,0.6,201301110800
19611,1.07,201301110800
19612,0.67,201301110800
19618,1.17,201301110800
19633,1.28,201301110800
19678,1.79,201301110800
19878,1.18,201301110800
19913,1.37,201301110800
20113,2.03,201301110800
20114,2.47,201301110800
20116,1.9,201301110800
20170,1.05,201301110800
20363,0.65,201301110800
20387,1.22,201301110800
20396,1.85,201301110800
20436,1.82,201301110800
20616,1.64,201301110800
20621,2.84,201301110800
20628,1.53,201301110800
20651,1.29,201301110800
20671,0.66,201301110800
20682,1.04,201301110800
20864,2.54,201301110800
20882,1.24,201301110800
20931,2.07,201301110800
20995,1.54,201301110800
21115,1.85,201301110800
21118,0.99,201301110800
21201,2.07,201301110800
21373,1.52,201301110800
21377,0.9,201301110800
21392,0.96,201301110800
21407,1.86,201301110800
21428,1.9,201301110800
21448,2.14,201301110800
21617,1.09,201301110800
21619,0.67,201301110800
21639,2.11,201301110800
21658,1.05,201301110800
21663,0.57,201301110800
21701,1.97,201301110800
21721,2.67,201301110800
21868,1.73,201301110800
21871,2.38,201301110800
21999,2.88,201301110800
22126,2.14,201301110800
22133,2.21,201301110800
22174,1.41,201301110800
22176,0.89,201301110800
22205,0.54,201301110800
22368,1.13,201301110800
22395,1.48,201301110800
22419,1.98,201301110800
22420,0.54,201301110800
22421,1.05,201301110800
22422,2.78,201301110800
22619,1.97,201301110800
22630,2.07,201301110800
22634,2.8,201301110800
22671,1.09,201301110800
22673,2.72,201301110800
22700,2.36,201301110800
22751,2.41,201301110800
22768,1.6,201301110800
22869,2.56,201301110800
22877,0.72,201301110800
22928,0.89,201301110800
22940,1.27,201301110800
22955,1.5,201301110800
22963,2.07,201301110800
22966,1.94,201301110800
23120,2.63,201301110800
23124,2.12,201301110800
23125,1.32,201301110800
23131,1.61,201301110800
23138,2.65,201301110800
23169,2.17,201301110800
23194,2.46,201301110800
23216,1.94,201301110800
23370,1.07,201301110800
23371,1.11,201301110800
23379,2.6,201301110800
23386,2.97,201301110800
23388,1.78,201301110800
23427,2.54,201301110800
23621,2.03,201301110800
23627,1.52,201301110800
23635,1.08,201301110800
23641,1.15,201301110800
23662,0.86,201301110800
23669,1.81,201301110800
23690,2.64,201301110800
23744,0.94,201301110800
23750,1.59,201301110800
23872,0.57,201301110800
23873,0.57,201301110800
23875,2.71,201301110800
23881,2.96,201301110800
23894,0.79,201301110800
23896,2.28,201301110800
23907,1.0,201301110800
23925,1.93,201301110800
23973,1.6,201301110800
24005,2.52,201301110800
24009,1.25,201301110800
24032,1.19,201301110800
24122,0.66,201301110800
24123,2.31,201301110800
24149,2.0,201301110800
24247,2.71,201301110800
24251,1.07,201301110800
24265,0.84,201301110800
24266,0.57,201301110800
24373,0.98,201301110800
24374,0.86,201301110800
24380,0.91,201301110800
24381,2.1,201301110800
24383,0.58,201301110800
24387,2.41,201301110800
24402,2.16,201301110800
24405,2.15,201301110800
24423,1.42,201301110800
24623,1.08,201301110800
24626,1.54,201301110800
24643,1.72,201301110800
24732,2.9,201301110800
24734,2.28,201301110800
24739,0.83,201301110800
24774,2.52,201301110800
24775,1.47,201301110800
24781,2.51,201301110800
24837,1.94,201301110800
24874,2.08,201301110800
24877,0.51,201301110800
24879,1.87,201301110800
24880,2.05,201301110800
24895,1.75,201301110800
24920,2.86,201301110800
24990,2.16,201301110800
24991,2.39,201301110800
24993,2.95,201301110800
25124,2.07,201301110800
25125,2.02,201301110800
25126,1.09,201301110800
25129,1.42,201301110800
25130,2.77,201301110800
25132,2.64,201301110800
25136,1.43,201301110800
25138,2.51,201301110800
25141,0.97,201301110800
25179,2.15,201301110800
25187,2.8,201301110800
25375,1.81,201301110800
25376,2.06,201301110800
25377,0.94,201301110800
25379,1.53,201301110800
25385,2.42,201301110800
25395,1.26,201301110800
25400,2.65,201301110800
25405,1.28,201301110800
25412,0.84,201301110800
25427,1.79,201301110800
25626,1.53,201301110800
25627,1.26,201301110800
25628,1.03,201301110800
25629,2.62,201301110800
25632,1.11,201301110800
25633,2.61,201301110800
25642,1.71,201301110800
25715,2.41,201301110800
25747,2.06,201301110800
25763,1.56,201301110800
25876,2.11,201301110800
25877,2.0,201301110800
25878,1.75,201301110800
25881,0.95,201301110800
25882,2.92,201301110800
25886,1.42,201301110800
25888,2.68,201301110800
25926,2.84,201301110800
25997,1.99,201301110800
26005,1.67,201301110800
26035,1.59,201301110800
26127,0.57,201301110800
26129,1.46,201301110800
26130,0.75,201301110800
26133,2.57,201301110800
26135,0.91,201301110800
26136,0.63,201301110800
26138,2.07,201301110800
26139,0.95,201301110800
26141,1.18,201301110800
26148,2.1,201301110800
26168,1.54,201301110800
26378,0.84,201301110800
26379,1.87,201301110800
26380,1.55,201301110800
26381,2.8,201301110800
26382,0.55,201301110800
26383,2.71,201301110800
26385,1.14,201301110800
26386,2.6,201301110800
26387,1.27,201301110800
26389,1.08,201301110800
26391,1.74,201301110800
26392,1.56,201301110800
26393,2.14,201301110800
26396,2.58,201301110800
26403,0.64,201301110800
26408,1.43,201301110800
26427,1.89,201301110800
26450,1.13,201301110800
26492,1.31,201301110800
26546,1.4,201301110800
26563,1.89,201301110800
26564,0.98,201301110800
26628,0.68,201301110800
26629,0.85,201301110800
26630,1.91,201301110800
26631,1.27,201301110800
26633,0.78,201301110800
26634,2.21,201301110800
26656,2.18,201301110800
26674,2.59,201301110800
26708,1.98,201301110800
26752,2.12,201301110800
26754,0.92,201301110800
26755,2.03,201301110800
26782,1.65,201301110800
26846,1.12,201301110800
26879,1.94,201301110800
26880,1.55,201301110800
26881,1.49,201301110800
26882,0.85,201301110800
26883,2.98,201301110800
26884,1.11,201301110800
26885,0.98,201301110800
26886,1.48,201301110800
26887,2.1,201301110800
26889,1.93,201301110800
26890,1.81,201301110800
26891,1.03,201301110800
26892,1.64,201301110800
26893,1.6,201301110800
26894,2.92,201301110800
26895,1.12,201301110800
26897,2.58,201301110800
26905,2.54,201301110800
26938,1.85,201301110800
26964,2.96,201301110800
27006,2.2,201301110800
27042,2.53,201301110800
27098,2.83,201301110800
27130,2.6,201301110800
27131,0.51,201301110800
27132,1.96,201301110800
27133,2.15,201301110800
27134,1.5,201301110800
27135,1.43,201301110800
27136,2.37,201301110800
27137,2.01,201301110800
27138,0.56,201301110800
27142,2.3,201301110800
27143,2.6,201301110800
27145,1.41,201301110800
27148,2.89,201301110800
27149,2.6,201301110800
27152,0.58,201301110800
27155,1.2,201301110800
27175,2.12,201301110800
27209,2.26,201301110800
27247,2.77,201301110800
27381,1.65,201301110800
27382,1.38,201301110800
27383,1.66,201301110800
27384,1.94,201301110800
27386,2.49,201301110800
27387,2.28,201301110800
27388,1.82,201301110800
27389,1.7,201301110800
27390,1.61,201301110800
27392,1.93,201301110800
27395,1.98,201301110800
27404,2.81,201301110800
27415,2.42,201301110800
27427,1.76,201301110800
27489,0.64,201301110800
27494,1.92,201301110800
27498,1.31,201301110800
27518,2.19,201301110800
27632,1.47,201301110800
27633,2.04,201301110800
27634,2.2,201301110800
27635,2.38,201301110800
27636,0.56,201301110800
27637,1.85,201301110800
27638,2.56,201301110800
27639,2.57,201301110800
27640,0.94,201301110800
27642,1.89,201301110800
27643,2.33,201301110800
27645,2.44,201301110800
27646,0.94,201301110800
27647,0.89,201301110800
27649,2.9,201301110800
27654,1.0,201301110800
27763,0.88,201301110800
27764,2.24,201301110800
27796,1.22,201301110800
27797,2.97,201301110800
27883,0.68,201301110800
27884,1.88,201301110800
27885,2.94,201301110800
27886,2.77,201301110800
27887,2.99,201301110800
27888,2.87,201301110800
27889,1.48,201301110800
27890,1.6,201301110800
27891,2.6,201301110800
27892,2.72,201301110800
27894,2.92,201301110800
27895,1.52,201301110800
27897,3.0,201301110800
27902,2.09,201301110800
27908,0.91,201301110800
27911,2.37,201301110800
27930,0.82,201301110800
27971,1.67,201301110800
28004,1.36,201301110800
28015,1.68,201301110800
28049,1.55,201301110800
28102,0.59,201301110800
28134,2.44,201301110800
28135,1.72,201301110800
28136,2.86,201301110800
28137,1.45,201301110800
28138,2.16,201301110800
28139,0.68,201301110800
28140,0.72,201301110800
28142,1.41,201301110800
28143,1.03,201301110800
28144,1.39,201301110800
28146,1.5,201301110800
28154,2.92,201301110800
28156,1.64,201301110800
28216,2.02,201301110800
28239,0.9,201301110800
28384,0.67,201301110800
28385,2.48,201301110800
28386,1.99,201301110800
28387,2.17,201301110800
28388,1.8,201301110800
28389,1.86,201301110800
28390,1.52,201301110800
28391,1.45,201301110800
28392,2.35,201301110800
28393,1.95,201301110800
28394,1.6,201301110800
28396,2.76,201301110800
28397,0.69,201301110800
28400,1.21,201301110800
28401,1.54,201301110800
28405,1.65,201301110800
28427,1.03,201301110800
28467,2.05,201301110800
28496,2.09,201301110800
28497,1.75,201301110800
28519,1.59,201301110800
28535,0.58,201301110800
28539,2.34,201301110800
28545,2.26,201301110800
28557,2.14,201301110800
28635,1.66,201301110800
28636,2.29,201301110800
28637,2.82,201301110800
28638,1.11,201301110800
28639,2.48,201301110800
28640,1.85,201301110800
28641,2.84,201301110800
28642,1.28,201301110800
28643,1.01,201301110800
28644,1.19,201301110800
28645,1.62,201301110800
28646,1.27,201301110800
28649,1.02,201301110800
28658,1.54,201301110800
28667,1.66,201301110800
28675,1.78,201301110800
28751,0.8,201301110800
28753,1.89,201301110800
28754,2.08,201301110800
28788,1.08,201301110800
28812,0.86,201301110800
28823,1.06,201301110800
28886,0.9,201301110800
28887,2.53,201301110800
28888,0.66,201301110800
28889,2.49,201301110800
28890,0.54,201301110800
28891,1.02,201301110800
28892,1.61,201301110800
28893,2.73,201301110800
28894,1.8,201301110800
28895,2.01,201301110800
28896,2.62,201301110800
28897,1.52,201301110800
28899,2.81,201301110800
28900,1.13,201301110800
28901,0.64,201301110800
28902,2.62,201301110800
28905,2.7,201301110800
28912,1.53,201301110800
28960,2.12,201301110800
28969,2.04,201301110800
29004,1.43,201301110800
29012,2.55,201301110800
29026,0.75,201301110800
29068,2.35,201301110800
29076,2.23,201301110800
29088,1.7,201301110800
29094,1.36,201301110800
29136,0.66,201301110800
29137,2.94,201301110800
29138,1.54,201301110800
29139,2.09,201301110800
29140,2.24,201301110800
29141,2.18,201301110800
29142,1.73,201301110800
29143,1.25,201301110800
29144,1.09,201301110800
29146,1.14,201301110800
29147,2.33,201301110800
29148,1.96,201301110800
29149,1.37,201301110800
29151,2.25,201301110800
29158,1.26,201301110800
29165,2.26,201301110800
29171,2.79,201301110800
29190,2.55,201301110800
29247,1.5,201301110800
29387,2.45,201301110800
29388,2.18,201301110800
29389,2.13,201301110800
29390,1.99,201301110800
29391,2.29,201301110800
29392,1.4,201301110800
29393,2.5,201301110800
29394,1.69,201301110800
29395,1.31,201301110800
29396,2.88,201301110800
29397,1.07,201301110800
29398,1.28,201301110800
29399,1.48,201301110800
29401,2.36,201301110800
29402,1.59,201301110800
29403,1.93,201301110800
29405,1.79,201301110800
29409,2.51,201301110800
29425,0.74,201301110800
29429,0.6,201301110800
29495,2.99,201301110800
29498,2.07,201301110800
29533,1.37,201301110800
29556,1.82,201301110800
29638,0.84,201301110800
29639,1.35,201301110800
29640,0.6,201301110800
29641,2.98,201301110800
29642,1.85,201301110800
29643,1.1,201301110800
29644,1.97,201301110800
29645,1.81,201301110800
29648,1.32,201301110800
29649,2.45,201301110800
29650,2.57,201301110800
29654,1.23,201301110800
29663,1.77,201301110800
29670,2.11,201301110800
29710,1.58,201301110800
29730,2.7,201301110800
29733,2.76,201301110800
29736,2.66,201301110800
29766,1.58,201301110800
29891,1.05,201301110800
29892,2.62,201301110800
29893,2.82,201301110800
29894,0.73,201301110800
29895,2.43,201301110800
29896,2.58,201301110800
29897,0.77,201301110800
29898,1.53,201301110800
29900,2.41,201301110800
29903,2.11,201301110800
29906,2.48,201301110800
29909,2.05,201301110800
29912,2.97,201301110800
29917,1.65,201301110800
29925,2.83,201301110800
29966,2.72,201301110800
30021,0.94,201301110800
30026,2.02,201301110800
30036,0.87,201301110800
30142,0.54,201301110800
30143,0.53,201301110800
30144,0.98,201301110800
30145,2.51,201301110800
30146,0.82,201301110800
30147,1.3,201301110800
30148,0.72,201301110800
30152,0.93,201301110800
30154,1.65,201301110800
30157,2.49,201301110800
30158,0.96,201301110800
30181,2.55,201301110800
30242,0.56,201301110800
30243,2.39,201301110800
30244,0.81,201301110800
30261,2.52,201301110800
30300,2.29,201301110800
30322,2.69,201301110800
30393,1.95,201301110800
30394,0.8,201301110800
30395,2.17,201301110800
30396,2.23,201301110800
30397,0.78,201301110800
30398,2.34,201301110800
30400,1.05,201301110800
30401,1.3,201301110800
30403,1.48,201301110800
30407,0.71,201301110800
30410,2.89,201301110800
30420,2.94,201301110800
30430,1.74,201301110800
30434,0.77,201301110800
30439,1.39,201301110800
30481,0.84,201301110800
30489,1.68,201301110800
30494,0.77,201301110800
30495,1.79,201301110800
30496,1.17,201301110800
30645,1.32,201301110800
30646,2.68,201301110800
30647,0.93,201301110800
30648,1.1,201301110800
30649,1.17,201301110800
30650,1.88,201301110800
30651,0.5,201301110800
30652,2.98,201301110800
30653,2.58,201301110800
30654,0.74,201301110800
30661,2.26,201301110800
30664,2.23,201301110800
30666,1.05,201301110800
30669,1.42,201301110800
30673,1.45,201301110800
30683,1.51,201301110800
30745,2.18,201301110800
30750,0.99,201301110800
30777,2.56,201301110800
30780,1.98,201301110800
30812,0.68,201301110800
30897,1.9,201301110800
30898,2.31,201301110800
30899,2.14,201301110800
30900,1.53,201301110800
30901,2.22,201301110800
30902,1.24,201301110800
30903,1.86,201301110800
30904,2.63,201301110800
30908,1.24,201301110800
30909,2.28,201301110800
30912,2.6,201301110800
30913,0.6,201301110800
30928,1.45,201301110800
30953,0.81,201301110800
30979,2.61,201301110800
30994,1.02,201301110800
30995,0.89,201301110800
31027,2.31,201301110800
31028,1.42,201301110800
31029,1.84,201301110800
31082,1.23,201301110800
31148,1.68,201301110800
31149,0.86,201301110800
31150,1.12,201301110800
31151,1.76,201301110800
31152,1.57,201301110800
31156,2.71,201301110800
31157,0.52,201301110800
31161,2.13,201301110800
31166,2.31,201301110800
31172,1.51,201301110800
31274,2.69,201301110800
31281,1.36,201301110800
31369,1.73,201301110800
31398,2.1,201301110800
31401,1.36,201301110800
31407,1.83,201301110800
31408,0.55,201301110800
31409,2.27,201301110800
31410,1.95,201301110800
31413,1.74,201301110800
31419,0.54,201301110800
31427,2.77,201301110800
31457,2.79,201301110800
31466,1.09,201301110800
31651,0.9,201301110800
31652,2.58,201301110800
31656,2.68,201301110800
31660,1.75,201301110800
31663,0.77,201301110800
31666,3.0,201301110800
31675,2.35,201301110800
31738,2.53,201301110800
31754,2.16,201301110800
31782,0.7,201301110800
31903,2.35,201301110800
31904,2.73,201301110800
31905,1.02,201301110800
31906,1.31,201301110800
31908,1.23,201301110800
31912,2.24,201301110800
31921,2.02,201301110800
31928,0.57,201301110800
31949,0.92,201301110800
32028,1.89,201301110800
32032,2.55,201301110800
32045,1.07,201301110800
32150,1.12,201301110800
32155,1.46,201301110800
32157,1.91,201301110800
32161,0.67,201301110800
32162,0.65,201301110800
32167,2.37,201301110800
32169,1.54,201301110800
32175,1.0,201301110800
32182,0.71,201301110800
32185,2.63,201301110800
32195,2.85,201301110800
32235,1.23,201301110800
32404,2.27,201301110800
32405,0.98,201301110800
32410,1.32,201301110800
32411,2.57,201301110800
32415,2.17,201301110800
32449,1.25,201301110800
32490,2.11,201301110800
32558,1.03,201301110800
32622,0.91,201301110800
32656,1.7,201301110800
32658,2.66,201301110800
32660,2.14,201301110800
32662,1.76,201301110800
32668,1.23,201301110800
32682,1.56,201301110800
32697,0.58,201301110800
32712,1.13,201301110800
32729,2.2,201301110800
32739,2.93,201301110800
32742,2.8,201301110800
32744,2.32,201301110800
32802,2.67,201301110800
32834,1.64,201301110800
32905,2.46,201301110800
32907,1.39,201301110800
32912,1.14,201301110800
32916,1.5,201301110800
32922,2.17,201301110800
32924,2.98,201301110800
32926,2.34,201301110800
32929,1.55,201301110800
32977,2.87,201301110800
32978,1.48,201301110800
33154,2.93,201301110800
33158,2.79,201301110800
33160,0.93,201301110800
33165,2.28,201301110800
33170,1.49,201301110800
33186,2.16,201301110800
33286,1.58,201301110800
33405,1.05,201301110800
33409,1.52,201301110800
33412,1.02,201301110800
33418,1.36,201301110800
33420,2.13,201301110800
33424,1.17,201301110800
33435,1.96,201301110800
33442,2.42,201301110800
33519,0.84,201301110800
33594,1.08,201301110800
33656,1.24,201301110800
33659,1.26,201301110800
33662,2.77,201301110800
33664,1.98,201301110800
33666,0.54,201301110800
33669,1.21,201301110800
33673,1.57,201301110800
33675,1.82,201301110800
33694,1.44,201301110800
33724,2.02,201301110800
33742,2.4,201301110800
33812,0.98,201301110800
33909,1.06,201301110800
33911,1.63,201301110800
33912,1.94,201301110800
33913,1.37,201301110800
33922,0.94,201301110800
33923,2.3,201301110800
33924,1.25,201301110800
33931,1.21,201301110800
33935,1.46,201301110800
33986,0.71,201301110800
34013,0.82,201301110800
34160,1.73,201301110800
34161,1.78,201301110800
34162,2.25,201301110800
34163,2.55,201301110800
34167,1.52,201301110800
34190,0.89,201301110800
34211,0.56,201301110800
34303,1.49,201301110800
34380,2.98,201301110800
34407,1.24,201301110800
34413,1.77,201301110800
34423,0.99,201301110800
34424,0.6,201301110800
34427,2.58,201301110800
34430,2.92,201301110800
34437,1.5,201301110800
34440,1.83,201301110800
34486,2.63,201301110800
34495,1.47,201301110800
34510,2.09,201301110800
34520,0.94,201301110800
34528,1.03,201301110800
34563,0.69,201301110800
34662,0.71,201301110800
34667,0.59,201301110800
34668,2.24,201301110800
34670,2.16,201301110800
34672,0.56,201301110800
34673,1.1,201301110800
34676,2.05,201301110800
34679,2.77,201301110800
34682,2.48,201301110800
34695,1.58,201301110800
34710,1.04,201301110800
34714,1.6,201301110800
34720,2.49,201301110800
34882,0.6,201301110800
34913,0.75,201301110800
34914,1.28,201301110800
34915,1.09,201301110800
34924,2.0,201301110800
34925,1.29,201301110800
34934,0.52,201301110800
34939,1.78,201301110800
34959,2.37,201301110800
34990,1.63,201301110800
35102,2.87,201301110800
35164,1.35,201301110800
35166,2.01,201301110800
35173,1.95,201301110800
35178,2.01,201301110800
35183,2.09,201301110800
35185,2.12,201301110800
35187,2.82,201301110800
35193,1.47,201301110800
35203,1.67,201301110800
35218,2.14,201301110800
35237,1.07,201301110800
35244,2.48,201301110800
35249,1.47,201301110800
35295,1.66,201301110800
35368,0.56,201301110800
35410,2.45,201301110800
35414,1.82,201301110800
35415,1.93,201301110800
35417,1.12,201301110800
35421,2.06,201301110800
35440,1.5,201301110800
35455,2.87,201301110800
35492,0.81,201301110800
35515,1.54,201301110800
35665,1.29,201301110800
35675,1.53,201301110800
35683,2.32,201301110800
35686,0.77,201301110800
35700,0.78,201301110800
35745,1.22,201301110800
35755,2.35,201301110800
35769,2.68,201301110800
35916,1.92,201301110800
35917,2.04,201301110800
35918,1.18,201301110800
35919,1.46,201301110800
35921,2.19,201301110800
35929,1.15,201301110800
35931,1.59,201301110800
35941,2.81,201301110800
35944,2.54,201301110800
35971,1.78,201301110800
35981,0.94,201301110800
35992,1.9,201301110800
35994,1.88,201301110800
36067,1.76,201301110800
36162,1.37,201301110800
36167,2.91,201301110800
36169,2.42,201301110800
36170,1.69,201301110800
36173,0.71,201301110800
36176,2.0,201301110800
36177,0.87,201301110800
36205,2.45,201301110800
36237,2.33,201301110800
36245,2.03,201301110800
36246,2.26,201301110800
36293,2.68,201301110800
36311,0.73,201301110800
36417,2.99,201301110800
36420,0.69,201301110800
36421,1.55,201301110800
36441,1.2,201301110800
36448,1.77,201301110800
36494,1.24,201301110800
36498,2.09,201301110800
36502,1.39,201301110800
36510,1.15,201301110800
36513,2.93,201301110800
36519,2.37,201301110800
36524,2.92,201301110800
36576,2.14,201301110800
36668,0.92,201301110800
36673,0.53,201301110800
36675,1.88,201301110800
36677,2.65,201301110800
36679,0.87,201301110800
36682,2.15,201301110800
36688,1.53,201301110800
36690,0.51,201301110800
36711,2.73,201301110800
36717,1.75,201301110800
36758,0.99,201301110800
36889,0.96,201301110800
36915,2.03,201301110800
36918,1.54,201301110800
36933,2.06,201301110800
36934,2.41,201301110800
36953,1.56,201301110800
36959,2.5,201301110800
36996,0.55,201301110800
36999,0.81,201301110800
37001,1.24,201301110800
37167,0.73,201301110800
37168,2.8,201301110800
37169,0.52,201301110800
37172,1.78,201301110800
37176,0.51,201301110800
37178,1.0,201301110800
37179,2.88,201301110800
37182,2.6,201301110800
37192,0.98,201301110800
37200,1.36,201301110800
37206,2.99,201301110800
37232,2.41,201301110800
37239,2.52,201301110800
37270,2.98,201301110800
37298,0.86,201301110800
37304,1.54,201301110800
37419,1.4,201301110800
37421,0.99,201301110800
37423,2.89,201301110800
37425,2.58,201301110800
37446,2.73,201301110800
37454,2.37,201301110800
37477,2.86,201301110800
37487,2.35,201301110800
37501,1.14,201301110800
37503,2.76,201301110800
37513,1.44,201301110800
37523,2.4,201301110800
37562,2.35,201301110800
37609,1.25,201301110800
37642,1.52,201301110800
37643,2.96,201301110800
37670,1.14,201301110800
37671,1.76,201301110800
37672,0.67,201301110800
37676,1.56,201301110800
37688,1.52,201301110800
37689,1.74,201301110800
37690,2.79,201301110800
37695,2.18,201301110800
37701,1.24,201301110800
37710,1.03,201301110800
37711,1.5,201301110800
37754,2.63,201301110800
37874,2.55,201301110800
37891,2.58,201301110800
37893,1.6,201301110800
37894,0.73,201301110800
37926,1.27,201301110800
37928,2.06,201301110800
37929,2.82,201301110800
37932,1.77,201301110800
37936,2.76,201301110800
37943,1.9,201301110800
37952,1.9,201301110800
37962,1.04,201301110800
37968,2.89,201301110800
38003,0.53,201301110800
38060,0.51,201301110800
38145,1.18,201301110800
38172,0.99,201301110800
38173,2.29,201301110800
38178,1.33,201301110800
38200,1.14,201301110800
38204,1.28,201301110800
38209,1.29,201301110800
38215,1.87,201301110800
38220,0.73,201301110800
38225,1.35,201301110800
38228,1.75,201301110800
38230,3.0,201301110800
38243,1.86,201301110800
38247,2.8,201301110800
38255,2.71,201301110800
38263,0.73,201301110800
38268,1.44,201301110800
38272,2.8,201301110800
38367,0.83,201301110800
38381,2.64,201301110800
38423,2.54,201301110800
38425,1.79,201301110800
38426,2.3,201301110800
38431,1.73,201301110800
38440,0.95,201301110800
38479,1.12,201301110800
38481,2.71,201301110800
38483,1.28,201301110800
38488,2.24,201301110800
38490,1.27,201301110800
38498,2.58,201301110800
38499,1.06,201301110800
38500,2.39,201301110800
38505,2.36,201301110800
38506,0.92,201301110800
38508,2.98,201301110800
38517,1.56,201301110800
38534,2.21,201301110800
38648,2.51,201301110800
38674,2.49,201301110800
38676,2.14,201301110800
38679,1.26,201301110800
38684,0.67,201301110800
38693,2.98,201301110800
38697,0.89,201301110800
38716,1.85,201301110800
38722,2.76,201301110800
38736,2.09,201301110800
38738,1.59,201301110800
38752,1.99,201301110800
38753,2.6,201301110800
38758,2.31,201301110800
38760,1.69,201301110800
38761,2.29,201301110800
38762,0.68,201301110800
38766,1.79,201301110800
38769,2.33,201301110800
38778,0.53,201301110800
38812,2.84,201301110800
38939,0.81,201301110800
38953,1.36,201301110800
38958,1.19,201301110800
38967,1.89,201301110800
39006,1.29,201301110800
39008,0.91,201301110800
39010,1.92,201301110800
39011,2.36,201301110800
39017,1.24,201301110800
39113,2.58,201301110800
39148,1.72,201301110800
39149,2.48,201301110800
39176,1.27,201301110800
39178,0.79,201301110800
39191,2.68,201301110800
39201,2.61,201301110800
39230,1.84,201301110800
39236,2.67,201301110800
39246,2.01,201301110800
39252,2.79,201301110800
39255,0.56,201301110800
39260,1.73,201301110800
39262,1.71,201301110800
39263,0.62,201301110800
39268,0.8,201301110800
39269,1.68,201301110800
39271,2.75,201301110800
39274,2.31,201301110800
39275,2.48,201301110800
39375,2.43,201301110800
39391,1.82,201301110800
39427,1.19,201301110800
39428,0.66,201301110800
39430,0.78,201301110800
39433,1.64,201301110800
39446,1.45,201301110800
39457,2.89,201301110800
39514,1.04,201301110800
39515,2.24,201301110800
39516,1.26,201301110800
39517,2.45,201301110800
39535,2.29,201301110800
39554,0.85,201301110800
39559,0.98,201301110800
39631,0.89,201301110800
39632,1.33,201301110800
39633,1.12,201301110800
39652,0.59,201301110800
39683,1.44,201301110800
39687,1.95,201301110800
39706,2.51,201301110800
39710,1.73,201301110800
39722,2.14,201301110800
39731,1.92,201301110800
39750,0.92,201301110800
39755,2.01,201301110800
39759,1.61,201301110800
39762,2.42,201301110800
39764,2.85,201301110800
39765,1.88,201301110800
39766,2.95,201301110800
39767,1.73,201301110800
39769,0.71,201301110800
39772,1.17,201301110800
39776,2.97,201301110800
39777,0.75,201301110800
39790,1.98,201301110800
39791,2.55,201301110800
39796,0.79,201301110800
39832,1.71,201301110800
39883,1.39,201301110800
39930,2.88,201301110800
39932,2.91,201301110800
39941,2.83,201301110800
39948,1.84,201301110800
39969,0.67,201301110800
40018,1.15,201301110800
40031,0.96,201301110800
40133,0.66,201301110800
40180,1.83,201301110800
40188,1.74,201301110800
40196,1.05,201301110800
40242,1.69,201301110800
40246,0.7,201301110800
40259,0.64,201301110800
40264,1.63,201301110800
40267,1.04,201301110800
40268,0.57,201301110800
40270,1.51,201301110800
40276,1.88,201301110800
40286,0.52,201301110800
40295,1.91,201301110800
40431,2.22,201301110800
40432,2.05,201301110800
40442,0.65,201301110800
40447,1.15,201301110800
40448,1.85,201301110800
40451,1.28,201301110800
40457,2.98,201301110800
40500,1.29,201301110800
40512,2.4,201301110800
40518,2.72,201301110800
40519,0.5,201301110800
40522,1.58,201301110800
40524,0.61,201301110800
40525,1.44,201301110800
40532,2.53,201301110800
40560,0.63,201301110800
40566,2.96,201301110800
40633,1.9,201301110800
40687,2.27,201301110800
40713,1.13,201301110800
40719,0.87,201301110800
40732,2.9,201301110800
40733,2.09,201301110800
40766,0.6,201301110800
40810,1.51,201301110800
40894,1.14,201301110800
40933,0.69,201301110800
40936,2.63,201301110800
40939,1.4,201301110800
40954,0.93,201301110800
40982,1.42,201301110800
41021,2.36,201301110800
41024,1.16,201301110800
41061,2.4,201301110800
41145,1.16,201301110800
41157,0.74,201301110800
41183,2.14,201301110800
41200,0.56,201301110800
41262,2.61,201301110800
41265,2.3,201301110800
41270,2.28,201301110800
41277,1.44,201301110800
41318,1.89,201301110800
41401,0.74,201301110800
41407,0.51,201301110800
41437,1.63,201301110800
41459,0.94,201301110800
41465,0.72,201301110800
41469,0.7,201301110800
41508,1.39,201301110800
41520,1.04,201301110800
41522,1.42,201301110800
41526,1.07,201301110800
41532,0.65,201301110800
41558,2.38,201301110800
41635,0.69,201301110800
41653,2.93,201301110800
41658,1.15,201301110800
41692,1.23,201301110800
41696,1.62,201301110800
41764,2.47,201301110800
41772,1.43,201301110800
41893,0.78,201301110800
41904,1.15,201301110800
41905,0.89,201301110800
41936,2.4,201301110800
41941,2.5,201301110800
41958,2.06,201301110800
41990,1.96,201301110800
42023,2.32,201301110800
42026,1.98,201301110800
42029,1.46,201301110800
42074,0.93,201301110800
42085,1.47,201301110800
42095,0.67,201301110800
42147,2.81,201301110800
42160,1.95,201301110800
42200,2.13,201301110800
42213,0.98,201301110800
42267,0.98,201301110800
42271,2.85,201301110800
42274,0.63,201301110800
42283,2.09,201301110800
42291,1.94,201301110800
42342,1.39,201301110800
42411,1.61,201301110800
42438,1.11,201301110800
42454,0.64,201301110800
42471,2.78,201301110800
42478,2.9,201301110800
42487,1.35,201301110800
42503,0.62,201301110800
42514,2.95,201301110800
42521,1.66,201301110800
42533,0.74,201301110800
42644,2.95,201301110800
42661,0.87,201301110800
42695,2.34,201301110800
42744,0.99,201301110800
42750,2.73,201301110800
42846,2.49,201301110800
42905,2.13,201301110800
42912,2.83,201301110800
42939,2.34,201301110800
42940,1.14,201301110800
42944,2.77,201301110800
42949,2.62,201301110800
43011,2.16,201301110800
43021,2.43,201301110800
43030,1.22,201301110800
43151,0.68,201301110800
43160,1.93,201301110800
43162,2.44,201301110800
43213,2.4,201301110800
43220,2.73,201301110800
43261,2.81,201301110800
43412,1.55,201301110800
43413,1.91,201301110800
43440,0.98,201301110800
43443,1.98,201301110800
43449,1.08,201301110800
43483,2.1,201301110800
43484,1.67,201301110800
43494,2.52,201301110800
43518,2.03,201301110800
43523,1.24,201301110800
43526,2.94,201301110800
43530,2.62,201301110800
43571,2.53,201301110800
43642,1.5,201301110800
43662,2.1,201301110800
43738,2.7,201301110800
43760,2.16,201301110800
43779,1.78,201301110800
43914,0.62,201301110800
43957,1.79,201301110800
43980,2.35,201301110800
43984,2.32,201301110800
43992,0.96,201301110800
43995,1.22,201301110800
44002,1.4,201301110800
44039,1.9,201301110800
44194,2.05,201301110800
44197,1.89,201301110800
44204,2.65,201301110800
44215,1.54,201301110800
44226,2.62,201301110800
44247,0.54,201301110800
44255,1.96,201301110800
44282,1.95,201301110800
44284,1.83,201301110800
44356,2.32,201301110800
44470,2.21,201301110800
44486,2.14,201301110800
44503,0.85,201301110800
44504,1.16,201301110800
44510,2.16,201301110800
44517,1.08,201301110800
44534,2.94,201301110800
44578,1.85,201301110800
44666,1.91,201301110800
44694,0.81,201301110800
44697,2.42,201301110800
44716,2.77,201301110800
44724,1.67,201301110800
44743,0.96,201301110800
44755,1.98,201301110800
44756,2.35,201301110800
44757,2.82,201301110800
44758,2.13,201301110800
44786,2.19,201301110800
44787,2.54,201301110800
44911,2.99,201301110800
44963,2.83,201301110800
45005,1.81,201301110800
45006,1.28,201301110800
45007,2.41,201301110800
45008,1.5,201301110800
45039,1.97,201301110800
45114,2.83,201301110800
45168,1.54,201301110800
45200,2.24,201301110800
45203,1.4,201301110800
45208,0.54,201301110800
45237,1.24,201301110800
45254,2.66,201301110800
45256,1.49,201301110800
45258,1.2,201301110800
45261,2.01,201301110800
45265,1.46,201301110800
45266,2.13,201301110800
45401,2.86,201301110800
45479,0.85,201301110800
45502,1.41,201301110800
45507,1.28,201301110800
45509,2.51,201301110800
45526,0.6,201301110800
45538,2.01,201301110800
45582,2.27,201301110800
45661,1.78,201301110800
45701,1.54,201301110800
45703,1.79,201301110800
45716,2.54,201301110800
45720,1.07,201301110800
45725,1.67,201301110800
45735,2.79,201301110800
45747,0.85,201301110800
45766,2.02,201301110800
45793,1.59,201301110800
45795,1.86,201301110800
45919,0.53,201301110800
45948,0.79,201301110800
46008,2.53,201301110800
46036,1.17,201301110800
46041,2.56,201301110800
46052,2.2,201301110800
46074,0.57,201301110800
46145,0.52,201301110800
46202,0.77,201301110800
46209,0.95,201301110800
46242,0.55,201301110800
46265,2.04,201301110800
46372,1.4,201301110800
46384,2.85,201301110800
46455,1.98,201301110800
46508,2.34,201301110800
46523,1.75,201301110800
46538,1.43,201301110800
46565,1.36,201301110800
46574,0.64,201301110800
46626,2.08,201301110800
46700,1.22,201301110800
46738,2.2,201301110800
46770,2.41,201301110800
46778,0.74,201301110800
46787,1.92,201301110800
46803,0.79,201301110800
46954,1.42,201301110800
46964,1.21,201301110800
46972,1.25,201301110800
46976,2.54,201301110800
46981,0.56,201301110800
47011,1.41,201301110800
47015,1.77,201301110800
47047,0.87,201301110800
47253,2.44,201301110800
47288,2.95,201301110800
47295,0.87,201301110800
47342,0.99,201301110800
47454,0.7,201301110800
47535,1.96,201301110800
47543,1.95,201301110800
47705,0.91,201301110800
47709,0.55,201301110800
47711,1.79,201301110800
47758,1.81,201301110800
47806,1.29,201301110800
47889,0.63,201301110800
47926,1.02,201301110800
47968,1.45,201301110800
47972,0.81,201301110800
47977,2.65,201301110800
47982,0.63,201301110800
48032,0.62,201301110800
48209,0.81,201301110800
48239,1.09,201301110800
48244,0.77,201301110800
48278,1.47,201301110800
48420,1.64,201301110800
48427,0.64,201301110800
48499,1.84,201301110800
48503,2.89,201301110800
48552,0.57,201301110800
48584,0.71,201301110800
48713,2.34,201301110800
48759,0.58,201301110800
48848,0.55,201301110800
48898,1.32,201301110800
49017,0.97,201301110800
49049,0.85,201301110800
49229,1.8,201301110800
49241,2.13,201301110800
49472,0.72,201301110800
49483,1.19,201301110800
49542,1.85,201301110800
49555,2.53,201301110800
49679,2.82,201301110800
49750,0.98,201301110800
49760,1.48,201301110800
49777,0.77,201301110800
49968,2.13,201301110800
50053,2.99,201301110800
50103,1.91,201301110800
50180,2.59,201301110800
50285,1.79,201301110800
50430,2.92,201301110800
50470,2.92,201301110800
50494,2.37,201301110800
50511,0.51,201301110800
50549,2.34,201301110800
50680,0.77,201301110800
50682,2.25,201301110800
50731,0.74,201301110800
50812,2.94,201301110800
50872,0.7,201301110800
51029,2.15,201301110800
51046,0.72,201301110800
51053,1.92,201301110800
51056,0.81,201301110800
51162,1.67,201301110800
51177,0.97,201301110800
51182,1.09,201301110800
51228,2.65,201301110800
51258,2.05,201301110800
51430,1.96,201301110800
51431,2.67,201301110800
51432,2.11,201301110800
51520,2.11,201301110800
51681,0.74,201301110800
51682,2.02,201301110800
51725,1.74,201301110800
51790,0.76,201301110800
51832,2.12,201301110800
51857,1.17,201301110800
51931,1.19,201301110800
51932,2.68,201301110800
51986,1.95,201301110800
52003,1.02,201301110800
52182,1.41,201301110800
52244,2.65,201301110800
52259,1.27,201301110800
52280,2.65,201301110800
52319,2.41,201301110800
52473,1.78,201301110800
52518,1.76,201301110800
52631,1.25,201301110800
52679,2.92,201301110800
52729,2.41,201301110800
52811,1.8,201301110800
52983,1.0,201301110800
52988,1.4,201301110800
52993,1.36,201301110800
53000,0.74,201301110800
53016,2.5,201301110800
53027,0.8,201301110800
53072,1.98,201301110800
53090,1.43,201301110800
53177,2.91,201301110800
53178,2.85,201301110800
53381,2.74,201301110800
53427,2.56,201301110800
53429,1.04,201301110800
53761,0.63,201301110800
53774,2.15,201301110800
53797,1.87,201301110800
53810,2.12,201301110800
53822,2.59,201301110800
53864,2.19,201301110800
53927,1.77,201301110800
54038,0.51,201301110800
54071,1.59,201301110800
54234,1.43,201301110800
54281,1.87,201301110800
54284,1.22,201301110800
54327,1.75,201301110800
54334,2.83,201301110800
54349,2.81,201301110800
54427,0.6,201301110800
54503,2.17,201301110800
54510,1.25,201301110800
54520,1.13,201301110800
54550,2.44,201301110800
54578,2.88,201301110800
54678,2.81,201301110800
54828,1.47,201301110800
54983,2.61,201301110800
54996,2.99,201301110800
55070,2.6,201301110800
55329,1.1,201301110800
55331,1.29,201301110800
55535,1.86,201301110800
55633,1.01,201301110800
55680,0.56,201301110800
55761,0.71,201301110800
55831,2.34,201301110800
55832,1.74,201301110800
55838,2.91,201301110800
55845,1.76,201301110800
56106,0.73,201301110800
56493,1.18,201301110800
56571,1.03,201301110800
56586,3.0,201301110800
56587,0.71,201301110800
56591,1.2,201301110800
56738,1.61,201301110800
56835,2.85,201301110800
56882,2.28,201301110800
56887,1.81,201301110800
56888,1.9,201301110800
56933,1.93,201301110800
56934,2.51,201301110800
57042,1.39,201301110800
57062,1.58,201301110800
57189,2.82,201301110800
57261,0.93,201301110800
57329,1.3,201301110800
57342,2.29,201301110800
57376,2.93,201301110800
57378,2.16,201301110800
57380,1.16,201301110800
57397,1.6,201301110800
57440,2.97,201301110800
57495,2.8,201301110800
57523,2.85,201301110800
57555,2.2,201301110800
57597,1.91,201301110800
57613,2.52,201301110800
57615,0.72,201301110800
57628,0.6,201301110800
57631,0.53,201301110800
57823,2.78,201301110800
57837,2.22,201301110800
57851,1.14,201301110800
57852,2.47,201301110800
57906,2.64,201301110800
58179,1.71,201301110800
58251,0.77,201301110800
58421,2.16,201301110800
58511,0.81,201301110800
58632,1.19,201301110800
58744,1.24,201301110800
58802,2.23,201301110800
58814,1.91,201301110800
58879,0.96,201301110800
58892,2.4,201301110800
59010,0.57,201301110800
59043,1.18,201301110800
59104,1.98,201301110800
59125,1.56,201301110800
59134,2.64,201301110800
59285,2.25,201301110800
59329,2.19,201301110800
59555,1.38,201301110800
59635,0.59,201301110800
59745,1.82,201301110800
59927,0.58,201301110800
59941,2.32,201301110800
60008,2.01,201301110800
60011,2.4,201301110800
60114,0.75,201301110800
60141,0.62,201301110800
60147,1.15,201301110800
60331,2.21,201301110800
60344,2.79,201301110800
60350,1.96,201301110800
60578,2.12,201301110800
60593,1.3,201301110800
60613,2.77,201301110800
60630,1.58,201301110800
60635,2.82,201301110800
60649,2.54,201301110800
60750,0.7,201301110800
60774,1.74,201301110800
60819,1.14,201301110800
60880,2.0,201301110800
60888,0.82,201301110800
61062,0.55,201301110800
61110,2.62,201301110800
61263,0.76,201301110800
61343,2.17,201301110800
61591,0.88,201301110800
61597,0.73,201301110800
61654,1.5,201301110800
61818,2.96,201301110800
62077,1.87,201301110800
62104,2.65,201301110800
62135,0.68,201301110800
62140,2.0,201301110800
62252,1.19,201301110800
62558,1.45,201301110800
62589,1.45,201301110800
62757,1.44,201301110800
62772,1.0,201301110800
62850,1.13,201301110800
62926,2.17,201301110800
62948,1.46,201301110800
63044,2.68,201301110800
63153,2.03,201301110800
63383,0.78,201301110800
63397,0.83,201301110800
63398,0.77,201301110800
63407,1.36,201301110800
63574,2.95,201301110800
63586,0.75,201301110800
63816,2.98,201301110800
64102,2.85,201301110800
64150,0.95,201301110800
64200,1.9,201301110800
64515,1.54,201301110800
64529,1.38,201301110800
64573,1.02,201301110800
64581,1.06,201301110800
64815,0.8,201301110800
64915,1.43,201301110800
65059,2.44,201301110800
65144,1.03,201301110800
65320,1.65,201301110800
65375,2.15,201301110800
65454,1.22,201301110800
65528,0.87,201301110800
65607,0.92,201301110800
65774,1.72,201301110800
65838,0.58,201301110800
66068,1.6,201301110800
66084,1.37,201301110800
66151,0.73,201301110800
66353,1.19,201301110800
66538,0.98,201301110800
66575,1.31,201301110800
66637,1.91,201301110800
66827,1.83,201301110800
66870,2.38,201301110800
67110,1.55,201301110800
67207,2.42,201301110800
67335,1.81,201301110800
67385,2.49,201301110800
67599,1.7,201301110800
67601,0.68,201301110800
67602,1.78,201301110800
67698,2.82,201301110800
67824,0.95,201301110800
67842,1.64,201301110800
67854,1.92,201301110800
67855,2.72,201301110800
67918,1.09,201301110800
68103,2.31,201301110800
68104,2.55,201301110800
68110,0.99,201301110800
68111,0.86,201301110800
68349,1.78,201301110800
68354,2.53,201301110800
68356,1.36,201301110800
68454,1.96,201301110800
68455,0.7,201301110800
68587,2.07,201301110800
68857,2.52,201301110800
68858,1.56,201301110800
68897,2.96,201301110800
68924,2.09,201301110800
68930,1.43,201301110800
69106,2.9,201301110800
69190,0.55,201301110800
69206,2.72,201301110800
69359,0.83,201301110800
69371,1.31,201301110800
69455,2.19,201301110800
69582,0.53,201301110800
69613,1.76,201301110800
69676,2.26,201301110800
70115,2.96,201301110800
70132,1.84,201301110800
70181,1.48,201301110800
70342,2.82,201301110800
70352,2.55,201301110800
70360,0.99,201301110800
70374,1.64,201301110800
70440,1.53,201301110800
70462,0.51,201301110800
70619,2.23,201301110800
70659,2.5,201301110800
70715,1.53,201301110800
70903,0.82,201301110800
70934,0.85,201301110800
70961,0.86,201301110800
71122,0.55,201301110800
71187,2.16,201301110800
71399,1.06,201301110800
71601,1.71,201301110800
71629,1.38,201301110800
71888,1.58,201301110800
71961,1.27,201301110800
71964,0.87,201301110800
72201,1.34,201301110800
72218,0.76,201301110800
72345,0.77,201301110800
72367,1.81,201301110800
72407,1.72,201301110800
72416,2.92,201301110800
72706,2.1,201301110800
72894,1.73,201301110800
73104,0.84,201301110800
73135,2.46,201301110800
73211,1.08,201301110800
73223,1.16,201301110800
73451,1.76,201301110800
73460,1.44,201301110800
73461,2.45,201301110800
73557,1.12,201301110800
73669,0.54,201301110800
74158,1.62,201301110800
74216,1.03,201301110800
74388,2.3,201301110800
74396,2.83,201301110800
74466,0.69,201301110800
74467,2.85,201301110800
74638,1.98,201301110800
74677,0.7,201301110800
74678,1.77,201301110800
74711,1.98,201301110800
74721,1.89,201301110800
74962,1.82,201301110800
74968,2.17,201301110800
74973,2.18,201301110800
75224,0.57,201301110800
75329,1.17,201301110800
75386,2.94,201301110800
75424,1.58,201301110800
75436,1.2,201301110800
75475,0.85,201301110800
75619,0.93,201301110800
75721,1.13,201301110800
75722,0.85,201301110800
75724,1.44,201301110800
75725,1.42,201301110800
75726,1.72,201301110800
75727,2.56,201301110800
75974,2.0,201301110800
75975,2.79,201301110800
76133,0.97,201301110800
76227,2.82,201301110800
76393,2.0,201301110800
76473,2.26,201301110800
76477,1.55,201301110800
76654,1.73,201301110800
76728,1.47,201301110800
76959,1.39,201301110800
77169,1.45,201301110800
77230,2.4,201301110800
77381,1.52,201301110800
77458,2.04,201301110800
77641,0.52,201301110800
77942,2.92,201301110800
77981,1.5,201301110800
78205,2.44,201301110800
78418,2.47,201301110800
78654,2.84,201301110800
78733,2.56,201301110800
78881,1.71,201301110800
78896,1.15,201301110800
78909,1.69,201301110800
78983,1.2,201301110800
79234,0.77,201301110800
79379,1.17,201301110800
79394,1.6,201301110800
79484,2.39,201301110800
79712,2.61,201301110800
79911,0.86,201301110800
79915,2.1,201301110800
80160,1.43,201301110800
80161,2.8,201301110800
80193,1.9,201301110800
80352,0.67,201301110800
80397,2.5,201301110800
80406,1.05,201301110800
80411,2.02,201301110800
80412,2.02,201301110800
80413,2.31,201301110800
80420,0.53,201301110800
80485,1.22,201301110800
80635,0.81,201301110800
80659,1.12,201301110800
80663,2.59,201301110800
80664,1.99,201301110800
80703,2.68,201301110800
80877,0.56,201301110800
80916,1.0,201301110800
81163,2.82,201301110800
81164,2.27,201301110800
81354,2.92,201301110800
81363,1.61,201301110800
81390,1.59,201301110800
81625,1.2,201301110800
81651,1.93,201301110800
81899,2.22,201301110800
82135,2.47,201301110800
82168,2.77,201301110800
82169,2.2,201301110800
82237,1.03,201301110800
82613,2.85,201301110800
82622,2.56,201301110800
82664,2.41,201301110800
82892,1.36,201301110800
82951,0.78,201301110800
83410,2.98,201301110800
83489,1.39,201301110800
83735,0.84,201301110800
83865,2.15,201301110800
84123,2.96,201301110800
84179,1.58,201301110800
84207,1.71,201301110800
84212,1.71,201301110800
84221,2.31,201301110800
84366,1.51,201301110800
84689,1.62,201301110800
84712,0.83,201301110800
84902,2.48,201301110800
85474,0.9,201301110800
85487,2.26,201301110800
85620,2.55,201301110800
85705,2.87,201301110800
85715,1.81,201301110800
85738,1.06,201301110800
86440,2.22,201301110800
86622,1.85,201301110800
86623,0.81,201301110800
86672,1.6,201301110800
86873,2.22,201301110800
86895,0.86,201301110800
87121,1.12,201301110800
87227,2.14,201301110800
87460,2.9,201301110800
87690,2.47,201301110800
87873,1.95,201301110800
88242,2.32,201301110800
88463,0.55,201301110800
89120,0.78,201301110800
89152,2.32,201301110800
89175,2.23,201301110800
89198,0.81,201301110800
89615,1.58,201301110800
89625,2.65,201301110800
90116,0.98,201301110800
90183,2.02,201301110800
90497,1.36,201301110800
90699,1.38,201301110800
90719,2.0,201301110800
91200,1.63,201301110800
91432,2.8,201301110800
91434,1.84,201301110800
91684,1.83,201301110800
91713,2.83,201301110800
91744,2.96,201301110800
92233,1.65,201301110800
93205,1.89,201301110800
93244,1.1,201301110800
93252,1.6,201301110800
93463,1.76,201301110800
93675,1.96,201301110800
93944,1.81,201301110800
94431,0.55,201301110800
94710,0.81,201301110800
94755,1.02,201301110800
94997,2.98,201301110800
95000,2.55,201301110800
95707,2.3,201301110800
95949,1.16,201301110800
95998,1.57,201301110800
96188,0.61,201301110800
96225,1.89,201301110800
96249,1.35,201301110800
96468,1.84,201301110800
96486,1.76,201301110800
96718,1.76,201301110800
96972,2.08,201301110800
96995,2.16,201301110800
97251,2.63,201301110800
97440,0.99,201301110800
97471,0.75,201301110800
97969,1.05,201301110800
97990,2.26,201301110800
98224,2.6,201301110800
98229,1.65,201301110800
98450,2.83,201301110800
98475,0.66,201301110800
98739,2.31,201301110800
99256,1.03,201301110800
99468,2.65,201301110800
99730,1.13,201301110800
101215,2.44,201301110800
101911,2.73,201301110800
101912,1.32,201301110800
101989,0.8,201301110800
102999,1.56,201301110800
103242,2.33,201301110800
103431,1.34,201301110800
104177,1.67,201301110800
104221,1.98,201301110800
104239,1.5,201301110800
104701,1.61,201301110800
104984,2.62,201301110800
105196,0.78,201301110800
105219,2.02,201301110800
105460,2.52,201301110800
105461,1.3,201301110800
105481,2.46,201301110800
105489,0.95,201301110800
105709,2.37,201301110800
105710,2.73,201301110800
105711,1.82,201301110800
105712,1.37,201301110800
105713,2.56,201301110800
105715,2.85,201301110800
105726,1.9,201301110800
105727,2.11,201301110800
105736,1.87,201301110800
105960,2.25,201301110800
105961,1.79,201301110800
105962,2.85,201301110800
105963,2.78,201301110800
105964,2.04,201301110800
105975,0.69,201301110800
106195,1.06,201301110800
106213,2.88,201301110800
106214,0.69,201301110800
106215,1.19,201301110800
106221,1.62,201301110800
106231,0.96,201301110800
106232,0.71,201301110800
106234,1.82,201301110800
106235,2.0,201301110800
106237,0.57,201301110800
106446,1.78,201301110800
106447,1.46,201301110800
106462,1.29,201301110800
106463,0.73,201301110800
106465,1.89,201301110800
106466,0.7,201301110800
106467,2.65,201301110800
106480,0.53,201301110800
106712,1.52,201301110800
106717,2.1,201301110800
106718,2.53,201301110800
106741,2.63,201301110800
106958,1.3,201301110800
106964,0.64,201301110800
106965,0.96,201301110800
106966,1.51,201301110800
106967,2.66,201301110800
106971,2.59,201301110800
106983,2.9,201301110800
106997,1.68,201301110800
107200,1.9,201301110800
107212,2.23,201301110800
107219,1.84,201301110800
107240,1.29,201301110800
107460,2.24,201301110800
107465,2.68,201301110800
107466,2.06,201301110800
107468,0.82,201301110800
107491,0.65,201301110800
107711,2.24,201301110800
107725,2.02,201301110800
107726,1.89,201301110800
107954,0.85,201301110800
107966,0.62,201301110800
107971,1.29,201301110800
107979,0.5,201301110800
107993,0.87,201301110800
108205,0.92,201301110800
108211,1.14,201301110800
108214,1.23,201301110800
108215,2.77,201301110800
108217,1.62,201301110800
108219,2.8,201301110800
108220,1.46,201301110800
108222,2.42,201301110800
108225,1.41,201301110800
108230,1.05,201301110800
108454,0.86,201301110800
108463,2.16,201301110800
108499,1.75,201301110800
108717,0.92,201301110800
108722,2.92,201301110800
108724,1.86,201301110800
108733,2.0,201301110800
108968,1.96,201301110800
108975,2.81,201301110800
108984,2.87,201301110800
108985,2.49,201301110800
109216,2.11,201301110800
109219,1.57,201301110800
109222,2.16,201301110800
109227,2.14,201301110800
109231,1.27,201301110800
109236,2.68,201301110800
109245,2.88,201301110800
109473,2.86,201301110800
109487,1.97,201301110800
109494,1.27,201301110800
109495,0.83,201301110800
109496,1.75,201301110800
109497,1.18,201301110800
109742,0.67,201301110800
109744,1.14,201301110800
109748,1.93,201301110800
109750,0.7,201301110800
109980,1.4,201301110800
109991,1.65,201301110800
109994,2.52,201301110800
109998,0.86,201301110800
110001,1.36,201301110800
110243,0.66,201301110800
110247,1.85,201301110800
110249,2.47,201301110800
110251,2.11,201301110800
110253,2.53,201301110800
110254,2.65,201301110800
