cell,mobility,dtg
1610,0.87,201301171600
1846,2.78,201301171600
1851,1.85,201301171600
1853,1.96,201301171600
1856,1.09,201301171600
1857,1.55,201301171600
2103,2.62,201301171600
2105,2.6,201301171600
2106,2.96,201301171600
2107,2.8,201301171600
2114,1.99,201301171600
2342,0.78,201301171600
2347,2.39,201301171600
2351,2.01,201301171600
2354,0.83,201301171600
2357,1.09,201301171600
2372,0.52,201301171600
2374,0.93,201301171600
2591,1.9,201301171600
2595,1.99,201301171600
2605,2.5,201301171600
2611,1.64,201301171600
2615,0.59,201301171600
2620,1.08,201301171600
2627,2.4,201301171600
2839,0.7,201301171600
2847,2.89,201301171600
3086,1.79,201301171600
3094,2.68,201301171600
3100,1.18,201301171600
3124,1.44,201301171600
3128,1.0,201301171600
3334,2.11,201301171600
3337,2.33,201301171600
3375,2.17,201301171600
3614,0.69,201301171600
3619,1.8,201301171600
3632,0.62,201301171600
3635,2.52,201301171600
3830,2.5,201301171600
3831,2.14,201301171600
3833,1.42,201301171600
3837,3.0,201301171600
3845,1.1,201301171600
3856,0.74,201301171600
3860,1.62,201301171600
3865,0.68,201301171600
4078,0.8,201301171600
4081,0.59,201301171600
4137,0.66,201301171600
4141,1.34,201301171600
4142,2.99,201301171600
4328,2.45,201301171600
4329,1.08,201301171600
4341,2.87,201301171600
4345,0.74,201301171600
4348,1.25,201301171600
4354,1.11,201301171600
4372,1.08,201301171600
4577,0.59,201301171600
4578,1.44,201301171600
4580,1.38,201301171600
4582,2.14,201301171600
4605,1.65,201301171600
4608,0.53,201301171600
4631,2.61,201301171600
4636,2.0,201301171600
4637,1.08,201301171600
4829,2.73,201301171600
4830,2.16,201301171600
4831,1.63,201301171600
4834,1.18,201301171600
4837,0.63,201301171600
4852,2.15,201301171600
4863,0.97,201301171600
4868,1.7,201301171600
4890,0.6,201301171600
4891,1.98,201301171600
5078,0.55,201301171600
5081,2.82,201301171600
5084,2.25,201301171600
5127,1.49,201301171600
5153,0.57,201301171600
5327,0.53,201301171600
5329,0.85,201301171600
5333,1.99,201301171600
5334,2.74,201301171600
5339,2.22,201301171600
5369,1.15,201301171600
5402,2.11,201301171600
5410,1.23,201301171600
5577,0.53,201301171600
5581,1.56,201301171600
5592,1.66,201301171600
5612,2.05,201301171600
5623,2.55,201301171600
5876,0.56,201301171600
5893,1.81,201301171600
5898,1.48,201301171600
6078,1.81,201301171600
6118,1.62,201301171600
6136,2.29,201301171600
6158,2.18,201301171600
6159,2.48,201301171600
6333,1.31,201301171600
6353,0.95,201301171600
6365,1.29,201301171600
6366,2.02,201301171600
6414,1.58,201301171600
6588,1.07,201301171600
6609,1.34,201301171600
6635,2.65,201301171600
6668,1.1,201301171600
6841,0.94,201301171600
6849,0.53,201301171600
6896,1.18,201301171600
6924,2.89,201301171600
6928,1.05,201301171600
6935,0.76,201301171600
6939,2.12,201301171600
7077,1.73,201301171600
7078,1.34,201301171600
7085,1.07,201301171600
7088,2.08,201301171600
7113,2.93,201301171600
7114,0.67,201301171600
7129,2.96,201301171600
7133,1.76,201301171600
7165,0.86,201301171600
7192,2.54,201301171600
7354,1.66,201301171600
7375,1.57,201301171600
7379,0.52,201301171600
7401,0.85,201301171600
7410,0.85,201301171600
7436,1.17,201301171600
7584,0.75,201301171600
7646,2.59,201301171600
7849,2.38,201301171600
7871,0.72,201301171600
7927,2.73,201301171600
7948,2.09,201301171600
8080,1.45,201301171600
8170,2.66,201301171600
8182,0.84,201301171600
8195,2.98,201301171600
8342,2.78,201301171600
8582,0.93,201301171600
8602,1.42,201301171600
8609,1.13,201301171600
8638,1.32,201301171600
8656,1.72,201301171600
8830,2.84,201301171600
8839,2.31,201301171600
8876,1.0,201301171600
8897,2.21,201301171600
8912,1.93,201301171600
8918,1.99,201301171600
8929,2.77,201301171600
8940,1.04,201301171600
8954,2.96,201301171600
9140,1.01,201301171600
9333,2.99,201301171600
9468,1.93,201301171600
9473,1.14,201301171600
9589,2.83,201301171600
9601,1.21,201301171600
9607,2.74,201301171600
9658,2.09,201301171600
9724,2.69,201301171600
9833,1.47,201301171600
10084,1.57,201301171600
10089,0.61,201301171600
10096,2.71,201301171600
10144,1.75,201301171600
10170,1.14,201301171600
10181,1.63,201301171600
10189,1.75,201301171600
10201,1.95,201301171600
10334,1.41,201301171600
10335,1.6,201301171600
10383,1.68,201301171600
10414,1.66,201301171600
10444,0.75,201301171600
10458,1.77,201301171600
10477,2.79,201301171600
10586,1.43,201301171600
10601,0.66,201301171600
10609,1.86,201301171600
10616,2.92,201301171600
10633,0.61,201301171600
10655,0.64,201301171600
10665,2.28,201301171600
10681,2.82,201301171600
10717,2.29,201301171600
10835,1.56,201301171600
10837,0.72,201301171600
10847,2.3,201301171600
10903,1.66,201301171600
10911,2.67,201301171600
10918,1.59,201301171600
10973,1.35,201301171600
11087,2.36,201301171600
11092,1.86,201301171600
11128,2.89,201301171600
11222,1.14,201301171600
11223,1.95,201301171600
11225,2.33,201301171600
11238,0.87,201301171600
11361,1.93,201301171600
11393,2.14,201301171600
11424,2.72,201301171600
11601,1.69,201301171600
11682,0.64,201301171600
11704,2.83,201301171600
11858,2.83,201301171600
11884,2.49,201301171600
11901,1.18,201301171600
11946,2.3,201301171600
11960,2.8,201301171600
11972,2.99,201301171600
12089,1.31,201301171600
12090,1.67,201301171600
12096,0.64,201301171600
12120,2.26,201301171600
12157,1.71,201301171600
12230,2.25,201301171600
12383,1.98,201301171600
12431,1.96,201301171600
12601,0.59,201301171600
12625,1.89,201301171600
12632,1.19,201301171600
12842,2.01,201301171600
12875,1.52,201301171600
12901,2.97,201301171600
12913,1.34,201301171600
12933,2.93,201301171600
12934,2.87,201301171600
12985,2.71,201301171600
13099,1.17,201301171600
13114,2.53,201301171600
13150,0.87,201301171600
13175,0.75,201301171600
13183,0.84,201301171600
13222,1.84,201301171600
13358,1.43,201301171600
13444,1.14,201301171600
13455,2.1,201301171600
13456,1.27,201301171600
13670,2.21,201301171600
13694,2.46,201301171600
13845,0.72,201301171600
13849,2.54,201301171600
14011,2.57,201301171600
14095,0.7,201301171600
14133,1.27,201301171600
14161,1.03,201301171600
14167,2.84,201301171600
14184,2.57,201301171600
14241,1.1,201301171600
14255,1.56,201301171600
14349,0.57,201301171600
14350,1.71,201301171600
14375,1.77,201301171600
14452,2.42,201301171600
14475,0.62,201301171600
14620,2.4,201301171600
14673,0.98,201301171600
14745,2.82,201301171600
14859,1.85,201301171600
14936,0.66,201301171600
14995,0.68,201301171600
15097,1.12,201301171600
15098,1.77,201301171600
15246,0.51,201301171600
15349,1.77,201301171600
15440,1.65,201301171600
15600,0.53,201301171600
15656,2.71,201301171600
15672,1.88,201301171600
15699,1.02,201301171600
15714,2.98,201301171600
15725,1.41,201301171600
15744,2.85,201301171600
15849,0.63,201301171600
15850,1.36,201301171600
15851,2.44,201301171600
15853,0.81,201301171600
15871,1.68,201301171600
16100,0.89,201301171600
16105,2.98,201301171600
16114,0.52,201301171600
16171,1.23,201301171600
16184,0.65,201301171600
16400,0.92,201301171600
16414,0.97,201301171600
16601,2.81,201301171600
16604,2.5,201301171600
16625,1.86,201301171600
16670,1.58,201301171600
16853,1.9,201301171600
16868,1.98,201301171600
16932,0.53,201301171600
17232,2.27,201301171600
17355,1.23,201301171600
17358,1.22,201301171600
17367,2.47,201301171600
17635,2.71,201301171600
17673,0.71,201301171600
17681,2.57,201301171600
17884,1.82,201301171600
17984,2.71,201301171600
18108,0.55,201301171600
18115,0.63,201301171600
18118,2.97,201301171600
18123,1.65,201301171600
18139,1.77,201301171600
18154,1.3,201301171600
18160,1.23,201301171600
18177,1.89,201301171600
18185,1.7,201301171600
18383,1.23,201301171600
18404,2.12,201301171600
18427,2.96,201301171600
18466,1.56,201301171600
18616,2.09,201301171600
18629,0.63,201301171600
18861,1.02,201301171600
18866,0.78,201301171600
18925,2.95,201301171600
19110,2.41,201301171600
19112,2.44,201301171600
19114,1.56,201301171600
19122,1.8,201301171600
19360,1.32,201301171600
19443,1.97,201301171600
19481,2.01,201301171600
19611,1.36,201301171600
19612,2.45,201301171600
19618,2.65,201301171600
19633,1.79,201301171600
19678,0.75,201301171600
19878,1.08,201301171600
19913,1.11,201301171600
20113,1.07,201301171600
20114,0.51,201301171600
20116,0.91,201301171600
20170,1.34,201301171600
20363,0.83,201301171600
20387,2.89,201301171600
20396,1.59,201301171600
20436,1.49,201301171600
20616,2.51,201301171600
20621,1.78,201301171600
20628,1.55,201301171600
20651,2.66,201301171600
20671,1.35,201301171600
20682,2.0,201301171600
20864,1.43,201301171600
20882,2.83,201301171600
20931,1.77,201301171600
20995,2.01,201301171600
21115,1.2,201301171600
21118,0.59,201301171600
21201,2.93,201301171600
21373,1.63,201301171600
21377,2.52,201301171600
21392,1.13,201301171600
21407,1.63,201301171600
21428,1.28,201301171600
21448,0.74,201301171600
21617,2.86,201301171600
21619,0.64,201301171600
21639,1.98,201301171600
21658,2.46,201301171600
21663,0.54,201301171600
21701,1.08,201301171600
21721,1.98,201301171600
21868,2.21,201301171600
21871,2.24,201301171600
21999,2.2,201301171600
22126,0.55,201301171600
22133,2.35,201301171600
22174,1.69,201301171600
22176,2.46,201301171600
22205,2.08,201301171600
22368,2.42,201301171600
22395,2.22,201301171600
22419,0.5,201301171600
22420,1.6,201301171600
22421,0.64,201301171600
22422,0.55,201301171600
22619,1.12,201301171600
22630,2.25,201301171600
22634,0.7,201301171600
22671,1.66,201301171600
22673,0.75,201301171600
22700,2.85,201301171600
22751,0.94,201301171600
22768,2.13,201301171600
22869,1.39,201301171600
22877,1.45,201301171600
22928,1.36,201301171600
22940,2.85,201301171600
22955,1.55,201301171600
22963,1.18,201301171600
22966,2.56,201301171600
23120,2.65,201301171600
23124,1.02,201301171600
23125,0.53,201301171600
23131,1.69,201301171600
23138,0.9,201301171600
23169,1.59,201301171600
23194,0.53,201301171600
23216,0.7,201301171600
23370,0.91,201301171600
23371,1.81,201301171600
23379,1.49,201301171600
23386,1.0,201301171600
23388,1.3,201301171600
23427,1.34,201301171600
23621,2.49,201301171600
23627,1.25,201301171600
23635,2.76,201301171600
23641,2.38,201301171600
23662,1.99,201301171600
23669,2.43,201301171600
23690,1.35,201301171600
23744,1.0,201301171600
23750,1.46,201301171600
23872,1.31,201301171600
23873,2.62,201301171600
23875,1.33,201301171600
23881,1.78,201301171600
23894,2.25,201301171600
23896,2.01,201301171600
23907,2.01,201301171600
23925,1.54,201301171600
23973,1.16,201301171600
24005,2.63,201301171600
24009,1.23,201301171600
24032,2.2,201301171600
24122,0.81,201301171600
24123,1.62,201301171600
24149,2.93,201301171600
24247,2.51,201301171600
24251,2.21,201301171600
24265,1.54,201301171600
24266,2.29,201301171600
24373,0.77,201301171600
24374,1.29,201301171600
24380,2.71,201301171600
24381,2.6,201301171600
24383,2.19,201301171600
24387,1.76,201301171600
24402,1.81,201301171600
24405,2.44,201301171600
24423,0.62,201301171600
24623,0.68,201301171600
24626,1.11,201301171600
24643,0.6,201301171600
24732,0.61,201301171600
24734,1.97,201301171600
24739,1.44,201301171600
24774,1.94,201301171600
24775,1.49,201301171600
24781,2.7,201301171600
24837,1.86,201301171600
24874,2.08,201301171600
24877,0.71,201301171600
24879,2.38,201301171600
24880,0.53,201301171600
24895,2.43,201301171600
24920,2.56,201301171600
24990,1.63,201301171600
24991,2.17,201301171600
24993,0.7,201301171600
25124,2.77,201301171600
25125,1.38,201301171600
25126,1.2,201301171600
25129,1.98,201301171600
25130,2.8,201301171600
25132,2.28,201301171600
25136,2.69,201301171600
25138,1.12,201301171600
25141,2.48,201301171600
25179,2.74,201301171600
25187,1.32,201301171600
25375,2.78,201301171600
25376,1.33,201301171600
25377,1.0,201301171600
25379,1.12,201301171600
25385,2.18,201301171600
25395,2.37,201301171600
25400,1.83,201301171600
25405,0.69,201301171600
25412,2.32,201301171600
25427,1.36,201301171600
25626,2.64,201301171600
25627,1.82,201301171600
25628,1.58,201301171600
25629,2.77,201301171600
25632,1.9,201301171600
25633,1.72,201301171600
25642,0.67,201301171600
25715,1.68,201301171600
25747,1.19,201301171600
25763,2.53,201301171600
25876,2.28,201301171600
25877,0.75,201301171600
25878,1.62,201301171600
25881,2.51,201301171600
25882,1.89,201301171600
25886,1.2,201301171600
25888,0.62,201301171600
25926,2.56,201301171600
25997,2.75,201301171600
26005,1.56,201301171600
26035,2.48,201301171600
26127,2.16,201301171600
26129,2.92,201301171600
26130,1.87,201301171600
26133,1.77,201301171600
26135,0.57,201301171600
26136,1.45,201301171600
26138,1.9,201301171600
26139,2.48,201301171600
26141,2.14,201301171600
26148,1.49,201301171600
26168,2.24,201301171600
26378,0.92,201301171600
26379,0.65,201301171600
26380,1.52,201301171600
26381,1.12,201301171600
26382,2.7,201301171600
26383,0.93,201301171600
26385,1.2,201301171600
26386,1.93,201301171600
26387,1.42,201301171600
26389,2.48,201301171600
26391,0.66,201301171600
26392,1.99,201301171600
26393,2.75,201301171600
26396,2.87,201301171600
26403,0.77,201301171600
26408,1.88,201301171600
26427,1.12,201301171600
26450,2.67,201301171600
26492,1.01,201301171600
26546,1.17,201301171600
26563,1.6,201301171600
26564,2.02,201301171600
26628,2.11,201301171600
26629,2.41,201301171600
26630,0.99,201301171600
26631,0.65,201301171600
26633,1.67,201301171600
26634,2.71,201301171600
26656,1.83,201301171600
26674,1.19,201301171600
26708,0.55,201301171600
26752,1.31,201301171600
26754,1.93,201301171600
26755,0.68,201301171600
26782,1.47,201301171600
26846,0.83,201301171600
26879,2.76,201301171600
26880,2.3,201301171600
26881,1.82,201301171600
26882,2.69,201301171600
26883,1.82,201301171600
26884,1.26,201301171600
26885,1.42,201301171600
26886,1.17,201301171600
26887,2.13,201301171600
26889,1.03,201301171600
26890,1.57,201301171600
26891,1.1,201301171600
26892,0.91,201301171600
26893,1.13,201301171600
26894,1.99,201301171600
26895,1.78,201301171600
26897,2.86,201301171600
26905,1.44,201301171600
26938,1.14,201301171600
26964,2.08,201301171600
27006,2.82,201301171600
27042,1.35,201301171600
27098,1.56,201301171600
27130,1.37,201301171600
27131,2.24,201301171600
27132,1.61,201301171600
27133,2.96,201301171600
27134,2.58,201301171600
27135,2.73,201301171600
27136,2.83,201301171600
27137,1.19,201301171600
27138,0.66,201301171600
27142,2.14,201301171600
27143,2.75,201301171600
27145,1.07,201301171600
27148,0.82,201301171600
27149,0.53,201301171600
27152,1.21,201301171600
27155,1.05,201301171600
27175,1.13,201301171600
27209,2.57,201301171600
27247,2.46,201301171600
27381,1.83,201301171600
27382,0.82,201301171600
27383,1.84,201301171600
27384,2.26,201301171600
27386,1.04,201301171600
27387,2.31,201301171600
27388,1.72,201301171600
27389,2.59,201301171600
27390,1.67,201301171600
27392,0.68,201301171600
27395,2.02,201301171600
27404,1.78,201301171600
27415,1.91,201301171600
27427,2.28,201301171600
27489,0.71,201301171600
27494,0.57,201301171600
27498,2.87,201301171600
27518,2.19,201301171600
27632,2.25,201301171600
27633,1.11,201301171600
27634,0.82,201301171600
27635,1.86,201301171600
27636,0.87,201301171600
27637,1.89,201301171600
27638,2.12,201301171600
27639,1.24,201301171600
27640,1.14,201301171600
27642,0.99,201301171600
27643,2.1,201301171600
27645,2.37,201301171600
27646,1.62,201301171600
27647,1.09,201301171600
27649,1.04,201301171600
27654,1.26,201301171600
27763,2.03,201301171600
27764,0.77,201301171600
27796,0.74,201301171600
27797,1.06,201301171600
27883,1.16,201301171600
27884,1.87,201301171600
27885,1.5,201301171600
27886,2.61,201301171600
27887,2.5,201301171600
27888,2.42,201301171600
27889,1.7,201301171600
27890,0.98,201301171600
27891,0.87,201301171600
27892,2.94,201301171600
27894,2.84,201301171600
27895,2.46,201301171600
27897,1.22,201301171600
27902,1.93,201301171600
27908,0.77,201301171600
27911,0.67,201301171600
27930,0.88,201301171600
27971,1.2,201301171600
28004,2.5,201301171600
28015,2.83,201301171600
28049,2.26,201301171600
28102,2.95,201301171600
28134,1.37,201301171600
28135,1.66,201301171600
28136,1.42,201301171600
28137,1.91,201301171600
28138,0.97,201301171600
28139,0.94,201301171600
28140,2.47,201301171600
28142,1.85,201301171600
28143,2.91,201301171600
28144,2.42,201301171600
28146,2.38,201301171600
28154,1.52,201301171600
28156,1.11,201301171600
28216,1.22,201301171600
28239,1.14,201301171600
28384,1.69,201301171600
28385,2.92,201301171600
28386,2.11,201301171600
28387,2.02,201301171600
28388,1.12,201301171600
28389,0.93,201301171600
28390,0.77,201301171600
28391,2.94,201301171600
28392,1.98,201301171600
28393,2.93,201301171600
28394,2.12,201301171600
28396,2.1,201301171600
28397,0.98,201301171600
28400,0.57,201301171600
28401,2.77,201301171600
28405,0.98,201301171600
28427,2.49,201301171600
28467,0.7,201301171600
28496,1.32,201301171600
28497,2.63,201301171600
28519,1.25,201301171600
28535,0.95,201301171600
28539,2.71,201301171600
28545,1.23,201301171600
28557,2.74,201301171600
28635,1.74,201301171600
28636,2.23,201301171600
28637,0.93,201301171600
28638,0.93,201301171600
28639,0.78,201301171600
28640,2.02,201301171600
28641,2.39,201301171600
28642,2.28,201301171600
28643,1.93,201301171600
28644,0.72,201301171600
28645,1.34,201301171600
28646,1.71,201301171600
28649,1.86,201301171600
28658,2.61,201301171600
28667,2.69,201301171600
28675,1.47,201301171600
28751,2.93,201301171600
28753,0.74,201301171600
28754,2.55,201301171600
28788,0.95,201301171600
28812,2.36,201301171600
28823,1.66,201301171600
28886,1.11,201301171600
28887,1.35,201301171600
28888,1.19,201301171600
28889,0.51,201301171600
28890,1.28,201301171600
28891,2.25,201301171600
28892,1.64,201301171600
28893,2.15,201301171600
28894,1.03,201301171600
28895,2.33,201301171600
28896,1.94,201301171600
28897,0.63,201301171600
28899,0.98,201301171600
28900,1.68,201301171600
28901,1.76,201301171600
28902,1.27,201301171600
28905,1.76,201301171600
28912,1.76,201301171600
28960,1.96,201301171600
28969,1.18,201301171600
29004,2.4,201301171600
29012,0.59,201301171600
29026,1.88,201301171600
29068,1.78,201301171600
29076,1.37,201301171600
29088,1.07,201301171600
29094,0.98,201301171600
29136,2.97,201301171600
29137,2.04,201301171600
29138,2.91,201301171600
29139,1.95,201301171600
29140,1.26,201301171600
29141,2.07,201301171600
29142,1.96,201301171600
29143,2.3,201301171600
29144,0.57,201301171600
29146,1.42,201301171600
29147,2.47,201301171600
29148,2.56,201301171600
29149,1.69,201301171600
29151,2.15,201301171600
29158,2.14,201301171600
29165,2.01,201301171600
29171,1.34,201301171600
29190,2.83,201301171600
29247,1.69,201301171600
29387,1.49,201301171600
29388,2.49,201301171600
29389,2.99,201301171600
29390,2.88,201301171600
29391,1.61,201301171600
29392,0.83,201301171600
29393,2.4,201301171600
29394,0.83,201301171600
29395,0.61,201301171600
29396,0.62,201301171600
29397,1.63,201301171600
29398,2.78,201301171600
29399,1.41,201301171600
29401,1.15,201301171600
29402,2.51,201301171600
29403,1.53,201301171600
29405,2.92,201301171600
29409,1.27,201301171600
29425,2.28,201301171600
29429,2.62,201301171600
29495,2.63,201301171600
29498,1.38,201301171600
29533,1.82,201301171600
29556,1.73,201301171600
29638,1.21,201301171600
29639,0.59,201301171600
29640,2.84,201301171600
29641,0.51,201301171600
29642,2.17,201301171600
29643,2.56,201301171600
29644,1.52,201301171600
29645,0.53,201301171600
29648,2.85,201301171600
29649,0.9,201301171600
29650,0.85,201301171600
29654,2.89,201301171600
29663,2.18,201301171600
29670,1.72,201301171600
29710,1.14,201301171600
29730,0.76,201301171600
29733,1.19,201301171600
29736,1.75,201301171600
29766,1.5,201301171600
29891,2.77,201301171600
29892,2.22,201301171600
29893,2.84,201301171600
29894,2.2,201301171600
29895,3.0,201301171600
29896,2.6,201301171600
29897,0.8,201301171600
29898,2.73,201301171600
29900,0.76,201301171600
29903,2.23,201301171600
29906,2.98,201301171600
29909,2.92,201301171600
29912,2.96,201301171600
29917,0.59,201301171600
29925,0.97,201301171600
29966,2.77,201301171600
30021,1.35,201301171600
30026,1.21,201301171600
30036,0.52,201301171600
30142,1.02,201301171600
30143,0.63,201301171600
30144,2.79,201301171600
30145,2.65,201301171600
30146,1.21,201301171600
30147,2.64,201301171600
30148,2.7,201301171600
30152,2.58,201301171600
30154,1.63,201301171600
30157,1.95,201301171600
30158,1.33,201301171600
30181,1.68,201301171600
30242,2.41,201301171600
30243,0.65,201301171600
30244,1.09,201301171600
30261,2.56,201301171600
30300,2.09,201301171600
30322,0.8,201301171600
30393,1.42,201301171600
30394,0.96,201301171600
30395,1.98,201301171600
30396,1.11,201301171600
30397,0.9,201301171600
30398,2.61,201301171600
30400,2.94,201301171600
30401,1.43,201301171600
30403,1.31,201301171600
30407,1.67,201301171600
30410,2.89,201301171600
30420,1.26,201301171600
30430,1.34,201301171600
30434,1.24,201301171600
30439,1.31,201301171600
30481,1.88,201301171600
30489,0.64,201301171600
30494,2.12,201301171600
30495,0.66,201301171600
30496,2.37,201301171600
30645,1.45,201301171600
30646,2.0,201301171600
30647,1.68,201301171600
30648,0.86,201301171600
30649,2.62,201301171600
30650,0.59,201301171600
30651,2.88,201301171600
30652,0.83,201301171600
30653,1.84,201301171600
30654,1.89,201301171600
30661,1.13,201301171600
30664,1.21,201301171600
30666,2.0,201301171600
30669,0.72,201301171600
30673,2.68,201301171600
30683,1.84,201301171600
30745,2.05,201301171600
30750,2.97,201301171600
30777,1.14,201301171600
30780,1.6,201301171600
30812,2.14,201301171600
30897,0.79,201301171600
30898,2.02,201301171600
30899,1.33,201301171600
30900,2.35,201301171600
30901,2.6,201301171600
30902,1.12,201301171600
30903,1.93,201301171600
30904,2.05,201301171600
30908,1.21,201301171600
30909,0.63,201301171600
30912,2.07,201301171600
30913,1.12,201301171600
30928,1.83,201301171600
30953,2.13,201301171600
30979,2.93,201301171600
30994,2.15,201301171600
30995,2.43,201301171600
31027,0.92,201301171600
31028,2.1,201301171600
31029,2.77,201301171600
31082,1.1,201301171600
31148,2.87,201301171600
31149,2.13,201301171600
31150,1.01,201301171600
31151,1.25,201301171600
31152,2.91,201301171600
31156,2.69,201301171600
31157,0.79,201301171600
31161,2.63,201301171600
31166,2.16,201301171600
31172,2.37,201301171600
31274,1.83,201301171600
31281,0.7,201301171600
31369,2.8,201301171600
31398,2.66,201301171600
31401,2.94,201301171600
31407,0.61,201301171600
31408,1.44,201301171600
31409,2.46,201301171600
31410,2.17,201301171600
31413,2.49,201301171600
31419,0.59,201301171600
31427,2.55,201301171600
31457,0.64,201301171600
31466,2.24,201301171600
31651,1.11,201301171600
31652,1.49,201301171600
31656,1.22,201301171600
31660,1.45,201301171600
31663,0.96,201301171600
31666,1.16,201301171600
31675,2.44,201301171600
31738,1.57,201301171600
31754,2.45,201301171600
31782,1.67,201301171600
31903,0.61,201301171600
31904,2.08,201301171600
31905,2.98,201301171600
31906,2.94,201301171600
31908,1.44,201301171600
31912,1.47,201301171600
31921,2.26,201301171600
31928,1.08,201301171600
31949,0.53,201301171600
32028,1.04,201301171600
32032,0.66,201301171600
32045,1.3,201301171600
32150,1.19,201301171600
32155,2.46,201301171600
32157,2.85,201301171600
32161,1.34,201301171600
32162,0.68,201301171600
32167,0.95,201301171600
32169,1.6,201301171600
32175,2.63,201301171600
32182,1.53,201301171600
32185,1.17,201301171600
32195,1.71,201301171600
32235,2.1,201301171600
32404,1.03,201301171600
32405,2.78,201301171600
32410,1.58,201301171600
32411,1.96,201301171600
32415,0.9,201301171600
32449,2.54,201301171600
32490,1.7,201301171600
32558,2.58,201301171600
32622,2.88,201301171600
32656,1.41,201301171600
32658,2.53,201301171600
32660,1.55,201301171600
32662,1.94,201301171600
32668,2.38,201301171600
32682,0.64,201301171600
32697,1.41,201301171600
32712,1.91,201301171600
32729,1.53,201301171600
32739,1.2,201301171600
32742,1.76,201301171600
32744,2.64,201301171600
32802,2.81,201301171600
32834,1.08,201301171600
32905,1.42,201301171600
32907,2.16,201301171600
32912,2.24,201301171600
32916,1.08,201301171600
32922,2.63,201301171600
32924,2.78,201301171600
32926,0.71,201301171600
32929,1.5,201301171600
32977,2.76,201301171600
32978,1.23,201301171600
33154,2.85,201301171600
33158,0.63,201301171600
33160,1.19,201301171600
33165,2.84,201301171600
33170,1.47,201301171600
33186,1.79,201301171600
33286,0.64,201301171600
33405,2.37,201301171600
33409,1.6,201301171600
33412,2.2,201301171600
33418,0.53,201301171600
33420,1.17,201301171600
33424,1.84,201301171600
33435,2.41,201301171600
33442,2.5,201301171600
33519,1.12,201301171600
33594,2.36,201301171600
33656,1.32,201301171600
33659,1.98,201301171600
33662,1.45,201301171600
33664,1.14,201301171600
33666,1.36,201301171600
33669,0.78,201301171600
33673,0.95,201301171600
33675,0.96,201301171600
33694,1.7,201301171600
33724,1.17,201301171600
33742,1.56,201301171600
33812,1.01,201301171600
33909,1.08,201301171600
33911,0.58,201301171600
33912,2.93,201301171600
33913,2.9,201301171600
33922,2.55,201301171600
33923,2.16,201301171600
33924,2.0,201301171600
33931,1.86,201301171600
33935,2.5,201301171600
33986,1.08,201301171600
34013,2.91,201301171600
34160,2.07,201301171600
34161,0.52,201301171600
34162,1.09,201301171600
34163,0.64,201301171600
34167,1.37,201301171600
34190,1.17,201301171600
34211,1.54,201301171600
34303,2.56,201301171600
34380,0.77,201301171600
34407,2.48,201301171600
34413,0.74,201301171600
34423,1.93,201301171600
34424,2.43,201301171600
34427,0.99,201301171600
34430,3.0,201301171600
34437,2.97,201301171600
34440,0.5,201301171600
34486,1.43,201301171600
34495,1.6,201301171600
34510,0.75,201301171600
34520,0.59,201301171600
34528,1.68,201301171600
34563,2.01,201301171600
34662,2.43,201301171600
34667,0.71,201301171600
34668,2.28,201301171600
34670,1.1,201301171600
34672,1.3,201301171600
34673,0.76,201301171600
34676,1.12,201301171600
34679,1.12,201301171600
34682,0.71,201301171600
34695,0.6,201301171600
34710,1.9,201301171600
34714,1.75,201301171600
34720,0.96,201301171600
34882,1.49,201301171600
34913,1.59,201301171600
34914,2.03,201301171600
34915,2.13,201301171600
34924,1.34,201301171600
34925,0.68,201301171600
34934,1.79,201301171600
34939,2.32,201301171600
34959,1.9,201301171600
34990,1.85,201301171600
35102,2.27,201301171600
35164,2.34,201301171600
35166,2.98,201301171600
35173,2.34,201301171600
35178,1.15,201301171600
35183,2.1,201301171600
35185,3.0,201301171600
35187,1.66,201301171600
35193,1.59,201301171600
35203,2.7,201301171600
35218,1.54,201301171600
35237,0.84,201301171600
35244,0.89,201301171600
35249,1.39,201301171600
35295,0.69,201301171600
35368,0.55,201301171600
35410,1.71,201301171600
35414,2.1,201301171600
35415,1.03,201301171600
35417,0.82,201301171600
35421,0.84,201301171600
35440,1.78,201301171600
35455,0.74,201301171600
35492,1.49,201301171600
35515,0.57,201301171600
35665,2.08,201301171600
35675,1.36,201301171600
35683,1.23,201301171600
35686,0.75,201301171600
35700,2.72,201301171600
35745,0.65,201301171600
35755,2.3,201301171600
35769,1.37,201301171600
35916,1.46,201301171600
35917,2.01,201301171600
35918,2.39,201301171600
35919,2.44,201301171600
35921,1.57,201301171600
35929,2.42,201301171600
35931,0.71,201301171600
35941,2.75,201301171600
35944,0.86,201301171600
35971,1.12,201301171600
35981,2.98,201301171600
35992,0.67,201301171600
35994,2.15,201301171600
36067,1.1,201301171600
36162,1.14,201301171600
36167,1.88,201301171600
36169,1.57,201301171600
36170,0.61,201301171600
36173,1.81,201301171600
36176,1.33,201301171600
36177,1.76,201301171600
36205,0.8,201301171600
36237,2.15,201301171600
36245,2.34,201301171600
36246,1.53,201301171600
36293,1.86,201301171600
36311,1.25,201301171600
36417,0.78,201301171600
36420,0.97,201301171600
36421,1.79,201301171600
36441,2.72,201301171600
36448,1.25,201301171600
36494,2.32,201301171600
36498,1.59,201301171600
36502,2.33,201301171600
36510,1.43,201301171600
36513,2.49,201301171600
36519,1.25,201301171600
36524,0.97,201301171600
36576,2.97,201301171600
36668,1.81,201301171600
36673,2.87,201301171600
36675,2.67,201301171600
36677,0.99,201301171600
36679,1.93,201301171600
36682,0.64,201301171600
36688,0.68,201301171600
36690,0.62,201301171600
36711,0.91,201301171600
36717,1.19,201301171600
36758,2.23,201301171600
36889,1.56,201301171600
36915,1.76,201301171600
36918,2.41,201301171600
36933,2.41,201301171600
36934,2.89,201301171600
36953,2.44,201301171600
36959,1.64,201301171600
36996,2.95,201301171600
36999,2.96,201301171600
37001,2.56,201301171600
37167,2.07,201301171600
37168,1.48,201301171600
37169,2.21,201301171600
37172,2.38,201301171600
37176,1.42,201301171600
37178,2.14,201301171600
37179,2.37,201301171600
37182,1.95,201301171600
37192,0.89,201301171600
37200,1.17,201301171600
37206,0.69,201301171600
37232,0.69,201301171600
37239,1.94,201301171600
37270,1.77,201301171600
37298,1.84,201301171600
37304,2.07,201301171600
37419,2.12,201301171600
37421,0.61,201301171600
37423,1.64,201301171600
37425,2.68,201301171600
37446,2.59,201301171600
37454,2.12,201301171600
37477,1.88,201301171600
37487,0.53,201301171600
37501,2.94,201301171600
37503,0.93,201301171600
37513,0.79,201301171600
37523,2.25,201301171600
37562,2.17,201301171600
37609,1.61,201301171600
37642,2.55,201301171600
37643,2.53,201301171600
37670,2.05,201301171600
37671,1.29,201301171600
37672,0.86,201301171600
37676,0.61,201301171600
37688,1.6,201301171600
37689,2.82,201301171600
37690,1.04,201301171600
37695,2.38,201301171600
37701,0.85,201301171600
37710,2.46,201301171600
37711,2.39,201301171600
37754,1.5,201301171600
37874,1.65,201301171600
37891,0.58,201301171600
37893,1.22,201301171600
37894,1.73,201301171600
37926,2.75,201301171600
37928,0.68,201301171600
37929,2.6,201301171600
37932,1.19,201301171600
37936,2.12,201301171600
37943,2.66,201301171600
37952,1.37,201301171600
37962,1.73,201301171600
37968,1.04,201301171600
38003,2.01,201301171600
38060,0.53,201301171600
38145,1.78,201301171600
38172,2.26,201301171600
38173,2.1,201301171600
38178,0.7,201301171600
38200,1.95,201301171600
38204,2.75,201301171600
38209,0.64,201301171600
38215,1.91,201301171600
38220,2.55,201301171600
38225,0.76,201301171600
38228,1.67,201301171600
38230,1.75,201301171600
38243,2.27,201301171600
38247,1.84,201301171600
38255,1.26,201301171600
38263,2.15,201301171600
38268,1.12,201301171600
38272,0.97,201301171600
38367,2.86,201301171600
38381,2.83,201301171600
38423,1.35,201301171600
38425,0.75,201301171600
38426,2.7,201301171600
38431,2.01,201301171600
38440,1.02,201301171600
38479,2.97,201301171600
38481,2.94,201301171600
38483,2.75,201301171600
38488,1.09,201301171600
38490,2.94,201301171600
38498,1.62,201301171600
38499,2.76,201301171600
38500,0.59,201301171600
38505,2.28,201301171600
38506,1.2,201301171600
38508,0.85,201301171600
38517,1.31,201301171600
38534,1.9,201301171600
38648,1.28,201301171600
38674,2.11,201301171600
38676,2.79,201301171600
38679,0.8,201301171600
38684,0.57,201301171600
38693,1.27,201301171600
38697,2.68,201301171600
38716,1.05,201301171600
38722,1.39,201301171600
38736,1.73,201301171600
38738,1.61,201301171600
38752,0.88,201301171600
38753,1.85,201301171600
38758,0.56,201301171600
38760,2.64,201301171600
38761,2.01,201301171600
38762,0.56,201301171600
38766,3.0,201301171600
38769,2.7,201301171600
38778,1.73,201301171600
38812,0.79,201301171600
38939,2.49,201301171600
38953,1.77,201301171600
38958,1.53,201301171600
38967,2.54,201301171600
39006,0.54,201301171600
39008,1.88,201301171600
39010,1.98,201301171600
39011,1.73,201301171600
39017,1.8,201301171600
39113,0.7,201301171600
39148,1.95,201301171600
39149,2.66,201301171600
39176,2.86,201301171600
39178,2.37,201301171600
39191,1.56,201301171600
39201,2.46,201301171600
39230,1.45,201301171600
39236,1.93,201301171600
39246,1.81,201301171600
39252,1.6,201301171600
39255,2.61,201301171600
39260,2.93,201301171600
39262,0.62,201301171600
39263,2.77,201301171600
39268,1.48,201301171600
39269,1.72,201301171600
39271,1.95,201301171600
39274,1.66,201301171600
39275,1.83,201301171600
39375,1.29,201301171600
39391,1.39,201301171600
39427,2.81,201301171600
39428,1.6,201301171600
39430,2.07,201301171600
39433,2.39,201301171600
39446,1.17,201301171600
39457,2.45,201301171600
39514,2.39,201301171600
39515,1.02,201301171600
39516,0.99,201301171600
39517,2.27,201301171600
39535,1.23,201301171600
39554,0.7,201301171600
39559,0.6,201301171600
39631,0.86,201301171600
39632,0.79,201301171600
39633,2.02,201301171600
39652,0.73,201301171600
39683,1.98,201301171600
39687,2.69,201301171600
39706,1.67,201301171600
39710,2.91,201301171600
39722,1.44,201301171600
39731,0.75,201301171600
39750,1.04,201301171600
39755,2.09,201301171600
39759,1.42,201301171600
39762,0.89,201301171600
39764,2.52,201301171600
39765,0.63,201301171600
39766,1.13,201301171600
39767,2.54,201301171600
39769,2.18,201301171600
39772,2.72,201301171600
39776,2.78,201301171600
39777,2.42,201301171600
39790,2.18,201301171600
39791,2.5,201301171600
39796,0.64,201301171600
39832,2.98,201301171600
39883,1.16,201301171600
39930,0.67,201301171600
39932,2.86,201301171600
39941,1.26,201301171600
39948,2.89,201301171600
39969,2.4,201301171600
40018,2.2,201301171600
40031,1.45,201301171600
40133,1.5,201301171600
40180,2.24,201301171600
40188,1.34,201301171600
40196,2.39,201301171600
40242,2.71,201301171600
40246,1.55,201301171600
40259,2.46,201301171600
40264,2.88,201301171600
40267,2.8,201301171600
40268,2.86,201301171600
40270,2.81,201301171600
40276,2.32,201301171600
40286,1.07,201301171600
40295,1.8,201301171600
40431,1.83,201301171600
40432,2.52,201301171600
40442,0.85,201301171600
40447,2.24,201301171600
40448,1.41,201301171600
40451,0.72,201301171600
40457,2.6,201301171600
40500,1.2,201301171600
40512,2.57,201301171600
40518,0.76,201301171600
40519,0.66,201301171600
40522,2.23,201301171600
40524,2.22,201301171600
40525,0.85,201301171600
40532,2.15,201301171600
40560,2.71,201301171600
40566,2.53,201301171600
40633,1.23,201301171600
40687,2.29,201301171600
40713,1.87,201301171600
40719,2.15,201301171600
40732,0.59,201301171600
40733,2.04,201301171600
40766,0.52,201301171600
40810,1.58,201301171600
40894,1.54,201301171600
40933,1.37,201301171600
40936,2.91,201301171600
40939,1.46,201301171600
40954,1.34,201301171600
40982,2.0,201301171600
41021,1.26,201301171600
41024,0.81,201301171600
41061,2.51,201301171600
41145,1.08,201301171600
41157,3.0,201301171600
41183,2.67,201301171600
41200,2.62,201301171600
41262,1.92,201301171600
41265,1.91,201301171600
41270,1.8,201301171600
41277,0.65,201301171600
41318,1.45,201301171600
41401,0.78,201301171600
41407,1.65,201301171600
41437,1.25,201301171600
41459,2.41,201301171600
41465,1.8,201301171600
41469,2.09,201301171600
41508,1.75,201301171600
41520,1.35,201301171600
41522,1.13,201301171600
41526,1.57,201301171600
41532,2.92,201301171600
41558,1.82,201301171600
41635,1.47,201301171600
41653,2.45,201301171600
41658,2.62,201301171600
41692,1.34,201301171600
41696,1.53,201301171600
41764,2.69,201301171600
41772,1.45,201301171600
41893,2.53,201301171600
41904,1.5,201301171600
41905,2.39,201301171600
41936,2.23,201301171600
41941,1.77,201301171600
41958,1.89,201301171600
41990,1.01,201301171600
42023,1.23,201301171600
42026,1.27,201301171600
42029,1.87,201301171600
42074,1.95,201301171600
42085,1.04,201301171600
42095,2.55,201301171600
42147,1.43,201301171600
42160,2.79,201301171600
42200,1.58,201301171600
42213,0.61,201301171600
42267,0.82,201301171600
42271,0.96,201301171600
42274,0.97,201301171600
42283,2.93,201301171600
42291,1.66,201301171600
42342,2.77,201301171600
42411,2.45,201301171600
42438,2.34,201301171600
42454,1.9,201301171600
42471,2.31,201301171600
42478,2.55,201301171600
42487,2.32,201301171600
42503,1.75,201301171600
42514,0.67,201301171600
42521,1.7,201301171600
42533,0.63,201301171600
42644,1.22,201301171600
42661,2.42,201301171600
42695,2.71,201301171600
42744,1.99,201301171600
42750,1.97,201301171600
42846,2.39,201301171600
42905,2.74,201301171600
42912,1.55,201301171600
42939,0.53,201301171600
42940,2.53,201301171600
42944,2.99,201301171600
42949,2.4,201301171600
43011,2.81,201301171600
43021,2.62,201301171600
43030,1.98,201301171600
43151,2.18,201301171600
43160,1.98,201301171600
43162,1.7,201301171600
43213,1.74,201301171600
43220,0.77,201301171600
43261,1.47,201301171600
43412,2.13,201301171600
43413,2.53,201301171600
43440,1.51,201301171600
43443,0.61,201301171600
43449,1.2,201301171600
43483,1.92,201301171600
43484,2.29,201301171600
43494,1.8,201301171600
43518,2.95,201301171600
43523,2.22,201301171600
43526,2.22,201301171600
43530,2.08,201301171600
43571,1.47,201301171600
43642,1.4,201301171600
43662,0.58,201301171600
43738,1.01,201301171600
43760,2.94,201301171600
43779,2.26,201301171600
43914,2.6,201301171600
43957,2.81,201301171600
43980,2.49,201301171600
43984,0.83,201301171600
43992,1.9,201301171600
43995,1.05,201301171600
44002,1.95,201301171600
44039,2.66,201301171600
44194,0.96,201301171600
44197,0.67,201301171600
44204,2.94,201301171600
44215,2.88,201301171600
44226,2.74,201301171600
44247,2.35,201301171600
44255,1.85,201301171600
44282,1.12,201301171600
44284,1.44,201301171600
44356,1.56,201301171600
44470,1.1,201301171600
44486,2.41,201301171600
44503,2.23,201301171600
44504,2.04,201301171600
44510,2.44,201301171600
44517,2.5,201301171600
44534,2.25,201301171600
44578,1.16,201301171600
44666,2.01,201301171600
44694,2.73,201301171600
44697,2.55,201301171600
44716,0.74,201301171600
44724,1.86,201301171600
44743,0.72,201301171600
44755,1.25,201301171600
44756,0.64,201301171600
44757,1.34,201301171600
44758,1.66,201301171600
44786,1.03,201301171600
44787,2.87,201301171600
44911,0.56,201301171600
44963,1.54,201301171600
45005,1.88,201301171600
45006,2.71,201301171600
45007,2.84,201301171600
45008,1.01,201301171600
45039,2.18,201301171600
45114,1.78,201301171600
45168,1.23,201301171600
45200,1.14,201301171600
45203,1.99,201301171600
45208,2.12,201301171600
45237,1.84,201301171600
45254,2.01,201301171600
45256,1.31,201301171600
45258,1.3,201301171600
45261,0.8,201301171600
45265,2.93,201301171600
45266,2.49,201301171600
45401,0.71,201301171600
45479,2.21,201301171600
45502,1.93,201301171600
45507,1.53,201301171600
45509,2.51,201301171600
45526,1.07,201301171600
45538,0.96,201301171600
45582,2.1,201301171600
45661,2.27,201301171600
45701,2.33,201301171600
45703,1.37,201301171600
45716,2.18,201301171600
45720,1.27,201301171600
45725,1.74,201301171600
45735,0.69,201301171600
45747,2.92,201301171600
45766,1.77,201301171600
45793,2.09,201301171600
45795,1.81,201301171600
45919,1.89,201301171600
45948,2.54,201301171600
46008,1.99,201301171600
46036,1.65,201301171600
46041,2.75,201301171600
46052,0.9,201301171600
46074,1.68,201301171600
46145,0.57,201301171600
46202,3.0,201301171600
46209,1.88,201301171600
46242,0.9,201301171600
46265,0.7,201301171600
46372,2.43,201301171600
46384,1.23,201301171600
46455,0.57,201301171600
46508,0.62,201301171600
46523,1.73,201301171600
46538,2.02,201301171600
46565,1.18,201301171600
46574,2.99,201301171600
46626,2.37,201301171600
46700,2.01,201301171600
46738,2.11,201301171600
46770,0.93,201301171600
46778,2.85,201301171600
46787,1.88,201301171600
46803,0.66,201301171600
46954,1.63,201301171600
46964,0.76,201301171600
46972,0.53,201301171600
46976,1.03,201301171600
46981,2.69,201301171600
47011,2.13,201301171600
47015,1.97,201301171600
47047,1.78,201301171600
47253,1.08,201301171600
47288,2.02,201301171600
47295,0.67,201301171600
47342,1.33,201301171600
47454,1.31,201301171600
47535,0.78,201301171600
47543,0.53,201301171600
47705,0.84,201301171600
47709,2.3,201301171600
47711,0.8,201301171600
47758,2.23,201301171600
47806,2.42,201301171600
47889,1.94,201301171600
47926,1.48,201301171600
47968,0.9,201301171600
47972,0.63,201301171600
47977,1.14,201301171600
47982,1.48,201301171600
48032,1.6,201301171600
48209,0.72,201301171600
48239,2.21,201301171600
48244,2.74,201301171600
48278,1.37,201301171600
48420,1.05,201301171600
48427,1.8,201301171600
48499,2.09,201301171600
48503,0.59,201301171600
48552,2.53,201301171600
48584,0.57,201301171600
48713,2.18,201301171600
48759,0.64,201301171600
48848,2.47,201301171600
48898,2.81,201301171600
49017,1.85,201301171600
49049,0.52,201301171600
49229,1.25,201301171600
49241,2.1,201301171600
49472,2.63,201301171600
49483,0.83,201301171600
49542,1.82,201301171600
49555,0.51,201301171600
49679,2.15,201301171600
49750,0.63,201301171600
49760,1.06,201301171600
49777,0.63,201301171600
49968,1.7,201301171600
50053,2.98,201301171600
50103,2.72,201301171600
50180,0.77,201301171600
50285,2.66,201301171600
50430,2.04,201301171600
50470,2.98,201301171600
50494,1.57,201301171600
50511,2.0,201301171600
50549,2.29,201301171600
50680,2.53,201301171600
50682,1.43,201301171600
50731,1.72,201301171600
50812,2.15,201301171600
50872,2.78,201301171600
51029,0.74,201301171600
51046,2.42,201301171600
51053,2.25,201301171600
51056,2.91,201301171600
51162,2.18,201301171600
51177,0.85,201301171600
51182,2.39,201301171600
51228,2.63,201301171600
51258,2.32,201301171600
51430,1.42,201301171600
51431,1.32,201301171600
51432,1.57,201301171600
51520,0.67,201301171600
51681,0.55,201301171600
51682,2.83,201301171600
51725,1.73,201301171600
51790,2.45,201301171600
51832,1.73,201301171600
51857,1.76,201301171600
51931,2.9,201301171600
51932,0.85,201301171600
51986,0.89,201301171600
52003,2.16,201301171600
52182,2.92,201301171600
52244,1.61,201301171600
52259,2.23,201301171600
52280,2.26,201301171600
52319,2.22,201301171600
52473,1.93,201301171600
52518,0.62,201301171600
52631,2.67,201301171600
52679,2.95,201301171600
52729,2.74,201301171600
52811,2.7,201301171600
52983,0.75,201301171600
52988,2.56,201301171600
52993,1.95,201301171600
53000,2.66,201301171600
53016,2.24,201301171600
53027,1.87,201301171600
53072,2.69,201301171600
53090,0.94,201301171600
53177,0.83,201301171600
53178,1.84,201301171600
53381,1.91,201301171600
53427,2.88,201301171600
53429,2.39,201301171600
53761,2.0,201301171600
53774,0.83,201301171600
53797,1.22,201301171600
53810,1.58,201301171600
53822,1.18,201301171600
53864,2.19,201301171600
53927,1.74,201301171600
54038,2.46,201301171600
54071,2.41,201301171600
54234,1.95,201301171600
54281,1.77,201301171600
54284,1.87,201301171600
54327,1.51,201301171600
54334,1.07,201301171600
54349,2.83,201301171600
54427,3.0,201301171600
54503,1.06,201301171600
54510,2.87,201301171600
54520,1.64,201301171600
54550,1.48,201301171600
54578,1.95,201301171600
54678,1.45,201301171600
54828,0.8,201301171600
54983,2.03,201301171600
54996,2.33,201301171600
55070,2.97,201301171600
55329,2.73,201301171600
55331,2.41,201301171600
55535,2.51,201301171600
55633,1.36,201301171600
55680,2.15,201301171600
55761,1.48,201301171600
55831,1.69,201301171600
55832,1.21,201301171600
55838,2.25,201301171600
55845,1.27,201301171600
56106,0.87,201301171600
56493,0.84,201301171600
56571,1.49,201301171600
56586,0.71,201301171600
56587,2.79,201301171600
56591,1.5,201301171600
56738,0.98,201301171600
56835,2.48,201301171600
56882,1.39,201301171600
56887,1.07,201301171600
56888,1.06,201301171600
56933,2.49,201301171600
56934,1.14,201301171600
57042,2.75,201301171600
57062,1.8,201301171600
57189,2.15,201301171600
57261,2.51,201301171600
57329,2.95,201301171600
57342,2.25,201301171600
57376,0.95,201301171600
57378,2.6,201301171600
57380,0.8,201301171600
57397,2.97,201301171600
57440,1.74,201301171600
57495,1.6,201301171600
57523,1.38,201301171600
57555,2.22,201301171600
57597,2.75,201301171600
57613,1.83,201301171600
57615,0.72,201301171600
57628,2.35,201301171600
57631,0.87,201301171600
57823,1.37,201301171600
57837,0.87,201301171600
57851,1.65,201301171600
57852,1.82,201301171600
57906,1.24,201301171600
58179,2.95,201301171600
58251,2.76,201301171600
58421,1.66,201301171600
58511,1.99,201301171600
58632,2.88,201301171600
58744,2.27,201301171600
58802,1.72,201301171600
58814,1.62,201301171600
58879,2.06,201301171600
58892,2.63,201301171600
59010,0.97,201301171600
59043,0.56,201301171600
59104,2.09,201301171600
59125,2.64,201301171600
59134,1.61,201301171600
59285,1.36,201301171600
59329,2.27,201301171600
59555,1.26,201301171600
59635,1.66,201301171600
59745,0.67,201301171600
59927,1.95,201301171600
59941,1.25,201301171600
60008,2.91,201301171600
60011,0.84,201301171600
60114,1.68,201301171600
60141,2.89,201301171600
60147,1.38,201301171600
60331,0.98,201301171600
60344,1.48,201301171600
60350,0.83,201301171600
60578,2.09,201301171600
60593,0.52,201301171600
60613,0.95,201301171600
60630,2.26,201301171600
60635,1.54,201301171600
60649,0.5,201301171600
60750,2.04,201301171600
60774,1.54,201301171600
60819,2.18,201301171600
60880,2.05,201301171600
60888,1.16,201301171600
61062,1.12,201301171600
61110,0.9,201301171600
61263,2.65,201301171600
61343,2.03,201301171600
61591,2.93,201301171600
61597,1.79,201301171600
61654,2.57,201301171600
61818,1.77,201301171600
62077,1.71,201301171600
62104,0.59,201301171600
62135,2.42,201301171600
62140,1.2,201301171600
62252,2.46,201301171600
62558,1.76,201301171600
62589,0.61,201301171600
62757,1.24,201301171600
62772,0.7,201301171600
62850,2.13,201301171600
62926,1.7,201301171600
62948,2.84,201301171600
63044,1.5,201301171600
63153,0.69,201301171600
63383,1.71,201301171600
63397,2.81,201301171600
63398,2.76,201301171600
63407,2.39,201301171600
63574,2.09,201301171600
63586,0.83,201301171600
63816,2.67,201301171600
64102,2.53,201301171600
64150,1.98,201301171600
64200,2.23,201301171600
64515,1.97,201301171600
64529,2.97,201301171600
64573,1.78,201301171600
64581,1.97,201301171600
64815,1.65,201301171600
64915,1.05,201301171600
65059,0.74,201301171600
65144,1.63,201301171600
65320,1.54,201301171600
65375,1.1,201301171600
65454,2.2,201301171600
65528,0.98,201301171600
65607,1.96,201301171600
65774,1.6,201301171600
65838,2.85,201301171600
66068,1.3,201301171600
66084,1.67,201301171600
66151,0.75,201301171600
66353,0.9,201301171600
66538,0.63,201301171600
66575,2.35,201301171600
66637,0.52,201301171600
66827,2.68,201301171600
66870,1.85,201301171600
67110,2.66,201301171600
67207,1.81,201301171600
67335,0.61,201301171600
67385,2.55,201301171600
67599,2.09,201301171600
67601,1.89,201301171600
67602,0.9,201301171600
67698,2.42,201301171600
67824,1.07,201301171600
67842,0.96,201301171600
67854,1.15,201301171600
67855,1.74,201301171600
67918,0.99,201301171600
68103,2.55,201301171600
68104,1.31,201301171600
68110,1.77,201301171600
68111,2.86,201301171600
68349,1.62,201301171600
68354,1.33,201301171600
68356,1.75,201301171600
68454,1.59,201301171600
68455,1.86,201301171600
68587,0.58,201301171600
68857,1.9,201301171600
68858,0.54,201301171600
68897,0.79,201301171600
68924,2.81,201301171600
68930,0.53,201301171600
69106,1.5,201301171600
69190,1.04,201301171600
69206,2.05,201301171600
69359,2.51,201301171600
69371,1.86,201301171600
69455,1.93,201301171600
69582,1.23,201301171600
69613,0.56,201301171600
69676,1.27,201301171600
70115,2.44,201301171600
70132,0.86,201301171600
70181,1.36,201301171600
70342,2.15,201301171600
70352,1.68,201301171600
70360,1.39,201301171600
70374,1.22,201301171600
70440,1.4,201301171600
70462,0.57,201301171600
70619,0.94,201301171600
70659,1.97,201301171600
70715,1.75,201301171600
70903,1.71,201301171600
70934,2.73,201301171600
70961,1.83,201301171600
71122,2.95,201301171600
71187,0.58,201301171600
71399,1.15,201301171600
71601,2.41,201301171600
71629,2.16,201301171600
71888,0.62,201301171600
71961,1.01,201301171600
71964,1.62,201301171600
72201,1.87,201301171600
72218,2.94,201301171600
72345,1.84,201301171600
72367,1.77,201301171600
72407,2.75,201301171600
72416,0.53,201301171600
72706,1.44,201301171600
72894,2.22,201301171600
73104,2.84,201301171600
73135,1.18,201301171600
73211,2.64,201301171600
73223,1.35,201301171600
73451,2.35,201301171600
73460,1.27,201301171600
73461,2.22,201301171600
73557,0.7,201301171600
73669,1.88,201301171600
74158,2.59,201301171600
74216,1.48,201301171600
74388,0.54,201301171600
74396,1.81,201301171600
74466,2.06,201301171600
74467,2.03,201301171600
74638,2.9,201301171600
74677,2.22,201301171600
74678,2.21,201301171600
74711,0.63,201301171600
74721,2.26,201301171600
74962,0.78,201301171600
74968,1.88,201301171600
74973,1.06,201301171600
75224,2.42,201301171600
75329,0.64,201301171600
75386,2.15,201301171600
75424,2.6,201301171600
75436,1.76,201301171600
75475,0.89,201301171600
75619,2.62,201301171600
75721,1.26,201301171600
75722,0.56,201301171600
75724,1.29,201301171600
75725,2.57,201301171600
75726,2.45,201301171600
75727,1.48,201301171600
75974,1.37,201301171600
75975,1.45,201301171600
76133,2.51,201301171600
76227,1.85,201301171600
76393,1.23,201301171600
76473,0.85,201301171600
76477,2.79,201301171600
76654,1.58,201301171600
76728,0.61,201301171600
76959,1.1,201301171600
77169,2.85,201301171600
77230,1.21,201301171600
77381,2.66,201301171600
77458,2.99,201301171600
77641,1.25,201301171600
77942,2.47,201301171600
77981,2.84,201301171600
78205,1.4,201301171600
78418,2.44,201301171600
78654,1.39,201301171600
78733,2.79,201301171600
78881,2.77,201301171600
78896,1.19,201301171600
78909,1.1,201301171600
78983,2.69,201301171600
79234,0.87,201301171600
79379,1.01,201301171600
79394,0.8,201301171600
79484,1.71,201301171600
79712,1.17,201301171600
79911,1.1,201301171600
79915,1.61,201301171600
80160,1.11,201301171600
80161,2.08,201301171600
80193,2.3,201301171600
80352,2.16,201301171600
80397,0.9,201301171600
80406,1.66,201301171600
80411,2.98,201301171600
80412,1.58,201301171600
80413,2.84,201301171600
80420,1.68,201301171600
80485,1.45,201301171600
80635,1.81,201301171600
80659,0.85,201301171600
80663,2.35,201301171600
80664,1.58,201301171600
80703,1.5,201301171600
80877,0.68,201301171600
80916,0.98,201301171600
81163,1.62,201301171600
81164,1.38,201301171600
81354,2.14,201301171600
81363,1.72,201301171600
81390,2.03,201301171600
81625,0.8,201301171600
81651,1.12,201301171600
81899,1.7,201301171600
82135,2.91,201301171600
82168,2.0,201301171600
82169,2.02,201301171600
82237,1.27,201301171600
82613,1.79,201301171600
82622,0.99,201301171600
82664,2.19,201301171600
82892,2.48,201301171600
82951,1.31,201301171600
83410,1.77,201301171600
83489,1.28,201301171600
83735,0.95,201301171600
83865,1.16,201301171600
84123,1.87,201301171600
84179,2.33,201301171600
84207,1.78,201301171600
84212,2.97,201301171600
84221,1.14,201301171600
84366,2.98,201301171600
84689,2.74,201301171600
84712,1.62,201301171600
84902,1.64,201301171600
85474,0.59,201301171600
85487,2.19,201301171600
85620,1.95,201301171600
85705,2.47,201301171600
85715,2.36,201301171600
85738,1.13,201301171600
86440,1.58,201301171600
86622,2.43,201301171600
86623,1.14,201301171600
86672,2.97,201301171600
86873,2.35,201301171600
86895,1.51,201301171600
87121,2.56,201301171600
87227,2.31,201301171600
87460,2.72,201301171600
87690,1.17,201301171600
87873,2.64,201301171600
88242,2.93,201301171600
88463,2.8,201301171600
89120,0.81,201301171600
89152,1.78,201301171600
89175,0.72,201301171600
89198,2.1,201301171600
89615,2.38,201301171600
89625,2.89,201301171600
90116,1.34,201301171600
90183,0.69,201301171600
90497,2.48,201301171600
90699,2.29,201301171600
90719,0.56,201301171600
91200,2.28,201301171600
91432,0.57,201301171600
91434,1.79,201301171600
91684,2.2,201301171600
91713,2.55,201301171600
91744,0.86,201301171600
92233,0.52,201301171600
93205,1.66,201301171600
93244,2.12,201301171600
93252,1.92,201301171600
93463,1.79,201301171600
93675,2.82,201301171600
93944,1.7,201301171600
94431,2.38,201301171600
94710,1.14,201301171600
94755,1.93,201301171600
94997,2.4,201301171600
95000,1.84,201301171600
95707,2.22,201301171600
95949,2.94,201301171600
95998,1.86,201301171600
96188,0.72,201301171600
96225,2.91,201301171600
96249,1.72,201301171600
96468,0.87,201301171600
96486,1.74,201301171600
96718,2.05,201301171600
96972,2.06,201301171600
96995,2.49,201301171600
97251,2.15,201301171600
97440,2.52,201301171600
97471,1.02,201301171600
97969,1.53,201301171600
97990,2.22,201301171600
98224,1.56,201301171600
98229,2.82,201301171600
98450,1.98,201301171600
98475,2.4,201301171600
98739,1.34,201301171600
99256,1.52,201301171600
99468,2.16,201301171600
99730,2.13,201301171600
101215,1.09,201301171600
101911,0.71,201301171600
101912,1.37,201301171600
101989,1.59,201301171600
102999,1.08,201301171600
103242,2.41,201301171600
103431,1.96,201301171600
104177,2.86,201301171600
104221,0.5,201301171600
104239,1.03,201301171600
104701,2.24,201301171600
104984,2.73,201301171600
105196,1.75,201301171600
105219,1.22,201301171600
105460,2.51,201301171600
105461,2.05,201301171600
105481,0.62,201301171600
105489,2.75,201301171600
105709,2.86,201301171600
105710,1.87,201301171600
105711,1.53,201301171600
105712,0.87,201301171600
105713,0.71,201301171600
105715,2.09,201301171600
105726,1.9,201301171600
105727,2.37,201301171600
105736,1.22,201301171600
105960,2.55,201301171600
105961,0.86,201301171600
105962,0.82,201301171600
105963,2.18,201301171600
105964,2.98,201301171600
105975,1.99,201301171600
106195,1.0,201301171600
106213,1.94,201301171600
106214,1.38,201301171600
106215,2.36,201301171600
106221,0.58,201301171600
106231,1.28,201301171600
106232,2.12,201301171600
106234,1.43,201301171600
106235,2.77,201301171600
106237,2.13,201301171600
106446,2.84,201301171600
106447,2.08,201301171600
106462,0.71,201301171600
106463,1.78,201301171600
106465,0.62,201301171600
106466,1.26,201301171600
106467,2.73,201301171600
106480,2.91,201301171600
106712,2.19,201301171600
106717,0.53,201301171600
106718,1.34,201301171600
106741,2.11,201301171600
106958,1.5,201301171600
106964,1.06,201301171600
106965,1.05,201301171600
106966,1.43,201301171600
106967,2.55,201301171600
106971,1.28,201301171600
106983,1.94,201301171600
106997,1.99,201301171600
107200,1.04,201301171600
107212,0.89,201301171600
107219,1.63,201301171600
107240,1.56,201301171600
107460,1.5,201301171600
107465,2.21,201301171600
107466,1.77,201301171600
107468,2.41,201301171600
107491,1.32,201301171600
107711,1.86,201301171600
107725,2.57,201301171600
107726,2.4,201301171600
107954,2.41,201301171600
107966,2.35,201301171600
107971,2.73,201301171600
107979,1.48,201301171600
107993,1.4,201301171600
108205,0.77,201301171600
108211,2.72,201301171600
108214,1.67,201301171600
108215,0.91,201301171600
108217,2.36,201301171600
108219,0.63,201301171600
108220,2.86,201301171600
108222,0.52,201301171600
108225,0.95,201301171600
108230,1.16,201301171600
108454,0.96,201301171600
108463,1.92,201301171600
108499,1.78,201301171600
108717,1.65,201301171600
108722,0.69,201301171600
108724,2.97,201301171600
108733,1.09,201301171600
108968,1.63,201301171600
108975,1.18,201301171600
108984,2.12,201301171600
108985,1.77,201301171600
109216,1.39,201301171600
109219,2.92,201301171600
109222,0.66,201301171600
109227,2.49,201301171600
109231,2.69,201301171600
109236,2.76,201301171600
109245,2.36,201301171600
109473,1.14,201301171600
109487,2.43,201301171600
109494,1.47,201301171600
109495,1.68,201301171600
109496,2.92,201301171600
109497,2.4,201301171600
109742,2.75,201301171600
109744,2.35,201301171600
109748,0.97,201301171600
109750,1.54,201301171600
109980,1.38,201301171600
109991,1.49,201301171600
109994,2.01,201301171600
109998,2.5,201301171600
110001,1.62,201301171600
110243,2.64,201301171600
110247,2.55,201301171600
110249,1.69,201301171600
110251,0.65,201301171600
110253,2.41,201301171600
110254,2.02,201301171600
