cell,mobility,dtg
1610,2.92,201301091600
1846,2.33,201301091600
1851,2.03,201301091600
1853,1.67,201301091600
1856,2.94,201301091600
1857,2.84,201301091600
2103,2.48,201301091600
2105,2.62,201301091600
2106,2.37,201301091600
2107,1.95,201301091600
2114,2.0,201301091600
2342,2.23,201301091600
2347,2.06,201301091600
2351,2.16,201301091600
2354,1.79,201301091600
2357,0.65,201301091600
2372,0.89,201301091600
2374,0.73,201301091600
2591,1.18,201301091600
2595,2.23,201301091600
2605,2.86,201301091600
2611,1.72,201301091600
2615,1.07,201301091600
2620,1.42,201301091600
2627,0.88,201301091600
2839,1.38,201301091600
2847,2.87,201301091600
3086,2.11,201301091600
3094,2.44,201301091600
3100,1.93,201301091600
3124,1.89,201301091600
3128,2.22,201301091600
3334,2.5,201301091600
3337,2.41,201301091600
3375,0.93,201301091600
3614,2.62,201301091600
3619,0.7,201301091600
3632,0.69,201301091600
3635,2.42,201301091600
3830,2.43,201301091600
3831,0.63,201301091600
3833,0.97,201301091600
3837,2.84,201301091600
3845,1.48,201301091600
3856,0.53,201301091600
3860,1.06,201301091600
3865,0.89,201301091600
4078,1.02,201301091600
4081,0.77,201301091600
4137,1.58,201301091600
4141,2.71,201301091600
4142,2.16,201301091600
4328,2.64,201301091600
4329,2.91,201301091600
4341,1.56,201301091600
4345,1.6,201301091600
4348,1.23,201301091600
4354,0.74,201301091600
4372,0.52,201301091600
4577,2.92,201301091600
4578,0.75,201301091600
4580,0.85,201301091600
4582,0.84,201301091600
4605,1.46,201301091600
4608,1.0,201301091600
4631,0.86,201301091600
4636,2.58,201301091600
4637,0.77,201301091600
4829,1.92,201301091600
4830,0.57,201301091600
4831,2.29,201301091600
4834,2.23,201301091600
4837,1.85,201301091600
4852,2.69,201301091600
4863,0.73,201301091600
4868,2.65,201301091600
4890,1.19,201301091600
4891,0.86,201301091600
5078,0.88,201301091600
5081,2.09,201301091600
5084,1.46,201301091600
5127,1.79,201301091600
5153,2.16,201301091600
5327,1.52,201301091600
5329,0.79,201301091600
5333,0.74,201301091600
5334,0.81,201301091600
5339,2.38,201301091600
5369,2.37,201301091600
5402,2.68,201301091600
5410,1.97,201301091600
5577,2.46,201301091600
5581,2.13,201301091600
5592,2.74,201301091600
5612,1.14,201301091600
5623,2.23,201301091600
5876,2.54,201301091600
5893,2.28,201301091600
5898,1.59,201301091600
6078,2.98,201301091600
6118,1.43,201301091600
6136,0.96,201301091600
6158,0.64,201301091600
6159,1.99,201301091600
6333,1.79,201301091600
6353,1.94,201301091600
6365,2.96,201301091600
6366,1.64,201301091600
6414,2.21,201301091600
6588,1.66,201301091600
6609,2.03,201301091600
6635,2.76,201301091600
6668,1.41,201301091600
6841,1.66,201301091600
6849,1.97,201301091600
6896,2.25,201301091600
6924,1.21,201301091600
6928,2.23,201301091600
6935,2.13,201301091600
6939,0.54,201301091600
7077,1.78,201301091600
7078,2.99,201301091600
7085,2.03,201301091600
7088,2.35,201301091600
7113,2.62,201301091600
7114,2.77,201301091600
7129,2.78,201301091600
7133,1.5,201301091600
7165,0.74,201301091600
7192,2.25,201301091600
7354,3.0,201301091600
7375,2.07,201301091600
7379,2.01,201301091600
7401,2.1,201301091600
7410,0.77,201301091600
7436,1.62,201301091600
7584,0.63,201301091600
7646,1.44,201301091600
7849,1.62,201301091600
7871,0.65,201301091600
7927,1.92,201301091600
7948,2.95,201301091600
8080,1.98,201301091600
8170,1.85,201301091600
8182,1.0,201301091600
8195,1.35,201301091600
8342,2.59,201301091600
8582,1.98,201301091600
8602,0.71,201301091600
8609,2.36,201301091600
8638,0.91,201301091600
8656,2.62,201301091600
8830,2.42,201301091600
8839,0.67,201301091600
8876,2.97,201301091600
8897,1.77,201301091600
8912,1.8,201301091600
8918,0.86,201301091600
8929,1.03,201301091600
8940,2.21,201301091600
8954,2.43,201301091600
9140,0.91,201301091600
9333,0.98,201301091600
9468,1.42,201301091600
9473,2.21,201301091600
9589,2.04,201301091600
9601,1.65,201301091600
9607,0.93,201301091600
9658,1.66,201301091600
9724,2.69,201301091600
9833,1.32,201301091600
10084,2.24,201301091600
10089,1.64,201301091600
10096,2.87,201301091600
10144,2.98,201301091600
10170,2.25,201301091600
10181,0.77,201301091600
10189,1.02,201301091600
10201,2.5,201301091600
10334,1.54,201301091600
10335,0.77,201301091600
10383,2.61,201301091600
10414,1.3,201301091600
10444,2.25,201301091600
10458,1.32,201301091600
10477,2.91,201301091600
10586,1.71,201301091600
10601,1.64,201301091600
10609,1.43,201301091600
10616,1.01,201301091600
10633,2.69,201301091600
10655,2.15,201301091600
10665,2.46,201301091600
10681,2.02,201301091600
10717,2.65,201301091600
10835,2.05,201301091600
10837,1.46,201301091600
10847,1.12,201301091600
10903,2.49,201301091600
10911,2.18,201301091600
10918,2.88,201301091600
10973,2.64,201301091600
11087,2.87,201301091600
11092,0.89,201301091600
11128,2.2,201301091600
11222,1.04,201301091600
11223,2.62,201301091600
11225,2.94,201301091600
11238,1.81,201301091600
11361,0.97,201301091600
11393,2.78,201301091600
11424,2.62,201301091600
11601,2.72,201301091600
11682,0.84,201301091600
11704,2.65,201301091600
11858,1.69,201301091600
11884,1.92,201301091600
11901,0.59,201301091600
11946,2.79,201301091600
11960,2.02,201301091600
11972,0.88,201301091600
12089,1.65,201301091600
12090,1.94,201301091600
12096,0.61,201301091600
12120,2.45,201301091600
12157,0.97,201301091600
12230,1.8,201301091600
12383,2.67,201301091600
12431,1.59,201301091600
12601,0.85,201301091600
12625,2.29,201301091600
12632,2.02,201301091600
12842,1.53,201301091600
12875,2.31,201301091600
12901,1.57,201301091600
12913,0.99,201301091600
12933,2.0,201301091600
12934,1.51,201301091600
12985,0.98,201301091600
13099,2.62,201301091600
13114,2.88,201301091600
13150,1.82,201301091600
13175,2.23,201301091600
13183,0.76,201301091600
13222,2.11,201301091600
13358,1.84,201301091600
13444,1.2,201301091600
13455,1.62,201301091600
13456,1.87,201301091600
13670,2.93,201301091600
13694,0.6,201301091600
13845,1.49,201301091600
13849,2.98,201301091600
14011,1.58,201301091600
14095,2.18,201301091600
14133,2.75,201301091600
14161,2.96,201301091600
14167,2.37,201301091600
14184,0.71,201301091600
14241,1.71,201301091600
14255,2.57,201301091600
14349,1.09,201301091600
14350,2.44,201301091600
14375,2.69,201301091600
14452,2.67,201301091600
14475,2.1,201301091600
14620,0.88,201301091600
14673,2.69,201301091600
14745,2.95,201301091600
14859,1.79,201301091600
14936,2.95,201301091600
14995,2.64,201301091600
15097,2.17,201301091600
15098,1.42,201301091600
15246,2.16,201301091600
15349,0.53,201301091600
15440,1.35,201301091600
15600,1.36,201301091600
15656,1.35,201301091600
15672,2.0,201301091600
15699,2.13,201301091600
15714,1.08,201301091600
15725,0.62,201301091600
15744,1.22,201301091600
15849,0.82,201301091600
15850,2.05,201301091600
15851,1.46,201301091600
15853,1.89,201301091600
15871,0.89,201301091600
16100,2.47,201301091600
16105,0.92,201301091600
16114,2.39,201301091600
16171,1.01,201301091600
16184,1.29,201301091600
16400,2.7,201301091600
16414,2.56,201301091600
16601,2.01,201301091600
16604,2.8,201301091600
16625,0.9,201301091600
16670,2.17,201301091600
16853,1.17,201301091600
16868,1.46,201301091600
16932,1.4,201301091600
17232,2.14,201301091600
17355,0.81,201301091600
17358,1.88,201301091600
17367,1.04,201301091600
17635,2.04,201301091600
17673,2.14,201301091600
17681,2.55,201301091600
17884,0.74,201301091600
17984,1.84,201301091600
18108,1.03,201301091600
18115,0.82,201301091600
18118,0.66,201301091600
18123,1.67,201301091600
18139,0.78,201301091600
18154,1.96,201301091600
18160,0.98,201301091600
18177,2.31,201301091600
18185,2.89,201301091600
18383,1.68,201301091600
18404,1.65,201301091600
18427,1.43,201301091600
18466,1.15,201301091600
18616,1.73,201301091600
18629,0.91,201301091600
18861,2.8,201301091600
18866,1.47,201301091600
18925,2.39,201301091600
19110,2.62,201301091600
19112,1.02,201301091600
19114,0.54,201301091600
19122,2.38,201301091600
19360,1.28,201301091600
19443,0.66,201301091600
19481,0.58,201301091600
19611,2.31,201301091600
19612,2.82,201301091600
19618,2.35,201301091600
19633,2.66,201301091600
19678,0.99,201301091600
19878,0.57,201301091600
19913,1.84,201301091600
20113,1.06,201301091600
20114,0.82,201301091600
20116,0.84,201301091600
20170,2.67,201301091600
20363,1.52,201301091600
20387,2.67,201301091600
20396,2.81,201301091600
20436,2.49,201301091600
20616,0.74,201301091600
20621,1.25,201301091600
20628,1.25,201301091600
20651,2.63,201301091600
20671,2.36,201301091600
20682,2.15,201301091600
20864,2.47,201301091600
20882,2.54,201301091600
20931,1.63,201301091600
20995,1.62,201301091600
21115,1.11,201301091600
21118,2.97,201301091600
21201,2.79,201301091600
21373,1.68,201301091600
21377,1.24,201301091600
21392,2.06,201301091600
21407,2.96,201301091600
21428,2.32,201301091600
21448,2.7,201301091600
21617,2.06,201301091600
21619,1.71,201301091600
21639,2.08,201301091600
21658,1.33,201301091600
21663,1.96,201301091600
21701,0.94,201301091600
21721,1.17,201301091600
21868,2.28,201301091600
21871,2.82,201301091600
21999,2.69,201301091600
22126,0.52,201301091600
22133,0.6,201301091600
22174,2.35,201301091600
22176,0.64,201301091600
22205,1.85,201301091600
22368,1.31,201301091600
22395,2.36,201301091600
22419,0.78,201301091600
22420,2.23,201301091600
22421,2.01,201301091600
22422,1.82,201301091600
22619,2.32,201301091600
22630,2.27,201301091600
22634,2.0,201301091600
22671,0.62,201301091600
22673,2.33,201301091600
22700,1.01,201301091600
22751,1.22,201301091600
22768,1.98,201301091600
22869,0.9,201301091600
22877,2.22,201301091600
22928,1.14,201301091600
22940,1.42,201301091600
22955,2.01,201301091600
22963,0.78,201301091600
22966,1.7,201301091600
23120,2.09,201301091600
23124,2.73,201301091600
23125,2.51,201301091600
23131,2.05,201301091600
23138,1.69,201301091600
23169,1.91,201301091600
23194,2.29,201301091600
23216,1.72,201301091600
23370,1.72,201301091600
23371,1.04,201301091600
23379,1.46,201301091600
23386,0.53,201301091600
23388,2.79,201301091600
23427,1.71,201301091600
23621,0.92,201301091600
23627,1.22,201301091600
23635,2.87,201301091600
23641,2.47,201301091600
23662,0.8,201301091600
23669,2.09,201301091600
23690,1.31,201301091600
23744,2.92,201301091600
23750,2.06,201301091600
23872,2.47,201301091600
23873,1.07,201301091600
23875,1.53,201301091600
23881,1.01,201301091600
23894,1.87,201301091600
23896,1.27,201301091600
23907,2.73,201301091600
23925,2.44,201301091600
23973,1.91,201301091600
24005,2.03,201301091600
24009,1.49,201301091600
24032,2.55,201301091600
24122,1.07,201301091600
24123,2.85,201301091600
24149,0.93,201301091600
24247,0.93,201301091600
24251,2.35,201301091600
24265,2.47,201301091600
24266,1.51,201301091600
24373,2.62,201301091600
24374,1.73,201301091600
24380,1.89,201301091600
24381,1.23,201301091600
24383,2.74,201301091600
24387,2.39,201301091600
24402,2.79,201301091600
24405,1.98,201301091600
24423,0.91,201301091600
24623,1.25,201301091600
24626,1.29,201301091600
24643,0.77,201301091600
24732,1.44,201301091600
24734,2.68,201301091600
24739,2.71,201301091600
24774,1.78,201301091600
24775,1.21,201301091600
24781,0.8,201301091600
24837,2.33,201301091600
24874,0.67,201301091600
24877,1.58,201301091600
24879,0.59,201301091600
24880,2.51,201301091600
24895,1.66,201301091600
24920,1.53,201301091600
24990,2.6,201301091600
24991,1.34,201301091600
24993,2.52,201301091600
25124,2.73,201301091600
25125,2.67,201301091600
25126,2.45,201301091600
25129,0.58,201301091600
25130,2.41,201301091600
25132,1.2,201301091600
25136,0.66,201301091600
25138,2.74,201301091600
25141,2.81,201301091600
25179,1.92,201301091600
25187,1.18,201301091600
25375,2.59,201301091600
25376,2.06,201301091600
25377,2.27,201301091600
25379,1.36,201301091600
25385,2.41,201301091600
25395,2.98,201301091600
25400,0.72,201301091600
25405,1.14,201301091600
25412,1.77,201301091600
25427,1.48,201301091600
25626,1.78,201301091600
25627,0.88,201301091600
25628,1.16,201301091600
25629,0.99,201301091600
25632,1.55,201301091600
25633,2.28,201301091600
25642,1.94,201301091600
25715,2.59,201301091600
25747,2.29,201301091600
25763,2.11,201301091600
25876,1.05,201301091600
25877,2.41,201301091600
25878,1.11,201301091600
25881,1.93,201301091600
25882,1.06,201301091600
25886,0.75,201301091600
25888,1.43,201301091600
25926,2.7,201301091600
25997,2.39,201301091600
26005,2.49,201301091600
26035,2.36,201301091600
26127,1.89,201301091600
26129,1.31,201301091600
26130,1.33,201301091600
26133,1.46,201301091600
26135,0.76,201301091600
26136,1.46,201301091600
26138,1.35,201301091600
26139,1.58,201301091600
26141,1.78,201301091600
26148,0.92,201301091600
26168,2.55,201301091600
26378,1.6,201301091600
26379,2.54,201301091600
26380,0.72,201301091600
26381,1.61,201301091600
26382,1.19,201301091600
26383,1.85,201301091600
26385,0.78,201301091600
26386,2.02,201301091600
26387,1.66,201301091600
26389,1.94,201301091600
26391,2.75,201301091600
26392,1.01,201301091600
26393,1.18,201301091600
26396,2.62,201301091600
26403,1.26,201301091600
26408,1.54,201301091600
26427,1.86,201301091600
26450,1.47,201301091600
26492,0.93,201301091600
26546,0.56,201301091600
26563,0.66,201301091600
26564,2.98,201301091600
26628,0.72,201301091600
26629,1.43,201301091600
26630,0.71,201301091600
26631,1.9,201301091600
26633,2.37,201301091600
26634,2.76,201301091600
26656,1.2,201301091600
26674,2.43,201301091600
26708,1.43,201301091600
26752,2.91,201301091600
26754,2.15,201301091600
26755,1.66,201301091600
26782,1.55,201301091600
26846,2.97,201301091600
26879,1.47,201301091600
26880,2.65,201301091600
26881,1.77,201301091600
26882,0.56,201301091600
26883,1.15,201301091600
26884,1.25,201301091600
26885,1.93,201301091600
26886,1.75,201301091600
26887,2.64,201301091600
26889,2.05,201301091600
26890,1.2,201301091600
26891,1.41,201301091600
26892,2.1,201301091600
26893,2.47,201301091600
26894,1.83,201301091600
26895,2.85,201301091600
26897,0.85,201301091600
26905,1.41,201301091600
26938,2.01,201301091600
26964,2.61,201301091600
27006,2.45,201301091600
27042,2.42,201301091600
27098,1.07,201301091600
27130,2.11,201301091600
27131,2.81,201301091600
27132,2.86,201301091600
27133,2.86,201301091600
27134,0.78,201301091600
27135,1.01,201301091600
27136,0.6,201301091600
27137,2.53,201301091600
27138,1.38,201301091600
27142,1.07,201301091600
27143,1.29,201301091600
27145,2.86,201301091600
27148,2.2,201301091600
27149,2.43,201301091600
27152,2.64,201301091600
27155,2.24,201301091600
27175,2.15,201301091600
27209,1.53,201301091600
27247,2.62,201301091600
27381,2.29,201301091600
27382,1.09,201301091600
27383,2.1,201301091600
27384,1.14,201301091600
27386,1.66,201301091600
27387,2.96,201301091600
27388,1.54,201301091600
27389,2.94,201301091600
27390,1.0,201301091600
27392,1.1,201301091600
27395,0.84,201301091600
27404,1.72,201301091600
27415,1.75,201301091600
27427,1.5,201301091600
27489,1.56,201301091600
27494,1.74,201301091600
27498,1.84,201301091600
27518,1.53,201301091600
27632,1.49,201301091600
27633,1.19,201301091600
27634,1.51,201301091600
27635,1.64,201301091600
27636,2.28,201301091600
27637,2.01,201301091600
27638,1.55,201301091600
27639,2.2,201301091600
27640,1.55,201301091600
27642,1.89,201301091600
27643,1.39,201301091600
27645,3.0,201301091600
27646,1.38,201301091600
27647,1.32,201301091600
27649,1.3,201301091600
27654,1.11,201301091600
27763,1.54,201301091600
27764,0.56,201301091600
27796,2.92,201301091600
27797,2.78,201301091600
27883,1.6,201301091600
27884,1.44,201301091600
27885,2.09,201301091600
27886,2.37,201301091600
27887,1.26,201301091600
27888,1.51,201301091600
27889,1.06,201301091600
27890,1.16,201301091600
27891,2.53,201301091600
27892,2.53,201301091600
27894,1.57,201301091600
27895,1.9,201301091600
27897,0.79,201301091600
27902,2.12,201301091600
27908,2.3,201301091600
27911,0.7,201301091600
27930,1.25,201301091600
27971,1.24,201301091600
28004,0.68,201301091600
28015,2.29,201301091600
28049,2.88,201301091600
28102,0.84,201301091600
28134,2.06,201301091600
28135,2.62,201301091600
28136,1.41,201301091600
28137,2.71,201301091600
28138,2.8,201301091600
28139,2.97,201301091600
28140,1.52,201301091600
28142,1.03,201301091600
28143,1.48,201301091600
28144,1.29,201301091600
28146,0.61,201301091600
28154,1.75,201301091600
28156,2.03,201301091600
28216,2.34,201301091600
28239,2.56,201301091600
28384,2.77,201301091600
28385,0.64,201301091600
28386,2.83,201301091600
28387,1.69,201301091600
28388,2.95,201301091600
28389,2.86,201301091600
28390,1.56,201301091600
28391,1.95,201301091600
28392,2.04,201301091600
28393,2.29,201301091600
28394,1.56,201301091600
28396,1.64,201301091600
28397,0.55,201301091600
28400,2.41,201301091600
28401,1.89,201301091600
28405,1.49,201301091600
28427,2.9,201301091600
28467,2.91,201301091600
28496,1.72,201301091600
28497,1.71,201301091600
28519,2.76,201301091600
28535,0.91,201301091600
28539,0.88,201301091600
28545,2.32,201301091600
28557,1.77,201301091600
28635,1.62,201301091600
28636,2.84,201301091600
28637,2.6,201301091600
28638,1.4,201301091600
28639,1.48,201301091600
28640,0.65,201301091600
28641,2.16,201301091600
28642,1.24,201301091600
28643,2.45,201301091600
28644,2.93,201301091600
28645,0.88,201301091600
28646,1.83,201301091600
28649,1.88,201301091600
28658,0.76,201301091600
28667,1.6,201301091600
28675,1.36,201301091600
28751,1.71,201301091600
28753,1.59,201301091600
28754,2.76,201301091600
28788,2.27,201301091600
28812,1.91,201301091600
28823,1.0,201301091600
28886,0.98,201301091600
28887,1.29,201301091600
28888,0.91,201301091600
28889,1.09,201301091600
28890,2.97,201301091600
28891,0.85,201301091600
28892,1.25,201301091600
28893,1.85,201301091600
28894,1.69,201301091600
28895,2.43,201301091600
28896,1.79,201301091600
28897,1.73,201301091600
28899,2.88,201301091600
28900,1.19,201301091600
28901,0.6,201301091600
28902,2.55,201301091600
28905,0.67,201301091600
28912,0.96,201301091600
28960,2.1,201301091600
28969,2.65,201301091600
29004,2.83,201301091600
29012,1.17,201301091600
29026,0.78,201301091600
29068,0.58,201301091600
29076,0.99,201301091600
29088,1.06,201301091600
29094,1.58,201301091600
29136,1.44,201301091600
29137,1.11,201301091600
29138,1.5,201301091600
29139,0.96,201301091600
29140,1.23,201301091600
29141,1.62,201301091600
29142,1.65,201301091600
29143,1.09,201301091600
29144,2.12,201301091600
29146,2.3,201301091600
29147,2.54,201301091600
29148,2.26,201301091600
29149,0.7,201301091600
29151,2.15,201301091600
29158,0.68,201301091600
29165,2.56,201301091600
29171,0.78,201301091600
29190,2.15,201301091600
29247,2.29,201301091600
29387,2.6,201301091600
29388,1.89,201301091600
29389,2.94,201301091600
29390,1.5,201301091600
29391,1.81,201301091600
29392,1.71,201301091600
29393,1.74,201301091600
29394,2.98,201301091600
29395,1.42,201301091600
29396,1.7,201301091600
29397,1.59,201301091600
29398,1.49,201301091600
29399,2.53,201301091600
29401,2.45,201301091600
29402,0.8,201301091600
29403,1.44,201301091600
29405,0.98,201301091600
29409,0.82,201301091600
29425,2.1,201301091600
29429,1.81,201301091600
29495,2.67,201301091600
29498,2.59,201301091600
29533,0.63,201301091600
29556,0.54,201301091600
29638,2.71,201301091600
29639,2.44,201301091600
29640,2.16,201301091600
29641,2.82,201301091600
29642,1.19,201301091600
29643,0.66,201301091600
29644,1.3,201301091600
29645,1.14,201301091600
29648,0.78,201301091600
29649,2.96,201301091600
29650,2.34,201301091600
29654,1.2,201301091600
29663,0.54,201301091600
29670,0.68,201301091600
29710,2.74,201301091600
29730,2.74,201301091600
29733,1.75,201301091600
29736,1.66,201301091600
29766,0.64,201301091600
29891,1.57,201301091600
29892,1.67,201301091600
29893,1.35,201301091600
29894,1.0,201301091600
29895,0.68,201301091600
29896,1.45,201301091600
29897,1.65,201301091600
29898,0.57,201301091600
29900,1.23,201301091600
29903,2.06,201301091600
29906,2.06,201301091600
29909,0.98,201301091600
29912,1.98,201301091600
29917,1.11,201301091600
29925,2.06,201301091600
29966,1.65,201301091600
30021,2.19,201301091600
30026,1.96,201301091600
30036,1.94,201301091600
30142,2.88,201301091600
30143,2.28,201301091600
30144,2.58,201301091600
30145,1.37,201301091600
30146,0.95,201301091600
30147,0.84,201301091600
30148,2.08,201301091600
30152,1.28,201301091600
30154,2.19,201301091600
30157,2.25,201301091600
30158,2.09,201301091600
30181,2.6,201301091600
30242,2.49,201301091600
30243,1.49,201301091600
30244,0.86,201301091600
30261,1.06,201301091600
30300,1.29,201301091600
30322,1.44,201301091600
30393,2.68,201301091600
30394,2.48,201301091600
30395,1.78,201301091600
30396,2.68,201301091600
30397,0.53,201301091600
30398,2.08,201301091600
30400,0.97,201301091600
30401,1.75,201301091600
30403,0.53,201301091600
30407,0.74,201301091600
30410,2.23,201301091600
30420,1.92,201301091600
30430,1.04,201301091600
30434,1.81,201301091600
30439,1.97,201301091600
30481,1.27,201301091600
30489,0.94,201301091600
30494,0.56,201301091600
30495,2.8,201301091600
30496,0.95,201301091600
30645,0.91,201301091600
30646,1.8,201301091600
30647,0.54,201301091600
30648,1.66,201301091600
30649,1.18,201301091600
30650,2.29,201301091600
30651,2.42,201301091600
30652,1.15,201301091600
30653,2.93,201301091600
30654,1.39,201301091600
30661,2.35,201301091600
30664,0.57,201301091600
30666,0.98,201301091600
30669,2.24,201301091600
30673,2.97,201301091600
30683,0.68,201301091600
30745,1.27,201301091600
30750,1.72,201301091600
30777,0.8,201301091600
30780,1.88,201301091600
30812,2.14,201301091600
30897,0.69,201301091600
30898,0.71,201301091600
30899,1.12,201301091600
30900,1.29,201301091600
30901,1.24,201301091600
30902,2.71,201301091600
30903,1.23,201301091600
30904,0.58,201301091600
30908,1.62,201301091600
30909,0.57,201301091600
30912,1.4,201301091600
30913,1.73,201301091600
30928,2.0,201301091600
30953,1.63,201301091600
30979,2.44,201301091600
30994,2.19,201301091600
30995,1.12,201301091600
31027,2.68,201301091600
31028,1.11,201301091600
31029,2.31,201301091600
31082,1.21,201301091600
31148,1.46,201301091600
31149,1.15,201301091600
31150,2.61,201301091600
31151,0.8,201301091600
31152,1.75,201301091600
31156,0.62,201301091600
31157,0.74,201301091600
31161,2.69,201301091600
31166,1.72,201301091600
31172,2.23,201301091600
31274,0.99,201301091600
31281,2.74,201301091600
31369,1.27,201301091600
31398,2.39,201301091600
31401,0.95,201301091600
31407,1.25,201301091600
31408,1.45,201301091600
31409,2.81,201301091600
31410,2.81,201301091600
31413,1.28,201301091600
31419,2.04,201301091600
31427,2.0,201301091600
31457,1.64,201301091600
31466,0.83,201301091600
31651,2.37,201301091600
31652,1.99,201301091600
31656,1.84,201301091600
31660,0.72,201301091600
31663,2.65,201301091600
31666,1.22,201301091600
31675,2.72,201301091600
31738,2.36,201301091600
31754,0.78,201301091600
31782,0.74,201301091600
31903,3.0,201301091600
31904,1.29,201301091600
31905,1.32,201301091600
31906,2.99,201301091600
31908,2.25,201301091600
31912,1.37,201301091600
31921,1.98,201301091600
31928,2.62,201301091600
31949,0.57,201301091600
32028,1.25,201301091600
32032,0.61,201301091600
32045,0.73,201301091600
32150,1.38,201301091600
32155,0.85,201301091600
32157,0.69,201301091600
32161,2.52,201301091600
32162,1.64,201301091600
32167,1.85,201301091600
32169,2.64,201301091600
32175,2.36,201301091600
32182,1.84,201301091600
32185,0.96,201301091600
32195,2.79,201301091600
32235,2.32,201301091600
32404,1.85,201301091600
32405,0.58,201301091600
32410,1.59,201301091600
32411,1.05,201301091600
32415,2.61,201301091600
32449,2.86,201301091600
32490,2.52,201301091600
32558,2.85,201301091600
32622,1.63,201301091600
32656,0.59,201301091600
32658,2.68,201301091600
32660,0.66,201301091600
32662,2.46,201301091600
32668,1.73,201301091600
32682,2.03,201301091600
32697,1.88,201301091600
32712,2.68,201301091600
32729,0.82,201301091600
32739,1.97,201301091600
32742,0.8,201301091600
32744,1.92,201301091600
32802,0.73,201301091600
32834,1.66,201301091600
32905,2.98,201301091600
32907,1.19,201301091600
32912,0.73,201301091600
32916,2.0,201301091600
32922,1.36,201301091600
32924,1.16,201301091600
32926,2.85,201301091600
32929,2.95,201301091600
32977,1.16,201301091600
32978,1.29,201301091600
33154,0.71,201301091600
33158,2.41,201301091600
33160,2.42,201301091600
33165,2.03,201301091600
33170,2.75,201301091600
33186,0.71,201301091600
33286,0.78,201301091600
33405,1.98,201301091600
33409,2.29,201301091600
33412,2.18,201301091600
33418,1.77,201301091600
33420,2.41,201301091600
33424,0.75,201301091600
33435,0.55,201301091600
33442,1.05,201301091600
33519,1.89,201301091600
33594,1.86,201301091600
33656,2.76,201301091600
33659,1.04,201301091600
33662,2.61,201301091600
33664,1.83,201301091600
33666,1.28,201301091600
33669,2.35,201301091600
33673,2.02,201301091600
33675,2.51,201301091600
33694,1.77,201301091600
33724,1.33,201301091600
33742,2.79,201301091600
33812,1.57,201301091600
33909,2.43,201301091600
33911,1.68,201301091600
33912,1.94,201301091600
33913,0.91,201301091600
33922,1.67,201301091600
33923,1.08,201301091600
33924,0.82,201301091600
33931,1.84,201301091600
33935,1.68,201301091600
33986,1.34,201301091600
34013,2.84,201301091600
34160,2.49,201301091600
34161,2.74,201301091600
34162,2.26,201301091600
34163,2.55,201301091600
34167,0.71,201301091600
34190,1.66,201301091600
34211,2.59,201301091600
34303,2.1,201301091600
34380,1.33,201301091600
34407,2.14,201301091600
34413,1.35,201301091600
34423,1.41,201301091600
34424,2.72,201301091600
34427,0.8,201301091600
34430,1.12,201301091600
34437,1.14,201301091600
34440,0.85,201301091600
34486,2.13,201301091600
34495,2.36,201301091600
34510,0.63,201301091600
34520,2.21,201301091600
34528,0.62,201301091600
34563,2.31,201301091600
34662,2.07,201301091600
34667,1.71,201301091600
34668,1.26,201301091600
34670,1.39,201301091600
34672,1.68,201301091600
34673,1.31,201301091600
34676,0.8,201301091600
34679,2.49,201301091600
34682,2.15,201301091600
34695,0.79,201301091600
34710,1.61,201301091600
34714,2.68,201301091600
34720,2.8,201301091600
34882,2.81,201301091600
34913,0.8,201301091600
34914,2.85,201301091600
34915,1.03,201301091600
34924,0.89,201301091600
34925,2.09,201301091600
34934,1.78,201301091600
34939,2.34,201301091600
34959,2.69,201301091600
34990,2.29,201301091600
35102,0.58,201301091600
35164,2.97,201301091600
35166,2.74,201301091600
35173,2.17,201301091600
35178,0.69,201301091600
35183,1.49,201301091600
35185,1.67,201301091600
35187,2.18,201301091600
35193,2.43,201301091600
35203,2.84,201301091600
35218,0.91,201301091600
35237,2.23,201301091600
35244,2.9,201301091600
35249,0.64,201301091600
35295,1.95,201301091600
35368,1.65,201301091600
35410,2.25,201301091600
35414,2.35,201301091600
35415,0.54,201301091600
35417,2.93,201301091600
35421,2.25,201301091600
35440,2.61,201301091600
35455,1.2,201301091600
35492,0.89,201301091600
35515,0.73,201301091600
35665,1.47,201301091600
35675,2.54,201301091600
35683,2.31,201301091600
35686,1.12,201301091600
35700,1.77,201301091600
35745,1.7,201301091600
35755,0.56,201301091600
35769,2.65,201301091600
35916,1.0,201301091600
35917,1.59,201301091600
35918,1.18,201301091600
35919,2.82,201301091600
35921,0.72,201301091600
35929,2.52,201301091600
35931,0.97,201301091600
35941,1.5,201301091600
35944,2.76,201301091600
35971,1.79,201301091600
35981,2.73,201301091600
35992,2.89,201301091600
35994,0.89,201301091600
36067,2.59,201301091600
36162,1.63,201301091600
36167,2.66,201301091600
36169,2.17,201301091600
36170,1.09,201301091600
36173,2.97,201301091600
36176,2.85,201301091600
36177,1.0,201301091600
36205,2.66,201301091600
36237,2.65,201301091600
36245,2.81,201301091600
36246,1.42,201301091600
36293,1.29,201301091600
36311,2.83,201301091600
36417,2.72,201301091600
36420,1.32,201301091600
36421,0.68,201301091600
36441,2.43,201301091600
36448,2.15,201301091600
36494,0.52,201301091600
36498,1.07,201301091600
36502,0.99,201301091600
36510,2.91,201301091600
36513,2.12,201301091600
36519,2.33,201301091600
36524,2.37,201301091600
36576,1.18,201301091600
36668,1.23,201301091600
36673,1.41,201301091600
36675,2.54,201301091600
36677,2.81,201301091600
36679,1.22,201301091600
36682,1.98,201301091600
36688,2.1,201301091600
36690,0.88,201301091600
36711,0.89,201301091600
36717,1.92,201301091600
36758,1.8,201301091600
36889,0.98,201301091600
36915,2.76,201301091600
36918,0.55,201301091600
36933,1.85,201301091600
36934,1.42,201301091600
36953,2.65,201301091600
36959,2.11,201301091600
36996,1.58,201301091600
36999,2.97,201301091600
37001,2.44,201301091600
37167,1.18,201301091600
37168,2.16,201301091600
37169,1.46,201301091600
37172,0.79,201301091600
37176,0.83,201301091600
37178,0.9,201301091600
37179,2.38,201301091600
37182,1.48,201301091600
37192,2.52,201301091600
37200,1.14,201301091600
37206,1.24,201301091600
37232,1.85,201301091600
37239,2.0,201301091600
37270,2.2,201301091600
37298,0.95,201301091600
37304,1.9,201301091600
37419,1.22,201301091600
37421,2.79,201301091600
37423,2.04,201301091600
37425,1.5,201301091600
37446,1.62,201301091600
37454,0.84,201301091600
37477,2.31,201301091600
37487,1.39,201301091600
37501,0.69,201301091600
37503,0.98,201301091600
37513,2.69,201301091600
37523,1.24,201301091600
37562,1.59,201301091600
37609,1.45,201301091600
37642,1.33,201301091600
37643,2.8,201301091600
37670,1.13,201301091600
37671,1.8,201301091600
37672,2.68,201301091600
37676,0.66,201301091600
37688,2.25,201301091600
37689,2.38,201301091600
37690,1.85,201301091600
37695,2.4,201301091600
37701,2.26,201301091600
37710,2.51,201301091600
37711,2.89,201301091600
37754,2.6,201301091600
37874,0.7,201301091600
37891,2.39,201301091600
37893,1.05,201301091600
37894,2.55,201301091600
37926,2.18,201301091600
37928,1.6,201301091600
37929,0.99,201301091600
37932,1.57,201301091600
37936,2.06,201301091600
37943,1.64,201301091600
37952,0.91,201301091600
37962,3.0,201301091600
37968,1.19,201301091600
38003,2.36,201301091600
38060,2.34,201301091600
38145,1.23,201301091600
38172,2.22,201301091600
38173,1.35,201301091600
38178,2.65,201301091600
38200,2.72,201301091600
38204,2.27,201301091600
38209,0.76,201301091600
38215,2.43,201301091600
38220,2.54,201301091600
38225,1.23,201301091600
38228,1.4,201301091600
38230,2.06,201301091600
38243,1.11,201301091600
38247,2.77,201301091600
38255,2.89,201301091600
38263,0.86,201301091600
38268,0.54,201301091600
38272,2.05,201301091600
38367,2.75,201301091600
38381,1.52,201301091600
38423,0.68,201301091600
38425,2.71,201301091600
38426,1.46,201301091600
38431,1.53,201301091600
38440,1.76,201301091600
38479,0.9,201301091600
38481,0.52,201301091600
38483,2.7,201301091600
38488,1.65,201301091600
38490,2.88,201301091600
38498,1.75,201301091600
38499,1.79,201301091600
38500,2.56,201301091600
38505,0.52,201301091600
38506,2.76,201301091600
38508,2.95,201301091600
38517,1.78,201301091600
38534,2.85,201301091600
38648,2.63,201301091600
38674,0.9,201301091600
38676,2.16,201301091600
38679,1.9,201301091600
38684,2.88,201301091600
38693,2.33,201301091600
38697,0.58,201301091600
38716,1.58,201301091600
38722,1.32,201301091600
38736,1.27,201301091600
38738,1.78,201301091600
38752,2.07,201301091600
38753,2.29,201301091600
38758,0.93,201301091600
38760,1.07,201301091600
38761,1.56,201301091600
38762,0.94,201301091600
38766,1.51,201301091600
38769,1.25,201301091600
38778,1.63,201301091600
38812,2.38,201301091600
38939,0.94,201301091600
38953,0.9,201301091600
38958,0.93,201301091600
38967,2.75,201301091600
39006,1.56,201301091600
39008,2.36,201301091600
39010,2.87,201301091600
39011,2.69,201301091600
39017,2.02,201301091600
39113,2.64,201301091600
39148,1.56,201301091600
39149,2.16,201301091600
39176,0.86,201301091600
39178,0.99,201301091600
39191,1.6,201301091600
39201,2.9,201301091600
39230,1.72,201301091600
39236,1.34,201301091600
39246,2.19,201301091600
39252,0.75,201301091600
39255,2.8,201301091600
39260,2.53,201301091600
39262,1.79,201301091600
39263,2.66,201301091600
39268,1.81,201301091600
39269,2.78,201301091600
39271,0.94,201301091600
39274,2.93,201301091600
39275,2.64,201301091600
39375,2.98,201301091600
39391,1.74,201301091600
39427,2.65,201301091600
39428,1.32,201301091600
39430,0.89,201301091600
39433,1.84,201301091600
39446,1.67,201301091600
39457,2.83,201301091600
39514,2.31,201301091600
39515,2.99,201301091600
39516,1.65,201301091600
39517,2.86,201301091600
39535,1.79,201301091600
39554,0.51,201301091600
39559,1.73,201301091600
39631,0.53,201301091600
39632,2.1,201301091600
39633,1.05,201301091600
39652,2.04,201301091600
39683,1.86,201301091600
39687,2.66,201301091600
39706,2.5,201301091600
39710,1.65,201301091600
39722,1.16,201301091600
39731,1.86,201301091600
39750,2.72,201301091600
39755,1.31,201301091600
39759,1.18,201301091600
39762,1.73,201301091600
39764,2.75,201301091600
39765,2.02,201301091600
39766,0.57,201301091600
39767,2.65,201301091600
39769,2.35,201301091600
39772,2.42,201301091600
39776,1.91,201301091600
39777,1.6,201301091600
39790,2.72,201301091600
39791,0.78,201301091600
39796,1.82,201301091600
39832,0.88,201301091600
39883,1.26,201301091600
39930,0.61,201301091600
39932,1.48,201301091600
39941,1.11,201301091600
39948,2.86,201301091600
39969,2.38,201301091600
40018,1.74,201301091600
40031,0.85,201301091600
40133,2.26,201301091600
40180,1.12,201301091600
40188,1.52,201301091600
40196,2.32,201301091600
40242,2.88,201301091600
40246,1.27,201301091600
40259,1.53,201301091600
40264,1.26,201301091600
40267,1.15,201301091600
40268,0.94,201301091600
40270,1.35,201301091600
40276,0.98,201301091600
40286,1.38,201301091600
40295,2.81,201301091600
40431,1.91,201301091600
40432,0.63,201301091600
40442,2.43,201301091600
40447,0.71,201301091600
40448,1.37,201301091600
40451,0.74,201301091600
40457,1.64,201301091600
40500,1.08,201301091600
40512,0.76,201301091600
40518,1.5,201301091600
40519,2.65,201301091600
40522,2.14,201301091600
40524,1.4,201301091600
40525,2.44,201301091600
40532,0.63,201301091600
40560,2.82,201301091600
40566,2.92,201301091600
40633,1.27,201301091600
40687,1.26,201301091600
40713,1.38,201301091600
40719,0.83,201301091600
40732,2.33,201301091600
40733,1.44,201301091600
40766,1.51,201301091600
40810,2.71,201301091600
40894,1.05,201301091600
40933,2.09,201301091600
40936,1.07,201301091600
40939,1.78,201301091600
40954,0.88,201301091600
40982,0.75,201301091600
41021,1.05,201301091600
41024,1.92,201301091600
41061,2.77,201301091600
41145,1.57,201301091600
41157,2.96,201301091600
41183,2.26,201301091600
41200,0.65,201301091600
41262,1.17,201301091600
41265,0.97,201301091600
41270,2.68,201301091600
41277,0.88,201301091600
41318,2.95,201301091600
41401,2.1,201301091600
41407,2.38,201301091600
41437,1.04,201301091600
41459,2.38,201301091600
41465,2.83,201301091600
41469,1.59,201301091600
41508,2.68,201301091600
41520,2.89,201301091600
41522,0.87,201301091600
41526,1.08,201301091600
41532,1.93,201301091600
41558,0.5,201301091600
41635,1.46,201301091600
41653,2.55,201301091600
41658,0.68,201301091600
41692,2.83,201301091600
41696,1.83,201301091600
41764,1.04,201301091600
41772,2.6,201301091600
41893,1.91,201301091600
41904,1.99,201301091600
41905,1.72,201301091600
41936,2.11,201301091600
41941,0.67,201301091600
41958,2.83,201301091600
41990,1.64,201301091600
42023,1.54,201301091600
42026,1.62,201301091600
42029,1.08,201301091600
42074,1.3,201301091600
42085,2.13,201301091600
42095,2.38,201301091600
42147,1.54,201301091600
42160,1.23,201301091600
42200,2.0,201301091600
42213,0.74,201301091600
42267,0.95,201301091600
42271,2.89,201301091600
42274,1.44,201301091600
42283,2.75,201301091600
42291,2.64,201301091600
42342,1.52,201301091600
42411,2.13,201301091600
42438,0.91,201301091600
42454,2.24,201301091600
42471,1.8,201301091600
42478,1.15,201301091600
42487,2.53,201301091600
42503,0.55,201301091600
42514,2.73,201301091600
42521,1.66,201301091600
42533,2.24,201301091600
42644,2.12,201301091600
42661,1.99,201301091600
42695,0.71,201301091600
42744,2.19,201301091600
42750,2.54,201301091600
42846,2.02,201301091600
42905,2.14,201301091600
42912,1.82,201301091600
42939,2.92,201301091600
42940,0.93,201301091600
42944,1.07,201301091600
42949,1.6,201301091600
43011,0.91,201301091600
43021,1.12,201301091600
43030,2.1,201301091600
43151,0.87,201301091600
43160,2.59,201301091600
43162,2.01,201301091600
43213,2.5,201301091600
43220,2.1,201301091600
43261,0.7,201301091600
43412,2.04,201301091600
43413,2.23,201301091600
43440,2.95,201301091600
43443,1.05,201301091600
43449,0.62,201301091600
43483,2.26,201301091600
43484,1.75,201301091600
43494,2.14,201301091600
43518,1.42,201301091600
43523,1.82,201301091600
43526,0.61,201301091600
43530,1.04,201301091600
43571,1.87,201301091600
43642,2.11,201301091600
43662,1.13,201301091600
43738,1.37,201301091600
43760,1.94,201301091600
43779,2.65,201301091600
43914,1.93,201301091600
43957,1.9,201301091600
43980,1.21,201301091600
43984,1.52,201301091600
43992,0.54,201301091600
43995,1.54,201301091600
44002,1.95,201301091600
44039,1.82,201301091600
44194,2.19,201301091600
44197,1.1,201301091600
44204,2.12,201301091600
44215,0.57,201301091600
44226,2.89,201301091600
44247,2.41,201301091600
44255,0.88,201301091600
44282,0.96,201301091600
44284,1.65,201301091600
44356,2.7,201301091600
44470,2.98,201301091600
44486,0.94,201301091600
44503,1.07,201301091600
44504,2.41,201301091600
44510,0.84,201301091600
44517,1.38,201301091600
44534,0.8,201301091600
44578,2.26,201301091600
44666,1.18,201301091600
44694,1.09,201301091600
44697,0.91,201301091600
44716,1.01,201301091600
44724,1.58,201301091600
44743,0.58,201301091600
44755,1.58,201301091600
44756,2.74,201301091600
44757,1.81,201301091600
44758,1.5,201301091600
44786,1.16,201301091600
44787,1.38,201301091600
44911,2.08,201301091600
44963,0.8,201301091600
45005,2.11,201301091600
45006,2.36,201301091600
45007,0.72,201301091600
45008,2.25,201301091600
45039,2.02,201301091600
45114,2.27,201301091600
45168,0.64,201301091600
45200,2.68,201301091600
45203,0.53,201301091600
45208,1.97,201301091600
45237,1.64,201301091600
45254,1.94,201301091600
45256,1.6,201301091600
45258,1.7,201301091600
45261,1.18,201301091600
45265,2.44,201301091600
45266,2.21,201301091600
45401,1.62,201301091600
45479,2.26,201301091600
45502,0.94,201301091600
45507,2.13,201301091600
45509,1.05,201301091600
45526,2.73,201301091600
45538,1.24,201301091600
45582,0.76,201301091600
45661,1.16,201301091600
45701,0.6,201301091600
45703,1.2,201301091600
45716,1.98,201301091600
45720,0.56,201301091600
45725,2.51,201301091600
45735,0.96,201301091600
45747,1.95,201301091600
45766,2.02,201301091600
45793,0.78,201301091600
45795,2.81,201301091600
45919,2.46,201301091600
45948,1.98,201301091600
46008,0.64,201301091600
46036,1.21,201301091600
46041,0.76,201301091600
46052,2.54,201301091600
46074,2.42,201301091600
46145,1.13,201301091600
46202,1.99,201301091600
46209,1.13,201301091600
46242,1.88,201301091600
46265,0.99,201301091600
46372,0.71,201301091600
46384,1.86,201301091600
46455,1.09,201301091600
46508,1.06,201301091600
46523,0.66,201301091600
46538,2.89,201301091600
46565,2.36,201301091600
46574,0.79,201301091600
46626,2.7,201301091600
46700,2.26,201301091600
46738,0.96,201301091600
46770,0.72,201301091600
46778,0.77,201301091600
46787,1.14,201301091600
46803,1.54,201301091600
46954,1.3,201301091600
46964,2.38,201301091600
46972,1.32,201301091600
46976,2.86,201301091600
46981,1.67,201301091600
47011,0.85,201301091600
47015,2.39,201301091600
47047,0.79,201301091600
47253,1.25,201301091600
47288,2.7,201301091600
47295,1.21,201301091600
47342,0.98,201301091600
47454,2.94,201301091600
47535,2.93,201301091600
47543,2.05,201301091600
47705,1.76,201301091600
47709,2.65,201301091600
47711,2.85,201301091600
47758,0.97,201301091600
47806,0.79,201301091600
47889,0.75,201301091600
47926,1.87,201301091600
47968,2.99,201301091600
47972,2.93,201301091600
47977,1.16,201301091600
47982,2.37,201301091600
48032,1.82,201301091600
48209,0.52,201301091600
48239,2.23,201301091600
48244,1.11,201301091600
48278,0.8,201301091600
48420,1.66,201301091600
48427,1.99,201301091600
48499,2.3,201301091600
48503,2.55,201301091600
48552,1.87,201301091600
48584,2.65,201301091600
48713,2.03,201301091600
48759,1.7,201301091600
48848,1.31,201301091600
48898,1.74,201301091600
49017,0.98,201301091600
49049,0.55,201301091600
49229,2.46,201301091600
49241,1.96,201301091600
49472,2.66,201301091600
49483,0.81,201301091600
49542,2.97,201301091600
49555,1.52,201301091600
49679,1.65,201301091600
49750,2.81,201301091600
49760,2.71,201301091600
49777,2.05,201301091600
49968,0.56,201301091600
50053,1.44,201301091600
50103,2.95,201301091600
50180,0.61,201301091600
50285,1.91,201301091600
50430,2.22,201301091600
50470,1.25,201301091600
50494,2.32,201301091600
50511,1.98,201301091600
50549,2.44,201301091600
50680,1.62,201301091600
50682,1.83,201301091600
50731,2.21,201301091600
50812,0.62,201301091600
50872,0.52,201301091600
51029,2.51,201301091600
51046,2.82,201301091600
51053,1.63,201301091600
51056,2.88,201301091600
51162,2.65,201301091600
51177,1.74,201301091600
51182,0.91,201301091600
51228,2.65,201301091600
51258,0.91,201301091600
51430,2.62,201301091600
51431,2.86,201301091600
51432,1.66,201301091600
51520,0.89,201301091600
51681,2.03,201301091600
51682,0.52,201301091600
51725,2.27,201301091600
51790,0.72,201301091600
51832,1.97,201301091600
51857,1.1,201301091600
51931,0.71,201301091600
51932,2.24,201301091600
51986,1.4,201301091600
52003,1.16,201301091600
52182,1.61,201301091600
52244,1.84,201301091600
52259,2.89,201301091600
52280,0.81,201301091600
52319,2.37,201301091600
52473,0.93,201301091600
52518,2.4,201301091600
52631,2.86,201301091600
52679,1.88,201301091600
52729,1.82,201301091600
52811,2.81,201301091600
52983,1.03,201301091600
52988,1.61,201301091600
52993,0.59,201301091600
53000,0.59,201301091600
53016,1.61,201301091600
53027,2.05,201301091600
53072,1.29,201301091600
53090,1.9,201301091600
53177,0.73,201301091600
53178,2.61,201301091600
53381,2.29,201301091600
53427,1.19,201301091600
53429,1.55,201301091600
53761,1.51,201301091600
53774,2.76,201301091600
53797,0.66,201301091600
53810,2.99,201301091600
53822,2.19,201301091600
53864,0.75,201301091600
53927,0.71,201301091600
54038,0.84,201301091600
54071,2.97,201301091600
54234,1.34,201301091600
54281,0.7,201301091600
54284,2.51,201301091600
54327,1.45,201301091600
54334,1.73,201301091600
54349,1.35,201301091600
54427,1.47,201301091600
54503,1.77,201301091600
54510,2.37,201301091600
54520,0.84,201301091600
54550,2.32,201301091600
54578,1.74,201301091600
54678,2.19,201301091600
54828,1.87,201301091600
54983,0.81,201301091600
54996,2.97,201301091600
55070,1.35,201301091600
55329,0.85,201301091600
55331,1.61,201301091600
55535,2.51,201301091600
55633,2.67,201301091600
55680,1.03,201301091600
55761,2.95,201301091600
55831,2.36,201301091600
55832,1.79,201301091600
55838,1.51,201301091600
55845,0.6,201301091600
56106,2.55,201301091600
56493,2.39,201301091600
56571,2.59,201301091600
56586,0.68,201301091600
56587,0.9,201301091600
56591,1.87,201301091600
56738,1.15,201301091600
56835,0.97,201301091600
56882,1.12,201301091600
56887,2.21,201301091600
56888,0.58,201301091600
56933,1.29,201301091600
56934,2.2,201301091600
57042,1.88,201301091600
57062,1.08,201301091600
57189,0.81,201301091600
57261,0.76,201301091600
57329,0.87,201301091600
57342,2.7,201301091600
57376,0.68,201301091600
57378,0.68,201301091600
57380,0.54,201301091600
57397,2.5,201301091600
57440,1.51,201301091600
57495,2.31,201301091600
57523,2.63,201301091600
57555,2.31,201301091600
57597,1.46,201301091600
57613,1.75,201301091600
57615,0.51,201301091600
57628,2.12,201301091600
57631,0.96,201301091600
57823,1.69,201301091600
57837,2.19,201301091600
57851,1.4,201301091600
57852,2.91,201301091600
57906,1.68,201301091600
58179,1.49,201301091600
58251,1.52,201301091600
58421,2.78,201301091600
58511,1.93,201301091600
58632,1.23,201301091600
58744,1.18,201301091600
58802,2.72,201301091600
58814,2.31,201301091600
58879,2.31,201301091600
58892,2.94,201301091600
59010,1.08,201301091600
59043,2.88,201301091600
59104,2.21,201301091600
59125,2.71,201301091600
59134,1.33,201301091600
59285,2.54,201301091600
59329,2.65,201301091600
59555,0.87,201301091600
59635,0.52,201301091600
59745,0.55,201301091600
59927,2.86,201301091600
59941,1.68,201301091600
60008,0.79,201301091600
60011,0.71,201301091600
60114,0.71,201301091600
60141,1.68,201301091600
60147,0.82,201301091600
60331,2.58,201301091600
60344,1.3,201301091600
60350,2.84,201301091600
60578,2.2,201301091600
60593,2.57,201301091600
60613,2.57,201301091600
60630,2.91,201301091600
60635,1.65,201301091600
60649,1.9,201301091600
60750,2.47,201301091600
60774,2.21,201301091600
60819,2.38,201301091600
60880,0.64,201301091600
60888,1.16,201301091600
61062,2.18,201301091600
61110,0.64,201301091600
61263,2.01,201301091600
61343,1.33,201301091600
61591,1.34,201301091600
61597,1.47,201301091600
61654,0.5,201301091600
61818,2.91,201301091600
62077,2.08,201301091600
62104,2.18,201301091600
62135,0.56,201301091600
62140,1.04,201301091600
62252,1.64,201301091600
62558,2.61,201301091600
62589,2.19,201301091600
62757,2.63,201301091600
62772,1.18,201301091600
62850,0.64,201301091600
62926,1.45,201301091600
62948,2.22,201301091600
63044,0.78,201301091600
63153,1.2,201301091600
63383,1.83,201301091600
63397,2.88,201301091600
63398,1.2,201301091600
63407,0.78,201301091600
63574,2.23,201301091600
63586,1.12,201301091600
63816,1.71,201301091600
64102,2.56,201301091600
64150,2.94,201301091600
64200,2.32,201301091600
64515,2.09,201301091600
64529,1.43,201301091600
64573,1.2,201301091600
64581,2.87,201301091600
64815,2.38,201301091600
64915,2.22,201301091600
65059,1.91,201301091600
65144,2.94,201301091600
65320,1.82,201301091600
65375,2.01,201301091600
65454,2.32,201301091600
65528,2.8,201301091600
65607,1.8,201301091600
65774,1.85,201301091600
65838,2.97,201301091600
66068,1.95,201301091600
66084,0.89,201301091600
66151,2.59,201301091600
66353,0.57,201301091600
66538,0.67,201301091600
66575,2.14,201301091600
66637,2.87,201301091600
66827,1.14,201301091600
66870,2.64,201301091600
67110,2.28,201301091600
67207,2.22,201301091600
67335,0.71,201301091600
67385,2.12,201301091600
67599,0.71,201301091600
67601,1.68,201301091600
67602,1.72,201301091600
67698,2.67,201301091600
67824,2.78,201301091600
67842,0.55,201301091600
67854,2.76,201301091600
67855,0.91,201301091600
67918,2.87,201301091600
68103,1.84,201301091600
68104,1.71,201301091600
68110,2.51,201301091600
68111,2.33,201301091600
68349,2.52,201301091600
68354,1.73,201301091600
68356,2.73,201301091600
68454,2.92,201301091600
68455,0.51,201301091600
68587,2.03,201301091600
68857,0.78,201301091600
68858,1.36,201301091600
68897,0.78,201301091600
68924,1.07,201301091600
68930,2.67,201301091600
69106,0.92,201301091600
69190,2.05,201301091600
69206,1.65,201301091600
69359,1.18,201301091600
69371,1.9,201301091600
69455,0.57,201301091600
69582,1.1,201301091600
69613,2.26,201301091600
69676,1.28,201301091600
70115,1.24,201301091600
70132,2.34,201301091600
70181,0.81,201301091600
70342,1.87,201301091600
70352,0.52,201301091600
70360,0.97,201301091600
70374,1.79,201301091600
70440,0.51,201301091600
70462,2.11,201301091600
70619,2.13,201301091600
70659,1.43,201301091600
70715,0.74,201301091600
70903,0.68,201301091600
70934,2.57,201301091600
70961,0.86,201301091600
71122,1.75,201301091600
71187,0.84,201301091600
71399,1.43,201301091600
71601,0.51,201301091600
71629,1.99,201301091600
71888,2.46,201301091600
71961,1.48,201301091600
71964,2.69,201301091600
72201,0.91,201301091600
72218,1.6,201301091600
72345,1.86,201301091600
72367,1.89,201301091600
72407,2.89,201301091600
72416,2.93,201301091600
72706,1.61,201301091600
72894,1.84,201301091600
73104,0.67,201301091600
73135,1.39,201301091600
73211,0.68,201301091600
73223,1.95,201301091600
73451,1.78,201301091600
73460,2.49,201301091600
73461,0.95,201301091600
73557,2.63,201301091600
73669,0.91,201301091600
74158,1.35,201301091600
74216,1.17,201301091600
74388,1.39,201301091600
74396,2.68,201301091600
74466,1.94,201301091600
74467,2.02,201301091600
74638,1.84,201301091600
74677,0.66,201301091600
74678,2.74,201301091600
74711,2.69,201301091600
74721,1.55,201301091600
74962,2.79,201301091600
74968,2.73,201301091600
74973,2.94,201301091600
75224,2.38,201301091600
75329,0.52,201301091600
75386,1.32,201301091600
75424,1.11,201301091600
75436,0.62,201301091600
75475,2.19,201301091600
75619,2.06,201301091600
75721,2.89,201301091600
75722,1.72,201301091600
75724,1.33,201301091600
75725,0.83,201301091600
75726,1.24,201301091600
75727,1.46,201301091600
75974,2.91,201301091600
75975,1.78,201301091600
76133,0.95,201301091600
76227,2.67,201301091600
76393,2.48,201301091600
76473,2.83,201301091600
76477,2.41,201301091600
76654,2.82,201301091600
76728,1.7,201301091600
76959,2.63,201301091600
77169,1.29,201301091600
77230,0.86,201301091600
77381,0.79,201301091600
77458,2.52,201301091600
77641,2.99,201301091600
77942,2.41,201301091600
77981,0.89,201301091600
78205,0.74,201301091600
78418,1.05,201301091600
78654,2.15,201301091600
78733,2.92,201301091600
78881,0.61,201301091600
78896,2.69,201301091600
78909,1.02,201301091600
78983,2.28,201301091600
79234,0.58,201301091600
79379,2.34,201301091600
79394,2.58,201301091600
79484,1.69,201301091600
79712,1.43,201301091600
79911,1.58,201301091600
79915,2.69,201301091600
80160,2.31,201301091600
80161,1.93,201301091600
80193,2.74,201301091600
80352,1.2,201301091600
80397,1.45,201301091600
80406,2.17,201301091600
80411,2.11,201301091600
80412,1.12,201301091600
80413,2.75,201301091600
80420,0.76,201301091600
80485,2.47,201301091600
80635,1.63,201301091600
80659,1.27,201301091600
80663,0.59,201301091600
80664,0.99,201301091600
80703,1.0,201301091600
80877,1.47,201301091600
80916,1.27,201301091600
81163,2.17,201301091600
81164,0.84,201301091600
81354,1.97,201301091600
81363,1.69,201301091600
81390,0.66,201301091600
81625,2.56,201301091600
81651,1.94,201301091600
81899,2.84,201301091600
82135,2.07,201301091600
82168,0.73,201301091600
82169,1.43,201301091600
82237,2.48,201301091600
82613,0.92,201301091600
82622,1.27,201301091600
82664,2.55,201301091600
82892,1.16,201301091600
82951,0.97,201301091600
83410,2.31,201301091600
83489,1.13,201301091600
83735,1.15,201301091600
83865,2.24,201301091600
84123,1.86,201301091600
84179,0.8,201301091600
84207,0.73,201301091600
84212,1.62,201301091600
84221,2.59,201301091600
84366,2.42,201301091600
84689,1.34,201301091600
84712,2.97,201301091600
84902,1.32,201301091600
85474,2.21,201301091600
85487,2.54,201301091600
85620,2.94,201301091600
85705,1.09,201301091600
85715,1.1,201301091600
85738,1.18,201301091600
86440,1.47,201301091600
86622,1.56,201301091600
86623,1.75,201301091600
86672,0.54,201301091600
86873,1.57,201301091600
86895,2.95,201301091600
87121,0.75,201301091600
87227,1.22,201301091600
87460,2.88,201301091600
87690,1.24,201301091600
87873,2.88,201301091600
88242,0.6,201301091600
88463,1.03,201301091600
89120,0.9,201301091600
89152,2.15,201301091600
89175,2.74,201301091600
89198,2.11,201301091600
89615,0.92,201301091600
89625,0.86,201301091600
90116,2.55,201301091600
90183,1.01,201301091600
90497,0.63,201301091600
90699,2.6,201301091600
90719,2.51,201301091600
91200,1.7,201301091600
91432,2.69,201301091600
91434,2.62,201301091600
91684,2.28,201301091600
91713,0.85,201301091600
91744,1.32,201301091600
92233,2.96,201301091600
93205,2.26,201301091600
93244,1.49,201301091600
93252,1.55,201301091600
93463,0.99,201301091600
93675,2.09,201301091600
93944,3.0,201301091600
94431,1.09,201301091600
94710,2.58,201301091600
94755,1.54,201301091600
94997,0.66,201301091600
95000,0.8,201301091600
95707,1.51,201301091600
95949,2.71,201301091600
95998,0.5,201301091600
96188,2.04,201301091600
96225,2.24,201301091600
96249,1.83,201301091600
96468,2.27,201301091600
96486,2.41,201301091600
96718,2.5,201301091600
96972,1.49,201301091600
96995,1.19,201301091600
97251,0.83,201301091600
97440,2.52,201301091600
97471,2.47,201301091600
97969,2.96,201301091600
97990,1.45,201301091600
98224,0.58,201301091600
98229,1.52,201301091600
98450,1.61,201301091600
98475,1.13,201301091600
98739,1.1,201301091600
99256,0.7,201301091600
99468,0.83,201301091600
99730,0.92,201301091600
101215,1.96,201301091600
101911,2.61,201301091600
101912,1.95,201301091600
101989,2.11,201301091600
102999,2.56,201301091600
103242,0.54,201301091600
103431,2.24,201301091600
104177,1.85,201301091600
104221,0.59,201301091600
104239,1.11,201301091600
104701,2.23,201301091600
104984,2.2,201301091600
105196,1.13,201301091600
105219,1.66,201301091600
105460,1.81,201301091600
105461,2.45,201301091600
105481,1.28,201301091600
105489,0.6,201301091600
105709,1.28,201301091600
105710,1.27,201301091600
105711,2.53,201301091600
105712,2.91,201301091600
105713,0.55,201301091600
105715,0.86,201301091600
105726,0.64,201301091600
105727,0.67,201301091600
105736,1.94,201301091600
105960,2.38,201301091600
105961,2.4,201301091600
105962,1.26,201301091600
105963,0.99,201301091600
105964,1.56,201301091600
105975,0.99,201301091600
106195,1.54,201301091600
106213,0.72,201301091600
106214,0.57,201301091600
106215,1.49,201301091600
106221,1.08,201301091600
106231,0.8,201301091600
106232,2.73,201301091600
106234,2.07,201301091600
106235,2.86,201301091600
106237,1.28,201301091600
106446,1.48,201301091600
106447,2.75,201301091600
106462,1.28,201301091600
106463,2.31,201301091600
106465,1.5,201301091600
106466,2.18,201301091600
106467,0.63,201301091600
106480,1.58,201301091600
106712,1.37,201301091600
106717,1.79,201301091600
106718,1.77,201301091600
106741,1.75,201301091600
106958,2.32,201301091600
106964,2.69,201301091600
106965,1.35,201301091600
106966,2.4,201301091600
106967,0.69,201301091600
106971,1.76,201301091600
106983,0.63,201301091600
106997,0.58,201301091600
107200,1.7,201301091600
107212,1.74,201301091600
107219,1.22,201301091600
107240,0.74,201301091600
107460,2.09,201301091600
107465,2.46,201301091600
107466,1.38,201301091600
107468,2.99,201301091600
107491,0.82,201301091600
107711,1.52,201301091600
107725,1.73,201301091600
107726,2.71,201301091600
107954,1.35,201301091600
107966,0.98,201301091600
107971,0.66,201301091600
107979,2.43,201301091600
107993,1.55,201301091600
108205,0.73,201301091600
108211,0.93,201301091600
108214,2.82,201301091600
108215,0.77,201301091600
108217,2.61,201301091600
108219,0.61,201301091600
108220,0.62,201301091600
108222,2.7,201301091600
108225,2.86,201301091600
108230,0.67,201301091600
108454,2.93,201301091600
108463,1.73,201301091600
108499,1.12,201301091600
108717,2.7,201301091600
108722,0.72,201301091600
108724,1.21,201301091600
108733,1.34,201301091600
108968,0.67,201301091600
108975,2.32,201301091600
108984,1.5,201301091600
108985,2.54,201301091600
109216,1.91,201301091600
109219,0.64,201301091600
109222,2.38,201301091600
109227,1.88,201301091600
109231,2.24,201301091600
109236,1.97,201301091600
109245,2.98,201301091600
109473,1.12,201301091600
109487,1.16,201301091600
109494,1.85,201301091600
109495,2.68,201301091600
109496,2.31,201301091600
109497,1.95,201301091600
109742,1.87,201301091600
109744,1.57,201301091600
109748,0.56,201301091600
109750,1.56,201301091600
109980,2.55,201301091600
109991,2.54,201301091600
109994,2.58,201301091600
109998,1.55,201301091600
110001,2.99,201301091600
110243,2.83,201301091600
110247,2.49,201301091600
110249,1.66,201301091600
110251,1.62,201301091600
110253,1.45,201301091600
110254,1.38,201301091600
