cell,mobility,dtg
1610,1.71,201301120800
1846,2.34,201301120800
1851,2.42,201301120800
1853,1.75,201301120800
1856,0.76,201301120800
1857,2.63,201301120800
2103,0.55,201301120800
2105,2.71,201301120800
2106,1.09,201301120800
2107,0.54,201301120800
2114,1.02,201301120800
2342,0.53,201301120800
2347,0.65,201301120800
2351,0.78,201301120800
2354,2.88,201301120800
2357,2.07,201301120800
2372,2.64,201301120800
2374,2.56,201301120800
2591,0.88,201301120800
2595,2.01,201301120800
2605,2.81,201301120800
2611,2.4,201301120800
2615,0.73,201301120800
2620,2.46,201301120800
2627,2.55,201301120800
2839,2.0,201301120800
2847,1.01,201301120800
3086,1.74,201301120800
3094,2.02,201301120800
3100,1.1,201301120800
3124,0.81,201301120800
3128,0.75,201301120800
3334,2.81,201301120800
3337,0.81,201301120800
3375,1.7,201301120800
3614,1.18,201301120800
3619,1.1,201301120800
3632,0.52,201301120800
3635,1.94,201301120800
3830,0.87,201301120800
3831,1.87,201301120800
3833,2.99,201301120800
3837,2.04,201301120800
3845,1.47,201301120800
3856,0.82,201301120800
3860,1.53,201301120800
3865,1.14,201301120800
4078,0.69,201301120800
4081,0.66,201301120800
4137,2.79,201301120800
4141,1.14,201301120800
4142,2.2,201301120800
4328,1.71,201301120800
4329,2.3,201301120800
4341,2.4,201301120800
4345,0.63,201301120800
4348,1.94,201301120800
4354,2.56,201301120800
4372,1.15,201301120800
4577,1.14,201301120800
4578,2.6,201301120800
4580,1.07,201301120800
4582,1.71,201301120800
4605,0.61,201301120800
4608,2.61,201301120800
4631,2.81,201301120800
4636,2.13,201301120800
4637,0.8,201301120800
4829,2.24,201301120800
4830,1.04,201301120800
4831,2.69,201301120800
4834,1.66,201301120800
4837,1.39,201301120800
4852,0.62,201301120800
4863,1.74,201301120800
4868,0.55,201301120800
4890,2.43,201301120800
4891,2.46,201301120800
5078,1.9,201301120800
5081,1.54,201301120800
5084,1.28,201301120800
5127,2.16,201301120800
5153,2.3,201301120800
5327,2.1,201301120800
5329,1.14,201301120800
5333,0.79,201301120800
5334,1.8,201301120800
5339,2.18,201301120800
5369,0.66,201301120800
5402,2.28,201301120800
5410,2.44,201301120800
5577,0.94,201301120800
5581,2.25,201301120800
5592,2.33,201301120800
5612,0.75,201301120800
5623,2.59,201301120800
5876,0.77,201301120800
5893,0.83,201301120800
5898,1.4,201301120800
6078,2.16,201301120800
6118,0.58,201301120800
6136,0.58,201301120800
6158,2.01,201301120800
6159,1.71,201301120800
6333,0.79,201301120800
6353,0.77,201301120800
6365,0.78,201301120800
6366,1.76,201301120800
6414,2.27,201301120800
6588,2.35,201301120800
6609,0.54,201301120800
6635,1.22,201301120800
6668,0.55,201301120800
6841,2.36,201301120800
6849,2.44,201301120800
6896,2.86,201301120800
6924,1.16,201301120800
6928,2.21,201301120800
6935,2.76,201301120800
6939,1.86,201301120800
7077,1.37,201301120800
7078,2.93,201301120800
7085,1.38,201301120800
7088,2.94,201301120800
7113,0.8,201301120800
7114,2.62,201301120800
7129,2.72,201301120800
7133,1.56,201301120800
7165,2.7,201301120800
7192,2.73,201301120800
7354,2.89,201301120800
7375,2.37,201301120800
7379,1.16,201301120800
7401,0.5,201301120800
7410,2.21,201301120800
7436,1.52,201301120800
7584,0.8,201301120800
7646,0.94,201301120800
7849,2.54,201301120800
7871,0.65,201301120800
7927,2.02,201301120800
7948,0.71,201301120800
8080,1.23,201301120800
8170,0.72,201301120800
8182,1.92,201301120800
8195,2.13,201301120800
8342,1.82,201301120800
8582,1.1,201301120800
8602,2.91,201301120800
8609,0.59,201301120800
8638,1.36,201301120800
8656,2.34,201301120800
8830,0.53,201301120800
8839,0.94,201301120800
8876,1.06,201301120800
8897,2.06,201301120800
8912,0.96,201301120800
8918,1.16,201301120800
8929,2.94,201301120800
8940,1.87,201301120800
8954,2.4,201301120800
9140,1.71,201301120800
9333,2.27,201301120800
9468,0.95,201301120800
9473,1.91,201301120800
9589,0.8,201301120800
9601,1.54,201301120800
9607,2.29,201301120800
9658,2.03,201301120800
9724,2.06,201301120800
9833,1.34,201301120800
10084,2.6,201301120800
10089,2.44,201301120800
10096,1.67,201301120800
10144,0.52,201301120800
10170,1.52,201301120800
10181,2.22,201301120800
10189,1.66,201301120800
10201,2.39,201301120800
10334,2.87,201301120800
10335,2.01,201301120800
10383,2.11,201301120800
10414,1.82,201301120800
10444,1.61,201301120800
10458,2.11,201301120800
10477,2.15,201301120800
10586,2.09,201301120800
10601,1.47,201301120800
10609,2.66,201301120800
10616,1.97,201301120800
10633,2.54,201301120800
10655,1.04,201301120800
10665,1.58,201301120800
10681,1.2,201301120800
10717,2.3,201301120800
10835,2.23,201301120800
10837,2.77,201301120800
10847,2.62,201301120800
10903,1.88,201301120800
10911,2.53,201301120800
10918,0.71,201301120800
10973,2.74,201301120800
11087,0.79,201301120800
11092,2.8,201301120800
11128,2.96,201301120800
11222,1.8,201301120800
11223,2.86,201301120800
11225,0.61,201301120800
11238,1.09,201301120800
11361,2.12,201301120800
11393,2.91,201301120800
11424,2.31,201301120800
11601,2.06,201301120800
11682,2.56,201301120800
11704,2.02,201301120800
11858,1.96,201301120800
11884,1.62,201301120800
11901,1.5,201301120800
11946,1.02,201301120800
11960,0.93,201301120800
11972,2.95,201301120800
12089,2.73,201301120800
12090,0.75,201301120800
12096,1.65,201301120800
12120,1.44,201301120800
12157,1.47,201301120800
12230,2.1,201301120800
12383,0.73,201301120800
12431,2.88,201301120800
12601,2.93,201301120800
12625,1.89,201301120800
12632,1.24,201301120800
12842,2.01,201301120800
12875,2.44,201301120800
12901,2.17,201301120800
12913,0.92,201301120800
12933,1.43,201301120800
12934,2.2,201301120800
12985,0.72,201301120800
13099,1.13,201301120800
13114,0.88,201301120800
13150,2.91,201301120800
13175,1.73,201301120800
13183,2.09,201301120800
13222,1.83,201301120800
13358,0.97,201301120800
13444,1.98,201301120800
13455,2.91,201301120800
13456,1.14,201301120800
13670,1.37,201301120800
13694,1.91,201301120800
13845,2.53,201301120800
13849,1.93,201301120800
14011,2.61,201301120800
14095,2.04,201301120800
14133,1.81,201301120800
14161,2.8,201301120800
14167,2.57,201301120800
14184,2.79,201301120800
14241,2.32,201301120800
14255,2.81,201301120800
14349,2.75,201301120800
14350,2.28,201301120800
14375,2.68,201301120800
14452,1.89,201301120800
14475,1.9,201301120800
14620,0.83,201301120800
14673,2.3,201301120800
14745,2.54,201301120800
14859,2.3,201301120800
14936,2.57,201301120800
14995,1.53,201301120800
15097,2.54,201301120800
15098,1.8,201301120800
15246,2.24,201301120800
15349,1.36,201301120800
15440,2.23,201301120800
15600,1.96,201301120800
15656,1.26,201301120800
15672,1.23,201301120800
15699,1.87,201301120800
15714,0.8,201301120800
15725,1.58,201301120800
15744,1.55,201301120800
15849,1.19,201301120800
15850,0.91,201301120800
15851,2.06,201301120800
15853,1.03,201301120800
15871,1.03,201301120800
16100,0.79,201301120800
16105,2.23,201301120800
16114,2.93,201301120800
16171,0.84,201301120800
16184,2.91,201301120800
16400,1.86,201301120800
16414,2.51,201301120800
16601,1.02,201301120800
16604,2.35,201301120800
16625,1.46,201301120800
16670,0.81,201301120800
16853,0.55,201301120800
16868,1.22,201301120800
16932,2.01,201301120800
17232,0.77,201301120800
17355,0.77,201301120800
17358,2.66,201301120800
17367,1.11,201301120800
17635,1.09,201301120800
17673,2.15,201301120800
17681,1.74,201301120800
17884,2.89,201301120800
17984,2.6,201301120800
18108,2.64,201301120800
18115,1.37,201301120800
18118,0.6,201301120800
18123,2.28,201301120800
18139,1.32,201301120800
18154,2.63,201301120800
18160,1.39,201301120800
18177,2.86,201301120800
18185,2.0,201301120800
18383,1.34,201301120800
18404,1.69,201301120800
18427,1.15,201301120800
18466,0.78,201301120800
18616,2.49,201301120800
18629,2.21,201301120800
18861,1.68,201301120800
18866,2.81,201301120800
18925,1.83,201301120800
19110,1.91,201301120800
19112,1.43,201301120800
19114,2.95,201301120800
19122,1.49,201301120800
19360,2.78,201301120800
19443,1.2,201301120800
19481,1.19,201301120800
19611,2.13,201301120800
19612,2.27,201301120800
19618,0.79,201301120800
19633,1.66,201301120800
19678,0.58,201301120800
19878,1.26,201301120800
19913,1.31,201301120800
20113,1.09,201301120800
20114,1.22,201301120800
20116,2.59,201301120800
20170,0.58,201301120800
20363,2.04,201301120800
20387,2.43,201301120800
20396,0.63,201301120800
20436,2.61,201301120800
20616,0.87,201301120800
20621,0.68,201301120800
20628,0.85,201301120800
20651,1.33,201301120800
20671,1.34,201301120800
20682,1.9,201301120800
20864,1.42,201301120800
20882,0.61,201301120800
20931,2.26,201301120800
20995,0.67,201301120800
21115,2.58,201301120800
21118,1.5,201301120800
21201,2.52,201301120800
21373,2.23,201301120800
21377,2.05,201301120800
21392,2.61,201301120800
21407,1.31,201301120800
21428,2.4,201301120800
21448,2.64,201301120800
21617,2.36,201301120800
21619,0.86,201301120800
21639,2.48,201301120800
21658,0.64,201301120800
21663,3.0,201301120800
21701,2.62,201301120800
21721,0.76,201301120800
21868,2.97,201301120800
21871,1.14,201301120800
21999,0.52,201301120800
22126,2.43,201301120800
22133,1.1,201301120800
22174,2.85,201301120800
22176,1.7,201301120800
22205,0.63,201301120800
22368,2.3,201301120800
22395,1.57,201301120800
22419,2.14,201301120800
22420,1.63,201301120800
22421,2.45,201301120800
22422,2.41,201301120800
22619,2.19,201301120800
22630,2.21,201301120800
22634,0.56,201301120800
22671,2.56,201301120800
22673,0.87,201301120800
22700,2.24,201301120800
22751,1.64,201301120800
22768,0.5,201301120800
22869,1.56,201301120800
22877,2.68,201301120800
22928,1.87,201301120800
22940,2.94,201301120800
22955,2.62,201301120800
22963,0.8,201301120800
22966,2.28,201301120800
23120,1.62,201301120800
23124,0.54,201301120800
23125,2.32,201301120800
23131,1.4,201301120800
23138,1.72,201301120800
23169,2.81,201301120800
23194,2.95,201301120800
23216,2.97,201301120800
23370,0.72,201301120800
23371,0.71,201301120800
23379,1.23,201301120800
23386,2.1,201301120800
23388,2.62,201301120800
23427,2.82,201301120800
23621,1.93,201301120800
23627,2.88,201301120800
23635,0.71,201301120800
23641,0.8,201301120800
23662,0.63,201301120800
23669,0.51,201301120800
23690,1.6,201301120800
23744,2.44,201301120800
23750,1.02,201301120800
23872,1.98,201301120800
23873,1.69,201301120800
23875,1.63,201301120800
23881,1.7,201301120800
23894,2.04,201301120800
23896,0.77,201301120800
23907,1.81,201301120800
23925,0.51,201301120800
23973,2.85,201301120800
24005,2.64,201301120800
24009,2.94,201301120800
24032,1.93,201301120800
24122,2.55,201301120800
24123,2.66,201301120800
24149,1.71,201301120800
24247,0.68,201301120800
24251,1.61,201301120800
24265,2.21,201301120800
24266,2.51,201301120800
24373,1.83,201301120800
24374,1.54,201301120800
24380,0.85,201301120800
24381,1.18,201301120800
24383,0.62,201301120800
24387,1.45,201301120800
24402,1.28,201301120800
24405,2.44,201301120800
24423,2.4,201301120800
24623,2.73,201301120800
24626,2.55,201301120800
24643,2.56,201301120800
24732,2.04,201301120800
24734,2.08,201301120800
24739,2.63,201301120800
24774,1.82,201301120800
24775,1.86,201301120800
24781,2.82,201301120800
24837,0.54,201301120800
24874,2.9,201301120800
24877,0.59,201301120800
24879,1.68,201301120800
24880,2.3,201301120800
24895,1.56,201301120800
24920,1.58,201301120800
24990,0.66,201301120800
24991,0.63,201301120800
24993,0.56,201301120800
25124,0.79,201301120800
25125,0.9,201301120800
25126,2.8,201301120800
25129,0.65,201301120800
25130,2.34,201301120800
25132,1.7,201301120800
25136,2.66,201301120800
25138,2.29,201301120800
25141,2.77,201301120800
25179,2.28,201301120800
25187,0.97,201301120800
25375,0.57,201301120800
25376,2.69,201301120800
25377,1.48,201301120800
25379,2.21,201301120800
25385,1.06,201301120800
25395,2.77,201301120800
25400,1.51,201301120800
25405,1.09,201301120800
25412,2.16,201301120800
25427,2.32,201301120800
25626,1.81,201301120800
25627,2.77,201301120800
25628,0.58,201301120800
25629,2.92,201301120800
25632,1.33,201301120800
25633,1.02,201301120800
25642,1.0,201301120800
25715,0.62,201301120800
25747,1.57,201301120800
25763,2.42,201301120800
25876,2.96,201301120800
25877,1.97,201301120800
25878,0.53,201301120800
25881,0.86,201301120800
25882,2.51,201301120800
25886,1.6,201301120800
25888,2.31,201301120800
25926,1.49,201301120800
25997,2.07,201301120800
26005,0.76,201301120800
26035,1.22,201301120800
26127,1.48,201301120800
26129,1.19,201301120800
26130,2.6,201301120800
26133,0.8,201301120800
26135,1.6,201301120800
26136,1.57,201301120800
26138,1.11,201301120800
26139,1.23,201301120800
26141,0.5,201301120800
26148,2.4,201301120800
26168,2.11,201301120800
26378,1.34,201301120800
26379,2.57,201301120800
26380,2.39,201301120800
26381,0.88,201301120800
26382,1.08,201301120800
26383,2.24,201301120800
26385,1.97,201301120800
26386,1.91,201301120800
26387,1.03,201301120800
26389,2.61,201301120800
26391,1.45,201301120800
26392,0.57,201301120800
26393,0.71,201301120800
26396,0.61,201301120800
26403,0.69,201301120800
26408,2.8,201301120800
26427,2.62,201301120800
26450,2.35,201301120800
26492,1.26,201301120800
26546,2.27,201301120800
26563,1.24,201301120800
26564,1.33,201301120800
26628,1.27,201301120800
26629,1.23,201301120800
26630,1.11,201301120800
26631,1.42,201301120800
26633,2.94,201301120800
26634,1.04,201301120800
26656,2.69,201301120800
26674,1.62,201301120800
26708,2.89,201301120800
26752,0.84,201301120800
26754,0.59,201301120800
26755,2.52,201301120800
26782,0.79,201301120800
26846,1.14,201301120800
26879,1.63,201301120800
26880,0.98,201301120800
26881,2.41,201301120800
26882,2.82,201301120800
26883,2.49,201301120800
26884,0.89,201301120800
26885,2.33,201301120800
26886,1.05,201301120800
26887,1.44,201301120800
26889,2.47,201301120800
26890,0.95,201301120800
26891,1.31,201301120800
26892,2.02,201301120800
26893,2.31,201301120800
26894,1.47,201301120800
26895,2.41,201301120800
26897,2.47,201301120800
26905,2.5,201301120800
26938,1.43,201301120800
26964,2.41,201301120800
27006,2.74,201301120800
27042,2.73,201301120800
27098,2.17,201301120800
27130,0.74,201301120800
27131,2.83,201301120800
27132,0.88,201301120800
27133,2.2,201301120800
27134,2.07,201301120800
27135,1.91,201301120800
27136,2.77,201301120800
27137,1.2,201301120800
27138,2.61,201301120800
27142,2.52,201301120800
27143,0.65,201301120800
27145,2.02,201301120800
27148,1.23,201301120800
27149,1.46,201301120800
27152,1.9,201301120800
27155,1.19,201301120800
27175,2.26,201301120800
27209,1.84,201301120800
27247,1.99,201301120800
27381,2.8,201301120800
27382,2.97,201301120800
27383,1.67,201301120800
27384,1.64,201301120800
27386,1.91,201301120800
27387,0.57,201301120800
27388,0.67,201301120800
27389,1.04,201301120800
27390,2.85,201301120800
27392,0.63,201301120800
27395,2.02,201301120800
27404,0.82,201301120800
27415,2.49,201301120800
27427,2.86,201301120800
27489,0.83,201301120800
27494,0.5,201301120800
27498,1.59,201301120800
27518,0.78,201301120800
27632,1.63,201301120800
27633,1.02,201301120800
27634,0.56,201301120800
27635,0.9,201301120800
27636,0.92,201301120800
27637,0.95,201301120800
27638,2.08,201301120800
27639,2.98,201301120800
27640,2.43,201301120800
27642,1.49,201301120800
27643,1.6,201301120800
27645,0.78,201301120800
27646,2.39,201301120800
27647,1.3,201301120800
27649,2.23,201301120800
27654,1.35,201301120800
27763,0.89,201301120800
27764,2.59,201301120800
27796,0.85,201301120800
27797,1.03,201301120800
27883,1.49,201301120800
27884,1.98,201301120800
27885,1.32,201301120800
27886,2.15,201301120800
27887,1.44,201301120800
27888,1.99,201301120800
27889,0.85,201301120800
27890,0.78,201301120800
27891,1.66,201301120800
27892,1.12,201301120800
27894,0.96,201301120800
27895,0.88,201301120800
27897,1.69,201301120800
27902,1.49,201301120800
27908,2.84,201301120800
27911,1.89,201301120800
27930,0.57,201301120800
27971,0.92,201301120800
28004,2.42,201301120800
28015,1.38,201301120800
28049,2.85,201301120800
28102,1.88,201301120800
28134,1.83,201301120800
28135,3.0,201301120800
28136,3.0,201301120800
28137,2.82,201301120800
28138,1.07,201301120800
28139,1.73,201301120800
28140,2.44,201301120800
28142,1.93,201301120800
28143,0.74,201301120800
28144,0.65,201301120800
28146,2.33,201301120800
28154,0.55,201301120800
28156,1.51,201301120800
28216,0.82,201301120800
28239,1.33,201301120800
28384,2.76,201301120800
28385,0.65,201301120800
28386,0.84,201301120800
28387,2.6,201301120800
28388,0.96,201301120800
28389,1.54,201301120800
28390,1.72,201301120800
28391,1.51,201301120800
28392,0.77,201301120800
28393,2.46,201301120800
28394,1.86,201301120800
28396,1.05,201301120800
28397,2.79,201301120800
28400,2.73,201301120800
28401,1.84,201301120800
28405,0.99,201301120800
28427,2.18,201301120800
28467,0.56,201301120800
28496,1.53,201301120800
28497,1.1,201301120800
28519,0.5,201301120800
28535,2.69,201301120800
28539,1.43,201301120800
28545,1.24,201301120800
28557,2.62,201301120800
28635,2.76,201301120800
28636,1.04,201301120800
28637,1.75,201301120800
28638,0.84,201301120800
28639,2.25,201301120800
28640,2.33,201301120800
28641,0.51,201301120800
28642,1.66,201301120800
28643,2.23,201301120800
28644,2.94,201301120800
28645,0.63,201301120800
28646,1.07,201301120800
28649,1.93,201301120800
28658,2.19,201301120800
28667,1.78,201301120800
28675,0.5,201301120800
28751,2.72,201301120800
28753,1.7,201301120800
28754,0.84,201301120800
28788,2.01,201301120800
28812,2.26,201301120800
28823,1.72,201301120800
28886,0.68,201301120800
28887,0.79,201301120800
28888,1.14,201301120800
28889,1.81,201301120800
28890,1.98,201301120800
28891,1.1,201301120800
28892,1.77,201301120800
28893,2.14,201301120800
28894,0.66,201301120800
28895,3.0,201301120800
28896,2.39,201301120800
28897,1.9,201301120800
28899,1.81,201301120800
28900,2.37,201301120800
28901,2.12,201301120800
28902,0.55,201301120800
28905,2.72,201301120800
28912,0.62,201301120800
28960,2.45,201301120800
28969,1.54,201301120800
29004,0.92,201301120800
29012,0.59,201301120800
29026,2.57,201301120800
29068,0.51,201301120800
29076,1.47,201301120800
29088,2.55,201301120800
29094,2.26,201301120800
29136,1.64,201301120800
29137,2.12,201301120800
29138,1.81,201301120800
29139,1.09,201301120800
29140,2.29,201301120800
29141,1.96,201301120800
29142,2.43,201301120800
29143,0.99,201301120800
29144,0.69,201301120800
29146,1.93,201301120800
29147,1.99,201301120800
29148,2.25,201301120800
29149,1.35,201301120800
29151,1.77,201301120800
29158,2.08,201301120800
29165,0.89,201301120800
29171,1.57,201301120800
29190,0.86,201301120800
29247,2.54,201301120800
29387,2.47,201301120800
29388,2.33,201301120800
29389,2.97,201301120800
29390,2.08,201301120800
29391,1.98,201301120800
29392,0.53,201301120800
29393,1.55,201301120800
29394,1.12,201301120800
29395,1.92,201301120800
29396,1.42,201301120800
29397,0.8,201301120800
29398,0.63,201301120800
29399,2.32,201301120800
29401,0.8,201301120800
29402,1.71,201301120800
29403,2.12,201301120800
29405,1.48,201301120800
29409,1.82,201301120800
29425,1.45,201301120800
29429,2.43,201301120800
29495,2.62,201301120800
29498,2.9,201301120800
29533,2.05,201301120800
29556,0.94,201301120800
29638,2.66,201301120800
29639,0.81,201301120800
29640,1.17,201301120800
29641,1.2,201301120800
29642,1.45,201301120800
29643,2.39,201301120800
29644,1.51,201301120800
29645,0.88,201301120800
29648,0.96,201301120800
29649,2.21,201301120800
29650,1.83,201301120800
29654,0.91,201301120800
29663,1.85,201301120800
29670,2.29,201301120800
29710,1.4,201301120800
29730,1.22,201301120800
29733,0.87,201301120800
29736,1.25,201301120800
29766,1.74,201301120800
29891,2.93,201301120800
29892,1.73,201301120800
29893,2.23,201301120800
29894,1.02,201301120800
29895,2.29,201301120800
29896,0.74,201301120800
29897,1.89,201301120800
29898,0.97,201301120800
29900,2.78,201301120800
29903,1.89,201301120800
29906,1.25,201301120800
29909,1.83,201301120800
29912,1.72,201301120800
29917,1.54,201301120800
29925,0.55,201301120800
29966,0.51,201301120800
30021,2.09,201301120800
30026,0.8,201301120800
30036,2.29,201301120800
30142,1.67,201301120800
30143,2.37,201301120800
30144,2.85,201301120800
30145,0.72,201301120800
30146,1.79,201301120800
30147,1.63,201301120800
30148,2.92,201301120800
30152,0.67,201301120800
30154,1.53,201301120800
30157,2.98,201301120800
30158,0.59,201301120800
30181,1.67,201301120800
30242,0.61,201301120800
30243,2.4,201301120800
30244,2.73,201301120800
30261,1.6,201301120800
30300,2.89,201301120800
30322,1.75,201301120800
30393,1.17,201301120800
30394,1.91,201301120800
30395,2.38,201301120800
30396,1.63,201301120800
30397,1.78,201301120800
30398,1.59,201301120800
30400,0.79,201301120800
30401,0.73,201301120800
30403,2.63,201301120800
30407,2.83,201301120800
30410,2.72,201301120800
30420,2.15,201301120800
30430,0.67,201301120800
30434,1.39,201301120800
30439,2.82,201301120800
30481,0.73,201301120800
30489,2.42,201301120800
30494,2.35,201301120800
30495,1.48,201301120800
30496,2.44,201301120800
30645,1.17,201301120800
30646,0.55,201301120800
30647,1.95,201301120800
30648,1.23,201301120800
30649,2.52,201301120800
30650,2.82,201301120800
30651,2.86,201301120800
30652,1.24,201301120800
30653,1.9,201301120800
30654,0.75,201301120800
30661,2.91,201301120800
30664,1.46,201301120800
30666,0.57,201301120800
30669,1.02,201301120800
30673,2.53,201301120800
30683,0.87,201301120800
30745,2.12,201301120800
30750,1.24,201301120800
30777,0.77,201301120800
30780,2.34,201301120800
30812,0.69,201301120800
30897,2.08,201301120800
30898,0.82,201301120800
30899,1.56,201301120800
30900,1.3,201301120800
30901,0.96,201301120800
30902,2.66,201301120800
30903,2.84,201301120800
30904,2.84,201301120800
30908,1.55,201301120800
30909,1.5,201301120800
30912,2.93,201301120800
30913,2.93,201301120800
30928,1.2,201301120800
30953,1.47,201301120800
30979,2.6,201301120800
30994,1.47,201301120800
30995,0.6,201301120800
31027,0.69,201301120800
31028,2.92,201301120800
31029,2.35,201301120800
31082,2.17,201301120800
31148,1.31,201301120800
31149,2.2,201301120800
31150,2.52,201301120800
31151,0.79,201301120800
31152,2.26,201301120800
31156,1.57,201301120800
31157,0.77,201301120800
31161,1.24,201301120800
31166,1.93,201301120800
31172,2.53,201301120800
31274,1.93,201301120800
31281,1.89,201301120800
31369,2.96,201301120800
31398,0.62,201301120800
31401,2.58,201301120800
31407,1.23,201301120800
31408,1.39,201301120800
31409,0.73,201301120800
31410,1.68,201301120800
31413,1.26,201301120800
31419,1.46,201301120800
31427,1.71,201301120800
31457,0.91,201301120800
31466,2.08,201301120800
31651,2.28,201301120800
31652,2.06,201301120800
31656,1.85,201301120800
31660,0.95,201301120800
31663,2.4,201301120800
31666,1.31,201301120800
31675,1.49,201301120800
31738,1.06,201301120800
31754,1.53,201301120800
31782,0.61,201301120800
31903,2.17,201301120800
31904,0.7,201301120800
31905,2.06,201301120800
31906,0.56,201301120800
31908,0.82,201301120800
31912,1.55,201301120800
31921,1.38,201301120800
31928,2.25,201301120800
31949,2.28,201301120800
32028,1.58,201301120800
32032,1.86,201301120800
32045,2.67,201301120800
32150,1.34,201301120800
32155,0.8,201301120800
32157,2.5,201301120800
32161,1.21,201301120800
32162,1.51,201301120800
32167,2.95,201301120800
32169,2.66,201301120800
32175,1.54,201301120800
32182,0.58,201301120800
32185,2.69,201301120800
32195,2.09,201301120800
32235,0.96,201301120800
32404,2.63,201301120800
32405,2.87,201301120800
32410,2.15,201301120800
32411,2.7,201301120800
32415,2.23,201301120800
32449,1.78,201301120800
32490,2.21,201301120800
32558,0.59,201301120800
32622,1.5,201301120800
32656,0.58,201301120800
32658,2.06,201301120800
32660,2.7,201301120800
32662,2.4,201301120800
32668,1.0,201301120800
32682,2.54,201301120800
32697,1.06,201301120800
32712,2.23,201301120800
32729,2.72,201301120800
32739,1.38,201301120800
32742,1.5,201301120800
32744,1.46,201301120800
32802,1.66,201301120800
32834,3.0,201301120800
32905,2.46,201301120800
32907,1.18,201301120800
32912,0.96,201301120800
32916,2.26,201301120800
32922,1.07,201301120800
32924,2.82,201301120800
32926,1.78,201301120800
32929,1.68,201301120800
32977,2.27,201301120800
32978,0.76,201301120800
33154,0.8,201301120800
33158,1.03,201301120800
33160,1.83,201301120800
33165,0.73,201301120800
33170,2.69,201301120800
33186,0.99,201301120800
33286,2.21,201301120800
33405,0.64,201301120800
33409,2.97,201301120800
33412,1.86,201301120800
33418,2.4,201301120800
33420,0.99,201301120800
33424,2.35,201301120800
33435,1.64,201301120800
33442,0.62,201301120800
33519,1.89,201301120800
33594,0.91,201301120800
33656,2.18,201301120800
33659,2.35,201301120800
33662,1.16,201301120800
33664,1.95,201301120800
33666,1.1,201301120800
33669,0.59,201301120800
33673,1.43,201301120800
33675,2.45,201301120800
33694,2.44,201301120800
33724,1.58,201301120800
33742,1.52,201301120800
33812,1.37,201301120800
33909,0.55,201301120800
33911,2.83,201301120800
33912,1.64,201301120800
33913,0.9,201301120800
33922,2.79,201301120800
33923,1.12,201301120800
33924,1.65,201301120800
33931,2.55,201301120800
33935,1.39,201301120800
33986,1.18,201301120800
34013,2.67,201301120800
34160,0.65,201301120800
34161,2.3,201301120800
34162,1.64,201301120800
34163,2.98,201301120800
34167,1.42,201301120800
34190,0.58,201301120800
34211,0.77,201301120800
34303,2.49,201301120800
34380,1.77,201301120800
34407,2.14,201301120800
34413,0.72,201301120800
34423,1.65,201301120800
34424,1.76,201301120800
34427,1.54,201301120800
34430,0.56,201301120800
34437,1.86,201301120800
34440,1.52,201301120800
34486,2.41,201301120800
34495,2.59,201301120800
34510,2.16,201301120800
34520,2.38,201301120800
34528,2.01,201301120800
34563,1.94,201301120800
34662,0.86,201301120800
34667,1.86,201301120800
34668,2.46,201301120800
34670,2.66,201301120800
34672,0.8,201301120800
34673,1.91,201301120800
34676,1.34,201301120800
34679,1.16,201301120800
34682,1.24,201301120800
34695,1.52,201301120800
34710,1.53,201301120800
34714,2.67,201301120800
34720,2.2,201301120800
34882,2.22,201301120800
34913,2.75,201301120800
34914,2.46,201301120800
34915,2.27,201301120800
34924,1.6,201301120800
34925,1.1,201301120800
34934,2.4,201301120800
34939,1.72,201301120800
34959,0.91,201301120800
34990,2.89,201301120800
35102,2.25,201301120800
35164,1.98,201301120800
35166,2.93,201301120800
35173,2.36,201301120800
35178,1.2,201301120800
35183,1.0,201301120800
35185,1.7,201301120800
35187,1.06,201301120800
35193,1.27,201301120800
35203,2.12,201301120800
35218,1.43,201301120800
35237,1.8,201301120800
35244,2.85,201301120800
35249,1.21,201301120800
35295,2.63,201301120800
35368,0.9,201301120800
35410,1.45,201301120800
35414,1.64,201301120800
35415,2.73,201301120800
35417,2.02,201301120800
35421,2.01,201301120800
35440,1.82,201301120800
35455,2.71,201301120800
35492,2.1,201301120800
35515,1.37,201301120800
35665,2.73,201301120800
35675,0.95,201301120800
35683,1.38,201301120800
35686,2.92,201301120800
35700,2.08,201301120800
35745,2.4,201301120800
35755,2.25,201301120800
35769,1.52,201301120800
35916,1.83,201301120800
35917,1.04,201301120800
35918,1.75,201301120800
35919,2.53,201301120800
35921,2.07,201301120800
35929,1.15,201301120800
35931,2.91,201301120800
35941,1.62,201301120800
35944,2.82,201301120800
35971,1.91,201301120800
35981,2.39,201301120800
35992,0.82,201301120800
35994,2.68,201301120800
36067,1.01,201301120800
36162,0.53,201301120800
36167,0.58,201301120800
36169,2.27,201301120800
36170,1.25,201301120800
36173,2.81,201301120800
36176,2.62,201301120800
36177,2.11,201301120800
36205,2.64,201301120800
36237,1.22,201301120800
36245,2.25,201301120800
36246,2.26,201301120800
36293,1.67,201301120800
36311,0.93,201301120800
36417,2.43,201301120800
36420,1.36,201301120800
36421,2.94,201301120800
36441,1.3,201301120800
36448,0.8,201301120800
36494,0.99,201301120800
36498,1.4,201301120800
36502,1.1,201301120800
36510,1.56,201301120800
36513,1.54,201301120800
36519,2.62,201301120800
36524,1.0,201301120800
36576,1.0,201301120800
36668,0.52,201301120800
36673,1.88,201301120800
36675,2.36,201301120800
36677,0.86,201301120800
36679,0.7,201301120800
36682,2.78,201301120800
36688,2.53,201301120800
36690,2.25,201301120800
36711,1.33,201301120800
36717,2.13,201301120800
36758,0.63,201301120800
36889,2.71,201301120800
36915,2.88,201301120800
36918,2.68,201301120800
36933,1.92,201301120800
36934,0.65,201301120800
36953,1.57,201301120800
36959,2.12,201301120800
36996,1.57,201301120800
36999,0.73,201301120800
37001,2.72,201301120800
37167,1.05,201301120800
37168,1.39,201301120800
37169,2.82,201301120800
37172,2.67,201301120800
37176,2.33,201301120800
37178,1.65,201301120800
37179,1.28,201301120800
37182,2.1,201301120800
37192,2.48,201301120800
37200,2.28,201301120800
37206,0.58,201301120800
37232,2.43,201301120800
37239,1.42,201301120800
37270,2.06,201301120800
37298,1.38,201301120800
37304,1.88,201301120800
37419,2.75,201301120800
37421,1.76,201301120800
37423,2.97,201301120800
37425,1.91,201301120800
37446,2.26,201301120800
37454,1.98,201301120800
37477,1.0,201301120800
37487,1.82,201301120800
37501,2.11,201301120800
37503,1.59,201301120800
37513,0.83,201301120800
37523,2.58,201301120800
37562,1.07,201301120800
37609,1.24,201301120800
37642,2.0,201301120800
37643,0.53,201301120800
37670,0.68,201301120800
37671,1.4,201301120800
37672,0.61,201301120800
37676,2.94,201301120800
37688,1.44,201301120800
37689,2.27,201301120800
37690,2.98,201301120800
37695,1.57,201301120800
37701,2.94,201301120800
37710,1.12,201301120800
37711,2.71,201301120800
37754,2.9,201301120800
37874,1.49,201301120800
37891,1.59,201301120800
37893,2.32,201301120800
37894,1.47,201301120800
37926,0.74,201301120800
37928,2.24,201301120800
37929,1.22,201301120800
37932,2.56,201301120800
37936,2.48,201301120800
37943,2.18,201301120800
37952,1.43,201301120800
37962,2.81,201301120800
37968,1.09,201301120800
38003,2.13,201301120800
38060,2.52,201301120800
38145,1.83,201301120800
38172,1.68,201301120800
38173,2.85,201301120800
38178,2.22,201301120800
38200,2.41,201301120800
38204,0.54,201301120800
38209,0.63,201301120800
38215,1.04,201301120800
38220,2.85,201301120800
38225,2.63,201301120800
38228,0.87,201301120800
38230,1.47,201301120800
38243,1.06,201301120800
38247,2.32,201301120800
38255,1.27,201301120800
38263,0.64,201301120800
38268,0.53,201301120800
38272,1.87,201301120800
38367,0.66,201301120800
38381,0.95,201301120800
38423,2.8,201301120800
38425,2.51,201301120800
38426,2.43,201301120800
38431,1.23,201301120800
38440,2.51,201301120800
38479,1.16,201301120800
38481,1.92,201301120800
38483,2.65,201301120800
38488,1.89,201301120800
38490,0.9,201301120800
38498,0.56,201301120800
38499,2.73,201301120800
38500,1.99,201301120800
38505,2.26,201301120800
38506,1.4,201301120800
38508,1.83,201301120800
38517,2.19,201301120800
38534,1.96,201301120800
38648,1.36,201301120800
38674,0.7,201301120800
38676,1.8,201301120800
38679,2.15,201301120800
38684,2.38,201301120800
38693,2.4,201301120800
38697,1.06,201301120800
38716,2.02,201301120800
38722,1.18,201301120800
38736,2.69,201301120800
38738,1.03,201301120800
38752,1.7,201301120800
38753,1.51,201301120800
38758,1.05,201301120800
38760,1.47,201301120800
38761,1.93,201301120800
38762,2.41,201301120800
38766,1.7,201301120800
38769,2.73,201301120800
38778,2.3,201301120800
38812,1.41,201301120800
38939,1.43,201301120800
38953,1.97,201301120800
38958,2.74,201301120800
38967,1.5,201301120800
39006,2.27,201301120800
39008,1.16,201301120800
39010,1.57,201301120800
39011,1.84,201301120800
39017,1.52,201301120800
39113,0.97,201301120800
39148,1.44,201301120800
39149,1.92,201301120800
39176,1.71,201301120800
39178,2.43,201301120800
39191,1.67,201301120800
39201,0.79,201301120800
39230,2.67,201301120800
39236,1.99,201301120800
39246,2.77,201301120800
39252,2.29,201301120800
39255,2.36,201301120800
39260,0.79,201301120800
39262,0.55,201301120800
39263,1.14,201301120800
39268,2.58,201301120800
39269,1.93,201301120800
39271,0.9,201301120800
39274,1.55,201301120800
39275,2.35,201301120800
39375,1.34,201301120800
39391,1.12,201301120800
39427,2.09,201301120800
39428,2.21,201301120800
39430,1.22,201301120800
39433,0.6,201301120800
39446,1.13,201301120800
39457,0.77,201301120800
39514,1.45,201301120800
39515,1.36,201301120800
39516,0.59,201301120800
39517,0.74,201301120800
39535,0.78,201301120800
39554,2.4,201301120800
39559,2.76,201301120800
39631,1.95,201301120800
39632,2.19,201301120800
39633,1.66,201301120800
39652,2.5,201301120800
39683,1.99,201301120800
39687,1.48,201301120800
39706,1.65,201301120800
39710,1.25,201301120800
39722,2.48,201301120800
39731,0.9,201301120800
39750,1.1,201301120800
39755,2.96,201301120800
39759,1.18,201301120800
39762,2.83,201301120800
39764,1.31,201301120800
39765,1.55,201301120800
39766,2.02,201301120800
39767,1.47,201301120800
39769,2.43,201301120800
39772,1.81,201301120800
39776,1.89,201301120800
39777,2.92,201301120800
39790,1.27,201301120800
39791,0.54,201301120800
39796,1.1,201301120800
39832,2.38,201301120800
39883,2.05,201301120800
39930,1.75,201301120800
39932,2.67,201301120800
39941,2.01,201301120800
39948,0.9,201301120800
39969,1.07,201301120800
40018,0.62,201301120800
40031,1.96,201301120800
40133,2.43,201301120800
40180,1.31,201301120800
40188,1.07,201301120800
40196,2.75,201301120800
40242,2.58,201301120800
40246,2.83,201301120800
40259,1.01,201301120800
40264,2.66,201301120800
40267,1.95,201301120800
40268,0.57,201301120800
40270,2.73,201301120800
40276,0.74,201301120800
40286,1.54,201301120800
40295,2.2,201301120800
40431,2.85,201301120800
40432,1.88,201301120800
40442,0.98,201301120800
40447,0.55,201301120800
40448,1.03,201301120800
40451,1.9,201301120800
40457,0.91,201301120800
40500,2.62,201301120800
40512,1.84,201301120800
40518,1.33,201301120800
40519,1.58,201301120800
40522,0.7,201301120800
40524,1.43,201301120800
40525,1.45,201301120800
40532,2.57,201301120800
40560,1.64,201301120800
40566,2.72,201301120800
40633,2.96,201301120800
40687,0.69,201301120800
40713,0.73,201301120800
40719,1.85,201301120800
40732,1.97,201301120800
40733,2.77,201301120800
40766,1.63,201301120800
40810,2.65,201301120800
40894,0.75,201301120800
40933,1.22,201301120800
40936,2.05,201301120800
40939,2.09,201301120800
40954,2.59,201301120800
40982,2.2,201301120800
41021,2.49,201301120800
41024,2.15,201301120800
41061,2.59,201301120800
41145,0.95,201301120800
41157,2.88,201301120800
41183,2.29,201301120800
41200,1.6,201301120800
41262,1.76,201301120800
41265,2.24,201301120800
41270,1.44,201301120800
41277,2.1,201301120800
41318,2.51,201301120800
41401,1.03,201301120800
41407,2.84,201301120800
41437,2.96,201301120800
41459,2.2,201301120800
41465,1.52,201301120800
41469,0.92,201301120800
41508,0.63,201301120800
41520,1.67,201301120800
41522,2.35,201301120800
41526,1.54,201301120800
41532,0.84,201301120800
41558,2.28,201301120800
41635,1.05,201301120800
41653,1.88,201301120800
41658,2.25,201301120800
41692,2.33,201301120800
41696,2.98,201301120800
41764,2.51,201301120800
41772,0.51,201301120800
41893,2.66,201301120800
41904,2.28,201301120800
41905,1.61,201301120800
41936,1.08,201301120800
41941,2.32,201301120800
41958,1.69,201301120800
41990,1.5,201301120800
42023,2.26,201301120800
42026,1.98,201301120800
42029,1.02,201301120800
42074,0.52,201301120800
42085,1.2,201301120800
42095,1.08,201301120800
42147,2.25,201301120800
42160,2.88,201301120800
42200,1.31,201301120800
42213,2.45,201301120800
42267,1.16,201301120800
42271,0.89,201301120800
42274,1.65,201301120800
42283,2.5,201301120800
42291,2.7,201301120800
42342,1.06,201301120800
42411,1.0,201301120800
42438,1.54,201301120800
42454,0.63,201301120800
42471,0.85,201301120800
42478,2.25,201301120800
42487,0.9,201301120800
42503,2.08,201301120800
42514,1.7,201301120800
42521,2.21,201301120800
42533,0.76,201301120800
42644,0.86,201301120800
42661,0.55,201301120800
42695,1.95,201301120800
42744,2.98,201301120800
42750,2.43,201301120800
42846,0.53,201301120800
42905,1.05,201301120800
42912,2.04,201301120800
42939,1.24,201301120800
42940,1.77,201301120800
42944,2.58,201301120800
42949,1.44,201301120800
43011,0.99,201301120800
43021,2.63,201301120800
43030,0.97,201301120800
43151,2.52,201301120800
43160,0.87,201301120800
43162,2.8,201301120800
43213,2.56,201301120800
43220,2.62,201301120800
43261,2.27,201301120800
43412,2.39,201301120800
43413,1.94,201301120800
43440,0.81,201301120800
43443,2.21,201301120800
43449,1.26,201301120800
43483,0.64,201301120800
43484,2.96,201301120800
43494,1.52,201301120800
43518,0.92,201301120800
43523,1.03,201301120800
43526,2.32,201301120800
43530,1.95,201301120800
43571,0.78,201301120800
43642,2.11,201301120800
43662,0.81,201301120800
43738,2.83,201301120800
43760,2.46,201301120800
43779,1.55,201301120800
43914,0.76,201301120800
43957,0.58,201301120800
43980,2.18,201301120800
43984,0.66,201301120800
43992,0.61,201301120800
43995,1.21,201301120800
44002,2.32,201301120800
44039,2.89,201301120800
44194,1.65,201301120800
44197,2.23,201301120800
44204,2.21,201301120800
44215,2.94,201301120800
44226,0.97,201301120800
44247,2.68,201301120800
44255,0.59,201301120800
44282,1.5,201301120800
44284,2.3,201301120800
44356,1.25,201301120800
44470,2.3,201301120800
44486,0.77,201301120800
44503,2.24,201301120800
44504,2.92,201301120800
44510,1.1,201301120800
44517,1.25,201301120800
44534,2.36,201301120800
44578,2.69,201301120800
44666,0.58,201301120800
44694,0.52,201301120800
44697,1.85,201301120800
44716,2.35,201301120800
44724,1.54,201301120800
44743,1.75,201301120800
44755,0.62,201301120800
44756,1.78,201301120800
44757,2.96,201301120800
44758,2.43,201301120800
44786,2.29,201301120800
44787,2.42,201301120800
44911,2.03,201301120800
44963,2.74,201301120800
45005,1.18,201301120800
45006,0.81,201301120800
45007,2.95,201301120800
45008,2.57,201301120800
45039,1.64,201301120800
45114,2.48,201301120800
45168,2.15,201301120800
45200,0.55,201301120800
45203,2.0,201301120800
45208,2.07,201301120800
45237,0.82,201301120800
45254,2.19,201301120800
45256,1.8,201301120800
45258,2.29,201301120800
45261,2.49,201301120800
45265,2.94,201301120800
45266,1.52,201301120800
45401,1.63,201301120800
45479,2.37,201301120800
45502,2.87,201301120800
45507,2.52,201301120800
45509,1.04,201301120800
45526,1.92,201301120800
45538,2.09,201301120800
45582,0.66,201301120800
45661,1.4,201301120800
45701,2.19,201301120800
45703,2.07,201301120800
45716,2.42,201301120800
45720,1.46,201301120800
45725,1.06,201301120800
45735,1.57,201301120800
45747,1.0,201301120800
45766,2.75,201301120800
45793,0.86,201301120800
45795,0.65,201301120800
45919,2.53,201301120800
45948,0.66,201301120800
46008,0.69,201301120800
46036,1.35,201301120800
46041,1.76,201301120800
46052,0.86,201301120800
46074,1.95,201301120800
46145,0.62,201301120800
46202,1.7,201301120800
46209,2.36,201301120800
46242,1.88,201301120800
46265,2.28,201301120800
46372,2.33,201301120800
46384,2.65,201301120800
46455,2.89,201301120800
46508,2.67,201301120800
46523,1.01,201301120800
46538,1.22,201301120800
46565,2.67,201301120800
46574,2.33,201301120800
46626,2.34,201301120800
46700,1.58,201301120800
46738,2.05,201301120800
46770,1.35,201301120800
46778,0.61,201301120800
46787,0.86,201301120800
46803,2.41,201301120800
46954,2.22,201301120800
46964,1.97,201301120800
46972,1.29,201301120800
46976,1.05,201301120800
46981,1.51,201301120800
47011,0.98,201301120800
47015,1.14,201301120800
47047,1.2,201301120800
47253,2.7,201301120800
47288,0.69,201301120800
47295,0.75,201301120800
47342,1.14,201301120800
47454,2.22,201301120800
47535,2.25,201301120800
47543,1.65,201301120800
47705,1.72,201301120800
47709,1.67,201301120800
47711,1.12,201301120800
47758,2.15,201301120800
47806,2.88,201301120800
47889,1.55,201301120800
47926,2.23,201301120800
47968,2.48,201301120800
47972,1.51,201301120800
47977,1.48,201301120800
47982,1.41,201301120800
48032,2.27,201301120800
48209,0.68,201301120800
48239,1.57,201301120800
48244,2.98,201301120800
48278,0.66,201301120800
48420,0.83,201301120800
48427,0.82,201301120800
48499,2.93,201301120800
48503,0.94,201301120800
48552,2.7,201301120800
48584,0.63,201301120800
48713,2.27,201301120800
48759,2.27,201301120800
48848,1.87,201301120800
48898,2.54,201301120800
49017,2.03,201301120800
49049,1.16,201301120800
49229,2.16,201301120800
49241,2.02,201301120800
49472,1.01,201301120800
49483,0.7,201301120800
49542,1.32,201301120800
49555,1.97,201301120800
49679,0.52,201301120800
49750,2.61,201301120800
49760,2.6,201301120800
49777,1.8,201301120800
49968,1.35,201301120800
50053,2.09,201301120800
50103,1.8,201301120800
50180,0.89,201301120800
50285,2.46,201301120800
50430,2.14,201301120800
50470,1.85,201301120800
50494,0.78,201301120800
50511,1.15,201301120800
50549,1.68,201301120800
50680,1.21,201301120800
50682,2.39,201301120800
50731,1.41,201301120800
50812,1.28,201301120800
50872,0.62,201301120800
51029,1.71,201301120800
51046,2.83,201301120800
51053,1.79,201301120800
51056,2.53,201301120800
51162,1.64,201301120800
51177,2.47,201301120800
51182,2.96,201301120800
51228,1.97,201301120800
51258,1.31,201301120800
51430,2.2,201301120800
51431,1.52,201301120800
51432,2.92,201301120800
51520,2.78,201301120800
51681,0.6,201301120800
51682,1.82,201301120800
51725,2.38,201301120800
51790,1.0,201301120800
51832,1.91,201301120800
51857,3.0,201301120800
51931,2.7,201301120800
51932,2.15,201301120800
51986,2.32,201301120800
52003,2.19,201301120800
52182,2.41,201301120800
52244,2.95,201301120800
52259,2.82,201301120800
52280,1.69,201301120800
52319,1.32,201301120800
52473,1.93,201301120800
52518,2.35,201301120800
52631,2.98,201301120800
52679,1.42,201301120800
52729,2.63,201301120800
52811,1.59,201301120800
52983,0.74,201301120800
52988,2.19,201301120800
52993,0.79,201301120800
53000,1.45,201301120800
53016,2.04,201301120800
53027,1.8,201301120800
53072,2.09,201301120800
53090,1.67,201301120800
53177,2.24,201301120800
53178,1.97,201301120800
53381,0.63,201301120800
53427,1.11,201301120800
53429,1.77,201301120800
53761,1.27,201301120800
53774,0.81,201301120800
53797,2.67,201301120800
53810,1.82,201301120800
53822,1.46,201301120800
53864,2.68,201301120800
53927,2.94,201301120800
54038,2.15,201301120800
54071,2.21,201301120800
54234,1.24,201301120800
54281,1.47,201301120800
54284,0.63,201301120800
54327,1.59,201301120800
54334,2.8,201301120800
54349,1.89,201301120800
54427,1.18,201301120800
54503,1.02,201301120800
54510,2.29,201301120800
54520,2.33,201301120800
54550,1.16,201301120800
54578,1.44,201301120800
54678,2.63,201301120800
54828,1.42,201301120800
54983,1.57,201301120800
54996,1.2,201301120800
55070,0.71,201301120800
55329,2.83,201301120800
55331,0.54,201301120800
55535,2.38,201301120800
55633,1.03,201301120800
55680,1.0,201301120800
55761,1.6,201301120800
55831,1.55,201301120800
55832,1.98,201301120800
55838,1.32,201301120800
55845,1.5,201301120800
56106,2.01,201301120800
56493,2.52,201301120800
56571,2.78,201301120800
56586,1.19,201301120800
56587,1.09,201301120800
56591,0.61,201301120800
56738,2.67,201301120800
56835,1.96,201301120800
56882,2.18,201301120800
56887,1.38,201301120800
56888,1.41,201301120800
56933,0.57,201301120800
56934,2.0,201301120800
57042,1.79,201301120800
57062,0.58,201301120800
57189,1.02,201301120800
57261,2.87,201301120800
57329,1.45,201301120800
57342,2.87,201301120800
57376,2.69,201301120800
57378,1.8,201301120800
57380,0.75,201301120800
57397,2.85,201301120800
57440,0.67,201301120800
57495,1.17,201301120800
57523,2.43,201301120800
57555,1.59,201301120800
57597,1.36,201301120800
57613,1.54,201301120800
57615,1.52,201301120800
57628,1.96,201301120800
57631,2.67,201301120800
57823,1.1,201301120800
57837,0.63,201301120800
57851,1.31,201301120800
57852,1.15,201301120800
57906,2.99,201301120800
58179,0.56,201301120800
58251,1.01,201301120800
58421,2.09,201301120800
58511,0.83,201301120800
58632,2.47,201301120800
58744,1.2,201301120800
58802,1.72,201301120800
58814,2.35,201301120800
58879,1.52,201301120800
58892,1.42,201301120800
59010,1.25,201301120800
59043,1.23,201301120800
59104,2.66,201301120800
59125,2.75,201301120800
59134,1.89,201301120800
59285,1.06,201301120800
59329,0.98,201301120800
59555,1.18,201301120800
59635,2.02,201301120800
59745,2.4,201301120800
59927,2.74,201301120800
59941,2.75,201301120800
60008,2.44,201301120800
60011,2.37,201301120800
60114,2.05,201301120800
60141,2.81,201301120800
60147,2.08,201301120800
60331,2.0,201301120800
60344,2.57,201301120800
60350,1.61,201301120800
60578,1.6,201301120800
60593,0.91,201301120800
60613,1.35,201301120800
60630,0.93,201301120800
60635,2.62,201301120800
60649,2.13,201301120800
60750,1.12,201301120800
60774,1.02,201301120800
60819,0.72,201301120800
60880,2.74,201301120800
60888,0.69,201301120800
61062,2.06,201301120800
61110,2.87,201301120800
61263,0.98,201301120800
61343,1.47,201301120800
61591,2.67,201301120800
61597,2.44,201301120800
61654,0.58,201301120800
61818,2.16,201301120800
62077,0.73,201301120800
62104,1.79,201301120800
62135,1.47,201301120800
62140,1.56,201301120800
62252,0.67,201301120800
62558,1.08,201301120800
62589,1.83,201301120800
62757,1.29,201301120800
62772,2.34,201301120800
62850,1.42,201301120800
62926,2.42,201301120800
62948,1.68,201301120800
63044,1.44,201301120800
63153,0.54,201301120800
63383,0.5,201301120800
63397,1.4,201301120800
63398,0.81,201301120800
63407,2.57,201301120800
63574,2.16,201301120800
63586,1.7,201301120800
63816,2.04,201301120800
64102,2.38,201301120800
64150,1.58,201301120800
64200,1.39,201301120800
64515,2.9,201301120800
64529,2.17,201301120800
64573,0.72,201301120800
64581,2.08,201301120800
64815,2.53,201301120800
64915,1.25,201301120800
65059,2.14,201301120800
65144,1.41,201301120800
65320,2.74,201301120800
65375,2.67,201301120800
65454,2.67,201301120800
65528,2.72,201301120800
65607,0.68,201301120800
65774,2.89,201301120800
65838,1.01,201301120800
66068,1.85,201301120800
66084,1.03,201301120800
66151,2.98,201301120800
66353,2.1,201301120800
66538,2.82,201301120800
66575,2.23,201301120800
66637,2.6,201301120800
66827,2.21,201301120800
66870,1.29,201301120800
67110,2.94,201301120800
67207,1.51,201301120800
67335,1.18,201301120800
67385,2.2,201301120800
67599,1.7,201301120800
67601,2.13,201301120800
67602,2.43,201301120800
67698,0.5,201301120800
67824,2.06,201301120800
67842,0.66,201301120800
67854,0.89,201301120800
67855,3.0,201301120800
67918,1.91,201301120800
68103,0.68,201301120800
68104,2.23,201301120800
68110,1.53,201301120800
68111,2.35,201301120800
68349,2.21,201301120800
68354,1.99,201301120800
68356,2.87,201301120800
68454,2.6,201301120800
68455,1.89,201301120800
68587,2.3,201301120800
68857,2.41,201301120800
68858,2.24,201301120800
68897,2.53,201301120800
68924,2.31,201301120800
68930,1.71,201301120800
69106,1.24,201301120800
69190,1.22,201301120800
69206,2.77,201301120800
69359,1.74,201301120800
69371,2.59,201301120800
69455,0.98,201301120800
69582,1.75,201301120800
69613,2.97,201301120800
69676,2.78,201301120800
70115,0.71,201301120800
70132,2.22,201301120800
70181,1.95,201301120800
70342,0.88,201301120800
70352,2.48,201301120800
70360,1.44,201301120800
70374,0.89,201301120800
70440,2.7,201301120800
70462,2.47,201301120800
70619,0.97,201301120800
70659,1.0,201301120800
70715,2.55,201301120800
70903,1.89,201301120800
70934,0.82,201301120800
70961,2.5,201301120800
71122,2.62,201301120800
71187,2.88,201301120800
71399,2.69,201301120800
71601,1.06,201301120800
71629,2.76,201301120800
71888,2.83,201301120800
71961,1.11,201301120800
71964,1.4,201301120800
72201,2.7,201301120800
72218,2.42,201301120800
72345,2.42,201301120800
72367,1.21,201301120800
72407,2.23,201301120800
72416,1.32,201301120800
72706,2.67,201301120800
72894,1.92,201301120800
73104,1.09,201301120800
73135,2.96,201301120800
73211,0.6,201301120800
73223,2.49,201301120800
73451,0.57,201301120800
73460,1.96,201301120800
73461,1.01,201301120800
73557,1.36,201301120800
73669,2.48,201301120800
74158,1.71,201301120800
74216,0.9,201301120800
74388,0.83,201301120800
74396,0.85,201301120800
74466,1.63,201301120800
74467,0.64,201301120800
74638,1.17,201301120800
74677,1.16,201301120800
74678,1.91,201301120800
74711,2.76,201301120800
74721,1.64,201301120800
74962,2.89,201301120800
74968,0.98,201301120800
74973,2.75,201301120800
75224,0.94,201301120800
75329,0.77,201301120800
75386,0.65,201301120800
75424,1.08,201301120800
75436,2.88,201301120800
75475,2.96,201301120800
75619,2.94,201301120800
75721,1.06,201301120800
75722,1.92,201301120800
75724,1.7,201301120800
75725,1.1,201301120800
75726,0.85,201301120800
75727,1.89,201301120800
75974,1.56,201301120800
75975,2.6,201301120800
76133,1.91,201301120800
76227,0.54,201301120800
76393,2.95,201301120800
76473,2.46,201301120800
76477,2.93,201301120800
76654,0.55,201301120800
76728,1.1,201301120800
76959,2.44,201301120800
77169,2.35,201301120800
77230,0.62,201301120800
77381,1.45,201301120800
77458,2.08,201301120800
77641,2.07,201301120800
77942,1.08,201301120800
77981,2.75,201301120800
78205,0.58,201301120800
78418,0.65,201301120800
78654,2.08,201301120800
78733,1.94,201301120800
78881,2.12,201301120800
78896,1.85,201301120800
78909,2.19,201301120800
78983,2.82,201301120800
79234,1.5,201301120800
79379,2.8,201301120800
79394,1.22,201301120800
79484,2.14,201301120800
79712,0.89,201301120800
79911,1.03,201301120800
79915,0.73,201301120800
80160,2.99,201301120800
80161,2.37,201301120800
80193,2.66,201301120800
80352,2.46,201301120800
80397,2.06,201301120800
80406,2.39,201301120800
80411,0.68,201301120800
80412,2.51,201301120800
80413,1.32,201301120800
80420,2.46,201301120800
80485,2.05,201301120800
80635,2.24,201301120800
80659,2.81,201301120800
80663,1.75,201301120800
80664,1.59,201301120800
80703,0.52,201301120800
80877,2.0,201301120800
80916,2.57,201301120800
81163,2.75,201301120800
81164,0.87,201301120800
81354,2.05,201301120800
81363,2.31,201301120800
81390,1.97,201301120800
81625,2.68,201301120800
81651,2.84,201301120800
81899,0.8,201301120800
82135,1.99,201301120800
82168,1.27,201301120800
82169,1.09,201301120800
82237,2.47,201301120800
82613,0.6,201301120800
82622,0.93,201301120800
82664,2.45,201301120800
82892,2.98,201301120800
82951,2.42,201301120800
83410,1.96,201301120800
83489,2.53,201301120800
83735,1.33,201301120800
83865,0.77,201301120800
84123,1.95,201301120800
84179,1.6,201301120800
84207,0.9,201301120800
84212,1.84,201301120800
84221,2.8,201301120800
84366,2.16,201301120800
84689,2.74,201301120800
84712,1.86,201301120800
84902,2.21,201301120800
85474,0.52,201301120800
85487,2.19,201301120800
85620,2.32,201301120800
85705,0.97,201301120800
85715,2.6,201301120800
85738,1.93,201301120800
86440,2.49,201301120800
86622,1.83,201301120800
86623,1.88,201301120800
86672,1.58,201301120800
86873,2.8,201301120800
86895,1.36,201301120800
87121,1.0,201301120800
87227,0.61,201301120800
87460,0.72,201301120800
87690,0.75,201301120800
87873,2.74,201301120800
88242,2.73,201301120800
88463,2.51,201301120800
89120,2.15,201301120800
89152,0.56,201301120800
89175,2.29,201301120800
89198,1.41,201301120800
89615,0.96,201301120800
89625,2.26,201301120800
90116,1.24,201301120800
90183,2.26,201301120800
90497,2.52,201301120800
90699,0.92,201301120800
90719,0.93,201301120800
91200,2.02,201301120800
91432,1.67,201301120800
91434,1.39,201301120800
91684,1.68,201301120800
91713,1.94,201301120800
91744,0.58,201301120800
92233,2.07,201301120800
93205,2.27,201301120800
93244,2.2,201301120800
93252,2.53,201301120800
93463,2.19,201301120800
93675,1.87,201301120800
93944,2.09,201301120800
94431,2.07,201301120800
94710,2.34,201301120800
94755,1.96,201301120800
94997,0.62,201301120800
95000,1.77,201301120800
95707,0.74,201301120800
95949,2.43,201301120800
95998,1.98,201301120800
96188,2.2,201301120800
96225,1.49,201301120800
96249,1.7,201301120800
96468,1.31,201301120800
96486,0.92,201301120800
96718,0.55,201301120800
96972,1.0,201301120800
96995,1.95,201301120800
97251,1.51,201301120800
97440,0.89,201301120800
97471,2.03,201301120800
97969,0.78,201301120800
97990,2.84,201301120800
98224,1.2,201301120800
98229,2.67,201301120800
98450,2.74,201301120800
98475,2.71,201301120800
98739,0.7,201301120800
99256,1.16,201301120800
99468,2.08,201301120800
99730,1.91,201301120800
101215,1.81,201301120800
101911,2.7,201301120800
101912,2.64,201301120800
101989,2.06,201301120800
102999,1.43,201301120800
103242,1.25,201301120800
103431,2.44,201301120800
104177,1.08,201301120800
104221,2.23,201301120800
104239,1.57,201301120800
104701,2.21,201301120800
104984,1.07,201301120800
105196,2.06,201301120800
105219,1.68,201301120800
105460,2.57,201301120800
105461,1.46,201301120800
105481,1.24,201301120800
105489,2.13,201301120800
105709,1.0,201301120800
105710,2.54,201301120800
105711,2.3,201301120800
105712,2.48,201301120800
105713,0.57,201301120800
105715,2.0,201301120800
105726,1.11,201301120800
105727,1.11,201301120800
105736,0.6,201301120800
105960,2.09,201301120800
105961,1.13,201301120800
105962,2.77,201301120800
105963,2.61,201301120800
105964,2.27,201301120800
105975,1.64,201301120800
106195,2.35,201301120800
106213,1.99,201301120800
106214,2.16,201301120800
106215,1.75,201301120800
106221,2.51,201301120800
106231,1.25,201301120800
106232,2.91,201301120800
106234,1.02,201301120800
106235,2.92,201301120800
106237,2.73,201301120800
106446,1.44,201301120800
106447,1.36,201301120800
106462,2.31,201301120800
106463,1.79,201301120800
106465,2.87,201301120800
106466,1.35,201301120800
106467,0.95,201301120800
106480,1.32,201301120800
106712,1.09,201301120800
106717,2.09,201301120800
106718,2.75,201301120800
106741,2.25,201301120800
106958,1.76,201301120800
106964,0.6,201301120800
106965,2.55,201301120800
106966,2.93,201301120800
106967,1.84,201301120800
106971,0.6,201301120800
106983,1.73,201301120800
106997,0.76,201301120800
107200,0.87,201301120800
107212,1.64,201301120800
107219,2.63,201301120800
107240,2.79,201301120800
107460,2.19,201301120800
107465,2.25,201301120800
107466,1.08,201301120800
107468,1.12,201301120800
107491,2.11,201301120800
107711,2.95,201301120800
107725,1.81,201301120800
107726,2.37,201301120800
107954,1.34,201301120800
107966,0.74,201301120800
107971,0.62,201301120800
107979,1.66,201301120800
107993,2.88,201301120800
108205,1.02,201301120800
108211,0.83,201301120800
108214,2.24,201301120800
108215,2.65,201301120800
108217,1.46,201301120800
108219,1.94,201301120800
108220,1.02,201301120800
108222,2.98,201301120800
108225,2.88,201301120800
108230,2.81,201301120800
108454,2.59,201301120800
108463,2.68,201301120800
108499,1.28,201301120800
108717,2.9,201301120800
108722,1.52,201301120800
108724,1.45,201301120800
108733,0.97,201301120800
108968,0.91,201301120800
108975,1.24,201301120800
108984,2.94,201301120800
108985,0.85,201301120800
109216,1.33,201301120800
109219,2.58,201301120800
109222,1.2,201301120800
109227,2.12,201301120800
109231,0.91,201301120800
109236,1.73,201301120800
109245,1.51,201301120800
109473,2.21,201301120800
109487,2.5,201301120800
109494,2.26,201301120800
109495,1.56,201301120800
109496,2.39,201301120800
109497,1.13,201301120800
109742,2.94,201301120800
109744,0.99,201301120800
109748,2.15,201301120800
109750,0.93,201301120800
109980,2.55,201301120800
109991,1.6,201301120800
109994,1.23,201301120800
109998,0.72,201301120800
110001,1.59,201301120800
110243,1.48,201301120800
110247,1.85,201301120800
110249,1.61,201301120800
110251,2.97,201301120800
110253,2.09,201301120800
110254,2.77,201301120800
